type,name
xmodelsurfs,#hash_22437236bd1a474f
xmodeldetailcollision,#hash_70d4ffdf87c8cdf0
material,#hash_c701c1ba256aa2cc
xmodelsurfs,#hash_e4ff11284986c050
xmodelsurfs,#hash_fb166d930d4d31de
xmodelsurfs,#hash_90e92940f8075bcf
xmodel,#wm_jup_silencer_sm_07_000
image,#hash_965ab5b315fd29be
image,#hash_d1570e4e7109d5b5
image,#hash_dbdf4b7d1f468790
streaminginfo,#cp_aw_vm_jup_silencer_sm_07_000_lod0_tr