type,name
xmodelsurfs,#hash_389b4a90bce8b06c
xmodelsurfs,#hash_71e46ce09438eca3
xmodelsurfs,#hash_75966c7bdb2ffe86
xmodelsurfs,#hash_4c0d8c624b213807
xmodelsurfs,#hash_35ec743ea5627ab7
scriptable,#soldier_scriptable_base
proceduralbones,#hash_83777a465a711dd4
dynamicbones,#hash_c2cde998f864ce3d
material,#spetsnaz_ar_vest
material,#hash_f7d94b7b6a8998f2
material,#hash_b04cd1c91b1db9b8
material,#hash_de036a57d75ebd4a
material,#hash_c0fd5257da09c701
material,#hash_ae0c1e74e6b69b57
material,#hash_c089b582759c6770
material,#hash_c768a31ad25beacb
material,#gun_sling
material,#spetsnaz_pistol_holster
material,#hash_bdd45fbf0f94e9f4
material,#hash_bf86ba174dbfb13a
material,#hash_b90d82ca38b73227
material,#al_qatala_desert_gloves
material,#hash_cf08575658774596
material,#base_male_arm_r
material,#hash_e0cf30fa64c2fbb8
material,#spetsnaz_ar_groin_protector
material,#hash_e03f1214cfd2962c
material,#hash_a21e515fad13ebb8
material,#hash_9966e705a7fc4bd1
material,#hash_a3ec81bd160e4e59
material,#hash_8bce019d5082decb
material,#hash_b6e0c7b022151252
material,#spetsnaz_knife
material,#hash_e4001f70ee244197
material,#buckle_master_urban
material,#spetsnaz_radio_pouch
material,#hash_b45373b515237f0b
material,#hash_d3838e55feecca39
material,#spetsnaz_ak_mags
material,#russian_boss_soldier_ak_mags
material,#spetsnaz_radio
material,#hash_a8bf025dc3062a59
material,#radio
material,#smg_pistol_mag
material,#hash_e9aec65f650b6560
material,#hash_9fa73a53576e1832
material,#hash_8c3eb38916e5119b
material,#gun_sling_buckle
material,#hash_d4cb3aba78cede45
material,#hash_d9ee44a828073d75
material,#hash_c06ab2dd243a6fe9
material,#hash_9fdf34a7df513b22
material,#hash_c2331625ecdf7287
material,#parts_radio_ptt
material,#mp_western_dday_hydration_nozzle_a
material,#hash_ed969219a2204f02
material,#hash_ee93c591f4562933
material,#duct_tape_pieces_a
material,#buckle_master_desert
xmodelsurfs,#hash_9013210bb41dc977
xmodelsurfs,#hash_bcf09974905db4b3
physicsasset,#hash_c8f585336da53ca8
xmodel,#body_mp_jinn_iw9_1_1