type,name
streamerworld,#hash_613a9fa7a0db713c
physpreset,#p7_container_bottle_wine_01
physpreset,#p7_medical_cot
physpreset,#hash_1f21250a9bc4b2cd
physpreset,#hash_259f146613c9e5d3
physpreset,#hash_a60836fb8b5de3f9
physpreset,#hash_26d16c8cce3659f5
physpreset,#p7_medical_surgical_cart_metal_01
physpreset,#hash_acba256edcdfd641
physpreset,#p7_brick_worn_painted_white_01
physpreset,#p7_medical_surgical_tray_tools_bloody
physpreset,#hash_bde3522b741ff939
physpreset,#hash_bdf75e2b7430b6a7
physpreset,#ashtray
physpreset,#p7_medical_gauze_roll_sealed
physpreset,#hash_daab125f983dd8b6
physpreset,#hash_5c2d217edb4867d8
physpreset,#p7_medical_gauze_sanitation_towels_02
physpreset,#p7_medical_surgical_tools_tray
physpreset,#hash_5f291023be02f060
physpreset,#p7_medical_surgical_tools_syringe
physpreset,#hash_e467e1f85154d3e5
physpreset,#hash_65148e1ddc4e6921
physpreset,#hash_e6a31286ebc8f137
physpreset,#hash_e6e6cd305411675b
physpreset,#p7_debris_metal_scrap_02
physpreset,#default
physpreset,#p7_furnishings_cairo_chest_sm
physpreset,#hash_7bd4cb158cb2eae1
physpreset,#toolbox
physconstraints,#hash_80d5b7a4e528392a
physconstraints,#hash_21ba429fdc58ac8
physconstraints,#hash_36600e7ceceba64
physconstraints,#hash_44a75beda25efcb
physconstraints,#hash_85dde126755b4e79
physconstraints,#hash_8616465fb1d8246f
physconstraints,#hash_89c92c066173f0d1
physconstraints,#hash_89eeaaaba424e50c
physconstraints,#hash_8a318ca495f955d1
physconstraints,#hash_8ea886c42bbb1b29
physconstraints,#hash_8eaa16d34dd225ff
physconstraints,#hash_8ef2c894ed07d207
physconstraints,#hash_8f4957780e9b7d1e
physconstraints,#hash_924a992568851145
physconstraints,#hash_94d7ec5e3e4fe6ca
physconstraints,#hash_971854e92fcd6fef
physconstraints,#hash_97cd82dfdf22b753
physconstraints,#hash_9805567895a4ba7f
physconstraints,#hash_98076ede440b4d95
physconstraints,#hash_98c793b96be7fa3a
physconstraints,#hash_9951881f7cbfb387
physconstraints,#hash_9968b78ea0946fe6
physconstraints,#hash_99758bf4a0b76571
physconstraints,#hash_99a6e50e85e43974
physconstraints,#hash_9a7e7a9abac5cebe
physconstraints,#hash_9aba3b3d5656b95b
physconstraints,#hash_9bbc326986f16bfd
physconstraints,#hash_9df4b6a9cfd7fdcf
physconstraints,#hash_a095cd412230e381
physconstraints,#hash_a15693f0a46bb58e
physconstraints,#hash_a5449940fd23844d
physconstraints,#hash_a57e0be3754e365c
physconstraints,#hash_2608f3747c9f5826
physconstraints,#hash_a66644579ac7ff99
physconstraints,#hash_a79210201aeb5941
physconstraints,#hash_a9378474b68dffb6
physconstraints,#hash_aa8af378e0735631
physconstraints,#hash_add7b88a9890a13c
physconstraints,#hash_af3a340ad02e26ae
physconstraints,#hash_afaaab629e0b4fcb
physconstraints,#hash_b1bb59a76a052a6d
physconstraints,#hash_b47dbab382007b77
physconstraints,#hash_b5ccdef79a1def58
physconstraints,#hash_b74d9177bdd740ab
physconstraints,#hash_b92498ce842de181
physconstraints,#hash_bc0e88ac4094f036
physconstraints,#hash_bc76a11b61b65a6b
physconstraints,#hash_bd5763921a7b29d2
physconstraints,#hash_bf6513cdf54559d6
physconstraints,#hash_bf8674de71d04fb9
physconstraints,#hash_bfa0740dccfb4413
physconstraints,#hash_c000c7b71602111e
physconstraints,#hash_c2035300b4943d43
physconstraints,#hash_445f85f6173ee164
physconstraints,#hash_c886306a40e2b93b
physconstraints,#hash_c8f9796413748cec
physconstraints,#hash_48f98c5f0b269f73
physconstraints,#hash_ca92ce96625b0f8d
physconstraints,#hash_cacf43819476b2b1
physconstraints,#hash_cb0e63b1410f64d7
physconstraints,#hash_cbc723d2b8f14269
physconstraints,#hash_ce0a94aae0069a49
physconstraints,#hash_cf4eca8156959a96
physconstraints,#hash_d0045a6709f3d60a
physconstraints,#hash_d28ad3431808a65c
physconstraints,#hash_d4479965b549280b
physconstraints,#hash_d44b6ffc06ee2768
physconstraints,#hash_d4b5723b52482c0c
physconstraints,#hash_d57cfebe824f8123
physconstraints,#hash_dd593b7afc3fc535
physconstraints,#hash_ddf460df6f2ed110
physconstraints,#hash_5e73137258a922c5
physconstraints,#hash_dec7aea30d9324a8
physconstraints,#hash_e1f68741a90b1d22
physconstraints,#hash_e2266e1dea1f33f8
physconstraints,#hash_e5ff125d5a9965a3
physconstraints,#hash_e648be70380be77e
physconstraints,#hash_e92b0cdc093a6af8
physconstraints,#hash_eb74578778a979c1
physconstraints,#hash_ef044821b1292701
physconstraints,#hash_ef0cff4a79f41cdb
physconstraints,#hash_70a6d613e88f47d6
physconstraints,#hash_f222c349d8007bf8
physconstraints,#hash_f3d31a7954c8f954
physconstraints,#hash_f435601bea67afa2
physconstraints,#hash_f460286f646d2332
physconstraints,#hash_75862f6e7ef6914f
physconstraints,#hash_75e394d3f2a0ea25
physconstraints,#hash_f6aec5c5cc4d1683
physconstraints,#hash_f797b5190073be4b
physconstraints,#hash_f7be639ea462ed45
physconstraints,#hash_fa020a7af23919fd
physconstraints,#hash_fa47b0a1419e83e2
physconstraints,#hash_7a720825351a5a98
physconstraints,#hash_fae9223094cb9aed
physconstraints,#hash_fb16aca7ca8a5341
physconstraints,#hash_fe5509f7b10ea4b8
xanim,#ai_zombie_base_walk_au_v10_pain_chest_f
xanim,#vm_smg_fastfire_putaway_quick
xanim,#vm_lmg_mg08_pullout
xanim,#vm_smg_fastfire_fire_last
xanim,#vm_grapple_gun_idle_brawler_additive
xanim,#vm_pistol_auto_reload
xanim,#vm_slaybell_pullout
xanim,#vm_smg_minigun_sprint_in
xanim,#pt_knife_stand_stick
xanim,#hash_53f49190bf3bba
xanim,#vm_shotgun_full_auto_swim_uw_putaway
xanim,#vm_lmg_mk48_reload
xanim,#vm_ar_accurate_inspect
xanim,#vm_bowie_knife_t8_crawl_r
xanim,#vm_bowie_knife_t8_crawl_l
xanim,#vm_bowie_knife_t8_crawl_b
xanim,#vm_bowie_knife_t8_crawl_f
xanim,#vm_raygun_fire_ads
xanim,#vm_smg_folding_first_raise
xanim,#hash_808fc955d47f80a2
xanim,#hash_80a0cab8ca9439ff
xanim,#ai_zombie_base_walk_au_v5_pain_chest_f
xanim,#ai_t8_zm_zombie_base_walk_jump_up_catwlk_160
xanim,#hash_80b489b7da103b9e
xanim,#ai_t8_zm_zombie_base_walk_jump_up_catwlk_128
xanim,#hash_80cf539b9179b230
xanim,#vm_smg_minigun_first_raise
xanim,#pt_pistol_swim_raise
xanim,#vm_grapple_gun_pullout_fast_brawler
xanim,#vm_ar_accurate_walk_f
xanim,#hash_80efb53e7d0d20d8
xanim,#hash_80f417b952a25d39
xanim,#hash_80f431b952a28967
xanim,#hash_80f9b03f0ac42987
xanim,#vm_launcher_standard_t8_hand_pose_l
xanim,#vm_launcher_standard_t8_hand_pose_r
xanim,#vm_ww_akud_gunbutt_swipe
xanim,#hash_810dd49d393117fb
xanim,#hash_114b4d9a5297596
xanim,#vm_scorpion_pullout_quick
xanim,#ai_t8_zm_mob_zombie_dog_stun_out
xanim,#hash_81296214a520500a
xanim,#vm_war_machine_ads_base_up
xanim,#hash_813d5378c1b0c267
xanim,#hash_813de6486bb73e6a
xanim,#hash_81424b6c0e9be2c4
xanim,#hash_8156b52bed402fcc
xanim,#vm_koshka_sprint_in
xanim,#hash_8163506de7b0e3d5
xanim,#vm_koshka_swim_from_land
xanim,#hash_817be5fb2a9dff42
xanim,#vm_shotgun_pump_ads_base_down
xanim,#hash_818112efc92017f7
xanim,#hash_818118efc9202229
xanim,#vm_pistol_burst_putaway
xanim,#vm_sniper_fast_rechamber_swim_uw_in
xanim,#vm_smg_folding_sprint_in
xanim,#hash_81c685b28649dca2
xanim,#vm_ar_double_barrel_gunbutt_swipe
xanim,#hash_81cfa688c063a028
xanim,#vm_smg_accurate_fire_intro
xanim,#hash_81dd4c632e329b42
xanim,#hash_81ddfcdb1e6298d4
xanim,#hash_81f40909bb41c100
xanim,#hash_820d0c2051706a2b
xanim,#hash_820d73d072ca8dc9
xanim,#vm_lmg_mg08_fire_last
xanim,#vm_sniper_fast_rechamber_jump_land
xanim,#vm_tr_flechette_fire_ads
xanim,#hash_821d5bad39f5ca69
xanim,#hash_8234254377f5b740
xanim,#hash_823757499345d55e
xanim,#hash_8240cdf4713d1e89
xanim,#vm_launcher_standard_t8_pullout
xanim,#vm_koshka_pullout
xanim,#vm_ww_akud_crawl_in
xanim,#pt_rifle_stand_raise
xanim,#hash_8270c37ea5671f0a
xanim,#vm_mp40_reload
xanim,#hash_8282742100ca73d9
xanim,#vm_sniper_fast_rechamber_gunbutt_swipe
xanim,#hash_828cf8c5897d32ee
xanim,#ai_t8_zm_zombie_dog_pro_trv_mantle_up_36_dn_128
xanim,#hash_8294c436d67e36f8
xanim,#vm_sniper_locus_t8_crawl_r
xanim,#vm_sniper_locus_t8_crawl_l
xanim,#vm_sniper_locus_t8_crawl_f
xanim,#vm_sniper_locus_t8_crawl_b
xanim,#ai_t8_zm_zombie_base_walk_mantle_up_128_dn_36
xanim,#vm_koshka_jump_land
xanim,#vm_pistol_standard_crawl_in
xanim,#vm_homunculus_idle
xanim,#vm_ww_freezegun_idle_empty
xanim,#hash_82bec272d57131e5
xanim,#vm_ar_an94_t8_fall
xanim,#ai_zombie_base_run_ad_v21_pain_chest_f
xanim,#hash_82ce7a814af85161
xanim,#ai_zombie_zod_crawl_stunned_electrobolt_a
xanim,#hash_82f13ffe345c11e9
xanim,#vm_smg_minigun_gunbutt_swipe
xanim,#hash_8301431d5702819c
xanim,#vm_ar_standard_sprint_in
xanim,#hash_830930391ef29c29
xanim,#hash_830f97805c27736a
xanim,#hash_830f99805c2776d0
xanim,#hash_831a1d1c7617eda6
xanim,#ai_t8_zm_mob_brutus_headpain
xanim,#hash_8323bf19c96bf7bc
xanim,#hash_8328e77beab5e4ff
xanim,#vm_ww_blundergat_sprint_pullout
xanim,#vm_tr_flechette_gunbutt_swipe
xanim,#vm_zom_raygun_mk2_crawl_l
xanim,#vm_zom_raygun_mk2_crawl_f
xanim,#vm_zom_raygun_mk2_crawl_b
xanim,#vm_zom_raygun_mk2_crawl_r
xanim,#vm_shotgun_full_auto_gunbutt_swipe
xanim,#vm_titan_fire_ads
xanim,#hash_8362fe50ebc7406b
xanim,#vm_smg_accurate_fall
xanim,#hash_83aafc6853dbff70
xanim,#hash_83c41f584e0741f0
xanim,#hash_83c91937f13fd8d7
xanim,#ai_zombie_base_walk_ad_v23_pain_chest_f
xanim,#hash_83d23c481fc0d2a2
xanim,#vm_shotgun_full_auto_fire_intro
xanim,#vm_mp9_idle_empty
xanim,#hash_83e0cb3eea3664c5
xanim,#hash_83e9033c13156e27
xanim,#hash_83f3bf494dea31d2
xanim,#hash_83fc6d219d27a1a8
xanim,#vm_smg_accurate_jump_land
xanim,#hash_841f9a8b323ed155
xanim,#vm_sniper_damagesemi_sprint_pullout
xanim,#vm_sniper_locus_t8_reload
xanim,#hash_844b5200072b33bf
xanim,#vm_ar_peacekeeper_t8_swim_uw_pullout
xanim,#vm_sniper_mini14_idle_empty
xanim,#vm_ar_peacekeeper_t8_ads_base_down
xanim,#ai_t8_zm_mob_brutus_boardsmash_a
xanim,#ai_t8_zm_mob_brutus_boardsmash_c
xanim,#ai_t8_zm_mob_brutus_boardsmash_b
xanim,#hash_846c072e0bc7c78d
xanim,#vm_argus_t8_pullout
xanim,#vm_pistol_revolver_lastshot
xanim,#vm_ar_stealth_pullout
xanim,#vm_katana_crawl_r
xanim,#vm_katana_crawl_b
xanim,#hash_8487778ed4820c32
xanim,#vm_katana_crawl_f
xanim,#vm_katana_crawl_l
xanim,#hash_84a43c6dd15c9d3e
xanim,#pt_bow_prone_flashed_loop
xanim,#vm_smg_accurate_reload
xanim,#ai_zombie_base_sprint_ad_v22_pain_chest_f
xanim,#hash_84c9f13ba295b272
xanim,#hash_84cbe871229b12e8
xanim,#vm_ar_double_barrel_pullout
xanim,#vm_ar_standard_reload_empty_quick
xanim,#vm_bowie_knife_t8_sprint_out
xanim,#vm_special_crossbow_sprint_in
xanim,#vm_lmg_mg08_first_raise
xanim,#hash_84faf2c2b86e6ac9
xanim,#vm_smg_folding_sprint_putaway
xanim,#hash_850e5517ddea3b35
xanim,#vm_mp40_swim_uw_putaway
xanim,#hash_852dcdcdbf3d4210
xanim,#vm_grapple_gun_idle_generic_additive
xanim,#vm_smg_fastfire_gunbutt_swipe
xanim,#vm_tr_swordfish_first_raise
xanim,#hash_855e2bc42bfd087f
xanim,#vm_demo_hammer_hand_pose_l
xanim,#vm_demo_hammer_hand_pose_r
xanim,#vm_ww_freezegun_sprint_putaway
xanim,#hash_856742cf9eaf0da6
xanim,#vm_smg_minigun_fire
xanim,#vm_ar_k57_fire_intro
xanim,#vm_koshka_crawl_f
xanim,#vm_koshka_crawl_b
xanim,#vm_koshka_crawl_l
xanim,#vm_koshka_crawl_r
xanim,#vm_polynesian_club_t8_first_raise
xanim,#hash_85a9784775cfeb0a
xanim,#hash_5b7056008aea236
xanim,#hash_85b7add11bbb27c5
xanim,#hash_85ba4319281b9b02
xanim,#vm_ww_freezegun_swim_uw_putaway
xanim,#ai_zombie_base_run_au_v5_pain_chest_f
xanim,#vm_bowie_knife_t8_first_raise
xanim,#vm_ar_k57_swim_uw_pullout
xanim,#vm_war_machine_fall
xanim,#vm_raygun_reload
xanim,#hash_85ef054a3b13088f
xanim,#hash_85f2489b35b1e77b
xanim,#vm_sniper_damagesemi_crawl_in
xanim,#pt_pistol_swim_putaway
xanim,#hash_860b438f33873fa8
xanim,#ai_t8_zm_zombie_base_walk_mantle_up_36_dn_240
xanim,#hash_861342b336eef100
xanim,#hash_8613bb10f205144e
xanim,#vm_ar_peacekeeper_t8_sprint_in
xanim,#hash_862dde2c442bd681
xanim,#vm_sniper_locus_t8_crawl_out
xanim,#vm_sniper_damagesemi_sprint_out
xanim,#vm_mp40_sprint_in
xanim,#vm_titan_jump
xanim,#hash_864bef7e986b6167
xanim,#hash_8653254ee8f7ce0b
xanim,#vm_action_figure_melee_out
xanim,#hash_865cbe9192f9c3d2
xanim,#vm_tr_power_semi_sprint_in
xanim,#pt_annihilator_stand_fire
xanim,#vm_ar_galil_crawl_r
xanim,#vm_ar_galil_crawl_l
xanim,#vm_ar_galil_crawl_b
xanim,#vm_ar_galil_crawl_f
xanim,#hash_67f5d04bc733a6c
xanim,#vm_lmg_heavy_crawl_b
xanim,#vm_lmg_heavy_crawl_f
xanim,#vm_lmg_heavy_crawl_l
xanim,#vm_lmg_heavy_crawl_r
xanim,#vm_tr_power_semi_crawl_r
xanim,#vm_tr_power_semi_crawl_l
xanim,#vm_tr_power_semi_crawl_b
xanim,#vm_tr_power_semi_crawl_f
xanim,#vm_war_machine_jump_land
xanim,#hash_86a64dfd3400033a
xanim,#hash_86aaec38775ab1f0
xanim,#hash_86b213ec4bcb137d
xanim,#vm_pistol_revolver_swim_uw_pullout
xanim,#hash_86c21489e9941252
xanim,#ai_zombie_base_walk_ad_v22_pain_chest_f
xanim,#vm_ww_freezegun_jump
xanim,#ai_zombie_base_walk_ad_v1_pain_chest_f
xanim,#hash_86dfdd6af737e7fb
xanim,#hash_86e6b01867fa2eb0
xanim,#vm_pistol_revolver_jump_land
xanim,#hash_8705818a0cfed6af
xanim,#hash_87161d310d63bf48
xanim,#vm_sniper_power_semi_reload_empty
xanim,#vm_ar_lever_action_putaway_quick
xanim,#vm_pistol_revolver_sprint_in
xanim,#hash_8746139db34c8ff1
xanim,#vm_sniper_power_semi_sprint_loop
xanim,#hash_8751443639eec146
xanim,#hash_8753a226feb35bd4
xanim,#vm_mp40_ads_base_down
xanim,#hash_875c18fe7206101d
xanim,#vm_special_crossbow_first_raise
xanim,#vm_lmg_mg08_crawl_l
xanim,#vm_lmg_mg08_crawl_b
xanim,#vm_lmg_mg08_crawl_f
xanim,#vm_lmg_mg08_crawl_r
xanim,#hash_876721dd817b1411
xanim,#vm_tr_midburst_putaway
xanim,#hash_87713c8db7798fa9
xanim,#vm_polynesian_club_t8_crawl_l
xanim,#vm_polynesian_club_t8_crawl_b
xanim,#vm_polynesian_club_t8_crawl_f
xanim,#vm_polynesian_club_t8_crawl_r
xanim,#vm_grapple_gun_fire_loop_brawler
xanim,#hash_8781463578f045f5
xanim,#vm_ar_standard_crawl_out
xanim,#hash_8788f5c10582ce79
xanim,#vm_action_figure_idle
xanim,#hash_78af49a0bcbb72c
xanim,#hash_879104013375e100
xanim,#vm_ar_accurate_ads_base_up
xanim,#hash_87db4837e9114abc
xanim,#vm_ar_standard_putaway_quick
xanim,#hash_87e2196381e0c033
xanim,#pt_rifle_swim_fire
xanim,#vm_katana_sprint_out
xanim,#ai_t8_zm_zombie_base_crawl_despawn_01
xanim,#hash_87fbcd31bd463d8f
xanim,#pt_rifle_fem_prone_fire
xanim,#vm_special_crossbow_inspect
xanim,#ai_zombie_base_sprint_ad_v5
xanim,#ai_zombie_base_sprint_ad_v1
xanim,#ai_zombie_base_sprint_ad_v2
xanim,#hash_88273402185649b3
xanim,#ai_zombie_base_sprint_au_v21_pain_chest_f
xanim,#hash_88460ab34850fc1a
xanim,#hash_848453dc9d5391b
xanim,#hash_8512ec55e75aa63
xanim,#hash_885cb19f15ddbaec
xanim,#vm_shotgun_semiauto_first_raise
xanim,#vm_shotgun_full_auto_sprint_putaway
xanim,#pt_grenade_crouch_throw
xanim,#hash_88995eacc6520c95
xanim,#vm_shotgun_pump_fall
xanim,#hash_889c0f095b5b3ac0
xanim,#vm_shotgun_full_auto_crawl_in
xanim,#pt_launcher_prone_melee
xanim,#hash_88d4fee18428f3f3
xanim,#vm_ar_accurate_sprint_out
xanim,#vm_raygun_ads_base_down
xanim,#vm_ar_an94_t8_putaway_quick
xanim,#vm_koshka_swim_uw_in
xanim,#hash_88faaca812c737f7
xanim,#ai_zombie_base_walk_ad_v19_pain_chest_f
xanim,#pt_grenade_prone_throw
xanim,#vm_sniper_damagesemi_ads_is_down
xanim,#hash_892a99fcb117bc68
xanim,#hash_892d1432d056bc36
xanim,#hash_892f6046cd32bc52
xanim,#hash_893e67172ff63e3a
xanim,#vm_ar_k57_jump
xanim,#hash_89474bbaa5303dc3
xanim,#vm_smg_minigun_swim_uw_putaway
xanim,#vm_slaybell_melee_miss
xanim,#hash_8956f3dc65edf006
xanim,#vm_shotgun_semiauto_sprint_in
xanim,#vm_polynesian_club_t8_melee_miss
xanim,#vm_ar_k57_sprint_putaway
xanim,#vm_launcher_standard_t8_crawl_l
xanim,#vm_launcher_standard_t8_crawl_b
xanim,#vm_launcher_standard_t8_crawl_f
xanim,#vm_launcher_standard_t8_crawl_r
xanim,#hash_8976e2f5740a7b70
xanim,#hash_897cbaac63c9763a
xanim,#pt_annihilator_crouch_fire
xanim,#vm_pistol_burst_sprint_loop
xanim,#hash_8996c15904eb054a
xanim,#hash_89b02ed2e065ea52
xanim,#vm_ar_lever_action_idle
xanim,#hash_89d88bd2d40a4770
xanim,#hash_89e1acb4574bcf4a
xanim,#vm_snowball_throw_additive
xanim,#vm_hades_pullout_quick
xanim,#vm_grapple_gun_fire_loop_additive
xanim,#hash_89f8d7c289b6f840
xanim,#hash_8a013b0459fccdc9
xanim,#vm_incendiary_throw_quick
xanim,#hash_8a09ae2055c0a76e
xanim,#hash_8a0a43535ab56def
xanim,#hash_8a12a26e7651def9
xanim,#hash_a1444a76031a5e6
xanim,#vm_ww_akud_sprint_loop
xanim,#hash_8a2c026c02223fd1
xanim,#vm_tr_flechette_sprint_putaway
xanim,#hash_8a311d69d3331968
xanim,#vm_scorpion_fire_intro
xanim,#hash_8a34e8b4719df777
xanim,#vm_smg_handling_sprint_pullout
xanim,#vm_ar_peacekeeper_t8_putaway_quick
xanim,#hash_8a571f5f91ecd34e
xanim,#hash_8a5765ad2e32b0fa
xanim,#hash_a5934fffa76dc54
xanim,#vm_lmg_mg08_inspect
xanim,#vm_smg_fastburst_fire_3
xanim,#vm_smg_fastburst_fire_2
xanim,#hash_8a8a75b0c5f12248
xanim,#vm_mp9_sprint_loop
xanim,#vm_katana_putaway_quick
xanim,#hash_8af0a781e9256476
xanim,#vm_ar_k57_walk_f
xanim,#vm_smg_fastburst_hand_pose_l
xanim,#vm_smg_fastburst_hand_pose_r
xanim,#hash_8b0f875c69dbf274
xanim,#vm_katana_ads_base_up
xanim,#hash_8b13def5d76d87c2
xanim,#vm_pistol_standard_inspect
xanim,#hash_8b231e14ab715071
xanim,#vm_titan_crawl_out
xanim,#vm_special_crossbow_gunbutt_swipe
xanim,#vm_smg_capacity_pullout_quick
xanim,#pt_grenade_stand_throw
xanim,#hash_8b528f85871f3ed5
xanim,#vm_smg_minigun_sprint_pullout
xanim,#hash_8b5a7fdd36827a8b
xanim,#hash_8b5b7d0c94f81cf1
xanim,#vm_ar_double_barrel_fall
xanim,#hash_8b671970e9c5d129
xanim,#vm_tr_power_semi_sprint_pullout
xanim,#vm_sniper_locus_t8_sprint_putaway
xanim,#vm_smg_minigun_fire_ads
xanim,#vm_lmg_mk48_fire_ads
xanim,#hash_8b795527fe22ba50
xanim,#vm_smg_accurate_swim_uw_putaway
xanim,#vm_smg_fastburst_ads_base_down
xanim,#vm_ar_stealth_crawl_in
xanim,#pt_brawler_prone_raise
xanim,#hash_8b9fdc126a1d42bf
xanim,#hash_8ba3250920b0eb4d
xanim,#hash_8ba58de10a4c5ef5
xanim,#hash_8ba593e10a4c6927
xanim,#hash_8ba594e10a4c6ada
xanim,#hash_8baeb69350f4f87a
xanim,#vm_purifier_t8_putaway_quick
xanim,#vm_lmg_mk48_pullout
xanim,#hash_8bc2c75941c7e8ae
xanim,#vm_purifier_t8_sprint_out
xanim,#vm_zom_arm_ads_base_down
xanim,#hash_8bef38d878913e58
xanim,#hash_8bf6514c9bc05130
xanim,#vm_sniper_mini14_reload_empty
xanim,#vm_ww_akud_crawl_out
xanim,#vm_war_machine_fire_ads
xanim,#vm_smg_handling_crawl_out
xanim,#hash_8c04f8da58c549b8
xanim,#vm_shotgun_pump_swim_to_land
xanim,#hash_c12907a300669a7
xanim,#hash_c12917a30066b5a
xanim,#hash_8c13c9d502fce423
xanim,#vm_launcher_standard_t8_ads_base_up
xanim,#vm_grapple_gun_pullout_fast_generic_additive
xanim,#hash_8c2825489db34ff8
xanim,#pt_pistol_prone_putaway
xanim,#hash_8c585d8f96480599
xanim,#vm_launcher_standard_t8_inspect
xanim,#vm_ar_accurate_fire_intro_ads
xanim,#vm_demo_hammer_pullout_quick
xanim,#hash_c849b218b354fd3
xanim,#vm_smg_fastburst_putaway
xanim,#hash_8c9b5479e3c9aa9f
xanim,#vm_ar_standard_pullout_quick
xanim,#hash_8cb494747f8a8d96
xanim,#hash_8cbaef30b99c1173
xanim,#hash_8cc2b6ef984deb36
xanim,#hash_8ccaf2368f4dea08
xanim,#hash_8ccdfaefa4b3ab0f
xanim,#vm_ww_blundergat_ads_base_up
xanim,#vm_sniper_vanguard_gunbutt_swipe
xanim,#vm_pistol_revolver_reload_out
xanim,#vm_ar_damage_fall
xanim,#vm_scorpion_idle
xanim,#vm_sniper_power_semi_reload
xanim,#hash_8ce3d92ef28fca25
xanim,#vm_ar_peacekeeper_t8_fire_ads
xanim,#ai_t8_zm_mob_brutus_boss_idle_a
xanim,#hash_8cf6fc5227b53ac6
xanim,#vm_ar_lever_action_ads_base_up
xanim,#vm_argus_t8_fire_ads
xanim,#vm_sniper_damagesemi_sprint_in
xanim,#vm_ar_k57_fire_ads
xanim,#hash_8d181ff24f5bc0b2
xanim,#hash_8d1bbd4e0dacd4b6
xanim,#hash_8d38917e99c98851
xanim,#vm_ar_standard_ads_base_up
xanim,#vm_sniper_locus_t8_ads_scope_up
xanim,#hash_8d440b115be3ed63
xanim,#vm_zom_arm_sprint_in
xanim,#vm_ar_damage_crawl_in
xanim,#vm_ar_k57_gunbutt_swipe
xanim,#vm_annihilator_t8_fall
xanim,#hash_8d6e44a8b0432242
xanim,#hash_8d6f557eea5e9410
xanim,#vm_zom_arm_idle
xanim,#vm_sniper_damagesemi_crawl_out
xanim,#ai_t8_zm_mob_brutus_boss_ground_slam
xanim,#hash_8d86dbf7ae87daf6
xanim,#hash_d8777c326b42070
xanim,#vm_titan_sprint_in
xanim,#hash_8da9f8ab84a68ca1
xanim,#hash_8dbe765993f6dbd6
xanim,#vm_ar_damage_swim_uw_pullout
xanim,#vm_sniper_mini14_pullout_quick
xanim,#ai_zombie_base_run_turn_45_l_v2
xanim,#vm_shotgun_pump_inspect
xanim,#vm_scorpion_ads_base_down
xanim,#vm_stop_sign_melee_miss
xanim,#hash_8de8217b97aceeff
xanim,#vm_shotgun_semiauto_fall
xanim,#vm_lmg_mk48_ads_base_up
xanim,#vm_sniper_vanguard_hand_pose_r
xanim,#vm_sniper_vanguard_hand_pose_l
xanim,#hash_8e1fc0654b547601
xanim,#vm_frag_throw_quick
xanim,#ai_zombie_base_sprint_turn_45_l_v2
xanim,#hash_8e2fb279bd07930c
xanim,#ai_zombie_base_run_ad_v22_pain_chest_f
xanim,#vm_sniper_mini14_sprint_in
xanim,#hash_8e4d72123cd995e2
xanim,#vm_zom_raygun_mk2_fire
xanim,#vm_titan_putaway
xanim,#vm_ar_k57_swim_uw_putaway
xanim,#hash_8e6d509335093150
xanim,#vm_smg_fastfire_fire_ads_intro
xanim,#hash_8e70aed612ea9126
xanim,#hash_8e863e47c055b537
xanim,#vm_polynesian_club_t8_sprint_in
xanim,#vm_tr_flechette_sprint_out
xanim,#vm_demo_hammer_pullout
xanim,#hash_ea1dab018995b83
xanim,#hash_8ea239ef2b4f3b3f
xanim,#vm_tr_swordfish_fire_last_ads
xanim,#hash_8ea6291cc64e4119
xanim,#ai_zombie_base_walk_ad_v24_pain_chest_f
xanim,#hash_8ea7e542d670fc1b
xanim,#vm_ar_accurate_crawl_in
xanim,#vm_sniper_power_semi_inspect
xanim,#ai_zombie_base_crawl_sprint_v2
xanim,#ai_zombie_base_crawl_sprint_v1
xanim,#vm_sniper_vanguard_inspect
xanim,#vm_sniper_mini14_jump_land
xanim,#hash_8ec23df19501e5cb
xanim,#vm_smg_handling_gunbutt_swipe
xanim,#vm_tr_flechette_sprint_in
xanim,#hash_8ed69694fc21aaf4
xanim,#vm_smg_fastfire_fire_intro
xanim,#hash_ee9706ba59682ad
xanim,#vm_pistol_standard_ads_base_down
xanim,#hash_8ef3564a0bfc0877
xanim,#pt_knife_stand_putaway
xanim,#hash_8ef97e8dd749d289
xanim,#vm_lmg_heavy_crawl_out
xanim,#hash_8f0edb5b84bfcab8
xanim,#vm_ar_accurate_pullout
xanim,#ai_t8_zm_zombie_base_walk_mantle_up_36_dn_128
xanim,#hash_8f2cc235fa11fd91
xanim,#vm_grapple_gun_fire_loop_generic
xanim,#hash_8f30d1165deff033
xanim,#hash_8f3684ff4efc3080
xanim,#vm_ar_damage_putaway
xanim,#vm_tr_flechette_sprint_loop
xanim,#hash_8f4783dc6075539e
xanim,#pt_pistol_stand_raise
xanim,#vm_mp40_idle
xanim,#hash_8f6b73158b696c39
xanim,#vm_shotgun_full_auto_pullout
xanim,#vm_demo_hammer_crawl_b
xanim,#vm_demo_hammer_crawl_f
xanim,#vm_demo_hammer_crawl_l
xanim,#vm_demo_hammer_crawl_r
xanim,#hash_8f753e68b01678de
xanim,#hash_8f75aa91d5368f01
xanim,#hash_8f813458f4e6d1c0
xanim,#hash_8f84080be6e06993
xanim,#vm_lmg_mk48_sprint_out
xanim,#vm_polynesian_club_t8_melee_in
xanim,#vm_ar_k57_inspect
xanim,#vm_pistol_revolver_gunbutt_swipe
xanim,#hash_8fa55a5414373a91
xanim,#hash_8fac161591a97e56
xanim,#hash_8fb5e9380fc098e7
xanim,#vm_ar_an94_t8_sprint_pullout
xanim,#vm_argus_t8_swim_uw_pullout
xanim,#hash_8fcbc769ff92f837
xanim,#hash_8fce8aa52bbb3a40
xanim,#hash_8fe510ce488a21ac
xanim,#ai_t8_zm_mob_brutus_boss_attack_swingleft
xanim,#hash_8febf418085b2d9b
xanim,#vm_sniper_locus_t8_inspect
xanim,#hash_8ffe2e4f40fe5556
xanim,#hash_8ffe65fa5f7a3b06
xanim,#vm_pistol_auto_jump_land
xanim,#vm_annihilator_t8_rechamber_ads
xanim,#pt_sniper_double_stand_shoot
xanim,#hash_9030fdd131955309
xanim,#vm_pistol_burst_reload_empty
xanim,#vm_smg_vmp_t8_crawl_out
xanim,#hash_9049547c50677431
xanim,#hash_904f068cdd047b5b
xanim,#hash_90515c579e67624e
xanim,#ai_t8_zm_zombie_base_run_mantle_up_36_dn_240
xanim,#hash_905be28a618b4fdc
xanim,#hash_907c0bffc6370ae4
xanim,#vm_shotgun_pump_sprint_putaway
xanim,#vm_ar_galil_first_raise
xanim,#hash_9096b5a48da3b3c0
xanim,#vm_ww_blundergat_hand_pose_r
xanim,#vm_ww_blundergat_hand_pose_l
xanim,#hash_90a0d82ef97ca1fe
xanim,#vm_lmg_heavy_fire_intro
xanim,#vm_tr_damageburst_t8_ads_base_down
xanim,#hash_90c34b00c2661bc7
xanim,#vm_ar_an94_t8_fire_last
xanim,#vm_smg_folding_hand_pose_l
xanim,#vm_smg_folding_hand_pose_r
xanim,#hash_90e13f4b3c48e425
xanim,#vm_smg_fastburst_fire_last_ads
xanim,#vm_sniper_damagesemi_idle
xanim,#hash_90f4a474fb8531a3
xanim,#hash_9100a3f7146248ec
xanim,#hash_910611b84041647b
xanim,#vm_smg_fastburst_sprint_loop
xanim,#hash_911dfdc99c214ca2
xanim,#vm_ar_accurate_idle
xanim,#hash_11330b28f300f243
xanim,#vm_smg_capacity_reload
xanim,#hash_913e44cbd1f9bc66
xanim,#vm_ar_double_barrel_putaway_quick
xanim,#vm_lmg_mg08_ads_base_up
xanim,#hash_915275b5e699223c
xanim,#vm_snowball_cancel_additive
xanim,#ai_zombie_base_walk_au_v6_pain_chest_f
xanim,#hash_9166d7216d57f8fc
xanim,#vm_pistol_revolver_crawl_out
xanim,#hash_919d8bc1b60dbcbd
xanim,#hash_919f0b07a96d45df
xanim,#hash_91afa8a9f56168b0
xanim,#hash_91b96cbb09c6c596
xanim,#vm_mp9_first_raise
xanim,#vm_lmg_heavy_sprint_pullout
xanim,#vm_war_machine_sprint_in
xanim,#vm_annihilator_t8_crawl_out
xanim,#vm_mp40_gunbutt_swipe
xanim,#vm_pistol_standard_fire
xanim,#vm_mp9_pullout_quick
xanim,#ai_zombie_base_walk_turn_45_r_v2
xanim,#pt_launcher_stand_reload_empty
xanim,#vm_tactical_idle
xanim,#pt_sniper_quickscope_prone_reload
xanim,#vm_sniper_locus_t8_fire_ads
xanim,#hash_9235fef32c812455
xanim,#vm_frag_grenade_cancel_additive
xanim,#vm_ar_damage_hand_pose_r
xanim,#vm_ar_damage_hand_pose_l
xanim,#vm_tr_midburst_pullout_quick
xanim,#vm_pistol_standard_crawl_out
xanim,#ai_zombie_base_run_turn_90_l_v3
xanim,#vm_tr_swordfish_hand_pose_r
xanim,#vm_tr_swordfish_hand_pose_l
xanim,#hash_925eb99888ad8931
xanim,#hash_9261c26d1bc75d04
xanim,#vm_ar_fastfire_sprint_out
xanim,#vm_shotgun_pump_reload_loop
xanim,#vm_grapple_gun_putaway_additive
xanim,#vm_special_crossbow_crawl_out
xanim,#vm_ww_akud_putaway
xanim,#vm_mp40_sprint_putaway
xanim,#vm_titan_swim_uw_putaway
xanim,#vm_tr_swordfish_swim_from_land
xanim,#vm_sig_bow_mantle
xanim,#hash_92d8d714bfc1cb79
xanim,#hash_92db35fdf9e19ece
xanim,#vm_mp9_idle
xanim,#vm_lmg_mg08_gunbutt_swipe
xanim,#hash_92e2f32a6c724d25
xanim,#vm_tr_midburst_reload_empty
xanim,#hash_92f0e090b9e030d7
xanim,#vm_shotgun_full_auto_reload_empty
xanim,#vm_war_machine_gunbutt_swipe
xanim,#vm_smg_folding_swim_uw_putaway
xanim,#vm_tr_flechette_crawl_r
xanim,#vm_tr_flechette_crawl_b
xanim,#vm_tr_flechette_crawl_f
xanim,#vm_tr_flechette_crawl_l
xanim,#hash_13210ebee78acf0f
xanim,#vm_pistol_standard_sprint_loop
xanim,#vm_smg_handling_ads_base_down
xanim,#hash_934349209596ee5b
xanim,#ai_zombie_base_crawl_jump_down_160
xanim,#vm_war_machine_swim_uw_idle
xanim,#hash_934671b33d43af28
xanim,#hash_9346e3ed32b2ad80
xanim,#vm_ar_peacekeeper_t8_pullout
xanim,#vm_ww_akud_fire
xanim,#vm_sniper_vanguard_walk_f
xanim,#ai_zombie_base_crawl_jump_down_128
xanim,#pt_knife_prone_putaway
xanim,#hash_935472529fe3a960
xanim,#vm_lmg_mg08_sprint_in
xanim,#vm_sniper_damagesemi_fire_ads
xanim,#hash_936ce59f886390b1
xanim,#hash_93a6e4b545ff34e8
xanim,#hash_93b208879108e912
xanim,#vm_argus_t8_ads_base_down
xanim,#vm_slaybell_walk_f
xanim,#hash_93d3679205513efe
xanim,#hash_93d47ac7be49ecab
xanim,#hash_93dfc9dc9a4a59db
xanim,#vm_shotgun_semiauto_swim_to_land
xanim,#vm_pistol_revolver_ads_base_up
xanim,#vm_sniper_vanguard_swim_to_land
xanim,#vm_pistol_burst_sprint_in
xanim,#vm_tr_damageburst_t8_gunbutt_swipe
xanim,#hash_93fd9d3e7215553f
xanim,#vm_ar_stealth_swim_from_land
xanim,#hash_9409ffea46aeeeb7
xanim,#vm_mp9_fire_ads
xanim,#vm_bowie_knife_t8_hand_pose_r
xanim,#vm_bowie_knife_t8_hand_pose_l
xanim,#vm_action_figure_first_raise
xanim,#vm_titan_fire_ads_intro
xanim,#vm_war_machine_crawl_b
xanim,#vm_war_machine_crawl_f
xanim,#vm_war_machine_crawl_l
xanim,#vm_war_machine_crawl_r
xanim,#vm_tr_damageburst_t8_swim_uw_pullout
xanim,#hash_144802a09541cf1f
xanim,#vm_sniper_power_semi_idle
xanim,#vm_argus_t8_sprint_in
xanim,#vm_pistol_standard_jump_land
xanim,#vm_annihilator_t8_jump_land
xanim,#hash_94643480a00f97b1
xanim,#ai_zm_dlc1_zombie_jump_up_lowg_v1
xanim,#vm_pistol_auto_pullout
xanim,#hash_948b52eb0be5a316
xanim,#vm_tr_power_semi_sprint_out
xanim,#pt_annihilator_stand_firstraise
xanim,#vm_sniper_fast_rechamber_reload
xanim,#hash_94b2d856040d822e
xanim,#hash_94bc9b4d01b75a83
xanim,#vm_smg_capacity_fire_ads
xanim,#hash_94cd29588844a5cf
xanim,#vm_ar_an94_t8_jump
xanim,#vm_sniper_fast_rechamber_sprint_loop
xanim,#ai_zombie_base_run_ad_v8_pain_chest_f
xanim,#hash_94e7912448bb3570
xanim,#vm_slaybell_sprint_putaway
xanim,#hash_94e8b37a7664d527
xanim,#vm_tr_flechette_sprint_pullout
xanim,#vm_sig_bow_ads_base_down
xanim,#hash_94ee023ea2a91fa1
xanim,#vm_tr_midburst_fire_ads
xanim,#hash_94ff5d985546650e
xanim,#pt_knife_prone_melee_swipe
xanim,#vm_hades_ads_base_down
xanim,#hash_9517c83deaad0f69
xanim,#vm_ar_stealth_inspect
xanim,#vm_zom_raygun_mk2_sprint_out
xanim,#ai_zombie_base_run_ad_v8
xanim,#ai_zombie_base_run_ad_v1
xanim,#ai_zombie_base_run_ad_v2
xanim,#ai_zombie_base_run_ad_v4
xanim,#ai_zombie_base_run_ad_v7
xanim,#hash_9533c4633c12303e
xanim,#vm_launcher_standard_t8_idle
xanim,#vm_grapple_gun_fire_brawler_additive
xanim,#vm_smg_fastfire_pullout
xanim,#vm_locus_walk_f
xanim,#hash_953db20cd53ad5b6
xanim,#vm_sniper_locus_t8_swim_uw_putaway
xanim,#hash_954ae0256197e659
xanim,#vm_war_machine_sprint_pullout
xanim,#hash_9550f1c21c29dac8
xanim,#vm_purifier_t8_sprint_putaway
xanim,#vm_demo_hammer_sprint_out
xanim,#hash_956283b68a9d0165
xanim,#vm_stop_sign_inspect
xanim,#hash_956f686b5ed580c5
xanim,#hash_95716e7917355b4a
xanim,#hash_957ef4a5475487ea
xanim,#vm_sniper_power_semi_walk_f
xanim,#vm_mp9_walk_f_ads
xanim,#ai_zombie_base_run_mantle_over_36
xanim,#vm_smg_vmp_t8_fire_intro
xanim,#hash_958a895d97f1d917
xanim,#vm_ww_blundergat_crawl_out
xanim,#ai_zombie_base_run_mantle_over_72
xanim,#ai_zombie_base_run_mantle_over_48
xanim,#hash_959b26a5f9be6b8d
xanim,#ai_zombie_base_run_mantle_over_96
xanim,#hash_95b2334921ac6b3e
xanim,#hash_95b278203af0e04f
xanim,#hash_95b8b47e96bd3f19
xanim,#vm_ar_k57_jump_land
xanim,#vm_lmg_mg08_ads_base_down
xanim,#hash_95dc91796dccb42e
xanim,#vm_frag_ads_down
xanim,#pt_launcher_crouch_reload_empty
xanim,#hash_95eda067fa91a926
xanim,#vm_purifier_t8_crawl_out
xanim,#vm_tr_damageburst_t8_putaway
xanim,#vm_koshka_reload_empty
xanim,#vm_sniper_power_semi_lastshot_ads
xanim,#vm_frag_grenade_pullpin_bare_hands
xanim,#vm_sniper_fast_rechamber_putaway
xanim,#vm_ar_accurate_fire_intro
xanim,#vm_ar_peacekeeper_t8_idle
xanim,#vm_shotgun_pump_sprint_pullout
xanim,#hash_963181658c6b05ad
xanim,#vm_shotgun_pump_sprint_in
xanim,#vm_tactical_ads_up
xanim,#vm_special_crossbow_sprint_pullout
xanim,#vm_tr_flechette_crawl_out
xanim,#hash_9669f4ab0e865491
xanim,#vm_bowie_knife_t8_crawl_in
xanim,#hash_96844dd08aaa5d5e
xanim,#vm_ar_peacekeeper_t8_crawl_l
xanim,#vm_ar_peacekeeper_t8_crawl_f
xanim,#vm_ar_peacekeeper_t8_crawl_b
xanim,#vm_ar_peacekeeper_t8_crawl_r
xanim,#vm_lmg_mg08_fire_intro
xanim,#vm_basketball_jump
xanim,#vm_ar_accurate_fall
xanim,#vm_ar_accurate_swim_from_land
xanim,#vm_smg_accurate_ads_base_up
xanim,#ai_zombie_base_walk_ad_v3
xanim,#ai_zombie_base_walk_ad_v2
xanim,#ai_zombie_base_walk_ad_v1
xanim,#ai_zombie_base_walk_ad_v7
xanim,#ai_zombie_base_walk_ad_v6
xanim,#ai_zombie_base_walk_ad_v5
xanim,#ai_zombie_base_walk_ad_v4
xanim,#hash_96b0373a497ca31c
xanim,#pt_pistol_crouch_putaway
xanim,#vm_ww_blundergat_ads_base_down
xanim,#hash_96c55d3e32cf6aff
xanim,#hash_96da0261442d9b85
xanim,#hash_96dcd77123e4b1ee
xanim,#pt_bow_crouch_melee
xanim,#vm_sniper_power_semi_lastshot
xanim,#vm_frag_grenade_cancel_bare_hands_additive
xanim,#vm_war_machine_sprint_loop
xanim,#ai_t8_zm_zombie_base_walk_jump_up_96
xanim,#vm_raygun_crawl_out
xanim,#ai_t8_zm_zombie_base_walk_jump_up_48
xanim,#ai_t8_zm_zombie_base_walk_jump_up_72
xanim,#vm_tr_midburst_sprint_out
xanim,#hash_971cdae7230f5ad9
xanim,#ai_t8_zm_zombie_base_walk_jump_up_36
xanim,#hash_9721a32f615d8fab
xanim,#hash_972a64a5a0fb5eab
xanim,#ai_zombie_base_sprint_au_v2_pain_chest_f
xanim,#vm_annihilator_t8_swim_uw_idle
xanim,#vm_ar_k57_first_raise
xanim,#hash_9737144e26e5fe30
xanim,#hash_973717ae6ae45b6b
xanim,#vm_smg_fastburst_reload
xanim,#vm_ar_lever_action_sprint_loop
xanim,#ai_zombie_base_walk_au_pain_head_v1
xanim,#vm_demo_hammer_first_raise
xanim,#vm_katana_first_raise
xanim,#vm_argus_t8_sprint_pullout
xanim,#vm_slaybell_idle
xanim,#vm_demo_hammer_jump
xanim,#vm_grapple_gun_idle_l_generic
xanim,#vm_frag_grenade_cancel
xanim,#hash_97855e632a62d259
xanim,#hash_979789a2d91e2721
xanim,#ai_t8_zm_zombie_base_attack_01
xanim,#hash_97980c6ac5fb75be
xanim,#hash_97980d6ac5fb7771
xanim,#hash_979a8ca43140c480
xanim,#hash_979a90a43140cb4c
xanim,#hash_979a9aa43140dc4a
xanim,#hash_979a9ca43140dfb0
xanim,#ai_zombie_base_walk_ad_v23
xanim,#ai_zombie_base_walk_ad_v22
xanim,#ai_zombie_base_walk_ad_v21
xanim,#ai_zombie_base_walk_ad_v20
xanim,#ai_zombie_base_walk_ad_v25
xanim,#ai_zombie_base_walk_ad_v24
xanim,#vm_raygun_sprint_pullout
xanim,#ai_zombie_base_walk_ad_v19
xanim,#hash_97aa31180840af81
xanim,#ai_t8_zm_zombie_base_run_jump_up_48
xanim,#vm_ww_akud_hand_pose_r
xanim,#vm_ww_akud_hand_pose_l
xanim,#ai_t8_zm_zombie_base_run_jump_up_72
xanim,#hash_17b65339637f6852
xanim,#hash_17b66539637f86e8
xanim,#hash_97b936d7376483a1
xanim,#vm_polynesian_club_t8_crawl_out
xanim,#ai_t8_zm_zombie_base_run_jump_up_36
xanim,#hash_97c847f1cfca2a41
xanim,#vm_zom_arm_first_raise
xanim,#vm_scorpion_fall
xanim,#vm_zom_raygun_mk2_idle
xanim,#ai_t8_zm_zombie_base_run_jump_up_96
xanim,#vm_argus_t8_gunbutt_swipe
xanim,#hash_97df82fb2399e5c8
xanim,#vm_lmg_mg08_sprint_raise
xanim,#pt_rifle_stand_putaway
xanim,#vm_tr_damageburst_t8_inspect
xanim,#hash_97ef9947ecf37308
xanim,#vm_smg_minigun_crawl_out
xanim,#hash_97faad830d1c36da
xanim,#vm_ar_an94_t8_swim_uw_putaway
xanim,#pt_grenade_swim_throw
xanim,#vm_homunculus_pullpin
xanim,#pt_bow_prone_melee
xanim,#vm_ar_stealth_fall
xanim,#vm_lmg_mg08_fire
xanim,#vm_ar_double_barrel_sprint_in
xanim,#hash_98490a212deadbf7
xanim,#vm_argus_t8_swim_uw_putaway
xanim,#hash_18556bebce47ed5c
xanim,#vm_shotgun_semiauto_gunbutt_swipe
xanim,#vm_sniper_power_semi_ads_iron_sights_down
xanim,#hash_9865f3344bedcaf6
xanim,#vm_ww_akud_pullout
xanim,#vm_ar_standard_gunbutt_swipe
xanim,#vm_mp40_putaway
xanim,#pt_launcher_stand_fire
xanim,#hash_987ae1241d812ae0
xanim,#hash_987d096c7018d849
xanim,#vm_smg_fastfire_ads_base_up
xanim,#hash_988cb5015d9424e2
xanim,#hash_988ebfb2f3ac7bb2
xanim,#vm_katana_walk_f
xanim,#vm_mp9_fall
xanim,#ai_zombie_base_sprint_turn_180_r_v3
xanim,#hash_98c534852f49279a
xanim,#vm_smg_fastfire_sprint_pullout
xanim,#hash_18ca9276a68ae4c3
xanim,#hash_18d4a276a6935478
xanim,#hash_98e818e763d14feb
xanim,#hash_98ea03b9a2ef923d
xanim,#vm_annihilator_t8_first_raise
xanim,#hash_98f329a169ddb23b
xanim,#hash_98f4de6cb593d0e4
xanim,#vm_smg_capacity_walk_f
xanim,#vm_sniper_power_semi_fire
xanim,#ai_t8_zm_zombie_base_run_mantle_up_36_dn_128
xanim,#ai_zombie_smash_react_f_flatonback
xanim,#pt_rifle_swim_idle_gunbutt_melee
xanim,#vm_sniper_power_semi_pullout
xanim,#vm_polynesian_club_t8_ads_base_down
xanim,#hash_992e2e4fecc3c006
xanim,#vm_smg_handling_sprint_putaway
xanim,#hash_193744a2b4bac8db
xanim,#vm_ar_standard_crawl_in
xanim,#hash_994fba30eed1523e
xanim,#hash_99550e61a03cdded
xanim,#hash_99565885048bc4ef
xanim,#hash_99593e6283c85c85
xanim,#vm_koshka_pullout_quick
xanim,#hash_99784ca8226a3b33
xanim,#vm_sniper_vanguard_rechamber
xanim,#hash_99839371fce9bcea
xanim,#vm_scorpion_jump_land
xanim,#vm_tr_swordfish_crawl_in
xanim,#vm_lmg_mk48_sprint_pullout
xanim,#vm_ar_standard_sprint_pullout
xanim,#hash_99a6e56c69bf853d
xanim,#hash_99ae23470b22bd43
xanim,#vm_bowie_knife_t8_melee_miss
xanim,#vm_tr_damageburst_t8_reload
xanim,#vm_war_machine_swim_uw_in
xanim,#hash_99b5bf6aa32d686b
xanim,#vm_smg_fastburst_inspect
xanim,#vm_smg_folding_sprint_out
xanim,#vm_zom_raygun_mk2_walk_f
xanim,#vm_sniper_vanguard_fall
xanim,#hash_99ee3f5536dc7032
xanim,#hash_99f03a62e6abec68
xanim,#hash_99f04062e6abf69a
xanim,#hash_99f04162e6abf84d
xanim,#hash_99fa3a4f47233dda
xanim,#hash_99fd162ce1ba465b
xanim,#pt_grenade_stand_prime
xanim,#hash_99fd5d6b7f7ed405
xanim,#vm_frag_grenade_throw_additive
xanim,#vm_stop_sign_melee_in
xanim,#hash_9a06e7b213357f60
xanim,#ai_zombie_base_sprint_turn_90_r_v2
xanim,#hash_9a245e539390d58a
xanim,#hash_9a41daf70044250b
xanim,#vm_money_bag_t8_sprint_in
xanim,#hash_9a512ce23feb7ccb
xanim,#ai_t8_zm_zombie_base_run_jump_up_catwlk_160
xanim,#hash_9a5dc4376acbfcf7
xanim,#hash_9a6358d1a4bd8008
xanim,#ai_t8_zm_zombie_base_run_jump_up_catwlk_128
xanim,#vm_shotgun_semiauto_ads_base_up
xanim,#hash_9a7a308990c12048
xanim,#ai_t8_zm_mob_brutus_walk_jump_dn_72
xanim,#ai_t8_zm_mob_brutus_walk_jump_dn_48
xanim,#hash_9a96addbd7e50980
xanim,#ai_t8_zm_mob_brutus_walk_jump_dn_36
xanim,#vm_shotgun_pump_ads_base_up
xanim,#hash_9ab2d0f00ef549eb
xanim,#pt_rifle_stand_melee_gunbutt_swipe
xanim,#ai_t8_zm_mob_brutus_walk_jump_dn_96
xanim,#hash_9ac2e113daf32140
xanim,#hash_9ac6272920f0cc29
xanim,#vm_slaybell_first_raise
xanim,#vm_grapple_gun_fire_generic_additive
xanim,#vm_smg_folding_fire_intro_ads
xanim,#hash_9adc84f900d359e6
xanim,#vm_lmg_mg08_swim_uw_pullout
xanim,#pt_pistol_stand_melee_gunbutt_strike
xanim,#ai_zombie_base_sprint_au_v2
xanim,#ai_zombie_base_sprint_au_v1
xanim,#vm_zom_arm_putaway
xanim,#hash_9b090f75d76ad827
xanim,#vm_sniper_vanguard_swim_uw_pullout
xanim,#vm_zom_raygun_mk2_sprint_putaway
xanim,#vm_ar_accurate_putaway
xanim,#vm_grapple_gun_putaway_generic
xanim,#vm_raygun_crawl_f
xanim,#vm_raygun_crawl_b
xanim,#vm_raygun_crawl_l
xanim,#vm_raygun_crawl_r
xanim,#vm_tr_flechette_putaway
xanim,#vm_grapple_gun_idle_d_brawler
xanim,#hash_9b364ed055fa81ad
xanim,#pt_rifle_swim_putaway
xanim,#vm_ar_lever_action_crawl_in
xanim,#vm_war_machine_putaway
xanim,#hash_9b928264171ed212
xanim,#hash_9ba1d18c804222a1
xanim,#vm_ar_galil_reload_empty
xanim,#ai_t8_zm_zombie_dog_pro_trv_mantle_up_36_dn_240
xanim,#vm_tr_damageburst_t8_ads_base_up
xanim,#vm_sniper_power_semi_sprint_in
xanim,#vm_ar_peacekeeper_t8_sprint_pullout
xanim,#vm_ww_freezegun_gunbutt_swipe
xanim,#hash_9bf9d2afe11f9173
xanim,#hash_9bf9d7afe11f99f2
xanim,#hash_9bf9d8afe11f9ba5
xanim,#hash_9c09e1f54974bf62
xanim,#pt_sniper_quickscope_prone_inspect
xanim,#hash_9c1a2104f5484e64
xanim,#vm_action_figure_sprint_out
xanim,#vm_sniper_mini14_first_raise
xanim,#hash_9c2ed70cced1f10b
xanim,#ai_zombie_base_run_ad_v4_pain_chest_f
xanim,#vm_slaybell_swim_pullout
xanim,#hash_9c48e67c3063ae34
xanim,#hash_9c498bbc5539cb8b
xanim,#hash_9c53bad593636cc1
xanim,#hash_9c5c8e7c601ac214
xanim,#hash_9c6297caaba10089
xanim,#vm_snowball_loop_bare_hands
xanim,#hash_9c830671e9948ea8
xanim,#pt_pistol_burst_prone_reload_partial
xanim,#hash_9c973177a10daa86
xanim,#hash_9c973977a10db81e
xanim,#hash_9c974a77a10dd501
xanim,#hash_9c974b77a10dd6b4
xanim,#hash_9c986f3bb0d076fb
xanim,#hash_9c9e751d7b906360
xanim,#hash_9c9e931d7b90965a
xanim,#hash_9ca22c90f3bb528a
xanim,#vm_ar_damage_fire_last
xanim,#hash_9cb1b3e2abcf3e81
xanim,#hash_9cbd4eca7ac5d451
xanim,#hash_9ccb989f622135f3
xanim,#hash_1ce44b8ea4f136d5
xanim,#hash_9ceebadfaf28d00c
xanim,#vm_tr_damageburst_t8_fire_ads_last
xanim,#vm_hades_fire_ads_intro
xanim,#ai_zombie_base_sprint_ad_v21_pain_chest_f
xanim,#hash_9d049cb5c277d8f6
xanim,#pt_pistol_crouch_raise
xanim,#hash_9d29aae0c8bfa090
xanim,#vm_smg_folding_sprint_pullout
xanim,#vm_tr_flechette_inspect
xanim,#vm_stop_sign_idle
xanim,#hash_9d6c4d7a2332f47f
xanim,#hash_1d70bf0f6e472729
xanim,#vm_scorpion_walk_f
xanim,#ai_zombie_base_walk_turn_180_r_v3
xanim,#vm_katana_melee_out
xanim,#vm_ar_accurate_fire_ads
xanim,#hash_9d84d93504b50898
xanim,#vm_lmg_mk48_sprint_in
xanim,#vm_ww_freezegun_crawl_in
xanim,#hash_9d9805b04c791d94
xanim,#vm_ar_fastfire_swim_uw_pullout
xanim,#vm_tr_swordfish_sprint_pullout
xanim,#vm_smg_fastfire_sprint_in
xanim,#hash_9db942928c578e7d
xanim,#vm_tr_power_semi_sprint_putaway
xanim,#hash_9dd77dc8cb160ee4
xanim,#hash_9de00077bd892bc2
xanim,#vm_mp9_walk_f
xanim,#vm_tr_flechette_reload_empty
xanim,#ai_t8_zm_zombie_base_run_jump_down_72
xanim,#ai_t8_zm_zombie_base_run_jump_down_48
xanim,#vm_sniper_fast_rechamber_reload_empty
xanim,#pt_rifle_swim_fire_over
xanim,#hash_9dfd6c4591c808c6
xanim,#hash_9e03191110af2ba8
xanim,#hash_9e0350803bbb5d62
xanim,#ai_t8_zm_zombie_base_run_jump_down_36
xanim,#hash_9e084f34436dc423
xanim,#hash_9e0c3e94dc199beb
xanim,#hash_9e181f83994e2639
xanim,#vm_stop_sign_sprint_pullout
xanim,#ai_t8_zm_zombie_base_run_jump_down_96
xanim,#ai_zombie_base_walk_au_v13
xanim,#ai_zombie_base_walk_au_v12
xanim,#ai_zombie_base_walk_au_v11
xanim,#ai_zombie_base_walk_au_v10
xanim,#ai_zombie_base_walk_au_v15
xanim,#ai_zombie_base_walk_au_v23
xanim,#ai_zombie_base_walk_au_v20
xanim,#ai_zombie_base_walk_au_v21
xanim,#vm_frag_grenade_cancel_bare_hands
xanim,#hash_9e34cb97bded9d53
xanim,#vm_sniper_mini14_idle
xanim,#hash_1e45bda7d2667064
xanim,#vm_titan_ads_base_down
xanim,#hash_9e4cac8781a6830e
xanim,#hash_9e638ad5ddbba38e
xanim,#vm_snowball_pullpin_bare_hands
xanim,#vm_lmg_mk48_swim_uw_pullout
xanim,#vm_special_crossbow_putaway_quick
xanim,#vm_zom_raygun_mk2_hand_pose_r
xanim,#vm_zom_raygun_mk2_hand_pose_l
xanim,#vm_ar_double_barrel_reload
xanim,#hash_9e88a29282b9c0e4
xanim,#hash_9e90cd63868c82a5
xanim,#vm_special_crossbow_hand_pose_l
xanim,#vm_special_crossbow_hand_pose_r
xanim,#vm_tr_flechette_swim_uw_pullout
xanim,#hash_9ebefa8680f077db
xanim,#hash_9ed4d584adc42c3f
xanim,#vm_zom_arm_swim_putaway
xanim,#hash_9ee0094c5ff0138c
xanim,#vm_katana_swim_uw_pullout
xanim,#hash_9ee4ac76f1f9ab50
xanim,#pt_launcher_prone_raise
xanim,#vm_lmg_heavy_sprint_out
xanim,#vm_barehands_unstoppable_force_out
xanim,#pt_sniper_quickscope_crouch_first_raise
xanim,#vm_sniper_fast_rechamber_idle
xanim,#hash_9f2e60549a7b80a5
xanim,#hash_9f2e6f07fc1c5de0
xanim,#vm_tr_power_semi_swim_uw_putaway
xanim,#vm_smg_handling_fire_ads
xanim,#vm_smg_fastburst_sprint_out
xanim,#hash_9f5cd87265bd487e
xanim,#vm_tr_power_semi_first_raise
xanim,#vm_raygun_pullout
xanim,#hash_9f8b328dfcaf9c4d
xanim,#vm_smg_fastburst_gunbutt_swipe
xanim,#hash_9f96b47ea75b2b03
xanim,#hash_9f999f5b6a0382bf
xanim,#hash_9fa9a343138df134
xanim,#vm_launcher_standard_t8_fire_ads
xanim,#ai_zombie_base_sprint_ad_v5_pain_chest_f
xanim,#vm_grapple_gun_putaway_brawler_additive
xanim,#pt_launcher_crouch_inspect
xanim,#vm_war_machine_ads_base_down
xanim,#vm_launcher_standard_t8_gunbutt_swipe
xanim,#vm_tr_swordfish_reload_am
xanim,#vm_sniper_mini14_crawl_out
xanim,#vm_pistol_burst_ads_base_up
xanim,#hash_a03fafa9cbc991c5
xanim,#hash_a051d96d80dc0801
xanim,#vm_smg_minigun_pullout_quick
xanim,#hash_a05be82530f61a7d
xanim,#vm_tr_power_semi_reload_empty
xanim,#vm_smg_vmp_t8_inspect
xanim,#vm_smg_fastfire_sprint_out
xanim,#vm_mgl_putaway
xanim,#hash_a07a6b95544a27aa
xanim,#hash_a07e90878d4ef3b8
xanim,#hash_a0902aea29dde16a
xanim,#ai_zombie_smash_react_f_upontoback
xanim,#hash_a096168dfc8d0f22
xanim,#vm_purifier_t8_swim_uw_pullout
xanim,#ai_zombie_base_dog_run_turn_90_left
xanim,#hash_a0b74a4578ea8c86
xanim,#vm_smg_fastfire_inspect
xanim,#vm_tr_flechette_pullout_quick
xanim,#hash_a0d46ef94ef570b1
xanim,#hash_20d67099b47133dd
xanim,#hash_a0d6ac740a84d108
xanim,#hash_a0e0fe7ed7c8eb18
xanim,#vm_titan_hand_pose_r
xanim,#vm_titan_hand_pose_l
xanim,#ai_t8_zm_mob_brutus_sprint_a
xanim,#vm_stop_sign_crawl_in
xanim,#vm_pistol_burst_fire
xanim,#hash_a11f68e3d7bd99ea
xanim,#hash_a12515b6fe8fcc48
xanim,#vm_zom_raygun_mk2_ads_base_down
xanim,#vm_ar_stealth_ads_base_up
xanim,#hash_a137f75e81dc7c86
xanim,#hash_a1447531a55a10b6
xanim,#vm_shotgun_full_auto_sprint_out
xanim,#hash_a15e13993e6e132f
xanim,#hash_a15eb61e9684663f
xanim,#vm_argus_t8_putaway
xanim,#vm_purifier_t8_first_raise
xanim,#vm_grapple_gun_fire_loop
xanim,#vm_ar_standard_fire_intro_ads
xanim,#hash_a17fc645fe983df4
xanim,#hash_a1882602e725edfb
xanim,#vm_hades_first_raise
xanim,#hash_a199f257fedfb679
xanim,#vm_action_figure_hand_pose_r
xanim,#vm_action_figure_hand_pose_l
xanim,#vm_zom_arm_melee_miss
xanim,#hash_a1a4feb0445736c5
xanim,#ai_t8_zm_zombie_base_sprint_mantle_over_36
xanim,#hash_a1bed694be96d469
xanim,#vm_katana_dash_in
xanim,#vm_pistol_auto_walk_f
xanim,#hash_a1ec92374c750d78
xanim,#vm_katana_melee_miss
xanim,#hash_a205c327c0998d5b
xanim,#hash_a20af3201914cecf
xanim,#vm_launcher_standard_t8_sprint_out
xanim,#vm_pistol_burst_sprint_putaway
xanim,#vm_ar_accurate_sprint_pullout
xanim,#vm_bowie_knife_mp_drop_attack
xanim,#hash_a2235925125b3ad1
xanim,#hash_a22b93a3f72f4c40
xanim,#vm_ar_galil_sprint_raise
xanim,#vm_hades_sprint_drop
xanim,#ai_t8_zm_zombie_base_walk_react_l_05
xanim,#ai_t8_zm_zombie_base_walk_react_l_04
xanim,#ai_t8_zm_zombie_base_walk_react_l_03
xanim,#ai_t8_zm_zombie_base_walk_react_l_02
xanim,#ai_t8_zm_zombie_base_walk_react_l_01
xanim,#ai_t8_zm_mob_brutus_walk_jump_up_96
xanim,#ai_t8_zm_mob_brutus_walk_jump_up_72
xanim,#ai_t8_zm_mob_brutus_walk_jump_up_48
xanim,#ai_t8_zm_mob_brutus_walk_jump_up_36
xanim,#hash_a25928437b5c0e17
xanim,#hash_a260f7454ea0561f
xanim,#vm_pistol_auto_sprint_loop
xanim,#hash_a283da9cb98507ae
xanim,#hash_a28c0d7edbcd7bd9
xanim,#hash_a28cfc6776a35180
xanim,#vm_lmg_mk48_ads_base_down
xanim,#ai_zombie_base_dog_run_start
xanim,#hash_a29dbe947bf7533e
xanim,#hash_a2c673fe468262c9
xanim,#vm_mp9_fire_ads_intro
xanim,#vm_zom_raygun_mk2_first_raise
xanim,#vm_ar_damage_sprint_in
xanim,#vm_koshka_fall
xanim,#vm_launcher_standard_t8_ads_base_down
xanim,#hash_a3032b2e54a65d7b
xanim,#hash_a30b64b8c09582c6
xanim,#vm_ar_stealth_putaway_quick
xanim,#hash_a312a62105fc218e
xanim,#hash_a31dc887eaab47d4
xanim,#hash_a338e5cc5785a3df
xanim,#vm_ar_lever_action_fire
xanim,#hash_a33dec25b30abe34
xanim,#hash_a33fd42a1a4e3f73
xanim,#hash_a343b4505db1570d
xanim,#ai_t8_zm_avogadro_arrival
xanim,#vm_ar_k57_ads_base_up
xanim,#vm_ar_double_barrel_fire_last
xanim,#hash_a37c9f9edfd11a1d
xanim,#vm_tr_damageburst_t8_sprint_in
xanim,#hash_a38e65951791b42b
xanim,#ai_t8_zm_mob_brutus_sprint_jump_dn_96
xanim,#ai_t8_zm_mob_brutus_walk_jump_dn_128
xanim,#ai_t8_zm_mob_brutus_sprint_jump_dn_36
xanim,#hash_a3f7058f2557168e
xanim,#hash_a3f9f9931564a5af
xanim,#ai_t8_zm_mob_brutus_sprint_jump_dn_48
xanim,#ai_t8_zm_mob_brutus_sprint_jump_dn_72
xanim,#hash_a405c1d9e7f01fdb
xanim,#hash_a40daf3917622dac
xanim,#hash_a411d7cb49dc1728
xanim,#ai_zombie_base_dog_death_hit_back
xanim,#vm_pistol_revolver_walk_f
xanim,#ai_t8_zm_zombie_base_run_jump_down_128
xanim,#hash_a4444a22d9011798
xanim,#vm_scorpion_reload
xanim,#ai_direwolf_base_idle_howl
xanim,#vm_ar_an94_t8_reload_empty
xanim,#hash_a489d8ca43bc24ea
xanim,#hash_a48bd0b5dd4ac62d
xanim,#hash_a48eaacae2a9f866
xanim,#hash_a48f8923960d551c
xanim,#vm_grapple_gun_idle_d_brawler_additive
xanim,#vm_pistol_revolver_fall
xanim,#hash_a4ae00ca325d6701
xanim,#vm_special_crossbow_sprint_loop
xanim,#hash_a4c20660c5654150
xanim,#hash_a4c2ec0f9c0bdb15
xanim,#vm_slaybell_ads_base_down
xanim,#vm_smg_vmp_t8_sprint_putaway
xanim,#vm_pistol_standard_crawl_l
xanim,#vm_pistol_standard_crawl_b
xanim,#vm_pistol_standard_crawl_f
xanim,#vm_pistol_standard_crawl_r
xanim,#hash_a4e0056187705992
xanim,#vm_tr_midburst_reload
xanim,#ai_zombie_base_sprint_au_v22_pain_chest_f
xanim,#vm_tr_swordfish_crawl_out
xanim,#vm_smg_handling_putaway
xanim,#hash_a5226ead03195260
xanim,#hash_a526975bad8ad19f
xanim,#hash_a534ba609f8627db
xanim,#hash_a538bcc078f2a719
xanim,#hash_a53f7e9e37a41165
xanim,#vm_launcher_standard_t8_sprint_pullout
xanim,#vm_tr_swordfish_swim_uw_pullout
xanim,#vm_katana_jump_land
xanim,#vm_ar_damage_pullout_sprint
xanim,#vm_shotgun_semiauto_ads_base_down
xanim,#vm_ar_lever_action_sprint_out
xanim,#hash_a56e983a5ba871d6
xanim,#hash_a579e33ea1701d90
xanim,#vm_tr_power_semi_jump
xanim,#vm_lmg_mk48_sprint_putaway
xanim,#vm_tr_swordfish_idle
xanim,#hash_a5a2a6fce4103559
xanim,#vm_ar_standard_jump
xanim,#hash_a5af96da4fe82e13
xanim,#hash_a5ba85211baf3b8c
xanim,#vm_smg_folding_crawl_out
xanim,#vm_virtual_tablet_putaway
xanim,#vm_ar_lever_action_putaway
xanim,#hash_a5dbdbe9aca60ecb
xanim,#vm_katana_hand_pose_l
xanim,#vm_katana_hand_pose_r
xanim,#vm_smg_capacity_putaway_quick
xanim,#hash_a5de461f558c1a89
xanim,#hash_a5e60ad315b57acb
xanim,#hash_a5e761630d14a692
xanim,#vm_shotgun_pump_sprint_out
xanim,#hash_a5fea17045b8bbd4
xanim,#hash_a61585cc81536bc8
xanim,#hash_a61c233c201019c0
xanim,#hash_a61c413c20104cba
xanim,#vm_sniper_power_semi_putaway
xanim,#vm_smg_folding_pullout_quick
xanim,#pt_grenade_swim_prime
xanim,#vm_tr_flechette_fire
xanim,#vm_koshka_sprint_out
xanim,#vm_slaybell_inspect
xanim,#hash_a64be36ad2f8b060
xanim,#vm_special_crossbow_swim_pullout
xanim,#vm_slaybell_crawl_r
xanim,#vm_slaybell_crawl_l
xanim,#vm_slaybell_crawl_b
xanim,#vm_slaybell_crawl_f
xanim,#hash_a65a488af5cb27c2
xanim,#vm_sniper_mini14_sprint_pullout
xanim,#vm_tr_flechette_ads_base_up
xanim,#vm_smg_folding_inspect
xanim,#hash_a672391975c2ea3c
xanim,#vm_pistol_standard_swim_uw_putaway
xanim,#hash_a68ba48e3fbd4759
xanim,#hash_a68cdd677926de6c
xanim,#vm_ar_k57_fire
xanim,#vm_launcher_standard_t8_swim_from_land
xanim,#hash_a6ace043644e545b
xanim,#vm_pistol_standard_gunbutt_swipe
xanim,#vm_frag_grenade_throw_bare_hands
xanim,#hash_a6bad9185f3cec54
xanim,#ai_t8_zm_mob_brutus_walk_a
xanim,#vm_koshka_putaway_quick
xanim,#vm_snowball_loop_bare_hands_additive
xanim,#vm_sniper_fast_rechamber_fire
xanim,#hash_a6d38cc6a1d7b20e
xanim,#vm_money_bag_t8_sprint_out
xanim,#hash_a6e38abd0d5a3d21
xanim,#hash_a6e5a1e328c20d74
xanim,#hash_a6e74688c8818c0d
xanim,#vm_action_figure_sprint_loop
xanim,#hash_a6f6398291969315
xanim,#hash_a6fa6c66f738d583
xanim,#hash_a6fc6f3fb0e9d1ab
xanim,#ai_zombie_base_run_turn_180_r_v2
xanim,#hash_a70214bc51b3cc66
xanim,#hash_a7086463723dd3de
xanim,#hash_a71eead3a226a38d
xanim,#vm_smg_vmp_t8_hand_pose_l
xanim,#vm_smg_vmp_t8_hand_pose_r
xanim,#vm_argus_t8_first_raise
xanim,#hash_a75d2e272722ca22
xanim,#vm_frag_pullpin
xanim,#vm_smg_fastfire_reload
xanim,#ai_zombie_smash_react_b_faceplant
xanim,#hash_a77c60f50ce6e3a2
xanim,#pt_rifle_prone_putaway
xanim,#hash_a785322cc4090e5b
xanim,#vm_sniper_mini14_pullout
xanim,#vm_shotgun_pump_swim_uw_in
xanim,#vm_shotgun_semiauto_inspect
xanim,#hash_a7adf551517e3540
xanim,#vm_sniper_mini14_lastshot
xanim,#vm_shotgun_semiauto_sprint_out
xanim,#ai_zombie_base_crawl_mantle_over_128
xanim,#hash_a7c2a6ad87515262
xanim,#vm_ar_galil_jump
xanim,#vm_money_bag_t8_inspect
xanim,#vm_tr_swordfish_ads_base_up
xanim,#vm_tr_damageburst_t8_first_raise
xanim,#vm_tr_midburst_fire_intro_ads
xanim,#vm_smg_handling_hand_pose_r
xanim,#vm_smg_handling_hand_pose_l
xanim,#vm_ar_an94_t8_swim_uw_pullout
xanim,#vm_mp40_fire_last_ads
xanim,#hash_a807ae088419d32b
xanim,#vm_lmg_mk48_pullout_quick
xanim,#hash_a824bd11e243c971
xanim,#hash_a828e900375f7fd0
xanim,#hash_a828ea00375f8183
xanim,#hash_a828eb00375f8336
xanim,#hash_a828ef00375f8a02
xanim,#hash_a828f000375f8bb5
xanim,#hash_a82ab072801947ed
xanim,#hash_a83a80540124e4f8
xanim,#vm_combat_knife_t8_walk_f
xanim,#hash_a850586259540a7d
xanim,#hash_a85635aafb197380
xanim,#vm_tr_swordfish_gunbutt_swipe
xanim,#ai_zombie_base_walk_au_pain_legs_v1
xanim,#hash_a85dff9dcd5c6f6f
xanim,#vm_grapple_gun_fire_loop_generic_additive
xanim,#ai_zombie_base_sprint_ad_v22
xanim,#ai_zombie_base_sprint_ad_v23
xanim,#ai_zombie_base_sprint_ad_v21
xanim,#ai_zombie_base_sprint_ad_v24
xanim,#vm_ar_accurate_swim_uw_pullout
xanim,#hash_28856b762d087d13
xanim,#hash_2885720df3f9f7b8
xanim,#hash_a88ab6723be07968
xanim,#vm_lmg_mk48_crawl_l
xanim,#vm_lmg_mk48_crawl_b
xanim,#vm_lmg_mk48_crawl_f
xanim,#vm_lmg_mk48_crawl_r
xanim,#pt_knife_stand_inspect
xanim,#vm_38_special_fall
xanim,#hash_a8c7d1ecd9d32add
xanim,#hash_a8c7d3ecd9d32e43
xanim,#vm_slaybell_putaway
xanim,#ai_t8_zm_zombie_base_crawl_mantle_up_80_dn_36
xanim,#vm_zom_monkey_bomb_idle
xanim,#vm_sniper_damagesemi_pullout
xanim,#pt_hold_swim_raise
xanim,#hash_a8f2b68a193bef52
xanim,#hash_a8f542685043af1a
xanim,#vm_ar_peacekeeper_t8_hand_pose_r
xanim,#vm_ar_peacekeeper_t8_hand_pose_l
xanim,#hash_a8fc85f7928db32a
xanim,#vm_spork_pullout
xanim,#hash_a91195c64715183c
xanim,#hash_a913815c4641a7de
xanim,#hash_a91388b2321cadce
xanim,#hash_a91d3e16c63f6e88
xanim,#vm_smg_folding_putaway
xanim,#hash_a92399148faef7ac
xanim,#vm_tr_midburst_fall
xanim,#vm_smg_minigun_crawl_r
xanim,#vm_smg_minigun_crawl_f
xanim,#vm_smg_minigun_crawl_b
xanim,#vm_smg_minigun_crawl_l
xanim,#vm_annihilator_t8_pullout
xanim,#vm_ar_lever_action_swim_uw_putaway
xanim,#vm_ar_an94_t8_ads_base_up
xanim,#pt_pistol_burst_crouch_reload_partial
xanim,#hash_a985396b78831d11
xanim,#hash_a98697ca305f9016
xanim,#vm_war_machine_sprint_out
xanim,#vm_ar_standard_inspect
xanim,#vm_smg_handling_reload_empty
xanim,#hash_a9a5e769361e7ea0
xanim,#vm_sniper_vanguard_sprint_out
xanim,#vm_sniper_vanguard_putaway_quick
xanim,#vm_tr_swordfish_ads_base_down
xanim,#hash_a9d0ee458b67b46c
xanim,#vm_sniper_fast_rechamber_inspect
xanim,#hash_a9e0415001938ab1
xanim,#pt_annihilator_crouch_firstraise
xanim,#hash_a9f092e7c178702b
xanim,#vm_ar_fastfire_crawl_out
xanim,#vm_smg_vmp_t8_fire
xanim,#hash_aa040b0d8983cb18
xanim,#hash_aa12008a395320a5
xanim,#vm_tr_power_semi_ads_base_up
xanim,#vm_stop_sign_crawl_out
xanim,#hash_aa2bd44041c4529f
xanim,#vm_grapple_gun_idle_r_brawler_additive
xanim,#hash_aa2cd0b8f3175324
xanim,#hash_aa341de816e518cd
xanim,#vm_ar_fastfire_sprint_loop
xanim,#vm_demo_hammer_walk_f
xanim,#vm_tr_midburst_gunbutt_swipe
xanim,#vm_spork_melee_miss
xanim,#vm_raygun_sprint_in
xanim,#vm_stop_sign_sprint_loop
xanim,#hash_aa4942d4ba74c2bc
xanim,#vm_ar_double_barrel_putaway
xanim,#hash_aa4d05195c90f66d
xanim,#hash_aa5578047e7dd352
xanim,#vm_spork_sprint_out
xanim,#vm_lmg_mg08_swim_uw_putaway
xanim,#vm_ar_standard_fall
xanim,#hash_aa8228fd73ec9c03
xanim,#vm_shotgun_pump_idle
xanim,#vm_koshka_idle
xanim,#vm_smg_fastfire_fire_last_ads
xanim,#hash_aa9cfedbb788d33b
xanim,#hash_aa9d46be8d785a33
xanim,#hash_aa9d56be8d787563
xanim,#hash_aa9d5abe8d787c2f
xanim,#hash_aa9d64be8d788d2d
xanim,#hash_aaad7f7e8409343c
xanim,#vm_ar_accurate_sprint_in
xanim,#vm_shotgun_semiauto_swim_from_land
xanim,#vm_sniper_damagesemi_first_raise
xanim,#vm_special_crossbow_fire_intro
xanim,#vm_ar_stealth_pullout_quick
xanim,#vm_hades_crawl_in
xanim,#hash_aacd47e2d1024a2d
xanim,#ai_zombie_base_dog_death_front
xanim,#vm_ww_blundergat_walk_f
xanim,#vm_purifier_t8_gunbutt_swipe
xanim,#hash_aad42246abf71b59
xanim,#hash_aad900d233fb394e
xanim,#vm_tr_swordfish_swim_to_land
xanim,#hash_2adbb295440122b9
xanim,#hash_aae0adda9b1c69a5
xanim,#vm_ar_peacekeeper_t8_sprint_putaway
xanim,#vm_smg_capacity_idle
xanim,#vm_ar_lever_action_rechamber_ads
xanim,#ai_t8_zm_zombie_base_walk_jump_down_96
xanim,#hash_2af01d47c61a2539
xanim,#ai_t8_zm_zombie_base_walk_jump_down_72
xanim,#ai_t8_zm_zombie_base_walk_jump_down_48
xanim,#vm_ar_an94_t8_ads_base_down
xanim,#hash_aafbc43a7fa2be2f
xanim,#ai_t8_zm_zombie_base_walk_jump_down_36
xanim,#vm_smg_capacity_inspect
xanim,#vm_sniper_vanguard_sprint_loop
xanim,#vm_mp40_fire_ads
xanim,#vm_grapple_gun_idle_generic
xanim,#pt_pistol_stand_putaway
xanim,#hash_ab22f8c4d99d5350
xanim,#vm_special_crossbow_pullout
xanim,#hash_ab2c397f8e2ca39e
xanim,#hash_ab30a331bcead61a
xanim,#hash_ab320101497bf4c0
xanim,#vm_annihilator_t8_sprint_in
xanim,#vm_lmg_mg08_idle
xanim,#hash_ab51a72b24fb1b3f
xanim,#hash_ab57a38e2eebc5cf
xanim,#hash_ab57c1a365e4aac6
xanim,#vm_ww_blundergat_sprint_putaway
xanim,#vm_koshka_sprint_loop
xanim,#vm_ar_an94_t8_reload
xanim,#vm_sniper_locus_t8_sprint_in
xanim,#hash_ab84431bf5269d92
xanim,#vm_ar_peacekeeper_t8_reload_quick
xanim,#hash_ab93af503cc42290
xanim,#hash_ab94689499f4b5d6
xanim,#pt_rifle_swim_idle_gunbutt_over
xanim,#pt_knife_crouch_stick
xanim,#vm_tr_swordfish_fire_ads
xanim,#hash_2bb18b5c1cbdfad7
xanim,#hash_abbb9b31f489907a
xanim,#vm_tr_power_semi_ads_base_down
xanim,#hash_abd53e4ae7505d0a
xanim,#vm_sniper_damagesemi_putaway_quick
xanim,#vm_smg_accurate_crawl_in
xanim,#hash_abedd183b920ebd7
xanim,#vm_ar_standard_sprint_putaway
xanim,#vm_shotgun_semiauto_reload_empty
xanim,#hash_ac1c6d2902e1ceb7
xanim,#hash_ac238105839f6d7c
xanim,#vm_sniper_fast_rechamber_rechamber
xanim,#vm_tr_power_semi_pullout
xanim,#vm_ww_blundergat_swim_uw_putaway
xanim,#vm_ar_double_barrel_sprint_pullout
xanim,#hash_ac4c60666e31d7fc
xanim,#hash_ac57bc358e0a0569
xanim,#vm_smg_minigun_sprint_out
xanim,#vm_hades_fire
xanim,#vm_ar_damage_pullout_quick
xanim,#hash_ac6fee21520f48bd
xanim,#vm_shotgun_full_auto_crawl_b
xanim,#vm_shotgun_full_auto_crawl_f
xanim,#vm_shotgun_full_auto_crawl_l
xanim,#vm_shotgun_full_auto_crawl_r
xanim,#vm_pistol_burst_first_raise
xanim,#ai_zombie_base_run_ad_v14_pain_chest_f
xanim,#hash_2c8339be1dc51385
xanim,#vm_tr_swordfish_fall
xanim,#hash_aca4bec91e8b5652
xanim,#hash_aca4d0c91e8b74e8
xanim,#hash_acacf1edeb9769b9
xanim,#vm_38_special_jump
xanim,#vm_smg_fastburst_idle
xanim,#vm_ar_stealth_swim_uw_pullout
xanim,#vm_tr_flechette_idle
xanim,#hash_accc0637c438c13e
xanim,#vm_special_crossbow_crawl_b
xanim,#vm_special_crossbow_crawl_f
xanim,#vm_special_crossbow_crawl_l
xanim,#vm_special_crossbow_crawl_r
xanim,#vm_ww_blundergat_jump
xanim,#hash_acdefef97244e6ee
xanim,#ai_zombie_base_sprint_turn_135_l_v2
xanim,#hash_ace73d0fd957868e
xanim,#vm_pistol_standard_ads_base_up
xanim,#vm_pistol_burst_reload
xanim,#pt_pistol_crouch_melee_gunbutt_strike
xanim,#hash_ad1a205087cf20a9
xanim,#hash_ad213f6b5d2e2378
xanim,#hash_ad214d6b5d2e3b42
xanim,#vm_ar_standard_pullout
xanim,#ai_zombie_base_walk_au_v1
xanim,#ai_zombie_base_walk_au_v2
xanim,#ai_zombie_base_walk_au_v3
xanim,#ai_zombie_base_walk_au_v4
xanim,#ai_zombie_base_walk_au_v5
xanim,#ai_zombie_base_walk_au_v6
xanim,#ai_zombie_base_walk_au_v7
xanim,#ai_zombie_base_walk_au_v8
xanim,#vm_pistol_burst_crawl_out
xanim,#vm_zom_arm_melee_in
xanim,#vm_ar_stealth_jump
xanim,#pt_launcher_stand_melee
xanim,#hash_ad5485e392f1427a
xanim,#hash_2d5723100103ee82
xanim,#hash_ad57bc11a4735546
xanim,#pt_rifle_swim_raise_over
xanim,#vm_tr_midburst_idle
xanim,#vm_koshka_first_raise
xanim,#vm_grapple_gun_idle_additive_u
xanim,#vm_grapple_gun_idle_additive_r
xanim,#vm_grapple_gun_idle_additive_l
xanim,#vm_grapple_gun_idle_additive_d
xanim,#ai_zombie_base_walk_au_v2_pain_chest_f
xanim,#vm_pistol_burst_swim_uw_pullout
xanim,#vm_sniper_vanguard_ads_iron_sights_down
xanim,#vm_ar_k57_pullout
xanim,#vm_sniper_damagesemi_swim_pullout
xanim,#ai_t8_zm_zombie_base_stn_idle_react_l_04
xanim,#ai_t8_zm_zombie_base_stn_idle_react_l_05
xanim,#ai_t8_zm_zombie_base_stn_idle_react_l_01
xanim,#ai_t8_zm_zombie_base_stn_idle_react_l_02
xanim,#ai_t8_zm_zombie_base_stn_idle_react_l_03
xanim,#hash_ad9c0ee24f8f85a8
xanim,#hash_ada727aa8532d42a
xanim,#hash_ada75a3c213cadb6
xanim,#vm_molotov_ads_up
xanim,#vm_ar_fastfire_sprint_in
xanim,#vm_war_machine_pullout_quick
xanim,#vm_pistol_revolver_sprint_putaway
xanim,#hash_adbe5f7ef7b2554b
xanim,#ai_t8_zm_zombie_base_crawl_jump_down_256
xanim,#hash_add67e2d1f8fa99c
xanim,#vm_demo_hammer_swim_pullout
xanim,#hash_adf6a3205cebfd8b
xanim,#hash_adfb9d8471a64963
xanim,#vm_lmg_mk48_swim_uw_putaway
xanim,#vm_stop_sign_pullout_quick
xanim,#hash_ae0aee41157ff6f7
xanim,#hash_ae0af44115800129
xanim,#vm_molotov_throw
xanim,#hash_ae12164c3ac6f7b0
xanim,#ai_zombie_base_fast_sprint_01_pain_chest_f
xanim,#vm_mp9_putaway_quick
xanim,#hash_ae2bd8c8b6cb6ed4
xanim,#hash_ae33f8f1cdd209f2
xanim,#ai_zombie_base_sprint_turn_45_r_v2
xanim,#vm_ar_damage_idle
xanim,#ai_t8_zm_zombie_dog_pro_trv_mantle_up_240_dn_36
xanim,#vm_tr_midburst_swim_uw_pullout
xanim,#hash_ae43d49b13f6077d
xanim,#vm_pistol_burst_pullout
xanim,#vm_tr_midburst_sprint_putaway
xanim,#ai_zombie_base_run_turn_45_r_v2
xanim,#vm_tr_swordfish_jump_land
xanim,#vm_katana_sprint_loop
xanim,#vm_titan_ads_base_up
xanim,#hash_ae6b185ceaa4dcc8
xanim,#hash_2e71d079243d42bd
xanim,#hash_ae74609da3c36e68
xanim,#vm_ar_lever_action_inspect
xanim,#hash_ae7fcc01a3b7c6a0
xanim,#hash_ae8c391d134b565f
xanim,#vm_ar_fastfire_crawl_in
xanim,#hash_ae8fc62a38cf27ea
xanim,#vm_smg_capacity_hand_pose_r
xanim,#vm_smg_capacity_hand_pose_l
xanim,#hash_aea237c4ce342bcb
xanim,#hash_aea401cc0aa37ac2
xanim,#hash_aea790b4818219a8
xanim,#ai_t8_zm_mob_brutus_run_arrival_2
xanim,#hash_aeb0859d9003e493
xanim,#vm_lmg_heavy_sprint_putaway
xanim,#vm_raygun_first_raise
xanim,#hash_aec02d08e4212464
xanim,#vm_smg_fastfire_hand_pose_r
xanim,#vm_smg_fastfire_hand_pose_l
xanim,#hash_aed8e1de8074be94
xanim,#hash_aedd60ac5810b185
xanim,#hash_aedd62ac5810b4eb
xanim,#hash_aedd66ac5810bbb7
xanim,#hash_aedd72ac5810d01b
xanim,#pt_pistol_swim_reload
xanim,#vm_scorpion_crawl_out
xanim,#vm_zom_arm_melee_out
xanim,#vm_ar_lever_action_pullout_quick
xanim,#hash_af116fb08f76c05d
xanim,#vm_tr_damageburst_t8_putaway_quick
xanim,#vm_sniper_vanguard_pullout_quick
xanim,#hash_af2da6dee1bfa6d7
xanim,#hash_af2ed4f1317aa4d1
xanim,#vm_sniper_locus_t8_ads_scope_down
xanim,#hash_af52b2d77172b621
xanim,#hash_af55d26d2a0ec46e
xanim,#hash_af7e1ecd0009a704
xanim,#hash_af7e9937849d78b9
xanim,#hash_af8bc20d933e12c9
xanim,#vm_tr_power_semi_jump_land
xanim,#vm_sniper_power_semi_crawl_out
xanim,#hash_af95afa148fff404
xanim,#hash_af981bd40bf18727
xanim,#hash_aface99620a34c3f
xanim,#hash_afacf59620a360a3
xanim,#hash_afacf99620a3676f
xanim,#hash_afacff9620a371a1
xanim,#hash_afb2602e7335e1e7
xanim,#hash_afb90cd23b77037d
xanim,#vm_grapple_gun_idle_u_brawler
xanim,#vm_smg_minigun_ads_base_up
xanim,#hash_afc1e36b7cc7fc13
xanim,#hash_afc1e86b7cc80492
xanim,#hash_afc1e96b7cc80645
xanim,#vm_mp9_ads_base_up
xanim,#vm_sniper_locus_t8_idle
xanim,#vm_smg_fastburst_fire_ads
xanim,#ai_t8_zm_mob_brutus_sprint_jump_up_128
xanim,#vm_tr_power_semi_putaway
xanim,#hash_aff3c1f06aabc68c
xanim,#vm_ar_k57_crawl_f
xanim,#vm_ar_k57_crawl_b
xanim,#vm_ar_k57_crawl_l
xanim,#vm_ar_k57_crawl_r
xanim,#hash_aff7136b73e7ce31
xanim,#ai_t8_zm_mob_brutus_sprint_jump_up_160
xanim,#vm_sniper_fast_rechamber_swim_from_land
xanim,#hash_b002bdff36dfab16
xanim,#hash_b0031d6e02333cae
xanim,#hash_b014a12d127d2df9
xanim,#vm_pistol_burst_ads_base_down
xanim,#vm_action_figure_melee_miss
xanim,#hash_b01f9821a64d9f29
xanim,#vm_shotgun_semiauto_sprint_loop
xanim,#vm_ww_akud_crawl_l
xanim,#vm_ww_akud_crawl_f
xanim,#vm_ww_akud_crawl_b
xanim,#vm_ww_akud_crawl_r
xanim,#vm_annihilator_t8_sprint_pullout
xanim,#hash_b04926fb50e39a9e
xanim,#hash_b051b4c13bda95b8
xanim,#vm_ar_fastfire_putaway_quick
xanim,#vm_pistol_standard_sprint_in
xanim,#ai_zombie_smash_react_b_forwardtoface
xanim,#vm_ar_lever_action_sprint_in
xanim,#hash_b07841ad65ba4f25
xanim,#vm_ar_double_barrel_fire_intro
xanim,#vm_tr_midburst_jump_land
xanim,#vm_pistol_revolver_reload_in
xanim,#vm_smg_minigun_sprint_loop
xanim,#vm_frag_grenade_loop_additive
xanim,#vm_mp40_inspect
xanim,#vm_sniper_vanguard_crawl_out
xanim,#ai_zombie_base_run_au_v20_pain_chest_f
xanim,#pt_rifle_swim_reload_partial
xanim,#hash_b0b0feaec1aed85f
xanim,#vm_money_bag_t8_sprint_loop
xanim,#hash_b0b80cda45d92dfe
xanim,#vm_annihilator_t8_swim_uw_f
xanim,#vm_ww_blundergat_fall
xanim,#vm_koshka_swim_uw_pullout
xanim,#hash_b0e537002515739d
xanim,#vm_frag_grenade_loop_bare_hands_additive
xanim,#vm_ar_double_barrel_ads_base_down
xanim,#vm_pistol_burst_hand_pose_r
xanim,#vm_pistol_burst_hand_pose_l
xanim,#hash_b126873efcc0576c
xanim,#vm_zom_raygun_mk2_sprint_in
xanim,#hash_b13570687b47113f
xanim,#vm_zom_arm_sprint_putaway
xanim,#vm_lmg_mg08_putaway
xanim,#vm_basketball_sprint_pullout
xanim,#vm_shotgun_pump_crawl_b
xanim,#vm_shotgun_pump_crawl_f
xanim,#vm_shotgun_pump_crawl_l
xanim,#vm_shotgun_pump_crawl_r
xanim,#hash_b1411d752d76760a
xanim,#vm_purifier_t8_crawl_in
xanim,#vm_launcher_standard_t8_sprint_putaway
xanim,#hash_b14645f6a7642efb
xanim,#vm_tr_swordfish_swim_uw_putaway
xanim,#hash_b14da0d794489798
xanim,#hash_b14e5d0f64093940
xanim,#vm_ar_damage_reload_empty
xanim,#hash_b16cebb62ee09787
xanim,#void
xanim,#vm_purifier_t8_ads_base_down
xanim,#pb_pistol_prone_gunbutt_melee
xanim,#hash_b18979f1f27ae169
xanim,#hash_b190188c9d289eb1
xanim,#vm_hades_sprint_raise
xanim,#vm_special_crossbow_fire_ads
xanim,#vm_war_machine_swim_to_land
xanim,#hash_b1cb2b4fdda849bd
xanim,#vm_stop_sign_crawl_r
xanim,#vm_stop_sign_crawl_l
xanim,#vm_stop_sign_crawl_f
xanim,#vm_stop_sign_crawl_b
xanim,#hash_b1cff8b589dc8039
xanim,#vm_sniper_fast_rechamber_sprint_out
xanim,#hash_b1d764bdb7f58154
xanim,#vm_ar_galil_sprint_in
xanim,#hash_31ee4528e5196667
xanim,#vm_mp9_gunbutt_swipe
xanim,#vm_money_bag_t8_melee_in
xanim,#hash_b2113bfb7557ab24
xanim,#vm_mp9_inspect
xanim,#hash_3222b64de7249860
xanim,#hash_b23413c2a93109dc
xanim,#vm_shotgun_semiauto_pullout
xanim,#vm_war_machine_sprint_putaway
xanim,#vm_mp40_ads_base_up
xanim,#hash_3244507479e2a491
xanim,#vm_pistol_burst_jump
xanim,#hash_b25f8a519d8df657
xanim,#vm_ar_double_barrel_swim_uw_putaway
xanim,#vm_lmg_heavy_hand_pose_r
xanim,#vm_lmg_heavy_hand_pose_l
xanim,#hash_b27dda23c67f4c54
xanim,#hash_b282e0464b4b8fd2
xanim,#hash_b28a148f4280cc39
xanim,#hash_b28f56b6b41e9023
xanim,#vm_smg_capacity_fire
xanim,#vm_mp9_jump_land
xanim,#vm_smg_folding_gunbutt_swipe
xanim,#vm_ar_an94_t8_first_raise
xanim,#hash_b2aabb4e892c14ae
xanim,#vm_money_bag_t8_ads_base_down
xanim,#vm_smg_accurate_gunbutt_swipe
xanim,#ai_zombie_base_crawl_jump_up_36
xanim,#hash_b2be2f8dcd646316
xanim,#vm_smg_minigun_sprint_putaway
xanim,#vm_tr_midburst_inspect
xanim,#ai_zombie_base_crawl_jump_up_72
xanim,#vm_smg_fastburst_putaway_quick
xanim,#hash_b2cc2dd9a44fdbb8
xanim,#ai_zombie_base_crawl_jump_up_48
xanim,#vm_stop_sign_ads_base_up
xanim,#ai_zombie_base_crawl_jump_up_96
xanim,#vm_lmg_heavy_putaway
xanim,#hash_b2e8df5fbe4a434e
xanim,#vm_sniper_vanguard_pullout
xanim,#hash_b30651961f98c439
xanim,#vm_shotgun_semiauto_pullout_quick
xanim,#vm_sniper_vanguard_jump_land
xanim,#hash_b333bcd7518eb4d7
xanim,#ai_zombie_smash_react_f_doublebounce
xanim,#vm_launcher_standard_t8_putaway
xanim,#vm_tr_swordfish_fire_ads_intro
xanim,#vm_purifier_t8_pullout
xanim,#hash_b35664b1d849bec5
xanim,#vm_slaybell_melee_in
xanim,#hash_b359fbf8df5d85df
xanim,#vm_mp40_hand_pose_l
xanim,#vm_mp40_hand_pose_r
xanim,#hash_b367647d214870a1
xanim,#pt_pistol_burst_stand_reload
xanim,#hash_b372471e077d033c
xanim,#hash_b37907ba4058d049
xanim,#ai_t8_zm_zombie_dog_pro_trv_mantle_up_36_dn_80
xanim,#vm_money_bag_t8_crawl_out
xanim,#hash_b382d55f4b704d79
xanim,#hash_b3a43f3c97f45b7b
xanim,#hash_33a7554f7e4e3dff
xanim,#hash_b3b371ef9d19db54
xanim,#hash_b3b57470b663e1a7
xanim,#vm_smg_accurate_fire_intro_ads
xanim,#vm_smg_fastfire_putaway
xanim,#ai_t8_zm_zombie_base_walk_react_r_05
xanim,#ai_t8_zm_zombie_base_walk_react_r_04
xanim,#ai_t8_zm_zombie_base_walk_react_r_01
xanim,#ai_t8_zm_zombie_base_walk_react_r_03
xanim,#ai_t8_zm_zombie_base_walk_react_r_02
xanim,#ai_zombie_smash_react_getup_a
xanim,#ai_zombie_smash_react_getup_b
xanim,#hash_b3d0272969a59a0b
xanim,#hash_b3dc0ac8302a4d27
xanim,#hash_b3de1b4cf4a2a918
xanim,#hash_b3df6f76bb38a5cc
xanim,#pt_pistol_burst_stand_reload_partial
xanim,#vm_sniper_damagesemi_sprint_loop
xanim,#pb_rifle_stand_gunbutt_melee
xanim,#vm_action_figure_sprint_putaway
xanim,#hash_b3ef61e1263e5484
xanim,#vm_tr_damageburst_t8_sprint_putaway
xanim,#vm_tr_midburst_ads_up
xanim,#vm_launcher_standard_t8_sprint_loop
xanim,#hash_b43091338471f868
xanim,#hash_b433143072b93274
xanim,#hash_b4384422be770714
xanim,#vm_tr_midburst_sprint_loop
xanim,#hash_b44493fba6661751
xanim,#hash_b45fd57ffad18d8d
xanim,#hash_b466115b8cb6f0e5
xanim,#vm_locus_fall
xanim,#hash_b4776245e293971c
xanim,#vm_shotgun_pump_rechamber_ads
xanim,#pt_rifle_crouch_shoot
xanim,#hash_b4996510a06d262f
xanim,#hash_b49de95aed10d030
xanim,#hash_b4ad3ba04ce9b270
xanim,#hash_b4b3bd1c6797fdfd
xanim,#vm_sniper_fast_rechamber_pullout_quick
xanim,#vm_bowie_knife_t8_ads_base_down
xanim,#vm_ar_k57_hand_pose_l
xanim,#vm_ar_k57_hand_pose_r
xanim,#vm_argus_t8_reload_empty
xanim,#hash_b4e1aae7dc24caa2
xanim,#vm_zom_raygun_mk2_jump
xanim,#vm_ar_fastfire_walk_f
xanim,#vm_annihilator_t8_jump
xanim,#vm_slaybell_melee_out
xanim,#vm_purifier_t8_sprint_pullout
xanim,#hash_b5463478510d09d7
xanim,#vm_ar_double_barrel_crawl_r
xanim,#vm_ar_double_barrel_crawl_l
xanim,#vm_ar_double_barrel_crawl_b
xanim,#vm_ar_double_barrel_crawl_f
xanim,#hash_b54b33ed3a9abd8a
xanim,#vm_ar_k57_reload_empty
xanim,#hash_b55d9f3cb455d290
xanim,#vm_smg_fastfire_fire
xanim,#vm_smg_fastburst_sprint_pullout
xanim,#hash_b573935ce4eb6dcb
xanim,#vm_smg_capacity_pullout
xanim,#hash_b58bcb37e24bbad6
xanim,#vm_smg_folding_fire
xanim,#hash_b59a8a40b0e4a287
xanim,#hash_b59e5b56c63357b0
xanim,#vm_launcher_standard_t8_reload_empty
xanim,#vm_shotgun_full_auto_first_raise
xanim,#ai_zombie_base_run_ad_v12_pain_chest_f
xanim,#vm_slaybell_crawl_in
xanim,#hash_b5ae4d67476b1c99
xanim,#vm_zom_raygun_mk2_jump_fall
xanim,#hash_b5b06d96e142f408
xanim,#hash_b5b0e3f04f530454
xanim,#vm_ar_standard_putaway
xanim,#hash_b5b555cbff4ad63e
xanim,#vm_ar_galil_fire_ads
xanim,#hash_b5cc43000ff36786
xanim,#hash_b5cc53000ff382b6
xanim,#hash_b5cc57000ff38982
xanim,#hash_b5cc5d000ff393b4
xanim,#hash_b5d85dc306f57b0b
xanim,#vm_ar_standard_swim_uw_pullout
xanim,#hash_b5eecc5abb811c91
xanim,#hash_b5f314f7380f56ef
xanim,#vm_snowball_throw_bare_hands_additive
xanim,#vm_ar_double_barrel_hand_pose_l
xanim,#vm_ar_double_barrel_hand_pose_r
xanim,#hash_b6101c4b355a9760
xanim,#hash_b612a83c224bc723
xanim,#hash_b61501d786f46299
xanim,#hash_b62fdb4b4a3f0d5b
xanim,#vm_sniper_fast_rechamber_pullout
xanim,#vm_ar_double_barrel_reload_fast
xanim,#hash_b65cb9354d9ffaf4
xanim,#hash_365ebeb986c0eb93
xanim,#hash_36624eb986c4161a
xanim,#pt_knife_prone_raise
xanim,#vm_grapple_gun_idle_d_generic
xanim,#hash_366c52b986cc716b
xanim,#hash_366cb29920f403a4
xanim,#hash_b68048321c7cca09
xanim,#hash_368e52b986e957d1
xanim,#hash_b68edca50489f10d
xanim,#hash_b6972bba80cc48d8
xanim,#hash_b69c2b99a1fcd723
xanim,#ai_t8_zm_avogadro_exit
xanim,#vm_ar_damage_first_raise
xanim,#vm_sniper_fast_rechamber_crawl_out
xanim,#hash_b6a9b22dfc3a44a1
xanim,#vm_pistol_auto_gunbutt_swipe
xanim,#vm_tr_midburst_swim_from_land
xanim,#hash_b6ae1202384e5b70
xanim,#vm_pistol_revolver_lastshot_ads
xanim,#vm_lmg_mg08_fire_ads_intro
xanim,#vm_ar_damage_sprint_loop
xanim,#hash_b6cadb1b2afd2c93
xanim,#ai_zombie_base_sprint_turn_90_l_v2
xanim,#vm_tr_midburst_swim_uw_putaway
xanim,#vm_zom_monkey_bomb_throw
xanim,#vm_ar_k57_sprint_in
xanim,#vm_katana_jump
xanim,#vm_raygun_swim_uw_putaway
xanim,#hash_b6d9f8bf3cae0012
xanim,#vm_shotgun_pump_putaway_quick
xanim,#vm_koshka_sprint_putaway
xanim,#vm_tr_swordfish_sprint_putaway
xanim,#hash_b710f913230e4dc0
xanim,#hash_b71bc8615f134c32
xanim,#vm_stop_sign_sprint_in
xanim,#vm_argus_t8_fire
xanim,#pt_bow_stand_melee
xanim,#hash_b74f83beb933376e
xanim,#vm_molotov_pullpin_loop
xanim,#vm_hades_gunbutt_swipe
xanim,#vm_grapple_gun_pullout_fast
xanim,#vm_titan_first_raise
xanim,#hash_b77c11714c48e694
xanim,#vm_hades_crawl_out
xanim,#hash_37875d7751b6a874
xanim,#vm_tr_power_semi_fall
xanim,#hash_b78fe75b9b896b44
xanim,#vm_sniper_vanguard_crawl_in
xanim,#hash_b7be77cb1608870c
xanim,#vm_hades_reload_empty
xanim,#pt_sniper_quickscope_prone_reload_partial
xanim,#hash_b7e0ee068a48b6f6
xanim,#hash_b7f0b7fcaba56777
xanim,#vm_sniper_mini14_lastshot_ads
xanim,#hash_b7f56e36ed9a30f1
xanim,#hash_b7ff863c79454d6e
xanim,#hash_b801b622c3d7596a
xanim,#hash_b801b822c3d75cd0
xanim,#hash_38353c49e7715300
xanim,#hash_b8575747507b2120
xanim,#ai_zombie_base_dog_run_turn_180_left
xanim,#vm_annihilator_t8_fire_ads
xanim,#hash_b87bf3645dbd751f
xanim,#hash_b88845a144893dea
xanim,#vm_pistol_revolver_fire_ads
xanim,#vm_smg_fastfire_reload_empty_quick
xanim,#hash_b8a39fdd47eb496f
xanim,#vm_ww_freezegun_fire
xanim,#vm_smg_accurate_idle
xanim,#hash_38ab5d75887ea6da
xanim,#hash_b8ad92fcfb036a72
xanim,#vm_sniper_locus_t8_fire
xanim,#hash_38c36a32df833bb1
xanim,#vm_raygun_putaway
xanim,#pt_pistol_prone_inspect
xanim,#vm_slaybell_fall
xanim,#vm_pistol_burst_crawl_l
xanim,#vm_pistol_burst_crawl_b
xanim,#vm_pistol_burst_crawl_f
xanim,#vm_pistol_burst_crawl_r
xanim,#vm_grapple_gun_idle_l_generic_additive
xanim,#vm_tr_swordfish_reload_empty_am
xanim,#pt_crouch_shoot_pistol
xanim,#ai_zombie_base_walk_turn_90_l_v2
xanim,#vm_sniper_vanguard_sprint_pullout
xanim,#vm_lmg_mg08_sprint_loop
xanim,#vm_ar_double_barrel_inspect
xanim,#hash_b942cd63102a8453
xanim,#vm_war_machine_idle
xanim,#hash_b94b8c0ab6071c5a
xanim,#ai_zombie_base_death_v1
xanim,#pt_annihilator_prone_fire
xanim,#hash_b967edce7cea0d7c
xanim,#hash_b96a412af460d031
xanim,#vm_scorpion_pullout
xanim,#vm_ar_damage_ads_base_up
xanim,#vm_smg_capacity_crawl_out
xanim,#hash_b98d831f43676571
xanim,#vm_titan_fire
xanim,#hash_b9902bdc530691d6
xanim,#hash_b994b799cdd6958a
xanim,#vm_pistol_auto_ads_base_up
xanim,#vm_ar_k57_sprint_pullout
xanim,#ai_zombie_base_walk_ad_v5_pain_chest_f
xanim,#hash_b9ad4a1c5fde1810
xanim,#hash_39bc3a3e6e5b8e79
xanim,#vm_sniper_locus_t8_putaway
xanim,#vm_ar_galil_fall
xanim,#hash_b9e8a6cfa55e6793
xanim,#hash_b9e9d654ffcf9a49
xanim,#hash_ba0023020fdb8c55
xanim,#vm_ar_fastfire_sprint_pullout
xanim,#hash_ba23809676962808
xanim,#hash_ba2556b795757bfa
xanim,#vm_shotgun_semiauto_swim_uw_putaway
xanim,#hash_ba30253be8f2aaba
xanim,#vm_special_crossbow_sprint_putaway
xanim,#vm_zom_arm_inspect
xanim,#ai_zombie_base_win_attack_arm_l_out
xanim,#pt_rifle_crouch_raise
xanim,#hash_ba3b3a76ceda2cdf
xanim,#hash_ba449b830a98fad1
xanim,#hash_ba5a00c1b053e775
xanim,#hash_ba63b2986c9b8353
xanim,#vm_sniper_damagesemi_crawl_r
xanim,#vm_sniper_damagesemi_crawl_l
xanim,#vm_sniper_damagesemi_crawl_f
xanim,#vm_sniper_damagesemi_crawl_b
xanim,#hash_ba86e2b21b9082ae
xanim,#vm_ww_blundergat_pullout_quick
xanim,#hash_ba9bd929afe65c8a
xanim,#vm_money_bag_t8_idle
xanim,#vm_smg_handling_idle
xanim,#vm_lmg_mk48_hand_pose_l
xanim,#vm_lmg_mk48_hand_pose_r
xanim,#pt_launcher_prone_reload_empty
xanim,#vm_pistol_auto_fire
xanim,#vm_purifier_t8_crawl_l
xanim,#vm_purifier_t8_crawl_f
xanim,#vm_purifier_t8_crawl_b
xanim,#vm_purifier_t8_crawl_r
xanim,#hash_bad53ce4990249ca
xanim,#vm_mp9_putaway
xanim,#hash_bb0cc5164809dfa1
xanim,#vm_pistol_standard_reload_empty
xanim,#vm_smg_accurate_putaway
xanim,#vm_mp9_sprint_pullout
xanim,#vm_raygun_walk_f
xanim,#vm_ar_accurate_crawl_out
xanim,#vm_frag_grenade_loop
xanim,#hash_bb2a01d2c6e71f5a
xanim,#vm_purifier_t8_walk_f
xanim,#vm_zom_arm_sprint_pullout
xanim,#hash_bb48d6842e36193b
xanim,#hash_bb5f0df59526750d
xanim,#vm_tr_power_semi_fire_ads
xanim,#vm_ar_an94_t8_pullout_quick
xanim,#vm_ar_an94_t8_pullout
xanim,#ai_t8_zm_mob_brutus_attack_03
xanim,#ai_t8_zm_mob_brutus_attack_02
xanim,#ai_t8_zm_mob_brutus_attack_01
xanim,#hash_bb9cc813874df7cc
xanim,#hash_3ba2a89d0725697b
xanim,#hash_bba31ffc68a1bd1e
xanim,#hash_3bb0389d0730e887
xanim,#hash_bbbbbf91b0928dee
xanim,#hash_3bcabaa193ccd026
xanim,#hash_bbcb015167179b51
xanim,#vm_smg_vmp_t8_pullout_quick
xanim,#hash_bbe8b272a9e7c07d
xanim,#vm_spork_crawl_in
xanim,#vm_ar_peacekeeper_t8_sprint_out
xanim,#pt_pistol_prone_raise
xanim,#hash_bc19a8f8188f2c05
xanim,#vm_pistol_revolver_jump
xanim,#hash_bc26fbbe9ae5fd7e
xanim,#hash_bc27915dd942bef1
xanim,#vm_annihilator_t8_swim_uw_pullout
xanim,#hash_bc3a72b59f06b1cb
xanim,#vm_ar_stealth_walk_f
xanim,#hash_bc49932c579dc18b
xanim,#vm_tactical_throw_quick
xanim,#vm_polynesian_club_t8_sprint_out
xanim,#vm_hades_swim_uw_pullout
xanim,#pt_launcher_stand_putaway
xanim,#hash_bc6f8e3bba7645aa
xanim,#vm_smg_folding_fire_intro
xanim,#hash_bc9116a9d09fd632
xanim,#hash_bc9128a9d09ff4c8
xanim,#hash_bc95f9ec54ea716b
xanim,#hash_bc97074748aec4e3
xanim,#vm_smg_fastburst_fire
xanim,#vm_sniper_locus_t8_sprint_loop
xanim,#vm_zom_arm_crawl_out
xanim,#hash_bcace236cf150f92
xanim,#vm_zom_arm_walk_f
xanim,#vm_ar_peacekeeper_t8_fire
xanim,#hash_bccad51022419516
xanim,#ai_zombie_base_crawl_death_v1
xanim,#vm_smg_fastburst_pullout
xanim,#vm_spork_sprint_in
xanim,#hash_bcd0c9506b301778
xanim,#vm_shotgun_full_auto_sprint_in
xanim,#hash_bcdc608d8282bcda
xanim,#vm_ar_galil_ads_base_down
xanim,#vm_demo_hammer_ads_base_up
xanim,#hash_bcf53104224a6b2e
xanim,#vm_smg_fastfire_sprint_putaway
xanim,#vm_titan_sprint_raise
xanim,#vm_ar_damage_putaway_sprint
xanim,#hash_bd0ffcfb15c5fa05
xanim,#vm_sniper_vanguard_swim_uw_putaway
xanim,#vm_smg_fastburst_reload_empty
xanim,#vm_smg_capacity_swim_from_land
xanim,#hash_bd2759676e782d58
xanim,#vm_grapple_gun_idle
xanim,#hash_bd327510ce30445b
xanim,#hash_bd4a814c8dd95c03
xanim,#hash_bd4f085aadb95b52
xanim,#hash_3d539bfbaf5013cc
xanim,#vm_ww_blundergat_gunbutt_swipe
xanim,#vm_zom_arm_sprint_out
xanim,#vm_hades_crawl_r
xanim,#vm_hades_crawl_b
xanim,#vm_hades_crawl_f
xanim,#vm_hades_crawl_l
xanim,#hash_bd74f2c73a6eb5b4
xanim,#hash_bd845068c053113d
xanim,#hash_bd88026964c94600
xanim,#ai_zombie_base_dog_death_hit_right
xanim,#vm_frag_idle
xanim,#vm_tr_flechette_hand_pose_l
xanim,#vm_tr_flechette_hand_pose_r
xanim,#hash_bdbe245644f3bbc6
xanim,#hash_bdbffc0308961b7b
xanim,#hash_bdf04342b029c359
xanim,#pt_knife_crouch_raise
xanim,#vm_grapple_gun_fire_fail_brawler_additive
xanim,#hash_be056aca8b7bfc77
xanim,#vm_smg_thompson_jump_land
xanim,#ai_t8_zm_zombie_base_stn_despawn_02
xanim,#hash_be1b355c2ceccb26
xanim,#hash_be1b4f5c2cecf754
xanim,#vm_zom_raygun_mk2_gunbutt_swipe
xanim,#vm_shotgun_full_auto_sprint_loop
xanim,#vm_mp9_reload_empty
xanim,#vm_ar_an94_t8_hand_pose_l
xanim,#vm_ar_an94_t8_hand_pose_r
xanim,#vm_demo_hammer_melee_out
xanim,#hash_be3b9bc8cc1c6549
xanim,#hash_be3f293282b431e3
xanim,#hash_be4d0027d3d8904b
xanim,#vm_ar_an94_t8_fire_ads
xanim,#vm_mp9_reload
xanim,#hash_be61a749cc96aa7b
xanim,#vm_zom_arm_jump_land
xanim,#hash_be72463f87828d03
xanim,#vm_smg_fastburst_crawl_b
xanim,#vm_smg_fastburst_crawl_f
xanim,#vm_smg_fastburst_crawl_l
xanim,#vm_smg_fastburst_crawl_r
xanim,#vm_sniper_fast_rechamber_putaway_quick
xanim,#hash_be88dc61ae154060
xanim,#hash_be8960ff961a6b73
xanim,#hash_be8962ff961a6ed9
xanim,#vm_smg_folding_putaway_quick
xanim,#hash_be92856ba2350ca3
xanim,#pt_rifle_prone_concussed_loop
xanim,#vm_smg_accurate_sprint_loop
xanim,#hash_bea24b69962e7a93
xanim,#hash_beb04e7f7cb8c562
xanim,#hash_beb0dc087a62f7eb
xanim,#hash_beb3861736a8b4df
xanim,#vm_shotgun_full_auto_sprint_pullout
xanim,#vm_sniper_locus_t8_sprint_pullout
xanim,#vm_purifier_t8_jump
xanim,#vm_raygun_ads_base_up
xanim,#vm_ar_stealth_ads_base_down
xanim,#vm_ar_stealth_sprint_out
xanim,#vm_shotgun_full_auto_ads_base_up
xanim,#vm_tr_swordfish_jump
xanim,#hash_bf1c7e786d6a78e4
xanim,#hash_bf27521f923e4649
xanim,#ai_zombie_base_run_au_v22_pain_chest_f
xanim,#pt_grenade_prone_prime
xanim,#hash_bf30b3114f2fa984
xanim,#ai_t8_zm_zombie_base_run_mantle_up_80_dn_36
xanim,#vm_smg_handling_idle_swim
xanim,#vm_ar_stealth_crawl_out
xanim,#hash_bf410f9d666b69a2
xanim,#vm_argus_t8_putaway_quick
xanim,#vm_slaybell_sprint_in
xanim,#vm_mp40_fire_ads_intro
xanim,#vm_war_machine_swim_uw_putaway
xanim,#hash_bf60c1c63e88e4b6
xanim,#pt_pistol_stand_firstraise
xanim,#hash_bf661ded43e5ea67
xanim,#hash_bf6e081fc8fd87bb
xanim,#hash_bf7100bcd3acadf0
xanim,#hash_bf759e517e0140e8
xanim,#hash_bf75c15aa6fa3fcc
xanim,#vm_zom_arm_crawl_l
xanim,#vm_zom_arm_crawl_f
xanim,#vm_zom_arm_crawl_b
xanim,#vm_zom_arm_crawl_r
xanim,#vm_ar_k57_fire_intro_ads
xanim,#vm_action_figure_fall
xanim,#vm_zom_raygun_mk2_putaway
xanim,#vm_polynesian_club_t8_swim_pullout
xanim,#hash_bf98a5c7d9930100
xanim,#vm_ar_peacekeeper_t8_pullout_quick
xanim,#hash_3fc0be40f7644c1e
xanim,#vm_annihilator_t8_sprint_putaway
xanim,#vm_sniper_mini14_fall
xanim,#vm_slaybell_jump_land
xanim,#hash_bfd107d9695d93f2
xanim,#vm_grapple_gun_fire_loop_brawler_additive
xanim,#vm_koshka_reload
xanim,#hash_bfe911ae24408e44
xanim,#hash_bffd73dbd4c9cacd
xanim,#hash_c00260adfdd17c06
xanim,#hash_c015427ee3bca981
xanim,#vm_money_bag_t8_melee_miss
xanim,#hash_c024801561b75319
xanim,#hash_c02828edbe022b5b
xanim,#vm_stop_sign_pullout
xanim,#vm_purifier_t8_fall
xanim,#vm_tr_swordfish_fire_intro
xanim,#vm_ar_k57_reload
xanim,#hash_c0651f898858be62
xanim,#ai_zombie_base_dog_idle
xanim,#hash_c08c997e86bf8687
xanim,#hash_c091cbefb8bc56c1
xanim,#hash_c095a7c3747e4f7e
xanim,#vm_ar_fastfire_gunbutt_swipe
xanim,#vm_ar_peacekeeper_t8_crawl_in
xanim,#hash_c0a5e08354801248
xanim,#vm_ar_fastfire_fire
xanim,#vm_tr_damageburst_t8_fire
xanim,#ai_zombie_base_sprint_ad_v2_pain_chest_f
xanim,#hash_c0c5c04d30f7e3f1
xanim,#hash_c0c97f3780b76466
xanim,#hash_c0e898dee77b75e6
xanim,#ai_zombie_base_sprint_au_v20_pain_chest_f
xanim,#vm_war_machine_fire
xanim,#vm_hades_walk_f
xanim,#vm_ar_peacekeeper_t8_reload_empty
xanim,#vm_ar_k57_putaway_quick
xanim,#hash_c11e316b68d817aa
xanim,#hash_4130e6367af159bb
xanim,#vm_smg_thompson_fall
xanim,#vm_smg_minigun_idle
xanim,#hash_c14a966b0e37daed
xanim,#hash_c14b1968b318b5ca
xanim,#vm_shotgun_semiauto_idle
xanim,#vm_pistol_auto_idle
xanim,#hash_c16eede6c09d0e2c
xanim,#hash_c17be02a42bcb551
xanim,#ai_t8_zm_mob_brutus_sprint_mantle_128
xanim,#vm_sniper_vanguard_jump
xanim,#vm_grapple_gun_fire_additive
xanim,#vm_ar_standard_sprint_out
xanim,#ai_zombie_base_dog_run_turn_90_right
xanim,#vm_launcher_standard_t8_crawl_in
xanim,#vm_ar_stealth_sprint_putaway
xanim,#pt_launcher_prone_putaway
xanim,#vm_hades_inspect
xanim,#vm_ar_accurate_swim_uw_putaway
xanim,#ai_zombie_base_walk_turn_135_l_v3
xanim,#hash_c1c1e2d2f0e4a7ef
xanim,#vm_lmg_heavy_gunbutt_swipe
xanim,#hash_c1c73140c0f59df2
xanim,#ai_t8_zm_zombie_base_walk_mantle_over_128
xanim,#vm_smg_vmp_t8_sprint_in
xanim,#vm_raygun_swim_uw_pullout
xanim,#vm_ar_peacekeeper_t8_putaway
xanim,#hash_c1f9278ebab293e1
xanim,#vm_tr_swordfish_inspect
xanim,#vm_smg_folding_reload_empty
xanim,#vm_ar_an94_t8_fire_ads_last
xanim,#vm_ar_standard_fire_intro
xanim,#hash_c20dc29f590898c4
xanim,#hash_c21cc25e1ebff04e
xanim,#hash_c21fdf50c068c7fc
xanim,#vm_titan_crawl_r
xanim,#vm_titan_crawl_b
xanim,#vm_titan_crawl_f
xanim,#vm_titan_crawl_l
xanim,#vm_demo_hammer_sprint_putaway
xanim,#vm_mp40_pullout_quick
xanim,#hash_c24f2aa2386d7bb7
xanim,#hash_c251c09c9fa743cb
xanim,#hash_425298766e1fb0cb
xanim,#vm_pistol_revolver_swim_uw_putaway
xanim,#vm_ww_blundergat_sprint_in
xanim,#vm_lmg_mk48_fire_intro
xanim,#hash_c260e01538c19a60
xanim,#hash_c2612abf42e7aa3b
xanim,#vm_spork_crawl_out
xanim,#vm_sniper_locus_t8_reload_empty
xanim,#hash_c29f905b9c6073ee
xanim,#vm_ar_lever_action_reload_empty
xanim,#hash_c2cf64ac43bead42
xanim,#vm_mp9_jump
xanim,#vm_tr_flechette_swim_uw_putaway
xanim,#hash_c2efb382df8f043e
xanim,#ai_zombie_base_walk_au_v13_pain_chest_f
xanim,#hash_c3051c363246b914
xanim,#vm_smg_minigun_inspect
xanim,#vm_tr_swordfish_walk_f
xanim,#vm_mp40_sprint_pullout
xanim,#hash_c328ee43c8795c44
xanim,#hash_c32c93c8759be100
xanim,#hash_c335da4ecd8b5808
xanim,#hash_c33b7d8d773b67aa
xanim,#vm_ar_damage_inspect
xanim,#hash_c34db93c15f82d38
xanim,#vm_ww_akud_sprint_putaway
xanim,#vm_pistol_standard_swim_from_land
xanim,#vm_ar_stealth_hand_pose_r
xanim,#vm_ar_stealth_hand_pose_l
xanim,#vm_snowball_pullpin_additive
xanim,#hash_c3606f8bf6deb70a
xanim,#hash_c362b959efa71d0c
xanim,#vm_launcher_standard_t8_crawl_out
xanim,#hash_c3692732922266bc
xanim,#hash_c36b3b2793a25d46
xanim,#hash_c36f3354b907d391
xanim,#hash_c374667a1341a2b5
xanim,#hash_c3776fee8602478e
xanim,#ai_t8_zm_zombie_base_walk_jump_up_128
xanim,#hash_c388e66bc4adf2da
xanim,#hash_c38fc7216aba2de9
xanim,#ai_t8_zm_zombie_base_walk_mantle_up_36_dn_80
xanim,#ai_zombie_base_walk_au_v21_pain_chest_f
xanim,#hash_c39f9b7e64bd7827
xanim,#vm_pistol_burst_sprint_out
xanim,#vm_smg_fastfire_first_raise
xanim,#hash_c3d733e799fd8fc5
xanim,#hash_43e9ac66dfc209f4
xanim,#hash_c3ef07a1bd68dd9e
xanim,#vm_katana_sprint_putaway
xanim,#ai_t8_zm_mob_brutus_death
xanim,#vm_stop_sign_putaway
xanim,#vm_bowie_knife_t8_ads_base_up
xanim,#hash_c423813c27b4bf08
xanim,#vm_smg_fastfire_ads_base_down
xanim,#hash_c438ae27f392801e
xanim,#vm_shotgun_semiauto_swim_uw_pullout
xanim,#hash_c4446aa766a8b10b
xanim,#vm_zom_monkey_bomb_pullpin
xanim,#hash_c44987fc7ca01f72
xanim,#vm_money_bag_t8_putaway
xanim,#hash_4452091481bcdd1d
xanim,#vm_money_bag_t8_sprint_putaway
xanim,#hash_c459030c8c6b52c8
xanim,#vm_tr_swordfish_crawl_l
xanim,#vm_tr_swordfish_crawl_f
xanim,#vm_tr_swordfish_crawl_b
xanim,#vm_tr_swordfish_crawl_r
xanim,#hash_c47180cdd98b001b
xanim,#vm_ar_an94_t8_crawl_in
xanim,#hash_c4824240bc7b0c60
xanim,#vm_shotgun_full_auto_idle
xanim,#vm_bowie_knife_t8_sprint_in
xanim,#vm_sniper_mini14_reload
xanim,#vm_ar_stealth_swim_uw_putaway
xanim,#hash_c496167fa0d35570
xanim,#vm_pistol_auto_sprint_putaway
xanim,#vm_sniper_mini14_sprint_out
xanim,#hash_c4a880e55f8d7feb
xanim,#hash_c4aec554ca394367
xanim,#hash_c4b0b39857830b29
xanim,#vm_ar_an94_t8_inspect
xanim,#vm_sniper_vanguard_reload
xanim,#ai_t8_zm_mob_brutus_stun_loop
xanim,#vm_sniper_damagesemi_ads_is_up
xanim,#vm_ar_fastfire_reload
xanim,#vm_tr_swordfish_pullout
xanim,#vm_ww_freezegun_sprint_loop
xanim,#ai_zombie_base_dog_run_attack
xanim,#vm_38_special_jump_land
xanim,#vm_titan_sprint_out
xanim,#hash_c4eea6e2dff588d4
xanim,#vm_ar_k57_fire_last
xanim,#ai_t8_zm_mob_brutus_ground_slam
xanim,#hash_c4ff4a3463e83851
xanim,#vm_ar_k57_sprint_out
xanim,#vm_sniper_fast_rechamber_walk_f
xanim,#vm_sniper_power_semi_swim_uw_putaway
xanim,#vm_hades_putaway_quick
xanim,#vm_tr_midburst_walk_f
xanim,#hash_c5349fd5cf156883
xanim,#ai_t8_zm_zombie_base_run_mantle_up_36_dn_80
xanim,#vm_smg_folding_idle
xanim,#vm_scorpion_putaway_quick
xanim,#vm_sniper_fast_rechamber_jump
xanim,#hash_c55726637991084f
xanim,#vm_sniper_damagesemi_reload_out
xanim,#vm_pistol_standard_sprint_pullout
xanim,#hash_c55d4c5413bd2d6b
xanim,#ai_zombie_base_run_turn_135_l_v2
xanim,#vm_annihilator_t8_fire
xanim,#ai_zombie_base_run_au_v2_pain_chest_f
xanim,#hash_c5718148e6349e64
xanim,#vm_sniper_power_semi_gunbutt_swipe
xanim,#hash_c5843b83de5cb4e8
xanim,#vm_mp9_crawl_r
xanim,#vm_mp9_crawl_f
xanim,#vm_mp9_crawl_b
xanim,#vm_mp9_crawl_l
xanim,#hash_c59a24a08aa896d9
xanim,#vm_lmg_mk48_putaway_quick
xanim,#vm_mp40_idle_empty
xanim,#vm_tr_damageburst_t8_sprint_loop
xanim,#hash_c5acb044a54334dc
xanim,#hash_c5ad2200e4075a21
xanim,#hash_c5b4c5bd1bc6d649
xanim,#vm_war_machine_swim_uw_f
xanim,#vm_ar_an94_t8_gunbutt_swipe
xanim,#vm_tr_midburst_swim_to_land
xanim,#hash_c5dd0154378ab4fe
xanim,#hash_c5ecf3767ea7c8c5
xanim,#vm_ar_standard_sprint_loop
xanim,#vm_ar_stealth_fire_ads
xanim,#vm_homunculus_ads_base_down
xanim,#vm_locus_jump
xanim,#vm_smg_handling_sprint_out
xanim,#hash_c60abb71d584e2fc
xanim,#ai_t8_zm_zombie_base_walk_mantle_up_240_dn_36
xanim,#hash_c60db150c017c61e
xanim,#hash_c61347dc0de7858f
xanim,#vm_ar_lever_action_pullout
xanim,#vm_scorpion_sprint_raise
xanim,#vm_ar_lever_action_swim_uw_pullout
xanim,#hash_c641b1ab93d019f0
xanim,#vm_ar_lever_action_walk_f
xanim,#hash_c6673d87f914e5d5
xanim,#hash_c66801bfdf4594c1
xanim,#hash_c668ca3cc3713523
xanim,#hash_c66a9d5dfb841d42
xanim,#vm_tr_flechette_first_raise
xanim,#vm_smg_handling_sprint_in
xanim,#pt_rifle_prone_melee_gunbutt
xanim,#vm_sniper_vanguard_rechamber_ads
xanim,#hash_c68279869cca9160
xanim,#hash_c683c2df202b9f16
xanim,#hash_c689b44ec723cbdb
xanim,#vm_smg_minigun_reload_empty
xanim,#hash_c698ee6beb5a2cc7
xanim,#hash_c69acc056770cd96
xanim,#vm_ar_standard_first_raise
xanim,#hash_c6aaf41e5136647a
xanim,#vm_frag_grenade_pullpin
xanim,#hash_c6ac87ce94197115
xanim,#hash_c6ad28cb52e5e618
xanim,#vm_tr_damageburst_t8_idle
xanim,#hash_c6cad5fcef7eec8d
xanim,#vm_demo_hammer_swim_putaway
xanim,#vm_pistol_standard_swim_uw_pullout
xanim,#hash_c6d2cad88b2c9b4f
xanim,#vm_shotgun_full_auto_reload
xanim,#vm_basketball_sprint_loop
xanim,#vm_annihilator_t8_walk_f
xanim,#vm_sniper_power_semi_sprint_putaway
xanim,#vm_smg_vmp_t8_putaway_quick
xanim,#vm_ar_stealth_sprint_in
xanim,#vm_argus_t8_hand_pose_l
xanim,#vm_argus_t8_hand_pose_r
xanim,#hash_c7449765b1d8ebe4
xanim,#hash_c745561c3587a0e9
xanim,#vm_polynesian_club_t8_crawl_in
xanim,#vm_sniper_fast_rechamber_ads_ironsights_down
xanim,#vm_shotgun_pump_sprint_loop
xanim,#vm_money_bag_t8_ads_base_up
xanim,#hash_c7533a7c687fcfa5
xanim,#vm_pistol_burst_gunbutt_swipe
xanim,#ai_zombie_smash_react_r_jackiespinleft
xanim,#hash_475e26db88690efb
xanim,#hash_c761a123c1e0e53a
xanim,#ai_zombie_base_run_turn_180_l_v2
xanim,#ai_zombie_base_run_au_v24_pain_chest_f
xanim,#hash_c781e72cf2f5643e
xanim,#hash_c7935691bfccc2c3
xanim,#hash_c794941bde742810
xanim,#hash_47ad26d8694903db
xanim,#hash_c7bcd2186acf6479
xanim,#hash_c7c1c09ef9b61ffa
xanim,#vm_ar_an94_t8_fire
xanim,#pt_hold_swim_throw
xanim,#hash_47d0869838fd0f91
xanim,#hash_c7d30c701a3ae08b
xanim,#vm_demo_hammer_sprint_pullout
xanim,#hash_c7e39a3887f6aca7
xanim,#vm_ar_fastfire_fire_intro
xanim,#vm_action_figure_inspect
xanim,#vm_semtex_pullpin
xanim,#vm_zom_raygun_mk2_fire_shotgun
xanim,#vm_sig_bow_gunbutt_swipe
xanim,#hash_c81eabf2fc121d9e
xanim,#vm_polynesian_club_t8_idle
xanim,#vm_lmg_mg08_sprint_out
xanim,#hash_c82e9cefcf3c3b21
xanim,#vm_ar_accurate_ads_base_down
xanim,#vm_lmg_heavy_crawl_in
xanim,#hash_c83b98dc1a6de217
xanim,#vm_tr_flechette_reload
xanim,#vm_smg_accurate_inspect
xanim,#vm_war_machine_putaway_quick
xanim,#ai_t8_zm_mob_brutus_attack_swingleft
xanim,#hash_c849d1293494e88a
xanim,#hash_c849d3293494ebf0
xanim,#hash_c853d7391ee0c008
xanim,#vm_launcher_standard_t8_walk_f
xanim,#vm_shotgun_full_auto_ads_base_down
xanim,#hash_c8752f761c49635b
xanim,#hash_c87d7ae9f45b2c08
xanim,#vm_smg_accurate_fire
xanim,#hash_c8902715ec0fd83f
xanim,#vm_mp9_swim_uw_putaway
xanim,#vm_ar_standard_reload_quick
xanim,#hash_c89e2cfaca8b68e2
xanim,#hash_c8a07b79ecec5c93
xanim,#vm_sniper_vanguard_sprint_putaway
xanim,#ai_zombie_base_crawl_jump_down_48
xanim,#hash_c8a8c878bf19a35d
xanim,#vm_ar_double_barrel_sprint_putaway
xanim,#ai_zombie_base_crawl_jump_down_72
xanim,#vm_argus_t8_ads_base_up
xanim,#vm_special_crossbow_fire_ads_intro
xanim,#vm_pistol_burst_fire_ads
xanim,#ai_zombie_base_crawl_jump_down_36
xanim,#vm_titan_crawl_in
xanim,#hash_c8bdb8c743940874
xanim,#vm_demo_hammer_crawl_out
xanim,#vm_polynesian_club_t8_sprint_loop
xanim,#vm_shotgun_full_auto_fire
xanim,#ai_zombie_base_run_au_v1_pain_chest_f
xanim,#hash_c8d7d221f1516225
xanim,#hash_c8d8aeec9690876e
xanim,#hash_c8dcb16b69a04e29
xanim,#hash_c8f33756bfa3d40d
xanim,#vm_lmg_heavy_ads_base_up
xanim,#vm_shotgun_semiauto_fire
xanim,#vm_grapple_gun_idle_u_generic
xanim,#vm_pistol_standard_first_raise
xanim,#vm_purifier_t8_sprint_in
xanim,#hash_4911c37eedd0a49a
xanim,#ai_zombie_base_run_au_v11_pain_chest_f
xanim,#hash_c92109ecd6ab65f6
xanim,#ai_zombie_base_crawl_jump_up_160
xanim,#hash_c92dfacf68233b9d
xanim,#hash_c938adc46f80b8c3
xanim,#hash_c93c6bf6dfb7f6a4
xanim,#hash_c9408809bc7c5690
xanim,#vm_mp40_reload_empty
xanim,#hash_c956e450853134c2
xanim,#vm_sniper_mini14_swim_uw_putaway
xanim,#vm_smg_capacity_first_raise
xanim,#vm_tr_damageburst_t8_hand_pose_l
xanim,#vm_tr_damageburst_t8_hand_pose_r
xanim,#hash_c9623cbe4d6e1e62
xanim,#vm_ar_stealth_putaway
xanim,#hash_c96aa3d0e983dc97
xanim,#vm_war_machine_swim_uw_pullout
xanim,#vm_ar_standard_reload
xanim,#hash_c97643d618215906
xanim,#hash_c983dc41ce716816
xanim,#pt_launcher_stand_inspect
xanim,#hash_499291651d9a0680
xanim,#hash_49a021651da5858c
xanim,#vm_lmg_heavy_ads_base_down
xanim,#vm_smg_capacity_sprint_out
xanim,#vm_sniper_power_semi_ads_iron_sights_up
xanim,#vm_katana_fall
xanim,#ai_t8_zm_zombie_base_walk_react_b_05
xanim,#ai_t8_zm_zombie_base_walk_react_b_04
xanim,#ai_t8_zm_zombie_base_walk_react_b_01
xanim,#ai_t8_zm_zombie_base_walk_react_b_03
xanim,#ai_t8_zm_zombie_base_walk_react_b_02
xanim,#pt_knife_fem_stand_melee_swipe
xanim,#vm_launcher_standard_t8_fall
xanim,#vm_argus_t8_sprint_out
xanim,#ai_zombie_base_dog_run_jump_256
xanim,#vm_polynesian_club_t8_putaway
xanim,#hash_c9d619a4b41b6810
xanim,#hash_c9d61aa4b41b69c3
xanim,#hash_c9d620a4b41b73f5
xanim,#hash_c9e3163adc59febb
xanim,#hash_c9e319c6379a5765
xanim,#hash_c9e32bc6379a75fb
xanim,#hash_c9e489af19dbad11
xanim,#hash_c9e6534d679ae517
xanim,#vm_shotgun_semiauto_crawl_in
xanim,#vm_sniper_vanguard_sprint_in
xanim,#hash_c9f0452ded10d583
xanim,#hash_c9f11e8d83fcd87f
xanim,#pt_rifle_prone_inspect
xanim,#hash_c9f748c23b033b4f
xanim,#vm_lmg_mg08_sprint_drop
xanim,#vm_frag_grenade_throw_bare_hands_additive
xanim,#vm_pistol_revolver_sprint_pullout
xanim,#vm_basketball_sprint_out
xanim,#vm_pistol_standard_fall
xanim,#vm_ar_fastfire_idle
xanim,#hash_ca33e388ab8889c7
xanim,#vm_money_bag_t8_melee_out
xanim,#pt_sniper_quickscope_stand_reload
xanim,#vm_sniper_vanguard_first_raise
xanim,#vm_ar_peacekeeper_t8_swim_uw_putaway
xanim,#vm_snowball_pullpin
xanim,#hash_ca4497da469c3265
xanim,#hash_ca55a58ff47de886
xanim,#vm_raygun_sprint_out
xanim,#hash_ca61021a2de4d870
xanim,#hash_4a61bf1ab401fa70
xanim,#hash_ca652cee0284c2db
xanim,#vm_money_bag_t8_crawl_in
xanim,#vm_ar_k57_putaway
xanim,#vm_slaybell_jump
xanim,#hash_ca802cb749e8a053
xanim,#vm_tr_midburst_fire_intro
xanim,#vm_koshka_jump
xanim,#ai_t8_zm_zombie_base_crawl_mantle_up_36_dn_80
xanim,#hash_caa7557809b6c0e9
xanim,#hash_4aabd5d5aab8d22e
xanim,#vm_grapple_gun_putaway
xanim,#vm_ar_fastfire_swim_uw_putaway
xanim,#hash_caf7c5b761ee9ef7
xanim,#vm_shotgun_semiauto_reload
xanim,#ai_t8_zm_mob_brutus_walk_mantle_36
xanim,#vm_shotgun_full_auto_putaway
xanim,#vm_spork_swim_pullout
xanim,#ai_t8_zm_mob_brutus_walk_mantle_72
xanim,#vm_ar_stealth_gunbutt_swipe
xanim,#ai_t8_zm_mob_brutus_walk_mantle_40
xanim,#ai_t8_zm_mob_brutus_walk_mantle_48
xanim,#hash_cb21722e8c76f7ac
xanim,#hash_cb22a9576a824bed
xanim,#hash_cb28c983f2c1a6e9
xanim,#hash_4b2bf83845e83285
xanim,#vm_demo_hammer_sprint_in
xanim,#vm_ar_an94_t8_sprint_putaway
xanim,#vm_sniper_fast_rechamber_sprint_pullout
xanim,#hash_cb72e1029d8f49f6
xanim,#hash_cb72eb029d8f5af4
xanim,#vm_grapple_gun_putaway_generic_additive
xanim,#hash_cb75e7029d9189ff
xanim,#hash_cb75e8029d918bb2
xanim,#hash_4b78972815f58b85
xanim,#vm_mp9_sprint_out
xanim,#vm_special_crossbow_idle
xanim,#vm_sniper_vanguard_swim_uw_in
xanim,#vm_ww_akud_fire_ads
xanim,#vm_tr_flechette_ads_base_down
xanim,#vm_ar_peacekeeper_t8_crawl_out
xanim,#hash_cbb35d2271c3f63f
xanim,#hash_cbbd695f099e4ffe
xanim,#hash_cbce1e258712afd6
xanim,#vm_raygun_sprint_loop
xanim,#vm_stop_sign_putaway_quick
xanim,#hash_cbe76869d1f45b31
xanim,#ai_zombie_smash_react_f
xanim,#vm_smg_minigun_fire_intro_ads
xanim,#vm_hades_fire_ads
xanim,#hash_cbfe4dd6aca2a00c
xanim,#vm_koshka_putaway
xanim,#ai_zombie_base_crawl_v1
xanim,#vm_grapple_gun_idle_l_brawler
xanim,#vm_ar_fastfire_putaway
xanim,#vm_ww_blundergat_jump_land
xanim,#vm_sniper_fast_rechamber_hand_pose_r
xanim,#vm_sniper_fast_rechamber_hand_pose_l
xanim,#vm_smg_handling_sprint_loop
xanim,#vm_38_special_walk_f
xanim,#hash_cc73204ed306d674
xanim,#vm_scorpion_gunbutt_strike
xanim,#hash_cc7e0ce88bd26b5f
xanim,#hash_cc7e22e88bd290c1
xanim,#hash_cc7fb96dd19965c2
xanim,#pt_rifle_stand_firstraise
xanim,#hash_cc9a1295e8e2d277
xanim,#vm_basketball_sprint_in
xanim,#hash_cca42c75f847a1aa
xanim,#vm_mp40_fire
xanim,#hash_ccab5e73b3f0dbf0
xanim,#pt_knife_prone_inspect
xanim,#vm_ar_peacekeeper_t8_reload
xanim,#vm_argus_t8_inspect
xanim,#vm_ar_lever_action_crawl_out
xanim,#vm_pistol_standard_fire_ads
xanim,#ai_zombie_base_walk_au_v20_pain_chest_f
xanim,#hash_ccc78d4264df2801
xanim,#vm_shotgun_pump_hand_pose_r
xanim,#vm_shotgun_pump_hand_pose_l
xanim,#vm_ar_double_barrel_crawl_in
xanim,#hash_ccf7d8158232a37e
xanim,#hash_ccf8ece02a840d85
xanim,#ai_zombie_base_walk_turn_45_l_v2
xanim,#hash_cd0592baf4e11294
xanim,#hash_cd062be470cfd75f
xanim,#vm_snowball_cancel_bare_hands
xanim,#vm_argus_t8_rechamber_ads
xanim,#vm_scorpion_fire_hold
xanim,#hash_cd2dba47d4db4cb2
xanim,#hash_cd30bb828b7bdfa4
xanim,#vm_pistol_standard_walk_f
xanim,#hash_cd339377764fc97b
xanim,#hash_cd33fcc1bc1f5d8d
xanim,#hash_cd34effe9caa9cce
xanim,#hash_cd391cd2feeecee6
xanim,#vm_ar_peacekeeper_t8_first_raise
xanim,#hash_4d71bffe5e091312
xanim,#vm_sniper_mini14_inspect
xanim,#vm_ar_peacekeeper_t8_sprint_loop
xanim,#hash_cd8393614f77d8e0
xanim,#hash_cd87e2403e494523
xanim,#vm_sniper_mini14_crawl_r
xanim,#vm_sniper_mini14_crawl_l
xanim,#vm_sniper_mini14_crawl_b
xanim,#vm_sniper_mini14_crawl_f
xanim,#hash_cd8d8dc6e9bfddb2
xanim,#hash_cd944bc826439142
xanim,#hash_cd955373d5b96361
xanim,#vm_shotgun_semiauto_putaway_quick
xanim,#vm_ar_k57_ads_base_down
xanim,#vm_titan_sprint_drop
xanim,#vm_smg_capacity_jump
xanim,#hash_cdb6637d279b7f03
xanim,#vm_ar_an94_t8_idle
xanim,#vm_shotgun_semiauto_sprint_pullout
xanim,#pt_knife_prone_stick
xanim,#hash_cdd03abe2dd35194
xanim,#hash_cdd7e6b91c5ace4f
xanim,#hash_cded53f9da6a1a68
xanim,#vm_tr_flechette_putaway_quick
xanim,#vm_sniper_power_semi_jump
xanim,#vm_mp9_swim_uw_pullout
xanim,#hash_ce0184908a9c0af9
xanim,#ai_zombie_base_walk_au_v12_pain_chest_f
xanim,#vm_pistol_standard_jump
xanim,#vm_demo_hammer_melee_miss
xanim,#vm_ar_galil_crawl_out
xanim,#ai_t8_zm_zombie_dog_pro_trv_mantle_up_128_dn_36
xanim,#vm_basketball_jump_land
xanim,#vm_slaybell_swim_putaway
xanim,#vm_bowie_knife_t8_sprint_loop
xanim,#hash_ce47c7f12c4675ea
xanim,#hash_ce594f3f473c2a66
xanim,#vm_hades_sprint_loop
xanim,#hash_ce5d0e17419c7ac0
xanim,#hash_ce5d2c17419cadba
xanim,#vm_money_bag_t8_swim_pullout
xanim,#hash_ce6e5d80a66a81cb
xanim,#hash_ce701e29ea302a9c
xanim,#vm_smg_accurate_ads_base_down
xanim,#hash_ce8771f99e025709
xanim,#hash_ce9054f6fd8e9938
xanim,#vm_stop_sign_ads_base_down
xanim,#vm_mp40_pullout
xanim,#vm_smg_fastfire_reload_quick
xanim,#vm_smg_fastfire_idle
xanim,#vm_ar_accurate_putaway_quick
xanim,#hash_cea7464fc1c639e3
xanim,#hash_ceaaec386fd5137a
xanim,#vm_smg_fastfire_pullout_quick
xanim,#vm_ar_galil_ads_base_up
xanim,#vm_ar_lever_action_first_raise
xanim,#hash_cecc3321dc07e130
xanim,#hash_4ed52ea6d74616f9
xanim,#vm_smg_accurate_sprint_putaway
xanim,#hash_cede4d90bf05c49d
xanim,#vm_smg_capacity_swim_uw_putaway
xanim,#hash_cee2a8dc1095f771
xanim,#vm_special_crossbow_pullout_quick
xanim,#hash_cef57a166f90f96d
xanim,#ai_zombie_base_crawl_idle_v1
xanim,#vm_ar_fastfire_hand_pose_r
xanim,#vm_ar_fastfire_hand_pose_l
xanim,#hash_cf0c7caab6c04ed7
xanim,#vm_pistol_auto_swim_uw_pullout
xanim,#vm_smg_handling_ads_base_up
xanim,#hash_cf1bc6ef57d486ef
xanim,#vm_zom_arm_swim_pullout
xanim,#vm_ar_double_barrel_first_raise
xanim,#vm_spork_taunt
xanim,#hash_cf2ece5ca2a5a90d
xanim,#vm_sniper_fast_rechamber_swim_to_land
xanim,#hash_cf3cf89e1551d5f6
xanim,#hash_cf4b25bea8e1a558
xanim,#hash_cf4c7040e9359bc7
xanim,#ai_zombie_base_walk_ad_v25_pain_chest_f
xanim,#vm_pistol_auto_sprint_pullout
xanim,#vm_smg_fastfire_reload_empty
xanim,#vm_ww_freezegun_walk_f
xanim,#hash_cf62d636b6bc4906
xanim,#vm_slaybell_ads_base_up
xanim,#vm_ar_fastfire_fire_ads_intro
xanim,#vm_mp40_putaway_quick
xanim,#vm_smg_vmp_t8_fire_ads
xanim,#hash_cfdecd0a1580f541
xanim,#hash_cff28812b7020508
xanim,#vm_sig_bow_mantle_additive
xanim,#vm_sniper_mini14_putaway
xanim,#vm_ar_double_barrel_fire
xanim,#hash_500269e9631009e7
xanim,#vm_pistol_auto_lastshot
xanim,#ai_t8_zm_mob_brutus_boss_headpain
xanim,#vm_shotgun_pump_reload_out
xanim,#ai_t8_zm_zombie_base_walk_mantle_up_80_dn_36
xanim,#hash_d022f1d3f2751254
xanim,#vm_tr_power_semi_crawl_in
xanim,#vm_ar_peacekeeper_t8_ads_base_up
xanim,#vm_shotgun_pump_swim_uw_putaway
xanim,#hash_d0329070610d2220
xanim,#vm_shotgun_full_auto_putaway_quick
xanim,#hash_d0442c3473fd4e9c
xanim,#vm_action_figure_sprint_pullout
xanim,#vm_katana_sprint_pullout
xanim,#vm_demo_hammer_idle
xanim,#pt_grenade_crouch_prime
xanim,#vm_hades_fire_intro
xanim,#hash_d06649e52502180b
xanim,#vm_shotgun_pump_fire
xanim,#hash_d06f56745130cd98
xanim,#hash_d07dbe7a59ebf57f
xanim,#hash_d08404556c868b29
xanim,#vm_shotgun_pump_first_raise
xanim,#hash_d08e0bd0d9ed5667
xanim,#vm_ar_accurate_reload
xanim,#vm_ar_lever_action_sprint_putaway
xanim,#vm_tr_damageburst_t8_pullout_quick
xanim,#vm_sniper_power_semi_pullout_quick
xanim,#hash_d0c7d3e68f3c4e80
xanim,#vm_snowball_throw_bare_hands
xanim,#pt_knife_crouch_putaway
xanim,#hash_d0d9706f14fb4ab2
xanim,#vm_ww_akud_rechamber
xanim,#vm_pistol_auto_hand_pose_l
xanim,#vm_pistol_auto_hand_pose_r
xanim,#vm_ar_accurate_jump_land
xanim,#hash_d0fea3839ab12b5d
xanim,#hash_d107a4ce2637a283
xanim,#pt_bow_stand_flashed_loop
xanim,#vm_smg_capacity_fire_intro_ads
xanim,#vm_slaybell_crawl_out
xanim,#vm_tr_swordfish_pullout_quick
xanim,#hash_d1444b6ed93fbd82
xanim,#hash_d144e3d557b62fed
xanim,#vm_sniper_mini14_jump
xanim,#vm_pistol_burst_swim_uw_putaway
xanim,#vm_raygun_idle
xanim,#ai_t8_zm_mob_brutus_jump_up_128
xanim,#vm_sniper_damagesemi_swim_putaway
xanim,#vm_war_machine_walk_f
xanim,#hash_d171f162846cb919
xanim,#hash_d1766a24be0e64f2
xanim,#vm_smg_folding_sprint_loop
xanim,#vm_annihilator_t8_putaway
xanim,#hash_d189be52e3231812
xanim,#hash_d1906a4e7745637b
xanim,#vm_sniper_power_semi_crawl_r
xanim,#vm_sniper_power_semi_crawl_b
xanim,#vm_sniper_power_semi_crawl_f
xanim,#vm_sniper_power_semi_crawl_l
xanim,#hash_d1994b03a21b0327
xanim,#vm_lmg_heavy_sprint_in
xanim,#vm_ar_lever_action_reload
xanim,#vm_tr_midburst_putaway_quick
xanim,#hash_d1cafee06f835ad2
xanim,#hash_d1d557897a78b04c
xanim,#vm_ar_galil_fire_intro
xanim,#vm_ar_accurate_fire
xanim,#vm_mp40_crawl_f
xanim,#vm_mp40_crawl_b
xanim,#vm_mp40_crawl_l
xanim,#vm_sniper_vanguard_fire
xanim,#vm_mp40_crawl_r
xanim,#vm_sniper_vanguard_reload_empty
xanim,#ai_zombie_base_dog_traverse_down_190
xanim,#ai_zombie_base_dog_traverse_down_184
xanim,#vm_raygun_crawl_in
xanim,#ai_zombie_base_dog_traverse_down_127
xanim,#ai_zombie_base_dog_traverse_down_126
xanim,#hash_d2076f25e809a9e1
xanim,#vm_zom_raygun_mk2_fire_ads
xanim,#vm_smg_capacity_reload_empty
xanim,#ai_zombie_base_dog_traverse_down_96
xanim,#vm_hades_ads_base_up
xanim,#hash_d23227fbfb5bf385
xanim,#hash_d23239fbfb5c121b
xanim,#pt_sniper_double_prone_shoot
xanim,#ai_t8_zombie_base_super_sprint_05
xanim,#ai_t8_zombie_base_super_sprint_04
xanim,#ai_t8_zombie_base_super_sprint_01
xanim,#ai_t8_zombie_base_super_sprint_03
xanim,#ai_t8_zombie_base_super_sprint_02
xanim,#ai_zombie_base_dog_traverse_down_40
xanim,#ai_zombie_base_dog_traverse_down_48
xanim,#vm_ar_standard_swim_uw_putaway
xanim,#ai_zombie_base_dog_traverse_down_72
xanim,#hash_d250b70272ec03af
xanim,#vm_action_figure_ads_base_up
xanim,#vm_ar_k57_crawl_in
xanim,#ai_zombie_base_sprint_ad_v23_pain_chest_f
xanim,#ai_zombie_base_walk_au_v7_pain_chest_f
xanim,#vm_polynesian_club_t8_hand_pose_r
xanim,#vm_polynesian_club_t8_hand_pose_l
xanim,#hash_d27c9cea8b7b8022
xanim,#vm_pistol_auto_sprint_out
xanim,#vm_action_figure_putaway
xanim,#vm_zom_arm_pullout
xanim,#ai_t8_zm_zombie_base_walk_jump_down_128
xanim,#ai_zombie_base_run_ad_v24_pain_chest_f
xanim,#vm_bowie_knife_t8_putaway
xanim,#vm_ar_standard_fire_last
xanim,#hash_d2ae684a791d10ea
xanim,#vm_mp40_sprint_out
xanim,#vm_grapple_gun_pullout_fast_brawler_additive
xanim,#hash_d2b8896a94ac0a9d
xanim,#ai_t8_zm_mob_brutus_idle_a
xanim,#vm_titan_idle
xanim,#vm_shotgun_semiauto_walk_f
xanim,#hash_d2d80a2a6249f441
xanim,#hash_52dbc83e7c57e22a
xanim,#hash_d2ded19282500173
xanim,#vm_smg_handling_crawl_in
xanim,#ai_zombie_base_walk_ad_v20_pain_chest_f
xanim,#hash_d2ec930e4f492fae
xanim,#hash_52f04b3e7c6969cd
xanim,#vm_mp9_fire_intro
xanim,#vm_mp40_swim_uw_pullout
xanim,#ai_zombie_smash_react_l_legsoutright
xanim,#hash_530f845f5b529369
xanim,#vm_tr_flechette_pullout
xanim,#vm_smg_handling_fire_ads_intro
xanim,#hash_d32b378b4a7c61d4
xanim,#hash_d34903f83a06f218
xanim,#vm_sniper_power_semi_sprint_pullout
xanim,#ai_t8_zm_mob_brutus_stun_in
xanim,#vm_sniper_damagesemi_hand_pose_l
xanim,#vm_sniper_damagesemi_hand_pose_r
xanim,#vm_ar_double_barrel_pullout_quick
xanim,#vm_katana_ads_base_down
xanim,#hash_d37c4b77ef719a55
xanim,#hash_d3832eb5d25d9a52
xanim,#vm_tr_swordfish_reload_empty
xanim,#vm_ww_freezegun_ads_base_up
xanim,#vm_ww_akud_first_raise
xanim,#hash_d38e14365ba76524
xanim,#vm_argus_t8_crawl_in
xanim,#vm_lmg_mk48_first_raise
xanim,#vm_money_bag_t8_first_raise
xanim,#vm_ww_freezegun_pullout
xanim,#hash_d3a826a0289fbfa3
xanim,#vm_ar_stealth_fire
xanim,#ai_t8_zm_zombie_base_run_mantle_up_128_dn_36
xanim,#vm_ar_damage_swim_uw_putaway
xanim,#vm_ar_lever_action_crawl_r
xanim,#vm_ar_lever_action_crawl_l
xanim,#vm_ar_lever_action_crawl_b
xanim,#vm_ar_lever_action_crawl_f
xanim,#vm_tr_power_semi_gunbutt_swipe
xanim,#hash_d3d6c1a1d5b104d5
xanim,#vm_koshka_swim_to_land
xanim,#hash_d3dff4b40faa2621
xanim,#hash_d3fd7aa460470ec4
xanim,#hash_d40218209154f9e1
xanim,#ai_zombie_base_run_turn_90_r_v2
xanim,#pt_rifle_swim_reload_over_partial
xanim,#hash_d419357f9c80c629
xanim,#ai_t8_zm_zombie_base_run_jump_up_128
xanim,#vm_ar_accurate_sprint_putaway
xanim,#vm_tr_damageburst_t8_sprint_pullout
xanim,#vm_spork_idle
xanim,#vm_ar_damage_sprint_out
xanim,#hash_d4277ac5889b9f72
xanim,#hash_d42783722f7790ae
xanim,#hash_d42976149d319d2d
xanim,#hash_d42c31ec2af0351a
xanim,#vm_pistol_revolver_inspect
xanim,#vm_tr_power_semi_swim_from_land
xanim,#vm_sniper_damagesemi_sprint_putaway
xanim,#vm_purifier_t8_ads_base_up
xanim,#vm_sniper_locus_t8_hand_pose_l
xanim,#vm_sniper_locus_t8_hand_pose_r
xanim,#hash_d448cd233281c8eb
xanim,#vm_mp9_fire
xanim,#vm_bowie_knife_t8_idle
xanim,#hash_d4650233ecdbf1fa
xanim,#ai_zombie_base_run_ad_v11_pain_chest_f
xanim,#hash_d46795d2d1b3ad0a
xanim,#hash_d46797d2d1b3b070
xanim,#hash_d46a1bff53e1a8f3
xanim,#vm_smg_vmp_t8_ads_up
xanim,#vm_smg_accurate_sprint_pullout
xanim,#hash_d4759c2f5e9b945e
xanim,#hash_d478739025048e06
xanim,#vm_zom_raygun_mk2_fire_shotgun_ads
xanim,#hash_d47b8019bcaff28e
xanim,#vm_pistol_auto_crawl_r
xanim,#vm_pistol_auto_crawl_b
xanim,#vm_pistol_auto_crawl_f
xanim,#vm_pistol_auto_crawl_l
xanim,#vm_tr_power_semi_hand_pose_r
xanim,#vm_tr_power_semi_hand_pose_l
xanim,#vm_smg_fastfire_swim_from_land
xanim,#hash_d49c400dc54bb270
xanim,#hash_d49d29fab7ff709c
xanim,#hash_d4b2d99fa111d68b
xanim,#hash_d4ce90621b658ac3
xanim,#vm_ar_accurate_reload_empty
xanim,#vm_ar_damage_fire
xanim,#hash_d4d480c17d7ff2bf
xanim,#vm_annihilator_t8_sprint_out
xanim,#hash_d4e0dae921547e7d
xanim,#hash_d4fbd6cb4aefb905
xanim,#hash_d510cb57170facd0
xanim,#vm_smg_fastburst_crawl_in
xanim,#ai_t8_zm_zombie_base_stn_idle_react_b_02
xanim,#ai_t8_zm_zombie_base_stn_idle_react_b_03
xanim,#ai_t8_zm_zombie_base_stn_idle_react_b_01
xanim,#ai_t8_zm_zombie_base_stn_idle_react_b_04
xanim,#ai_t8_zm_zombie_base_stn_idle_react_b_05
xanim,#hash_d52fb83d91fca640
xanim,#vm_smg_folding_fire_last
xanim,#vm_sniper_mini14_swim_uw_pullout
xanim,#hash_d552c3860c8105fe
xanim,#hash_d55921a0473fd2dd
xanim,#vm_shotgun_semiauto_crawl_out
xanim,#pt_launcher_prone_inspect
xanim,#vm_tr_swordfish_swim_uw_in
xanim,#vm_ar_fastfire_sprint_putaway
xanim,#vm_smg_fastfire_crawl_out
xanim,#hash_d588d5ab18d108ea
xanim,#hash_d593799d246f7267
xanim,#vm_snowball_cancel_bare_hands_additive
xanim,#vm_pistol_revolver_first_raise
xanim,#ai_zombie_base_fast_sprint_02_pain_chest_f
xanim,#vm_tr_midburst_swim_uw_in
xanim,#hash_d5b90b1176427942
xanim,#vm_hades_swim_uw_putaway
xanim,#vm_shotgun_pump_swim_uw_pullout
xanim,#vm_polynesian_club_t8_pullout
xanim,#vm_ar_lever_action_jump
xanim,#hash_d5e554fc8270462f
xanim,#vm_action_figure_crawl_r
xanim,#vm_action_figure_crawl_l
xanim,#vm_action_figure_crawl_b
xanim,#vm_action_figure_crawl_f
xanim,#hash_d5fabac40fd5f442
xanim,#hash_d5fad2909b552f3a
xanim,#vm_bowie_knife_t8_melee_miss_2
xanim,#hash_d60bcab4a6aa577c
xanim,#hash_d61694a5d8afa04d
xanim,#vm_snowball_loop
xanim,#hash_d61b1af86caf5f2e
xanim,#ai_t8_zm_zombie_base_run_mantle_up_240_dn_36
xanim,#hash_d623ef7397bf3b7b
xanim,#vm_grapple_gun_pullout_fast_generic
xanim,#vm_pistol_auto_sprint_in
xanim,#hash_d660108ed615fa17
xanim,#ai_zombie_base_sprint_ad_v1_pain_chest_f
xanim,#vm_annihilator_t8_gunbutt_swipe
xanim,#vm_katana_taunt
xanim,#hash_d66caae59cedec00
xanim,#hash_d670de36176d37d1
xanim,#vm_smg_vmp_t8_reload_empty
xanim,#pt_lmg_swim_reload
xanim,#vm_shotgun_pump_lastshot
xanim,#hash_d6bf1d79b86481d7
xanim,#pt_pistol_swim_melee_gunbutt
xanim,#hash_d6c45b02bf40f12a
xanim,#vm_titan_gunbutt_swipe
xanim,#hash_d6cb9a67d3a82636
xanim,#vm_bowie_knife_t8_melee_out
xanim,#vm_mp9_ads_base_down
xanim,#hash_d6dc5f7b8d688e09
xanim,#hash_d6de86e354fe4ab5
xanim,#ai_t8_zm_mob_brutus_walk_jump_up_128
xanim,#vm_special_crossbow_crawl_in
xanim,#hash_d6f8738c3a36f8a8
xanim,#hash_d6fa4c95e56b139b
xanim,#ai_t8_zm_mob_brutus_walk_jump_up_160
xanim,#vm_action_figure_jump
xanim,#pt_hold_swim_putaway
xanim,#vm_pistol_revolver_sprint_out
xanim,#hash_d71154cd8e062075
xanim,#vm_ar_fastfire_first_raise
xanim,#hash_d712ae82e15b5246
xanim,#hash_d7183dd07bace570
xanim,#vm_ar_stealth_reload
xanim,#vm_titan_swim_uw_pullout
xanim,#hash_d72dab9c3745d26c
xanim,#vm_lmg_mg08_reload_empty
xanim,#hash_d739eb1356e8bb6c
xanim,#hash_d73a309856ca3c75
xanim,#vm_ar_fastfire_pullout
xanim,#hash_d743c285fb640e87
xanim,#vm_mp40_fire_intro
xanim,#hash_d74e22a388e18ba7
xanim,#vm_tr_midburst_crawl_f
xanim,#vm_tr_midburst_crawl_b
xanim,#vm_tr_midburst_crawl_l
xanim,#vm_tr_midburst_crawl_r
xanim,#vm_spork_sprint_loop
xanim,#vm_mp9_fire_last_ads
xanim,#hash_d7955e51cdf50a30
xanim,#hash_d79969ee6591d136
xanim,#hash_57a40f5ee2dd665e
xanim,#pt_sniper_quickscope_stand_first_raise
xanim,#hash_d7aca681f478cccd
xanim,#hash_d7d17d6d82821926
xanim,#hash_d7d6a578614d2d76
xanim,#hash_d7eb6f7547107be6
xanim,#hash_d7f1b4a1430f98f4
xanim,#hash_d7f44894cb879204
xanim,#vm_mp9_crawl_out
xanim,#vm_combat_knife_t8_fall
xanim,#hash_d7fc99fd2722856f
xanim,#hash_d8067eeec3f04fd6
xanim,#hash_d80ddc50651460c6
xanim,#vm_bowie_knife_t8_sprint_putaway
xanim,#vm_frag_ads_up
xanim,#vm_ar_accurate_jump
xanim,#hash_d822a2fd69f3dc2c
xanim,#hash_d8256eb98cba3e8d
xanim,#vm_scorpion_putaway
xanim,#vm_smg_folding_swim_uw_pullout
xanim,#vm_spork_swim_putaway
xanim,#hash_d82c6447c81d032b
xanim,#vm_ar_galil_fire_intro_ads
xanim,#vm_money_bag_t8_hand_pose_r
xanim,#vm_money_bag_t8_hand_pose_l
xanim,#vm_shotgun_full_auto_swim_uw_pullout
xanim,#hash_d844089cee687a2e
xanim,#vm_lmg_mg08_putaway_quick
xanim,#hash_d849184e50198d77
xanim,#vm_tr_damageburst_t8_fire_last
xanim,#hash_585cba4017a7f097
xanim,#hash_d85f627f39cf56c7
xanim,#hash_d868514c6319c0b6
xanim,#hash_d87061619ef4a70a
xanim,#hash_d877a4984124e165
xanim,#hash_587b634e193ce7d7
xanim,#ai_t8_zm_mob_brutus_sprint_mantle_72
xanim,#vm_ar_galil_putaway
xanim,#vm_tr_midburst_crawl_out
xanim,#ai_t8_zm_mob_brutus_sprint_mantle_48
xanim,#ai_t8_zm_mob_brutus_sprint_mantle_40
xanim,#ai_t8_zm_mob_brutus_sprint_mantle_36
xanim,#hash_d896f8cda8d8cc4a
xanim,#vm_ar_standard_jump_land
xanim,#vm_sniper_fast_rechamber_rechamber_ads
xanim,#hash_58a225c836da42df
xanim,#hash_d8a2bf47ecffff97
xanim,#vm_basketball_sprint_putaway
xanim,#ai_t8_zm_mob_brutus_sprint_mantle_96
xanim,#vm_smg_fastfire_sprint_loop
xanim,#hash_58bc80913fb98756
xanim,#hash_d8c410d2f8053463
xanim,#hash_d8d40d92656f6150
xanim,#hash_58d69a3d5138ca9a
xanim,#vm_sniper_locus_t8_gunbutt_swipe
xanim,#vm_ar_double_barrel_crawl_out
xanim,#vm_smg_capacity_swim_uw_pullout
xanim,#hash_d8f66e91d58e927d
xanim,#vm_ww_blundergat_sprint_loop
xanim,#ai_zombie_base_walk_ad_v2_pain_chest_f
xanim,#vm_ar_galil_sprint_loop
xanim,#hash_d90b787c371b1213
xanim,#vm_katana_putaway
xanim,#vm_zom_arm_sprint_loop
xanim,#vm_smg_handling_inspect
xanim,#ai_zombie_base_crawl_mantle_over_96
xanim,#vm_hades_sprint_out
xanim,#vm_sniper_locus_t8_crawl_in
xanim,#ai_zombie_base_crawl_mantle_over_48
xanim,#vm_slaybell_sprint_pullout
xanim,#vm_smg_fastburst_sprint_putaway
xanim,#vm_sniper_locus_t8_sprint_out
xanim,#hash_d956ec5f444ce957
xanim,#ai_zombie_base_crawl_mantle_over_72
xanim,#vm_smg_folding_fire_ads
xanim,#hash_d95d1d80a5d66f36
xanim,#vm_smg_accurate_reload_empty
xanim,#vm_titan_putaway_quick
xanim,#ai_zombie_base_crawl_mantle_over_36
xanim,#vm_sniper_mini14_fire_ads
xanim,#hash_d96f0a455b253f66
xanim,#vm_tr_power_semi_idle
xanim,#hash_d97300a13a497c5a
xanim,#ai_t8_zm_zombie_base_dog_run_25
xanim,#vm_ar_double_barrel_sprint_loop
xanim,#vm_pistol_burst_sprint_pullout
xanim,#vm_ar_damage_fire_ads
xanim,#hash_d9a152da09db84ff
xanim,#vm_pistol_auto_first_raise
xanim,#hash_d9a29b3a9c75bb0d
xanim,#vm_smg_vmp_t8_swim_from_land
xanim,#hash_d9be0be782f16bda
xanim,#vm_launcher_standard_t8_swim_uw_pullout
xanim,#hash_d9c291ddec01c2ba
xanim,#vm_lmg_mk48_crawl_in
xanim,#hash_d9cf4159918eee18
xanim,#ai_zombie_smash_react_b_deadfallknee
xanim,#vm_zom_arm_jump
xanim,#hash_da095eb36177a48b
xanim,#vm_titan_fire_intro
xanim,#vm_basketball_pass
xanim,#hash_5a24fb3c3c445099
xanim,#vm_smg_vmp_t8_sprint_out
xanim,#hash_da55ecdbc152b628
xanim,#hash_da6280cad22bf084
xanim,#hash_da759cbebf927eb8
xanim,#hash_da8118edd4aef736
xanim,#vm_ar_galil_swim_uw_putaway
xanim,#hash_daa328c5cb00b98f
xanim,#hash_daacc7f4ccbd514a
xanim,#pt_pistol_swim_fire
xanim,#hash_5abe10680e4bea90
xanim,#hash_dac2a6b098a8c842
xanim,#hash_dac363089b6901f2
xanim,#hash_dad323560efa67ec
xanim,#hash_dad326a0f37df535
xanim,#hash_dad397e2a334c051
xanim,#hash_dadf7c2cc6ebb73f
xanim,#hash_dae1e525febfac2c
xanim,#vm_lmg_mk48_reload_empty
xanim,#pt_prone_shoot_pistol
xanim,#ai_t8_zm_zombie_base_crawl_mantle_up_128_dn_36
xanim,#hash_db0b7fb62776e0ce
xanim,#vm_spork_ads_base_down
xanim,#vm_zom_arm_ads_base_up
xanim,#hash_db2092da068a96b6
xanim,#vm_sniper_vanguard_putaway
xanim,#vm_ar_lever_action_ads_base_down
xanim,#hash_db2675b27731a08d
xanim,#vm_ar_peacekeeper_t8_reload_empty_quick
xanim,#hash_db2c04660f73b691
xanim,#hash_db34f19a4b639d8e
xanim,#hash_db431565ed4b2e25
xanim,#ai_zombie_base_walk_au_v4_pain_chest_f
xanim,#vm_smg_capacity_ads_base_up
xanim,#hash_db620231495b8242
xanim,#vm_special_crossbow_fire
xanim,#hash_db66659bdc4ee950
xanim,#hash_5b6c8547cbeb6c7d
xanim,#vm_sniper_power_semi_jump_land
xanim,#vm_tr_midburst_crawl_in
xanim,#vm_demo_hammer_ads_base_down
xanim,#vm_pistol_burst_lastshot
xanim,#ai_zombie_base_dog_death_front_a
xanim,#vm_pistol_burst_walk_f
xanim,#vm_ar_k57_sprint_loop
xanim,#hash_dbb3683c2a75b9a5
xanim,#vm_smg_accurate_fire_ads
xanim,#vm_ar_galil_idle
xanim,#vm_lmg_mg08_fire_ads
xanim,#ai_zombie_base_dog_death_hit_left
xanim,#pt_pistol_crouch_inspect
xanim,#vm_ar_galil_gunbutt_swipe
xanim,#hash_dbd7d183421d6a4d
xanim,#ai_zombie_base_run_au_v21_pain_chest_f
xanim,#vm_hades_sprint_in
xanim,#pt_rifle_swim_raise
xanim,#vm_pistol_burst_fall
xanim,#vm_pistol_burst_idle_empty
xanim,#vm_shotgun_pump_gunbutt_swipe
xanim,#vm_war_machine_jump
xanim,#hash_dc1f0ff8aa33f430
xanim,#hash_dc2470ecd3969f1c
xanim,#vm_ar_stealth_jump_land
xanim,#vm_scorpion_fire
xanim,#vm_ar_damage_swim_from_land
xanim,#hash_5c44f8775cbb7de5
xanim,#vm_slaybell_sprint_out
xanim,#hash_dc7702d603d38cd8
xanim,#hash_dc7f4117ea1b69b9
xanim,#hash_dc7f5b17ea1b95e7
xanim,#vm_pistol_auto_putaway
xanim,#vm_polynesian_club_t8_swim_putaway
xanim,#hash_dc870affb12df66d
xanim,#vm_ww_akud_rechamber_ads
xanim,#vm_pistol_revolver_fire
xanim,#vm_ar_damage_walk_f
xanim,#hash_dca8b8df47376d7d
xanim,#vm_hades_pullout
xanim,#vm_ar_lever_action_fire_ads
xanim,#vm_tr_damageburst_t8_swim_uw_putaway
xanim,#vm_grapple_gun_idle_r_brawler
xanim,#vm_katana_dash
xanim,#vm_smg_vmp_t8_sprint_pullout
xanim,#vm_combat_knife_t8_jump
xanim,#hash_dcd6f1d2992f9f18
xanim,#hash_dcd6ffd2992fb6e2
xanim,#vm_ar_accurate_sprint_loop
xanim,#hash_dce0ef1e350a8f7c
xanim,#hash_dce1a92c18099bbe
xanim,#vm_smg_fastburst_fire_intro
xanim,#vm_barehands_unstoppable_force_in
xanim,#hash_dceb8f03aa9f2ea8
xanim,#hash_dcfccc3282bcbaf8
xanim,#hash_dd022bf35bd9137d
xanim,#hash_dd022df35bd916e3
xanim,#hash_dd033d1005104920
xanim,#hash_dd0365fc955e3c04
xanim,#hash_dd083fdb40c2ee58
xanim,#hash_dd236528528db847
xanim,#vm_smg_minigun_pullout
xanim,#hash_dd39539bfb647f41
xanim,#ai_t8_zm_mob_zombie_dog_stun_in
xanim,#vm_smg_fastburst_sprint_in
xanim,#vm_grapple_gun_idle_additive
xanim,#pt_rifle_prone_melee_bayonet
xanim,#vm_pistol_auto_crawl_in
xanim,#hash_dd8302d9947cac23
xanim,#vm_argus_t8_lastshot
xanim,#hash_ddaafa8a2f236ef2
xanim,#ai_t8_zm_mob_brutus_walk_mantle_128
xanim,#hash_ddb82e72b07ee9e0
xanim,#vm_sniper_power_semi_crawl_in
xanim,#hash_ddc366e136b900db
xanim,#vm_pistol_auto_crawl_out
xanim,#hash_ddc6dcedf8ed7059
xanim,#hash_ddc6e0edf8ed7725
xanim,#hash_ddc6e6edf8ed8157
xanim,#hash_ddc6ecedf8ed8b89
xanim,#hash_ddcbe31b1adbea4f
xanim,#hash_ddcfae852af24cee
xanim,#vm_tr_power_semi_crawl_out
xanim,#vm_sniper_mini14_gunbutt_swipe
xanim,#hash_dde2093c97782190
xanim,#vm_war_machine_crawl_out
xanim,#hash_ddf61c754e49461c
xanim,#hash_ddfaf21e814b737c
xanim,#hash_de0efd8a1992ee58
xanim,#vm_grapple_gun_idle_r_generic
xanim,#vm_ar_standard_reload_empty
xanim,#hash_de24a60d3f5e4a19
xanim,#hash_de2616703285d3bf
xanim,#hash_de41d307cf6de826
xanim,#hash_de4a4c28c10f9bed
xanim,#vm_annihilator_t8_swim_uw_putaway
xanim,#hash_de55b05b9e86947a
xanim,#vm_demo_hammer_putaway
xanim,#hash_de5911bda32d3758
xanim,#hash_de694f59ec0b1fb1
xanim,#vm_ar_accurate_gunbutt_swipe
xanim,#hash_de81d2fa00863e68
xanim,#vm_ar_k57_reload_quick
xanim,#vm_tr_midburst_sprint_pullout
xanim,#hash_dea471f6c2e52447
xanim,#hash_5ea89a39c637b1a0
xanim,#vm_pistol_auto_inspect
xanim,#vm_pistol_revolver_putaway
xanim,#pt_rifle_crouch_putaway
xanim,#hash_deb96bbc2b14afc2
xanim,#ai_zombie_base_walk_turn_135_r_v2
xanim,#hash_ded3f05ac6382819
xanim,#hash_dedd7741dab032f3
xanim,#vm_smg_accurate_crawl_out
xanim,#hash_def6ed7b2456d34a
xanim,#vm_ww_blundergat_crawl_l
xanim,#vm_ww_blundergat_crawl_f
xanim,#vm_ww_blundergat_crawl_b
xanim,#vm_ww_blundergat_crawl_r
xanim,#hash_5f00fe6da8e1b63b
xanim,#ai_t8_zm_mob_brutus_jump_across_128
xanim,#vm_tr_swordfish_putaway_quick
xanim,#vm_smg_accurate_hand_pose_l
xanim,#vm_smg_accurate_hand_pose_r
xanim,#hash_df2cc2d68eab59df
xanim,#hash_df417b7e0f9c402a
xanim,#hash_df5be19e46ba6654
xanim,#hash_df81cc972459b370
xanim,#hash_df860554904749ad
xanim,#hash_df98f3619c86e53c
xanim,#ai_zombie_base_idle_ad_v1
xanim,#vm_raygun_inspect
xanim,#hash_dfb4efc1945c3cb7
xanim,#vm_locus_jump_land
xanim,#vm_tr_damageburst_t8_pullout
xanim,#vm_lmg_mg08_fall
xanim,#hash_dfddb7e3180dfd04
xanim,#vm_smg_vmp_t8_idle
xanim,#vm_war_machine_pullout
xanim,#vm_bare_hands_swim_uw_sprint_loop
xanim,#hash_dff0419365d9592a
xanim,#hash_dffe6612e5837155
xanim,#vm_smg_capacity_fire_intro
xanim,#vm_sniper_locus_t8_first_raise
xanim,#hash_e01c34d4df54e990
xanim,#ai_zombie_base_walk_au_v1_pain_chest_f
xanim,#vm_lmg_mg08_jump_land
xanim,#vm_koshka_crawl_out
xanim,#vm_lmg_heavy_fire_ads
xanim,#pt_knife_stand_raise
xanim,#vm_shotgun_pump_pullout
xanim,#vm_tr_power_semi_swim_uw_pullout
xanim,#vm_smg_capacity_sprint_pullout
xanim,#hash_e0472e6f0ab472f3
xanim,#hash_e0477f28d1fb1c06
xanim,#hash_e05a4b24537eff6a
xanim,#vm_tr_swordfish_sprint_loop
xanim,#vm_ww_blundergat_idle
xanim,#hash_e062a8147810df28
xanim,#hash_e0804dde64da8a1a
xanim,#hash_e0806e5a1a4ad02a
xanim,#hash_e08e8742d3e26b04
xanim,#hash_e0911da5e3b221fc
xanim,#hash_e091ea2d7982228a
xanim,#vm_shotgun_pump_pullout_quick
xanim,#vm_ar_damage_pullout
xanim,#hash_e09d2a863d96afd0
xanim,#vm_zom_raygun_mk2_crawl_in
xanim,#vm_ar_accurate_crawl_r
xanim,#vm_ar_accurate_crawl_f
xanim,#vm_ar_accurate_crawl_b
xanim,#vm_ar_accurate_crawl_l
xanim,#hash_e0b511fb41b631b5
xanim,#vm_ar_accurate_first_raise
xanim,#vm_sniper_damagesemi_inspect
xanim,#hash_e0c468b0a6f398cd
xanim,#vm_bowie_knife_t8_crawl_out
xanim,#vm_homunculus_throw
xanim,#hash_e0d57fb6f407e843
xanim,#vm_lmg_heavy_swim_uw_putaway
xanim,#vm_sniper_power_semi_fall
xanim,#hash_e0e6b213766ce6b8
xanim,#pt_launcher_crouch_fire
xanim,#hash_e0e8d8bc6e6d866a
xanim,#vm_ar_an94_t8_crawl_r
xanim,#vm_ar_an94_t8_crawl_l
xanim,#vm_ar_an94_t8_crawl_f
xanim,#vm_ar_an94_t8_crawl_b
xanim,#vm_ww_blundergat_swim_uw_pullout
xanim,#ai_zombie_smash_react_l_jackiespinright
xanim,#vm_snowball_throw
xanim,#vm_smg_capacity_overheat
xanim,#vm_ww_freezegun_jump_land
xanim,#vm_demo_hammer_crawl_in
xanim,#hash_e11c4718f27cdfeb
xanim,#hash_e11c5518f27cf7b5
xanim,#vm_raygun_hand_pose_r
xanim,#vm_raygun_hand_pose_l
xanim,#vm_polynesian_club_t8_sprint_putaway
xanim,#vm_ww_blundergat_putaway
xanim,#vm_ar_galil_inspect
xanim,#vm_smg_handling_fire
xanim,#vm_ww_blundergat_fire_ads
xanim,#hash_e140a0b280a18a5b
xanim,#hash_e143110107f85a3c
xanim,#vm_lmg_mg08_jump
xanim,#hash_e153b8dc3b9f044a
xanim,#vm_spork_ads_base_up
xanim,#vm_launcher_standard_t8_sprint_in
xanim,#vm_smg_accurate_sprint_in
xanim,#vm_action_figure_walk_f
xanim,#vm_stop_sign_sprint_out
xanim,#hash_e18ae1607f399616
xanim,#hash_619cf581283877fc
xanim,#vm_ar_k57_fall
xanim,#hash_e1a62cfca4fbbb04
xanim,#vm_polynesian_club_t8_ads_base_up
xanim,#hash_e1ab3428fe1490de
xanim,#hash_e1acac4046201702
xanim,#hash_e1b0fc2e357abb87
xanim,#vm_purifier_t8_idle
xanim,#vm_tr_midburst_first_raise
xanim,#vm_sniper_fast_rechamber_crawl_in
xanim,#vm_smg_vmp_t8_pullout
xanim,#hash_e1d85d3146725556
xanim,#hash_61e298017939778d
xanim,#vm_hades_fire_last
xanim,#hash_e1ee70ca63c99240
xanim,#vm_sniper_mini14_sprint_putaway
xanim,#hash_e1fd236b52e48633
xanim,#hash_e2045675a55a75c1
xanim,#vm_shotgun_pump_crawl_out
xanim,#hash_e21ba174b3e0b8cb
xanim,#hash_e22207e963af40b2
xanim,#vm_tr_power_semi_inspect
xanim,#vm_smg_vmp_t8_putaway
xanim,#vm_pistol_revolver_crawl_r
xanim,#vm_pistol_revolver_crawl_l
xanim,#vm_pistol_revolver_crawl_b
xanim,#vm_pistol_revolver_crawl_f
xanim,#hash_e23066eb78e958f4
xanim,#vm_smg_capacity_jump_land
xanim,#hash_6248413e17a1cb02
xanim,#hash_e267d1481cdfdfce
xanim,#ai_zombie_base_walk_turn_90_r_v2
xanim,#hash_e280a79159385e5c
xanim,#vm_ar_fastfire_swim_from_land
xanim,#hash_e28a172bdc28a31d
xanim,#hash_e298a97a7e2a0fcb
xanim,#hash_e2a014340b07deb2
xanim,#vm_ar_double_barrel_swim_uw_pullout
xanim,#hash_e2b766ba7ca14c24
xanim,#hash_e2be93a4adbdad27
xanim,#hash_e2c60eb53f21b65e
xanim,#hash_e2c860dcfaed49fd
xanim,#hash_e2d0c2da70e6f343
xanim,#hash_e2d3e2f75a0ec993
xanim,#vm_scorpion_crawl_in
xanim,#vm_grapple_gun_idle_brawler
xanim,#vm_koshka_swim_uw_putaway
xanim,#hash_e2f622a16c194763
xanim,#pt_sniper_double_crouch_shoot
xanim,#vm_sniper_mini14_putaway_quick
xanim,#hash_e30cba2404123089
xanim,#hash_e31066e7a7217f88
xanim,#vm_pistol_revolver_hand_pose_r
xanim,#vm_pistol_revolver_hand_pose_l
xanim,#hash_e325de7633f230ec
xanim,#vm_purifier_t8_jump_land
xanim,#vm_smg_fastburst_pullout_quick
xanim,#ai_t8_zm_zombie_dog_pro_trv_mantle_up_80_dn_36
xanim,#ai_t8_zm_zombie_base_crawl_mantle_up_36_dn_128
xanim,#pt_launcher_crouch_melee
xanim,#vm_annihilator_t8_swim_to_land
xanim,#hash_e37072caf664ab67
xanim,#vm_basketball_pullout
xanim,#hash_e3af29df06fbc73f
xanim,#vm_titan_jump_land
xanim,#hash_e3d534ed5df8ac75
xanim,#vm_ar_damage_crawl_l
xanim,#vm_ar_damage_crawl_f
xanim,#vm_ar_damage_crawl_b
xanim,#vm_ar_damage_crawl_r
xanim,#vm_ar_stealth_idle
xanim,#vm_ar_k57_crawl_out
xanim,#hash_e3f33ec179f0e6a8
xanim,#hash_e40e4e8348474a0b
xanim,#vm_sniper_fast_rechamber_fire_ads_ironsights
xanim,#vm_ww_freezegun_swim_from_land
xanim,#hash_e42a4b43655b39ac
xanim,#vm_shotgun_semiauto_jump
xanim,#hash_e43769de83e766ea
xanim,#hash_e43ba9c22c144aa7
xanim,#hash_e43d4e42fdca3cc9
xanim,#hash_e4473e4476f71b4f
xanim,#hash_e449a6a30cfc8601
xanim,#vm_koshka_inspect
xanim,#vm_pistol_auto_jump
xanim,#hash_e45574dd7a2df58c
xanim,#vm_smg_folding_crawl_in
xanim,#vm_smg_fastburst_ads_base_up
xanim,#ai_zombie_base_dog_traverse_up_40
xanim,#ai_zombie_base_dog_traverse_up_48
xanim,#hash_e47370527fda47fa
xanim,#hash_e4b6afcba245d2a0
xanim,#vm_demo_hammer_sprint_loop
xanim,#hash_e4ec3125c460c8a5
xanim,#hash_64f347acb3764574
xanim,#hash_e4f99c2933f31e2a
xanim,#vm_mp40_crawl_out
xanim,#vm_shotgun_full_auto_crawl_out
xanim,#hash_e5049f0911dcc357
xanim,#ai_zombie_base_walk_ad_v6_pain_chest_f
xanim,#vm_ar_an94_t8_sprint_loop
xanim,#vm_pistol_burst_inspect
xanim,#hash_e51ac5107d3df417
xanim,#vm_ar_stealth_fire_intro_ads
xanim,#vm_ar_lever_action_rechamber
xanim,#hash_e545c88f8a7c0459
xanim,#hash_e5500e58facc5e8f
xanim,#vm_purifier_t8_putaway
xanim,#vm_ww_freezegun_crawl_l
xanim,#vm_ww_freezegun_crawl_f
xanim,#vm_ww_freezegun_crawl_b
xanim,#vm_ww_freezegun_crawl_r
xanim,#hash_e56b25d5623db827
xanim,#vm_launcher_standard_t8_putaway_quick
xanim,#pt_pistol_burst_prone_reload
xanim,#hash_e590b0078b3c6f56
xanim,#hash_e594ae7f5d0672e3
xanim,#vm_spork_crawl_r
xanim,#vm_spork_crawl_b
xanim,#vm_spork_crawl_f
xanim,#vm_spork_crawl_l
xanim,#ai_zombie_base_run_au_v4_pain_chest_f
xanim,#hash_e59fc1e3c6948250
xanim,#vm_ww_freezegun_ads_base_down
xanim,#vm_tactical_ads_down
xanim,#vm_katana_sprint_in
xanim,#vm_basketball_idle
xanim,#hash_e5dbae8e06c085dd
xanim,#vm_ar_k57_idle
xanim,#hash_e5e4614ef37ecf26
xanim,#hash_e5e4654ef37ed5f2
xanim,#hash_e5e4674ef37ed958
xanim,#hash_e5e4754ef37ef122
xanim,#hash_e5e85b2b26be1281
xanim,#vm_pistol_burst_idle
xanim,#hash_e60413dd03e18257
xanim,#hash_e605240228b4b3e9
xanim,#vm_hades_fire_ads_last
xanim,#hash_e61059752033b0ba
xanim,#hash_e614ce1346fcf5d0
xanim,#vm_stop_sign_sprint_putaway
xanim,#hash_e62d52d57c8f7ddd
xanim,#vm_ar_an94_t8_jump_land
xanim,#vm_annihilator_t8_ads_base_down
xanim,#hash_e6409c080ea9c7b2
xanim,#hash_e64afb33d594be0a
xanim,#vm_sniper_power_semi_sprint_out
xanim,#hash_e656bbffba9ee519
xanim,#vm_tr_damageburst_t8_crawl_r
xanim,#vm_tr_damageburst_t8_crawl_l
xanim,#vm_tr_damageburst_t8_crawl_f
xanim,#vm_tr_damageburst_t8_crawl_b
xanim,#vm_smg_fastfire_fire_ads
xanim,#hash_e6682d3e0e0e6b80
xanim,#hash_e670dc0fdf8ffd6f
xanim,#vm_shotgun_semiauto_crawl_b
xanim,#vm_shotgun_semiauto_crawl_f
xanim,#vm_shotgun_semiauto_crawl_l
xanim,#vm_shotgun_semiauto_crawl_r
xanim,#hash_e67fab947568f70d
xanim,#hash_e68951cfd6184ce4
xanim,#vm_smg_vmp_t8_crawl_in
xanim,#vm_sniper_mini14_walk_f
xanim,#vm_frag_grenade_loop_bare_hands
xanim,#ai_zombie_base_walk_ad_v7_pain_chest_f
xanim,#hash_e6aa5057f1a40089
xanim,#vm_ww_freezegun_sprint_pullout
xanim,#hash_e6ad0a2dbc043f58
xanim,#vm_ww_akud_sprint_in
xanim,#vm_pistol_auto_lastshot_ads
xanim,#vm_shotgun_semiauto_fire_ads
xanim,#vm_shotgun_pump_rechamber
xanim,#hash_66c1db358b85ab92
xanim,#hash_e6d5fb220a5c9fe3
xanim,#vm_shotgun_full_auto_fire_ads_intro
xanim,#vm_zom_raygun_mk2_first_raise_alt
xanim,#vm_purifier_t8_sprint_loop
xanim,#ai_t8_zm_zombie_base_dog_run_jump_40
xanim,#vm_argus_t8_sprint_putaway
xanim,#vm_annihilator_t8_ads_base_up
xanim,#vm_tr_damageburst_t8_reload_empty
xanim,#hash_e7147b4dc3fed61b
xanim,#vm_ww_blundergat_sprint_out
xanim,#vm_smg_handling_fire_intro
xanim,#hash_e72b6b478b7d27a3
xanim,#vm_smg_accurate_walk_f
xanim,#pt_rifle_swim_putaway_over
xanim,#hash_673d33b8ef2174aa
xanim,#vm_koshka_sprint_pullout
xanim,#hash_e753e9b1e5a0dcfc
xanim,#vm_grapple_gun_pullout_fast_additive
xanim,#hash_e75e559ffdd80fd5
xanim,#vm_zom_raygun_mk2_crawl_out
xanim,#vm_annihilator_t8_swim_from_land
xanim,#hash_e796c7a474078e6c
xanim,#vm_pistol_standard_putaway
xanim,#hash_e7a59997a47ba3ac
xanim,#hash_e7b0b07a43af0ca1
xanim,#hash_e7b350a606a40b09
xanim,#hash_e7b5c652c681a331
xanim,#hash_e7cb2fb0b65f7ea2
xanim,#vm_smg_fastburst_fire_ads_intro
xanim,#hash_e7df475d7cb16375
xanim,#vm_ar_double_barrel_ads_base_up
xanim,#vm_koshka_fire
xanim,#vm_titan_reload_empty
xanim,#vm_pistol_standard_pullout
xanim,#hash_e7f03b84d6c6cb54
xanim,#hash_e7f2e63152a76cd5
xanim,#hash_e7f509614189951a
xanim,#hash_e7f729063f528809
xanim,#hash_e8195e5915bf6539
xanim,#vm_smg_vmp_t8_gunbutt_swipe
xanim,#ai_zombie_base_run_turn_135_r_v2
xanim,#vm_sniper_fast_rechamber_sprint_putaway
xanim,#hash_e858a79b665284d6
xanim,#hash_e860cdb1fede5b2e
xanim,#vm_sniper_locus_t8_rechamber_ads
xanim,#vm_purifier_t8_swim_uw_putaway
xanim,#vm_koshka_crawl_in
xanim,#vm_tr_power_semi_walk_f
xanim,#vm_pistol_revolver_sprint_loop
xanim,#vm_ar_damage_crawl_out
xanim,#vm_sniper_damagesemi_pullout_quick
xanim,#vm_shotgun_full_auto_pullout_quick
xanim,#vm_snowball_pullpin_bare_hands_additive
xanim,#hash_e88713ef66943f5c
xanim,#vm_pistol_standard_sprint_out
xanim,#vm_scorpion_sprint_out
xanim,#hash_e8abc0810122e65c
xanim,#ai_zombie_base_dog_run_turn_180_right
xanim,#vm_zom_arm_crawl_in
xanim,#hash_e8c0c0525a97bffa
xanim,#vm_lmg_heavy_idle
xanim,#vm_ar_fastfire_crawl_l
xanim,#vm_ar_fastfire_crawl_f
xanim,#vm_ar_fastfire_crawl_b
xanim,#vm_ar_fastfire_crawl_r
xanim,#vm_ar_an94_t8_putaway
xanim,#hash_6902d04dad85aae7
xanim,#vm_ar_galil_putaway_quick
xanim,#vm_koshka_gunbutt_swipe
xanim,#ai_zombie_base_run_au_v13_pain_chest_f
xanim,#hash_e91e9c6321165791
xanim,#vm_lmg_mk48_fire
xanim,#hash_e9398cfd3ba4daa0
xanim,#hash_e942a704e78b07ba
xanim,#vm_launcher_standard_t8_swim_uw_putaway
xanim,#vm_ar_double_barrel_idle
xanim,#hash_e94a35357de77756
xanim,#hash_e9540500ba6f8c31
xanim,#hash_e957135bceb8c2a9
xanim,#hash_e96296c9988c5b49
xanim,#hash_e96cac9697dbba33
xanim,#vm_shotgun_full_auto_fire_ads
xanim,#vm_smg_folding_reload
xanim,#hash_69a83f96975900af
xanim,#vm_action_figure_melee_in
xanim,#hash_e9b659372cb6cc25
xanim,#vm_sniper_fast_rechamber_crawl_b
xanim,#vm_sniper_fast_rechamber_crawl_f
xanim,#vm_sniper_fast_rechamber_crawl_l
xanim,#vm_sniper_fast_rechamber_crawl_r
xanim,#vm_raygun_fire
xanim,#vm_smg_capacity_crawl_b
xanim,#vm_smg_capacity_crawl_f
xanim,#vm_smg_capacity_crawl_l
xanim,#vm_smg_capacity_crawl_r
xanim,#ai_zombie_base_traverse_ground_climbout_fast
xanim,#vm_slaybell_hand_pose_l
xanim,#vm_slaybell_hand_pose_r
xanim,#vm_smg_minigun_crawl_in
xanim,#vm_smg_minigun_ads_base_down
xanim,#hash_ea030a07d32e9456
xanim,#ai_zombie_base_walk_ad_v4_pain_chest_f
xanim,#hash_ea0ed401df336744
xanim,#vm_zom_raygun_mk2_sprint_loop
xanim,#vm_koshka_hand_pose_l
xanim,#vm_koshka_hand_pose_r
xanim,#vm_raygun_gunbutt_swipe
xanim,#ai_t8_zm_zombie_base_stn_idle_react_r_02
xanim,#ai_t8_zm_zombie_base_stn_idle_react_r_03
xanim,#ai_t8_zm_zombie_base_stn_idle_react_r_01
xanim,#ai_t8_zm_zombie_base_stn_idle_react_r_04
xanim,#ai_t8_zm_zombie_base_stn_idle_react_r_05
xanim,#hash_ea3baf68ec0f608d
xanim,#hash_ea3bbf9a818141e2
xanim,#hash_ea43dbdbd15e527a
xanim,#hash_ea5f6610f7c6ac7e
xanim,#hash_ea6e204a914204a7
xanim,#ai_zombie_smash_react_r_legsoutleft
xanim,#vm_tr_midburst_pullout
xanim,#hash_ea831b8d1c4daa39
xanim,#vm_pistol_standard_reload
xanim,#hash_ea8ea7d6634fa1a2
xanim,#vm_tr_swordfish_fire_last
xanim,#vm_smg_minigun_hand_pose_l
xanim,#vm_smg_minigun_hand_pose_r
xanim,#pt_pistol_fullauto_stand_inspect
xanim,#vm_shotgun_semiauto_sprint_putaway
xanim,#hash_eab782c0c652a8f6
xanim,#vm_zom_raygun_mk2_ads_base_up
xanim,#hash_eac96a1a84d740b8
xanim,#ai_t8_zm_mob_brutus_lock_magicbox
xanim,#vm_lmg_heavy_swim_uw_pullout
xanim,#hash_6aee7f79ef78b411
xanim,#hash_eaf1cc0a89f9a246
xanim,#hash_eafa2a710bbe8d2c
xanim,#hash_eb0c0a176e470f86
xanim,#vm_annihilator_t8_idle
xanim,#hash_eb1af1d1046808d4
xanim,#vm_pistol_auto_fire_ads
xanim,#hash_eb1c010c7626ca26
xanim,#hash_eb1c050c7626d0f2
xanim,#hash_eb1c070c7626d458
xanim,#vm_smg_vmp_t8_ads_down
xanim,#vm_smg_fastburst_crawl_out
xanim,#hash_eb3e5213dcaf083f
xanim,#hash_eb3ff8e6d92f635f
xanim,#vm_sniper_mini14_hand_pose_l
xanim,#vm_sniper_mini14_hand_pose_r
xanim,#vm_scorpion_fire_cancel
xanim,#hash_eb474f4693dad7f3
xanim,#vm_lmg_mk48_gunbutt_swipe
xanim,#vm_money_bag_t8_swim_putaway
xanim,#hash_eb52ab133a0920b8
xanim,#vm_smg_accurate_pullout
xanim,#vm_action_figure_crawl_in
xanim,#hash_eb673630f51f1b25
xanim,#vm_bowie_knife_t8_taunt
xanim,#hash_eb741eb013dd5be8
xanim,#vm_katana_swim_uw_putaway
xanim,#vm_sniper_damagesemi_gunbutt_swipe
xanim,#vm_demo_hammer_inspect
xanim,#ai_zombie_base_run_ad_v2_pain_chest_f
xanim,#hash_eb8cb6cc0ee443cc
xanim,#vm_lmg_mk48_putaway
xanim,#hash_eba023438b42d6ae
xanim,#hash_ebc3075aaec2be5d
xanim,#vm_annihilator_t8_swim_uw_out
xanim,#vm_smg_fastfire_crawl_r
xanim,#vm_smg_fastfire_crawl_b
xanim,#vm_smg_fastfire_crawl_f
xanim,#vm_smg_fastfire_crawl_l
xanim,#hash_ebcf512c8c999fd8
xanim,#hash_ebd7c1a7f0a41201
xanim,#vm_sniper_vanguard_ads_iron_sights_up
xanim,#hash_ebf2ee9adea9e23b
xanim,#hash_ec0b4b87984fa47d
xanim,#vm_sniper_fast_rechamber_swim_uw_putaway
xanim,#vm_mp9_sprint_putaway
xanim,#vm_lmg_mg08_walk_f
xanim,#hash_ec293e2d1d7e4470
xanim,#hash_ec2aaae0718d5f9b
xanim,#vm_smg_accurate_crawl_b
xanim,#vm_smg_accurate_crawl_f
xanim,#vm_smg_accurate_crawl_l
xanim,#vm_smg_accurate_crawl_r
xanim,#vm_hades_putaway
xanim,#vm_ww_blundergat_fire
xanim,#vm_mp9_sprint_in
xanim,#pt_launcher_crouch_putaway
xanim,#hash_ec514b149dcdd278
xanim,#hash_ec5c8fcc1703335b
xanim,#vm_katana_pullout_quick
xanim,#hash_ec61f5032a97314f
xanim,#hash_ec690b51f5595bfe
xanim,#hash_ec856c13547b0136
xanim,#vm_ar_damage_gunbutt_swipe
xanim,#ai_t8_zm_mob_brutus_death_a
xanim,#vm_slaybell_sprint_loop
xanim,#vm_ww_blundergat_crawl_in
xanim,#vm_pistol_revolver_idle
xanim,#hash_ecab055e6bc854ca
xanim,#hash_ecb2b3c7b8bc8b47
xanim,#vm_pistol_burst_jump_land
xanim,#vm_shotgun_pump_reload_in
xanim,#hash_ecbe550cc919c29f
xanim,#vm_stop_sign_melee_out
xanim,#hash_ecee4e21c8b834d8
xanim,#vm_ar_lever_action_sprint_pullout
xanim,#vm_shotgun_pump_fire_ads
xanim,#vm_special_crossbow_sprint_out
xanim,#vm_ww_akud_sprint_out
xanim,#hash_ed19afe55fa0a4f0
xanim,#vm_annihilator_t8_crawl_in
xanim,#hash_ed24a475cb9480d3
xanim,#hash_ed27af1780c32a80
xanim,#vm_ar_double_barrel_sprint_out
xanim,#pt_sniper_quickscope_stand_reload_partial
xanim,#hash_ed4c0c26fedbbcd9
xanim,#hash_ed4c2626fedbe907
xanim,#vm_ww_freezegun_idle
xanim,#hash_6d573df3d6f42550
xanim,#vm_molotov_idle
xanim,#hash_ed61462e2c7f24c9
xanim,#vm_grapple_gun_fire_fail_generic_additive
xanim,#vm_ar_fastfire_reload_empty
xanim,#vm_tr_power_semi_reload
xanim,#vm_smg_capacity_sprint_in
xanim,#vm_sig_bow_ads_base_up
xanim,#hash_ed9a94696708ecea
xanim,#hash_edad06d071c1d06f
xanim,#pt_knife_crouch_inspect
xanim,#vm_shotgun_semiauto_hand_pose_r
xanim,#vm_shotgun_semiauto_hand_pose_l
xanim,#hash_edb73bd033af99b8
xanim,#hash_edb8459ead832c53
xanim,#hash_edb8f653da661165
xanim,#vm_argus_t8_crawl_out
xanim,#vm_shotgun_semiauto_putaway
xanim,#hash_ede44a00b154abd1
xanim,#vm_smg_vmp_t8_sprint_loop
xanim,#hash_ede52ae27166f0db
xanim,#vm_demo_hammer_jump_land
xanim,#vm_sniper_mini14_sprint_loop
xanim,#hash_edfa6300f522dea6
xanim,#hash_edfa94af1d9ec119
xanim,#hash_ee00e97e83896ba2
xanim,#hash_ee08c13369798a3f
xanim,#vm_special_crossbow_swim_putaway
xanim,#vm_tr_midburst_fire
xanim,#hash_ee2b3de3ca89aae3
xanim,#hash_ee3331b06341a6a1
xanim,#ai_zombie_base_sprint_au_v25_pain_chest_f
xanim,#hash_ee3c0fd055871555
xanim,#vm_grapple_gun_idle_r_generic_additive
xanim,#ai_zombie_base_run_ad_v23_pain_chest_f
xanim,#vm_ar_stealth_sprint_pullout
xanim,#hash_ee5959d8ccb33187
xanim,#hash_ee5982dbb3282fa9
xanim,#hash_ee75bce6030752c1
xanim,#hash_ee7a1b8b49dca2a2
xanim,#hash_ee8206413248b3a6
xanim,#hash_ee86d3d60599005e
xanim,#hash_ee94a1feb55ab0c0
xanim,#vm_ar_standard_walk_f
xanim,#pt_rifle_swim_reload
xanim,#ai_zombie_base_run_au_v9_pain_chest_f
xanim,#vm_ar_fastfire_inspect
xanim,#vm_zom_raygun_mk2_pullout
xanim,#hash_eed5db40cd7a86d9
xanim,#vm_pistol_standard_hand_pose_l
xanim,#vm_pistol_standard_hand_pose_r
xanim,#hash_eedfb0c9da4d7923
xanim,#hash_eee35969057e1f40
xanim,#vm_basketball_fall
xanim,#hash_ef04da94b6b5c8d5
xanim,#vm_ar_standard_fire
xanim,#hash_ef19e602c6cb66d7
xanim,#hash_ef19ec02c6cb7109
xanim,#vm_war_machine_crawl_in
xanim,#pt_sniper_quickscope_crouch_reload_partial
xanim,#hash_ef2ec26d78d43b95
xanim,#vm_war_machine_first_raise
xanim,#vm_ww_akud_ads_base_down
xanim,#hash_6f375097859df0bc
xanim,#hash_6f49e7393df45523
xanim,#ai_t8_zm_zombie_base_walk_react_f_01
xanim,#ai_t8_zm_zombie_base_walk_react_f_03
xanim,#ai_t8_zm_zombie_base_walk_react_f_02
xanim,#ai_t8_zm_zombie_base_walk_react_f_05
xanim,#ai_t8_zm_zombie_base_walk_react_f_04
xanim,#vm_sniper_power_semi_putaway_quick
xanim,#vm_argus_t8_swim_from_land
xanim,#hash_ef8f103fbe7c7018
xanim,#hash_ef98526daa454842
xanim,#vm_ar_galil_walk_f
xanim,#hash_efaee8a9f3c68288
xanim,#vm_scorpion_swim_uw_putaway
xanim,#hash_6fcef677b0281e23
xanim,#vm_grapple_gun_putaway_brawler
xanim,#hash_efdd120ebfdef5d4
xanim,#vm_stop_sign_hand_pose_l
xanim,#vm_stop_sign_hand_pose_r
xanim,#vm_scorpion_swim_uw_pullout
xanim,#ai_t8_zm_mob_zombie_dog_stun_loop
xanim,#hash_f00e69c24aff8e24
xanim,#vm_bowie_knife_t8_swim_putaway
xanim,#hash_f0226c9003a99d37
xanim,#vm_snowball_cancel
xanim,#vm_scorpion_jump
xanim,#vm_lmg_mk48_crawl_out
xanim,#vm_pistol_burst_crawl_in
xanim,#vm_sniper_power_semi_first_raise
xanim,#vm_sniper_damagesemi_fire
xanim,#vm_grapple_gun_idle_d_generic_additive
xanim,#vm_lmg_mg08_reload
xanim,#vm_sniper_vanguard_swim_from_land
xanim,#vm_lmg_heavy_fire
xanim,#vm_scorpion_sprint_loop
xanim,#hash_f07ed818dfadcd84
xanim,#hash_f0804c9b077fd353
xanim,#hash_f0918ffd6554b56e
xanim,#hash_f092acf0e32375c4
xanim,#vm_smg_capacity_gunbutt_swipe
xanim,#vm_demo_hammer_melee_in
xanim,#vm_lmg_mg08_pullout_quick
xanim,#vm_sniper_damagesemi_putaway
xanim,#hash_70c68c23b29e2e8b
xanim,#vm_ar_double_barrel_fire_ads
xanim,#vm_special_crossbow_reload
xanim,#hash_f0d8f897f8c5196c
xanim,#vm_tr_midburst_ads_down
xanim,#vm_tr_swordfish_fire
xanim,#pt_launcher_stand_raise
xanim,#vm_spork_putaway
xanim,#vm_money_bag_t8_pullout
xanim,#vm_ar_damage_ads_base_down
xanim,#vm_smg_accurate_first_raise
xanim,#vm_smg_capacity_sprint_loop
xanim,#vm_polynesian_club_t8_sprint_pullout
xanim,#vm_ww_blundergat_pullout
xanim,#hash_f12afd81e84aef90
xanim,#vm_smg_capacity_putaway
xanim,#vm_frag_grenade_throw
xanim,#vm_ar_standard_crawl_l
xanim,#vm_ar_standard_crawl_f
xanim,#vm_ar_standard_crawl_b
xanim,#vm_ar_standard_crawl_r
xanim,#hash_f135e937e9e9f138
xanim,#vm_zom_monkey_bomb_hand_pose_l
xanim,#vm_zom_monkey_bomb_hand_pose_r
xanim,#vm_brm_grip_reload_empty_quick_ext
xanim,#vm_tr_power_semi_swim_to_land
xanim,#vm_argus_t8_crawl_f
xanim,#vm_argus_t8_crawl_b
xanim,#vm_argus_t8_crawl_l
xanim,#vm_argus_t8_crawl_r
xanim,#hash_f15b632f315ad1c0
xanim,#hash_f15b812f315b04ba
xanim,#hash_f15b8f032b7f7fda
xanim,#vm_lmg_heavy_fire_ads_intro
xanim,#vm_pistol_revolver_crawl_in
xanim,#vm_stop_sign_first_raise
xanim,#vm_pistol_revolver_ads_base_down
xanim,#vm_smg_fastburst_fire_last
xanim,#hash_f17dca4a306b8c14
xanim,#vm_ar_k57_reload_empty_quick
xanim,#vm_mp40_crawl_in
xanim,#vm_pistol_auto_reload_empty
xanim,#hash_f1ae08c989df7a02
xanim,#vm_snowball_loop_additive
xanim,#vm_smg_minigun_swim_uw_pullout
xanim,#vm_ww_blundergat_first_raise
xanim,#hash_f1cf50209593b857
xanim,#vm_ar_accurate_hand_pose_l
xanim,#vm_ar_accurate_hand_pose_r
xanim,#hash_f1f44855a261cb08
xanim,#vm_ar_standard_idle
xanim,#hash_f207fd4740644f97
xanim,#hash_f215bae33489f294
xanim,#ai_t8_zm_mob_brutus_stun_out
xanim,#hash_f2172afd53790fee
xanim,#vm_ar_stealth_first_raise
xanim,#hash_f2286f32babc2f3e
xanim,#vm_ar_fastfire_pullout_quick
xanim,#vm_war_machine_swim_from_land
xanim,#hash_f25bdfca69361012
xanim,#hash_f2665eadf20f2e15
xanim,#hash_726978db7bfd335a
xanim,#hash_f26a2aaf3a8718c8
xanim,#vm_titan_sprint_loop
xanim,#hash_f26f57969f90bd5f
xanim,#hash_f27063b0919ac1fb
xanim,#vm_ar_an94_t8_sprint_in
xanim,#vm_titan_swim_uw_in
xanim,#vm_molotov_ads_down
xanim,#vm_ar_double_barrel_reload_empty
xanim,#ai_zombie_base_idle_au_v1
xanim,#vm_tr_power_semi_fire
xanim,#vm_action_figure_pullout
xanim,#ai_zombie_base_walk_ad_v21_pain_chest_f
xanim,#vm_bowie_knife_t8_pullout
xanim,#pt_pistol_stand_shoot
xanim,#hash_f303913c0d9263e8
xanim,#hash_f30ba54c63c181e2
xanim,#hash_f30e9c58113460bd
xanim,#hash_f318151335b7a382
xanim,#hash_f318470cbb04f0bf
xanim,#vm_ar_standard_fire_ads_last
xanim,#hash_f3317749f56b2703
xanim,#hash_f335df9cd719f068
xanim,#vm_purifier_t8_pullout_quick
xanim,#hash_f339bc05e303365f
xanim,#vm_pistol_auto_swim_uw_putaway
xanim,#ai_t8_zm_zombie_base_run_mantle_over_128
xanim,#vm_ww_akud_idle
xanim,#ai_zombie_base_sprint_ad_v24_pain_chest_f
xanim,#vm_sniper_fast_rechamber_first_raise
xanim,#hash_f361fe998947464d
xanim,#ai_t8_zm_mob_brutus_lock_perkmachine
xanim,#hash_f37a636aa5b3f27b
xanim,#vm_ww_freezegun_fire_ads
xanim,#vm_tr_damageburst_t8_sprint_out
xanim,#hash_f387bbc19a859042
xanim,#vm_ar_galil_sprint_out
xanim,#ai_t8_zm_mob_brutus_sprint_jump_dn_128
xanim,#ai_t8_zm_mob_brutus_sprint_jump_dn_160
xanim,#pt_launcher_prone_fire
xanim,#vm_special_crossbow_reload_fast
xanim,#vm_mp9_crawl_in
xanim,#hash_f3aed128f65d7eb2
xanim,#ai_t8_zm_zombie_base_crawl_mantle_up_240_dn_36
xanim,#vm_smg_fastburst_first_raise
xanim,#hash_f3cd6dcdc5514ed3
xanim,#vm_sniper_fast_rechamber_ads_ironsights_up
xanim,#vm_spork_first_raise
xanim,#hash_f3d83e92b52e6ede
xanim,#vm_sniper_locus_t8_pullout
xanim,#hash_f3e1e1737d40175f
xanim,#vm_tr_power_semi_sprint_loop
xanim,#vm_scorpion_crawl_b
xanim,#vm_scorpion_crawl_f
xanim,#vm_scorpion_crawl_l
xanim,#vm_scorpion_crawl_r
xanim,#hash_f410d89b444d9d85
xanim,#hash_f411a9c69e7de932
xanim,#hash_f414dd170e8ee544
xanim,#ai_t8_zm_zombie_base_walk_mantle_over_72
xanim,#vm_koshka_rechamber_ads
xanim,#ai_t8_zm_zombie_base_walk_mantle_over_48
xanim,#ai_t8_zm_zombie_base_walk_mantle_over_40
xanim,#ai_t8_zm_zombie_base_walk_mantle_over_36
xanim,#hash_7432236d26440784
xanim,#hash_f43b9da215a854fd
xanim,#hash_f443f74317e25deb
xanim,#ai_t8_zm_zombie_base_walk_mantle_over_96
xanim,#hash_744b1cc6066ec758
xanim,#vm_scorpion_sprint_in
xanim,#vm_ww_freezegun_fall
xanim,#vm_tactical_pullpin
xanim,#vm_ar_accurate_pullout_quick
xanim,#hash_f462d8607ebc9feb
xanim,#vm_tr_flechette_crawl_in
xanim,#hash_f46c47f274f7ee70
xanim,#vm_smg_minigun_fire_intro
xanim,#vm_ar_standard_hand_pose_r
xanim,#vm_ar_standard_hand_pose_l
xanim,#hash_f4717037571c4917
xanim,#vm_ar_galil_crawl_in
xanim,#vm_bowie_knife_t8_sprint_pullout
xanim,#vm_ar_stealth_sprint_loop
xanim,#hash_f4824341f51b6a11
xanim,#vm_ww_blundergat_reload_empty
xanim,#vm_ww_freezegun_crawl_out
xanim,#pt_rifle_stand_inspect
xanim,#vm_mp40_sprint_loop
xanim,#hash_f4938eba257c6b4e
xanim,#vm_annihilator_t8_crawl_l
xanim,#vm_annihilator_t8_crawl_b
xanim,#vm_annihilator_t8_crawl_f
xanim,#vm_annihilator_t8_crawl_r
xanim,#hash_f4ac9783ab3ed9e5
xanim,#hash_f4b2045a90ce5ffa
xanim,#vm_zom_raygun_mk2_jump_land
xanim,#hash_f4d004a1f6e06eb3
xanim,#vm_mp40_fire_last
xanim,#hash_f4ef07c966522f5b
xanim,#vm_combat_knife_t8_jump_land
xanim,#pt_pistol_stand_inspect
xanim,#vm_war_machine_swim_uw_out
xanim,#hash_f50a2f4bd4e6d0d8
xanim,#vm_titan_fall
xanim,#vm_scorpion_sprint_drop
xanim,#vm_ar_galil_fire
xanim,#vm_action_figure_jump_land
xanim,#vm_tr_damageburst_t8_crawl_in
xanim,#vm_ar_damage_fire_intro
xanim,#vm_lmg_mg08_crawl_out
xanim,#vm_ar_stealth_reload_empty
xanim,#ai_t8_zm_mob_brutus_boss_run_a
xanim,#hash_f560d8de76360256
xanim,#hash_f563308972bcb48a
xanim,#hash_f57b975b254ac649
xanim,#vm_action_figure_sprint_in
xanim,#hash_f59e5bd9a76d6aaf
xanim,#hash_f5c57c014066a59e
xanim,#hash_f5dc8cb68b006ed4
xanim,#hash_f5e2c973030a9a24
xanim,#vm_pistol_auto_fall
xanim,#vm_ar_peacekeeper_t8_inspect
xanim,#hash_f5f6b273efa4bde1
xanim,#ai_zombie_base_dth_tesla_a
xanim,#hash_f6042a8860d5ba0a
xanim,#vm_argus_t8_reload
xanim,#vm_titan_walk_f
xanim,#vm_sniper_fast_rechamber_swim_uw_pullout
xanim,#vm_ww_akud_ads_base_up
xanim,#vm_smg_minigun_putaway
xanim,#hash_f62e2e03151050f9
xanim,#hash_f63568f56ec7fd3b
xanim,#hash_f63b9fc537c065c4
xanim,#hash_f63beacf33990f6b
xanim,#vm_smg_folding_ads_base_up
xanim,#hash_f6451b2f929d1c8d
xanim,#hash_f64fce2f1192a0a8
xanim,#ai_zombie_base_run_ad_v1_pain_chest_f
xanim,#ai_zombie_base_crawl_attack_v2
xanim,#ai_zombie_base_crawl_attack_v1
xanim,#ai_zombie_base_run_ad_v11
xanim,#ai_zombie_base_run_ad_v12
xanim,#ai_zombie_base_run_ad_v14
xanim,#vm_tr_damageburst_t8_fire_ads
xanim,#ai_zombie_base_run_ad_v21
xanim,#ai_zombie_base_run_ad_v20
xanim,#ai_zombie_base_run_ad_v23
xanim,#ai_zombie_base_run_ad_v22
xanim,#ai_zombie_base_run_ad_v24
xanim,#vm_ww_blundergat_reload
xanim,#hash_f66d0e9b232c126d
xanim,#vm_smg_handling_pullout
xanim,#vm_argus_t8_idle
xanim,#hash_f680608ef28737d3
xanim,#hash_f682ab97b5053dce
xanim,#vm_ar_k57_fire_ads_last
xanim,#hash_f68880e98bbdfdd2
xanim,#hash_f699085fcb64bf9b
xanim,#hash_769d6740cf867258
xanim,#vm_ww_freezegun_sprint_out
xanim,#vm_mp40_first_raise
xanim,#vm_annihilator_t8_swim_uw_in
xanim,#vm_ar_lever_action_jump_land
xanim,#hash_f6b6f489621d5478
xanim,#vm_lmg_mk48_fire_ads_intro
xanim,#hash_f6dabeed260af215
xanim,#ai_zombie_base_walk_au_v8_pain_chest_f
xanim,#pt_rifle_stand_fire
xanim,#hash_f6e0ef08bbbd13cc
xanim,#vm_tr_swordfish_sprint_in
xanim,#vm_shotgun_pump_swim_from_land
xanim,#hash_f702d3975636ede9
xanim,#vm_ar_damage_putaway_quick
xanim,#pt_rifle_prone_raise
xanim,#hash_f70b76a75475d036
xanim,#hash_f710ff36fef7b8bc
xanim,#ai_zombie_base_fast_sprint_01
xanim,#ai_zombie_base_fast_sprint_02
xanim,#vm_barehands_unstoppable_force_loop
xanim,#hash_f71ae860ea897285
xanim,#vm_grapple_gun_idle_u
xanim,#vm_grapple_gun_idle_r
xanim,#vm_grapple_gun_idle_d
xanim,#vm_grapple_gun_idle_l
xanim,#vm_special_crossbow_ads_base_down
xanim,#vm_lmg_mk48_sprint_loop
xanim,#vm_raygun_sprint_putaway
xanim,#vm_argus_t8_rechamber
xanim,#hash_f74cbaffbb1749b0
xanim,#vm_ar_galil_swim_uw_pullout
xanim,#hash_776b7dcfc1bc8645
xanim,#vm_smg_capacity_fall
xanim,#ai_zombie_base_walk_turn_180_l_v3
xanim,#vm_sniper_vanguard_idle
xanim,#hash_f78a4f70e8f04704
xanim,#vm_mp9_fire_last
xanim,#hash_f78e7cfa78b196a9
xanim,#hash_f791372f90e628db
xanim,#hash_f79236bcea460ce3
xanim,#hash_f79274c0570ed91e
xanim,#hash_f7944a54b3e8b1c7
xanim,#vm_bare_hands_swim_tw_sprint_loop
xanim,#hash_f7abb8952a3753e5
xanim,#ai_zombie_base_run_au_v23_pain_chest_f
xanim,#hash_f7d5c51ac98e2763
xanim,#vm_pistol_burst_lastshot_ads
xanim,#vm_scorpion_ads_base_up
xanim,#hash_f7df945903223d7c
xanim,#vm_polynesian_club_t8_taunt
xanim,#vm_titan_inspect
xanim,#hash_f7eae6484b400caf
xanim,#vm_katana_crawl_in
xanim,#vm_smg_capacity_crawl_in
xanim,#vm_special_crossbow_ads_base_up
xanim,#ai_t8_zm_mob_brutus_jump_across_256
xanim,#vm_smg_folding_pullout
xanim,#ai_zombie_base_sprint_au_v1_pain_chest_f
xanim,#hash_f8243cece2b90a27
xanim,#hash_f826f13d16334d8a
xanim,#vm_ar_standard_ads_base_down
xanim,#vm_ar_galil_jump_land
xanim,#vm_grapple_gun_fire_fail_additive
xanim,#vm_tr_power_semi_putaway_quick
xanim,#hash_f838082198d21958
xanim,#hash_f8380b2198d21e71
xanim,#hash_f84b4650cc2a982d
xanim,#hash_f84b522a24e705f5
xanim,#hash_f85088999808ef08
xanim,#vm_tr_swordfish_putaway
xanim,#vm_sniper_power_semi_swim_uw_pullout
xanim,#vm_smg_thompson_walk_f
xanim,#vm_sniper_locus_t8_putaway_quick
xanim,#hash_f8a81feb6eab148d
xanim,#hash_f8c488be3063ee65
xanim,#vm_lmg_mk48_idle
xanim,#hash_f8d8e4fc56aac300
xanim,#vm_ar_galil_pullout
xanim,#vm_hades_idle
xanim,#vm_pistol_standard_sprint_putaway
xanim,#hash_f90d4d367e8d33d7
xanim,#vm_smg_folding_crawl_l
xanim,#vm_smg_folding_crawl_b
xanim,#vm_smg_folding_crawl_f
xanim,#vm_smg_folding_crawl_r
xanim,#vm_scorpion_first_raise
xanim,#ai_zombie_base_run_au_v24
xanim,#ai_zombie_base_run_au_v20
xanim,#ai_zombie_base_run_au_v21
xanim,#ai_zombie_base_run_au_v22
xanim,#ai_zombie_base_run_au_v23
xanim,#hash_f9240d7a1b3e2bb6
xanim,#vm_frag_grenade_pullpin_additive
xanim,#ai_zombie_base_run_au_v11
xanim,#ai_zombie_base_run_au_v13
xanim,#vm_smg_accurate_swim_uw_pullout
xanim,#hash_f92e8003b291f8de
xanim,#hash_f9362ac69217ff5f
xanim,#ai_t8_zm_mob_brutus_boss_death
xanim,#vm_sniper_fast_rechamber_sprint_in
xanim,#hash_7956af580f094577
xanim,#hash_f95ebafe119bceff
xanim,#hash_f96489ef15fd196c
xanim,#hash_f968dc335f364990
xanim,#vm_katana_crawl_out
xanim,#vm_shotgun_pump_crawl_in
xanim,#hash_f98aa6396f49f441
xanim,#vm_shotgun_pump_putaway
xanim,#vm_ar_stealth_crawl_f
xanim,#vm_ar_stealth_crawl_b
xanim,#vm_ar_stealth_crawl_l
xanim,#vm_ar_stealth_crawl_r
xanim,#vm_bowie_knife_t8_melee_in
xanim,#vm_smg_handling_crawl_l
xanim,#vm_smg_handling_crawl_f
xanim,#vm_smg_handling_crawl_b
xanim,#vm_smg_handling_crawl_r
xanim,#vm_smg_folding_ads_base_down
xanim,#vm_ww_freezegun_swim_uw_pullout
xanim,#vm_annihilator_t8_sprint_loop
xanim,#vm_tr_swordfish_reload
xanim,#hash_f9cc048259e1568a
xanim,#vm_sniper_locus_t8_swim_uw_pullout
xanim,#vm_argus_t8_sprint_loop
xanim,#ai_zombie_base_walk_au_v11_pain_chest_f
xanim,#hash_f9edcf4bf6daa9dc
xanim,#hash_f9f45fa0586c8347
xanim,#hash_f9f8349b36ab6a97
xanim,#pt_launcher_crouch_raise
xanim,#hash_fa04526e60f35c90
xanim,#ai_t8_zm_mob_brutus_boss_walk_a
xanim,#vm_ar_lever_action_gunbutt_swipe
xanim,#vm_sniper_mini14_crawl_in
xanim,#vm_mp9_hand_pose_l
xanim,#vm_mp9_hand_pose_r
xanim,#vm_zom_monkey_bomb_ads_up
xanim,#ai_t8_zm_mob_brutus_run_a
xanim,#vm_demo_hammer_putaway_quick
xanim,#ai_t8_zm_zombie_base_stn_idle_react_f_04
xanim,#ai_t8_zm_zombie_base_stn_idle_react_f_05
xanim,#ai_t8_zm_zombie_base_stn_idle_react_f_02
xanim,#ai_t8_zm_zombie_base_stn_idle_react_f_03
xanim,#ai_t8_zm_zombie_base_stn_idle_react_f_01
xanim,#vm_tr_midburst_jump
xanim,#vm_ar_an94_t8_crawl_out
xanim,#hash_fa73a753b56eb14e
xanim,#hash_fa759c6bc6b8273e
xanim,#hash_fa75a66bc6b8383c
xanim,#hash_fa79b790970f709c
xanim,#vm_polynesian_club_t8_melee_out
xanim,#hash_fa8f1aeb69274219
xanim,#hash_fa911795fa6daf3d
xanim,#hash_fa9d5f01020e24e4
xanim,#hash_fa9e7328c2eaf31b
xanim,#hash_7aa37e3d7adf1611
xanim,#ai_zombie_base_walk_au_v3_pain_chest_f
xanim,#hash_faa450e8812643e6
xanim,#hash_faa937346d734170
xanim,#hash_faadbe27c116af67
xanim,#vm_sniper_mini14_fire
xanim,#hash_fabe5c2684b2cd2e
xanim,#vm_annihilator_t8_rechamber
xanim,#vm_ww_blundergat_putaway_quick
xanim,#vm_spork_melee_out
xanim,#vm_special_crossbow_putaway
xanim,#hash_faf07e7d8344dca2
xanim,#vm_sniper_locus_t8_rechamber
xanim,#vm_lmg_heavy_sprint_loop
xanim,#vm_ar_galil_reload
xanim,#ai_t8_zm_mob_brutus_run_exit_3
xanim,#ai_t8_zm_mob_brutus_run_exit_2
xanim,#ai_t8_zm_mob_brutus_run_exit_1
xanim,#ai_t8_zm_mob_brutus_run_exit_7
xanim,#ai_t8_zm_mob_brutus_run_exit_6
xanim,#ai_t8_zm_mob_brutus_run_exit_4
xanim,#ai_t8_zm_mob_brutus_run_exit_9
xanim,#ai_t8_zm_mob_brutus_run_exit_8
xanim,#vm_ar_double_barrel_walk_f
xanim,#vm_bowie_knife_t8_swim_pullout
xanim,#hash_fb2aaab228d39d21
xanim,#hash_fb2b6f4c5eaa826c
xanim,#hash_7b2be4c1c55108f6
xanim,#vm_pistol_revolver_reload_loop
xanim,#hash_7b40dc32f9573cb6
xanim,#hash_fb6d12c743e19c64
xanim,#hash_fb771f69052de6aa
xanim,#hash_fb7a9d63fbc31d7c
xanim,#vm_frag_grenade_pullpin_bare_hands_additive
xanim,#hash_fb80739c8e85ce61
xanim,#vm_sniper_locus_t8_pullout_quick
xanim,#hash_fb8610e21be8f661
xanim,#hash_fb866c22ddd7d97d
xanim,#hash_fb897f5a123a443c
xanim,#pt_rifle_stand_melee_bayonet
xanim,#ai_zombie_base_run_ad_v20_pain_chest_f
xanim,#ai_t8_zm_mob_brutus_sprint_jump_up_96
xanim,#vm_pistol_standard_idle_empty
xanim,#vm_ar_fastfire_ads_base_up
xanim,#hash_fbabeee6e1413f88
xanim,#vm_money_bag_t8_crawl_l
xanim,#vm_money_bag_t8_crawl_b
xanim,#vm_money_bag_t8_crawl_f
xanim,#vm_money_bag_t8_crawl_r
xanim,#hash_fbae6fcfd8b132d6
xanim,#ai_t8_zm_mob_brutus_sprint_jump_up_32
xanim,#ai_t8_zm_mob_brutus_sprint_jump_up_36
xanim,#ai_t8_zm_mob_brutus_sprint_jump_up_48
xanim,#hash_fbbfd77536171f53
xanim,#ai_t8_zm_mob_brutus_sprint_jump_up_72
xanim,#hash_fbdc9ffd28b08d8f
xanim,#vm_money_bag_t8_sprint_pullout
xanim,#hash_fbe474c51ce55823
xanim,#hash_fbeb844008103f50
xanim,#ai_zombie_base_crawl_dth_tesla_a
xanim,#hash_fc03f273ec3d10e0
xanim,#ai_zombie_base_sprint_turn_180_l_v2
xanim,#vm_ww_freezegun_first_raise
xanim,#vm_ww_freezegun_sprint_in
xanim,#vm_ar_fastfire_ads_base_down
xanim,#hash_fc2320616e303853
xanim,#vm_action_figure_ads_base_down
xanim,#hash_7c3ed6728eca1661
xanim,#vm_zom_raygun_mk2_sprint_pullout
xanim,#hash_fc566300f425134d
xanim,#hash_fc60da8ad2077d70
xanim,#hash_fc6dd081ec963a35
xanim,#vm_basketball_putaway
xanim,#hash_fc8928e6df95887c
xanim,#hash_fc90689c9598b111
xanim,#hash_fc91c41283dbfd25
xanim,#ai_zombie_zod_stunned_electrobolt_a
xanim,#ai_zombie_base_sprint_au_v25
xanim,#ai_zombie_base_sprint_au_v22
xanim,#ai_zombie_base_sprint_au_v21
xanim,#ai_zombie_base_sprint_au_v20
xanim,#vm_spork_melee_in
xanim,#hash_fc9ec60528185fd6
xanim,#hash_fcafddb3c344aecc
xanim,#vm_tr_swordfish_sprint_out
xanim,#hash_fcb6b88f4eacd1d8
xanim,#pt_rifle_prone_fire
xanim,#vm_zom_monkey_bomb_ads_down
xanim,#pt_rifle_stand_concussed_loop
xanim,#ai_t8_zm_zombie_base_crawl_mantle_up_36_dn_240
xanim,#ai_zombie_base_walk_ad_v3_pain_chest_f
xanim,#hash_fcfd5145ed097dbe
xanim,#hash_fcfeb20bb9d7d66c
xanim,#vm_pistol_auto_swim_from_land
xanim,#vm_frag_throwback
xanim,#vm_smg_capacity_sprint_putaway
xanim,#vm_smg_thompson_jump
xanim,#hash_fd21f21ffcb7cc38
xanim,#ai_zombie_base_run_ad_v7_pain_chest_f
xanim,#vm_katana_idle
xanim,#hash_fd4f9055efb40528
xanim,#hash_fd5602ca5bd5c8c6
xanim,#hash_fd5854dd72379fee
xanim,#ai_zombie_base_dog_run_attack_low
xanim,#hash_fd6086dc8dc7ddbd
xanim,#hash_fd64fcc7689566ed
xanim,#vm_tr_power_semi_pullout_quick
xanim,#hash_fd73da287b769236
xanim,#hash_fd7a50d20aa42320
xanim,#vm_lmg_mk48_inspect
xanim,#vm_smg_accurate_sprint_out
xanim,#hash_fd88d74673e4e400
xanim,#vm_smg_capacity_ads_base_down
xanim,#hash_fd9c66034011c5da
xanim,#vm_lmg_mg08_crawl_in
xanim,#vm_lmg_heavy_putaway_quick
xanim,#hash_fdc6a64700754ed7
xanim,#vm_launcher_standard_t8_pullout_quick
xanim,#vm_katana_melee_in
xanim,#ai_t8_zombie_base_sprint_attack_01
xanim,#hash_fdebaebc2d1ae206
xanim,#ai_t8_zombie_base_sprint_attack_16
xanim,#ai_t8_zombie_base_sprint_attack_18
xanim,#hash_fdff46bad34832cd
xanim,#vm_shotgun_semiauto_jump_land
xanim,#pt_rifle_stand_shoot
xanim,#vm_pistol_standard_idle
xanim,#vm_ar_galil_sprint_drop
xanim,#hash_fe235b73ea802a2e
xanim,#hash_fe336ee2b3a05052
xanim,#hash_fe3e1e4d13d7e9dc
xanim,#hash_fe3fee6fd761a89c
xanim,#hash_fe47248fd75cdd8b
xanim,#vm_sniper_vanguard_crawl_l
xanim,#vm_sniper_vanguard_crawl_b
xanim,#vm_sniper_vanguard_crawl_f
xanim,#vm_sniper_vanguard_crawl_r
xanim,#hash_fe4affeb32cd9421
xanim,#hash_fe52055ab29a68b9
xanim,#hash_fe586a425d0aca20
xanim,#hash_fe5f548fa6dac1bd
xanim,#ai_zombie_base_walk_au_v15_pain_chest_f
xanim,#vm_ww_akud_sprint_pullout
xanim,#hash_fe7b71fbfa9d452d
xanim,#vm_tr_damageburst_t8_crawl_out
xanim,#vm_ww_freezegun_putaway
xanim,#pt_rifle_prone_melee
xanim,#vm_ar_double_barrel_reload_empty_fast
xanim,#hash_fea72e3f5a736d6a
xanim,#ai_zombie_base_walk_au_v23_pain_chest_f
xanim,#vm_ar_an94_t8_sprint_out
xanim,#hash_feba8593d32bb0f8
xanim,#hash_fec27ab2ee05b226
xanim,#hash_7ecc23c39dc453b6
xanim,#vm_sniper_power_semi_hand_pose_l
xanim,#vm_sniper_power_semi_hand_pose_r
xanim,#vm_ar_standard_fire_ads
xanim,#hash_7edadc6004209e0c
xanim,#hash_7edcbbc39dd21631
xanim,#hash_fee936ea4fc6af07
xanim,#hash_feee3272ac31c0cb
xanim,#ai_zombie_base_sprint_turn_135_r_v2
xanim,#hash_fef62c46740f4abf
xanim,#hash_fef64246740f7021
xanim,#ai_zombie_base_run_au_v9
xanim,#ai_zombie_base_run_au_v4
xanim,#ai_zombie_base_run_au_v5
xanim,#ai_zombie_base_run_au_v2
xanim,#ai_zombie_base_run_au_v1
xanim,#hash_7f09327a5765951d
xanim,#vm_homunculus_ads_base_up
xanim,#vm_pistol_auto_ads_base_down
xanim,#vm_pistol_revolver_pullout
xanim,#vm_tr_midburst_sprint_in
xanim,#vm_ar_stealth_fire_intro
xanim,#vm_grapple_gun_idle_l_brawler_additive
xanim,#hash_ff35e573b0aac72b
xanim,#vm_zom_arm_hand_pose_r
xanim,#vm_zom_arm_hand_pose_l
xanim,#hash_ff46c3d027235588
xanim,#pt_sniper_quickscope_stand_inspect
xanim,#hash_ff49a556a68071a6
xanim,#hash_ff49bf56a6809dd4
xanim,#hash_ff4a62af699d8072
xanim,#vm_smg_accurate_pullout_quick
xanim,#vm_smg_fastfire_crawl_in
xanim,#hash_ff770344fb750038
xanim,#hash_ff7c3b569ebc2d77
xanim,#hash_ff84870bcfc7f722
xanim,#hash_ff8d3a055da1d314
xanim,#vm_tr_power_semi_swim_uw_in
xanim,#vm_sniper_damagesemi_reload_loop
xanim,#vm_smg_accurate_jump
xanim,#vm_smg_vmp_t8_crawl_r
xanim,#vm_smg_vmp_t8_crawl_l
xanim,#vm_smg_vmp_t8_crawl_f
xanim,#vm_smg_vmp_t8_crawl_b
xanim,#hash_ffb06efb18956502
xanim,#hash_ffb530051d03b590
xanim,#hash_7fb58f0da8abb15a
xanim,#vm_launcher_standard_t8_first_raise
xanim,#vm_ar_fastfire_fire_ads
xanim,#vm_action_figure_crawl_out
xanim,#hash_ffcec59d2a4fe9e9
xanim,#hash_ffd4789e3282d36d
xanim,#vm_ar_peacekeeper_t8_fire_last
xanim,#vm_ar_peacekeeper_t8_gunbutt_swipe
xanim,#vm_argus_t8_pullout_quick
xanim,#hash_ffea80cd2bf19cc2
xmodelmesh,#hash_80013ed818095a47
xmodelmesh,#hash_35c12b1bfe73a
xmodelmesh,#hash_8003ddbf56b10d08
xmodelmesh,#hash_84ea07adbd477
xmodelmesh,#hash_8ab673fa42ed1
xmodelmesh,#hash_c7f09254c711a
xmodelmesh,#hash_800ed947dc6ba978
xmodelmesh,#hash_f9ef0d661848c
xmodelmesh,#hash_11470b3576efee
xmodelmesh,#hash_12d27acc38d7f2
xmodelmesh,#hash_12d5e371f9c607
xmodelmesh,#hash_14290d1a905122
xmodelmesh,#hash_14b5433837faff
xmodelmesh,#hash_185abb56e8585b
xmodelmesh,#hash_801946abcf1038b2
xmodelmesh,#hash_19775badd07f38
xmodelmesh,#hash_1e10b88e494536
xmodelmesh,#hash_200ab7269a8fdb
xmodelmesh,#hash_22848a8a508867
xmodelmesh,#hash_23e7b635f2320b
xmodelmesh,#hash_244a13e5a8b692
xmodelmesh,#hash_247c1d339a08ce
xmodelmesh,#hash_25a979db2b0b9b
xmodelmesh,#hash_27793d2ba8fbc4
xmodelmesh,#hash_277d9c7a9178a5
xmodelmesh,#hash_27d70a34794d50
xmodelmesh,#hash_27e96d008eee4d
xmodelmesh,#hash_286768781d74d8
xmodelmesh,#hash_28be7140ffcc00
xmodelmesh,#hash_294067215e3d72
xmodelmesh,#hash_2b081f440b03c7
xmodelmesh,#hash_802b9f15970ffd80
xmodelmesh,#hash_802c725623138595
xmodelmesh,#hash_2dedb971c8ea39
xmodelmesh,#hash_2ee71ecfae5cf3
xmodelmesh,#hash_2f51f733e90cdd
xmodelmesh,#hash_30a98c6d67b481
xmodelmesh,#hash_318cff2b0d362a
xmodelmesh,#hash_320b070c37b3c9
xmodelmesh,#hash_32ef443e4ce7ec
xmodelmesh,#hash_351cc3a2905d43
xmodelmesh,#hash_80387175a848ab84
xmodelmesh,#hash_3ad1f2de17040e
xmodelmesh,#hash_3af9c6e03338e5
xmodelmesh,#hash_3e8cfef26f1f18
xmodelmesh,#hash_403b1ccc213a4b
xmodelmesh,#hash_43b55f241bd62e
xmodelmesh,#hash_449a99d225a391
xmodelmesh,#hash_462a2349e3f19b
xmodelmesh,#hash_46b1785d3f8f75
xmodelmesh,#hash_47f5b60da0e0e1
xmodelmesh,#hash_49fcacbb0f4bd9
xmodelmesh,#hash_804a11928e23eb24
xmodelmesh,#hash_4ad2d67d4d5b9d
xmodelmesh,#hash_804b73eba77dfd58
xmodelmesh,#hash_4d72882e5e9528
xmodelmesh,#hash_518a5cff347178
xmodelmesh,#hash_530b2b8abbf1f9
xmodelmesh,#hash_530d597ff36c86
xmodelmesh,#hash_57249f0eb01dce
xmodelmesh,#hash_574420f5e0121f
xmodelmesh,#hash_581120b3cf3ca1
xmodelmesh,#hash_587d2a13e4a470
xmodelmesh,#hash_5aaa075f972a02
xmodelmesh,#hash_5c280574a854be
xmodelmesh,#hash_5cf64d5dfe233f
xmodelmesh,#hash_5d7d8a43acd905
xmodelmesh,#hash_5e9972e8c692a9
xmodelmesh,#hash_805eb54a63b1dcae
xmodelmesh,#hash_8060a84fe86d3e12
xmodelmesh,#hash_80621a10b5fd57d0
xmodelmesh,#hash_62c1ea12471034
xmodelmesh,#hash_8062cf256e33d3de
xmodelmesh,#hash_67d241fb3170e4
xmodelmesh,#hash_8068868153d0f56a
xmodelmesh,#hash_806b11ea9bd81aeb
xmodelmesh,#hash_6cabe3460ea793
xmodelmesh,#hash_6d8fa72ece8c42
xmodelmesh,#hash_6fc6b412fe732e
xmodelmesh,#hash_8070e500d2b26c7e
xmodelmesh,#hash_7241f2e9fe24d7
xmodelmesh,#hash_7383dea192b361
xmodelmesh,#hash_80742869c4f24996
xmodelmesh,#hash_80760e4bfaf5f5f2
xmodelmesh,#hash_773e0eb115c822
xmodelmesh,#hash_77c5ab8b3f9cbe
xmodelmesh,#hash_788e3caeafa517
xmodelmesh,#hash_7ac94eda5fb8b8
xmodelmesh,#hash_7bf24ae5f8b945
xmodelmesh,#hash_7e285e40bb35ba
xmodelmesh,#hash_7ec75e4fd53bc8
xmodelmesh,#hash_7ee24ec7688d7d
xmodelmesh,#hash_82c73079db45c1
xmodelmesh,#hash_884b8cd248d8ea
xmodelmesh,#hash_8c4a1a0e76a0ca
xmodelmesh,#hash_8d4602f4c87607
xmodelmesh,#hash_907676574d2747
xmodelmesh,#hash_92bece61f1a39e
xmodelmesh,#hash_934aa5fdd9bd07
xmodelmesh,#hash_948280a4b51359
xmodelmesh,#hash_80954fea9aa00568
xmodelmesh,#hash_96b2cea8f68542
xmodelmesh,#hash_9724d0c3c15252
xmodelmesh,#hash_97345634e8ce26
xmodelmesh,#hash_80977c74892c1de0
xmodelmesh,#hash_99beda344b8903
xmodelmesh,#hash_9c87976439d678
xmodelmesh,#hash_a1f562c5a83b6c
xmodelmesh,#hash_80a2dd757b781583
xmodelmesh,#hash_80a40e97793202c1
xmodelmesh,#hash_80a46d88561275a3
xmodelmesh,#hash_a7df3f33375623
xmodelmesh,#hash_aa65e9f1ac9b18
xmodelmesh,#hash_ab007bb3bf642c
xmodelmesh,#hash_ab925132328ef4
xmodelmesh,#hash_ac8a2ea8f9147e
xmodelmesh,#hash_af6b3328327e8d
xmodelmesh,#hash_b54a4c79469c83
xmodelmesh,#hash_b9636f20befe24
xmodelmesh,#hash_ba9f5030dd4a4c
xmodelmesh,#hash_bb81e19f0f3554
xmodelmesh,#hash_80bee81b244dc0fa
xmodelmesh,#hash_c12553ed662c81
xmodelmesh,#hash_80c1c5acd7bcc019
xmodelmesh,#hash_c28d98a80839cc
xmodelmesh,#hash_c4c7accf8c4782
xmodelmesh,#hash_c4ffa0b5fab509
xmodelmesh,#hash_c7a136b866e4c5
xmodelmesh,#hash_c9f0f54dc280e6
xmodelmesh,#hash_caf38a8e46fb3b
xmodelmesh,#hash_cd62fbc4040257
xmodelmesh,#hash_80ce0bbf5d3cb7c3
xmodelmesh,#hash_80ce9242bc8ab861
xmodelmesh,#hash_ceb43dffccf84a
xmodelmesh,#hash_ced4e436664f94
xmodelmesh,#hash_80d011c314a4cda1
xmodelmesh,#hash_80d062d64de06f55
xmodelmesh,#hash_d0a754003bc562
xmodelmesh,#hash_80d8ec2867b02230
xmodelmesh,#hash_d90d2bce386822
xmodelmesh,#hash_db830f149691c9
xmodelmesh,#hash_e25ddcf3c9c4d5
xmodelmesh,#hash_80e34cbfc639b5d4
xmodelmesh,#hash_e3ae682278671e
xmodelmesh,#hash_80e9618183cfa00b
xmodelmesh,#hash_e9fd67fe49dcdc
xmodelmesh,#hash_ea41e355a0f578
xmodelmesh,#hash_efcbfe785a817f
xmodelmesh,#hash_f1e9f449e331ad
xmodelmesh,#hash_80f2b5b7cfe2a6f2
xmodelmesh,#hash_f3133908a62192
xmodelmesh,#hash_f83bb7dd595dbf
xmodelmesh,#hash_f9646f640543ed
xmodelmesh,#hash_f96baa3f8c0eb7
xmodelmesh,#hash_80fcce8bf4d0e51e
xmodelmesh,#hash_fd971572c5645d
xmodelmesh,#hash_1034ac44ffad3c1
xmodelmesh,#hash_81036aedeb08e6c2
xmodelmesh,#hash_105fc6ca0c6112b
xmodelmesh,#hash_107064bac7e87dc
xmodelmesh,#hash_8107415c5a6d4fdb
xmodelmesh,#hash_10758674cd1b54a
xmodelmesh,#hash_108fbd3abe44864
xmodelmesh,#hash_109c90990ea4fda
xmodelmesh,#hash_10ac75c17e7b9ff
xmodelmesh,#hash_10c68ec25e841a3
xmodelmesh,#hash_10c799844b5a971
xmodelmesh,#hash_10cc12da27df30a
xmodelmesh,#hash_10e1b64694ca06d
xmodelmesh,#hash_10f4503a3e6012c
xmodelmesh,#hash_10fa917da4f6ada
xmodelmesh,#hash_10fc7c00e5718ec
xmodelmesh,#hash_110b13af8c99827
xmodelmesh,#hash_1134f5fed7db5dd
xmodelmesh,#hash_115a79f1f2dac9e
xmodelmesh,#hash_1173797451d671b
xmodelmesh,#hash_117ee0ab966a7ba
xmodelmesh,#hash_117f00f364e314c
xmodelmesh,#hash_118972941105971
xmodelmesh,#hash_811a457d571eef2b
xmodelmesh,#hash_11ce1ec6ffa0b89
xmodelmesh,#hash_811edb58f95328d4
xmodelmesh,#hash_11fbc9c46674140
xmodelmesh,#hash_11fe114d197974e
xmodelmesh,#hash_8120e9a4a2ca726a
xmodelmesh,#hash_8122abc01f00e646
xmodelmesh,#hash_1230d1b4bb6ddc3
xmodelmesh,#hash_1248a9c517787a3
xmodelmesh,#hash_12b52f6bbc946c0
xmodelmesh,#hash_812b642e1fbbfa96
xmodelmesh,#hash_812bb0fb649cc9a4
xmodelmesh,#hash_12ece009e307a86
xmodelmesh,#hash_13000d46db0cda4
xmodelmesh,#hash_8131e7a0f1a772e2
xmodelmesh,#hash_13748ceacd54e09
xmodelmesh,#hash_13955e6ab54fe93
xmodelmesh,#hash_139d3e9eda7d229
xmodelmesh,#hash_813b5a9b030546c6
xmodelmesh,#hash_13c9daea163df8d
xmodelmesh,#hash_13e99eccccff4f5
xmodelmesh,#hash_13ed8bca51117a5
xmodelmesh,#hash_13f13817c95dbe5
xmodelmesh,#hash_1400b8a2d09d58a
xmodelmesh,#hash_81411056b4b0f6a2
xmodelmesh,#hash_141d3bed4acb45f
xmodelmesh,#hash_141ed0b03512fe0
xmodelmesh,#hash_1446afedc3ec71e
xmodelmesh,#hash_144bd7fba3c355c
xmodelmesh,#hash_146385ab42a7f4b
xmodelmesh,#hash_146477144416d0b
xmodelmesh,#hash_8146f47f16d023ab
xmodelmesh,#hash_1482b788b2ee621
xmodelmesh,#hash_14876e69f5c936e
xmodelmesh,#hash_14dc0571d9efa34
xmodelmesh,#hash_14e9e67ef461a0a
xmodelmesh,#hash_14f0ac76deceee2
xmodelmesh,#hash_14f7f17fad66e5a
xmodelmesh,#hash_14f9678fd179687
xmodelmesh,#hash_150bcd323eaf869
xmodelmesh,#hash_1524cd2ddc57f86
xmodelmesh,#hash_15281be10017da2
xmodelmesh,#hash_15745e4ba9d406b
xmodelmesh,#hash_15a617c18c10814
xmodelmesh,#hash_15aa4cd7d4019f2
xmodelmesh,#hash_15e817182aa223e
xmodelmesh,#hash_15fe3fa2b174355
xmodelmesh,#hash_161326d847726a2
xmodelmesh,#hash_161f5d8eacf6300
xmodelmesh,#hash_164f914a57a9008
xmodelmesh,#hash_16628ea2bd2b0f7
xmodelmesh,#hash_16977e94f2570dc
xmodelmesh,#hash_8169d90f7c068793
xmodelmesh,#hash_16ab9407270ce86
xmodelmesh,#hash_816b339ebc83a1f5
xmodelmesh,#hash_16c0342f7dbcf88
xmodelmesh,#hash_16d33e7cd1756e8
xmodelmesh,#hash_16e002b58b30079
xmodelmesh,#hash_1723a7ec984e448
xmodelmesh,#hash_176c692a3d8b464
xmodelmesh,#hash_8176c87d35749344
xmodelmesh,#hash_17c3aa49fec8a5b
xmodelmesh,#hash_17ff937db79fec0
xmodelmesh,#hash_180b27fa0f6a589
xmodelmesh,#hash_181081165dc48f1
xmodelmesh,#hash_181c6edfd05a8f1
xmodelmesh,#hash_182bf173b53275d
xmodelmesh,#hash_1830d6f6e00bfac
xmodelmesh,#hash_1836e5fd7f7db78
xmodelmesh,#hash_185adfda28f53a0
xmodelmesh,#hash_1860f5e7f929589
xmodelmesh,#hash_186e6b0be3826c0
xmodelmesh,#hash_818832ec111a7652
xmodelmesh,#hash_18aeb2e7396c372
xmodelmesh,#hash_18c9f0c3b9ae026
xmodelmesh,#hash_18f67fbec204c0d
xmodelmesh,#hash_1910dca0d9f6724
xmodelmesh,#hash_1913c26d52e30de
xmodelmesh,#hash_8192b83d10a78593
xmodelmesh,#hash_192d1dc8caad904
xmodelmesh,#hash_1935a305b4a6830
xmodelmesh,#hash_193e96087875d01
xmodelmesh,#hash_19538098a82cf98
xmodelmesh,#hash_196a4b298010007
xmodelmesh,#hash_198adb815566652
xmodelmesh,#hash_19a640aa0a3ee22
xmodelmesh,#hash_19a85f381883f74
xmodelmesh,#hash_19bda62c72c7357
xmodelmesh,#hash_19cf98e6cc0ba60
xmodelmesh,#hash_819e6e72edfd1432
xmodelmesh,#hash_19ef427867e44ad
xmodelmesh,#hash_1a3c18dadd28ae9
xmodelmesh,#hash_1a5e35a9c8da4c3
xmodelmesh,#hash_1a82d7afbdbb9eb
xmodelmesh,#hash_1aaea380077e7d5
xmodelmesh,#hash_1acdf378c0360b4
xmodelmesh,#hash_1ace54db13a3b4a
xmodelmesh,#hash_1ace96ab87894e2
xmodelmesh,#hash_1addb4909a5650c
xmodelmesh,#hash_1ae23237e28f0e8
xmodelmesh,#hash_1afd2dcc2ffbc18
xmodelmesh,#hash_1b2e9a4577437f5
xmodelmesh,#hash_81b875c8cc188a57
xmodelmesh,#hash_1ba7130d677b607
xmodelmesh,#hash_81ba901ba0358b46
xmodelmesh,#hash_1bcbf33dc4e4330
xmodelmesh,#hash_1bd4cd2a8250221
xmodelmesh,#hash_1bf790ee4a10724
xmodelmesh,#hash_1c0834105d735c0
xmodelmesh,#hash_1c0c40d40821638
xmodelmesh,#hash_1c3809207676b2a
xmodelmesh,#hash_81c443cf4b6eb6fd
xmodelmesh,#hash_1c5b4a30aec1c90
xmodelmesh,#hash_1c65e9778aad53f
xmodelmesh,#hash_1c6edcafe43123f
xmodelmesh,#hash_1c9219b28888749
xmodelmesh,#hash_1c951afa52dcff2
xmodelmesh,#hash_81c9cc0afc933ae4
xmodelmesh,#hash_1cac2357230f1fc
xmodelmesh,#hash_1cb29c99421fd9d
xmodelmesh,#hash_1cc3227c0a3de5a
xmodelmesh,#hash_1ce1e0079558c7b
xmodelmesh,#hash_81ce294deacaa913
xmodelmesh,#hash_1ce5adbed8db346
xmodelmesh,#hash_1cfab5ae6da41e6
xmodelmesh,#hash_81d0ee7340475cc8
xmodelmesh,#hash_1d117800b2f6a4f
xmodelmesh,#hash_1d16e432994d2c1
xmodelmesh,#hash_1d2b77a74d816e5
xmodelmesh,#hash_1d5cebdb60fa31f
xmodelmesh,#hash_81d5e912a1ccca7c
xmodelmesh,#hash_1d9a6a29236f9d1
xmodelmesh,#hash_81db4220cbf3c99f
xmodelmesh,#hash_1dbd9779ed85d77
xmodelmesh,#hash_1de664cb3f23c1a
xmodelmesh,#hash_1dfc42fb92ca778
xmodelmesh,#hash_1dfd92d33669c91
xmodelmesh,#hash_1dfeef6a5941bde
xmodelmesh,#hash_1e36c6d38ab8287
xmodelmesh,#hash_1e43c23e7014b63
xmodelmesh,#hash_1e5005a4de3a36e
xmodelmesh,#hash_1e575a22e534c68
xmodelmesh,#hash_81e68cf5aa03104d
xmodelmesh,#hash_81e9d47aa04c5be5
xmodelmesh,#hash_1eace1fafe5d327
xmodelmesh,#hash_1eb7bfe2a7d7e9f
xmodelmesh,#hash_1ecfb6fe495dae5
xmodelmesh,#hash_81ee52f6bf2fedaa
xmodelmesh,#hash_81ee90df0f38ec7b
xmodelmesh,#hash_1f2281151482331
xmodelmesh,#hash_1f22d546936ffdd
xmodelmesh,#hash_1f621da5fb2b5ca
xmodelmesh,#hash_81f835b92a3959a0
xmodelmesh,#hash_1f953d617f787ec
xmodelmesh,#hash_1fb13cdbc8c72dc
xmodelmesh,#hash_1fb7674a58cdeb5
xmodelmesh,#hash_1fcd641f32ae5e2
xmodelmesh,#hash_1fd568aff24a7fc
xmodelmesh,#hash_1ff3fad7777b1c2
xmodelmesh,#hash_200d029b2e1628f
xmodelmesh,#hash_20211c20ecb7c57
xmodelmesh,#hash_2048ef6e8c0d3c0
xmodelmesh,#hash_2067474217987d1
xmodelmesh,#hash_82083448e526c915
xmodelmesh,#hash_8208c0cdb4fd8bf8
xmodelmesh,#hash_208c5636bf087a0
xmodelmesh,#hash_20b57abfc33a902
xmodelmesh,#hash_20d03651f6f97ed
xmodelmesh,#hash_215e89f76512d32
xmodelmesh,#hash_218c3fb937181ac
xmodelmesh,#hash_219302a57877633
xmodelmesh,#hash_8219a38b6f090340
xmodelmesh,#hash_21b6779ce98b44a
xmodelmesh,#hash_21fc5ba4bb96775
xmodelmesh,#hash_222202ba6a38b9e
xmodelmesh,#hash_8224ba81d75dab9e
xmodelmesh,#hash_82262e142e972c10
xmodelmesh,#hash_226f1c6b8a5c34b
xmodelmesh,#hash_22b42fcc8167a60
xmodelmesh,#hash_22dbeb080b1a863
xmodelmesh,#hash_22e74681be3be83
xmodelmesh,#hash_823094d733754b71
xmodelmesh,#hash_230b3e1a91e6118
xmodelmesh,#hash_2314d02454d0238
xmodelmesh,#hash_23161da7722aaba
xmodelmesh,#hash_2326f8d0c5debdf
xmodelmesh,#hash_23292f59624cb63
xmodelmesh,#hash_232cd4fb41a5ec4
xmodelmesh,#hash_8233c461c84981ff
xmodelmesh,#hash_233dd910478853e
xmodelmesh,#hash_82398d2ba4a4e7a3
xmodelmesh,#hash_8239ea58bfd8016d
xmodelmesh,#hash_23c454743ca33cd
xmodelmesh,#hash_823fafee11b56143
xmodelmesh,#hash_8240491d942737cd
xmodelmesh,#hash_24176ec2f922fb7
xmodelmesh,#hash_243afada53e8986
xmodelmesh,#hash_2466fca216fc2a5
xmodelmesh,#hash_24898aa04636dad
xmodelmesh,#hash_249348bded60c64
xmodelmesh,#hash_24a4bb12480675c
xmodelmesh,#hash_24aaccb9574eebc
xmodelmesh,#hash_24ac825a7479a26
xmodelmesh,#hash_24b64fc7d2ee3db
xmodelmesh,#hash_82511675de5325f0
xmodelmesh,#hash_2529f3533846426
xmodelmesh,#hash_252cdfd7d9b80ab
xmodelmesh,#hash_253c25423fb6c8c
xmodelmesh,#hash_25416102c64c339
xmodelmesh,#hash_2558d728b31bfd6
xmodelmesh,#hash_2568dc8c551ec5c
xmodelmesh,#hash_2591a2ba8a91773
xmodelmesh,#hash_25cb133133d361b
xmodelmesh,#hash_26250636bff7212
xmodelmesh,#hash_2638225e25c4abd
xmodelmesh,#hash_26498a9040321ce
xmodelmesh,#hash_2679605a5628b0d
xmodelmesh,#hash_268106dac28c25c
xmodelmesh,#hash_2696f6f36ed13f7
xmodelmesh,#hash_26a8ca9616d7f72
xmodelmesh,#hash_26d68ddf92cbf48
xmodelmesh,#hash_2705c9a2338afc1
xmodelmesh,#hash_272186044870c13
xmodelmesh,#hash_272f4629f4951be
xmodelmesh,#hash_27320488350c9f5
xmodelmesh,#hash_27488f8cd831caf
xmodelmesh,#hash_2748e2414632030
xmodelmesh,#hash_8275266ad307c610
xmodelmesh,#hash_27a6300d8e1f602
xmodelmesh,#hash_27ae0288e51bd87
xmodelmesh,#hash_827c7e6da8b39fe9
xmodelmesh,#hash_27e4a81d6e2760a
xmodelmesh,#hash_27f5c1ae9bd1f1c
xmodelmesh,#hash_27fb08f11f63850
xmodelmesh,#hash_281a491e7d18afb
xmodelmesh,#hash_2829339b1420645
xmodelmesh,#hash_28375dab3e62b8c
xmodelmesh,#hash_283c5360932afb3
xmodelmesh,#hash_284e0fc4842377b
xmodelmesh,#hash_8286e4299c38d1e5
xmodelmesh,#hash_82874ccf22dcf0f3
xmodelmesh,#hash_28b1d9ade5b6121
xmodelmesh,#hash_28ba36c74429f08
xmodelmesh,#hash_28ee2a547e9a3d3
xmodelmesh,#hash_28f6c748069e9d4
xmodelmesh,#hash_2916f50371aad92
xmodelmesh,#hash_2917b743af34aa8
xmodelmesh,#hash_2992ddb0cf0ad89
xmodelmesh,#hash_29b9716ad3ed4b7
xmodelmesh,#hash_829bf5a3689f606d
xmodelmesh,#hash_29dc080ea0fb70f
xmodelmesh,#hash_29e9308625fa780
xmodelmesh,#hash_82a11fe29f9b4527
xmodelmesh,#hash_2a20cb0d1b83497
xmodelmesh,#hash_2a2ec86a9e0da1d
xmodelmesh,#hash_2a3b29e358c426f
xmodelmesh,#hash_2a5901573916b0c
xmodelmesh,#hash_2a74202789684a5
xmodelmesh,#hash_2a7cefd6f7495b2
xmodelmesh,#hash_2a7e2ac2384579b
xmodelmesh,#hash_2a7f80cab09eabe
xmodelmesh,#hash_2a886ca253654d5
xmodelmesh,#hash_2a8b47cbefb08e7
xmodelmesh,#hash_2ab027f2e0865d1
xmodelmesh,#hash_82ab4391e20690a3
xmodelmesh,#hash_2abecfcc0567756
xmodelmesh,#hash_2b0425035fc441b
xmodelmesh,#hash_2b04fdbc651f571
xmodelmesh,#hash_2b491409f94dfec
xmodelmesh,#hash_2b55438237622c9
xmodelmesh,#hash_2b78a7b22625361
xmodelmesh,#hash_2bb674664886c58
xmodelmesh,#hash_2bc75f0189fea29
xmodelmesh,#hash_2bf2326ba349e45
xmodelmesh,#hash_2bf42ca871977c1
xmodelmesh,#hash_2c043b1636c9a50
xmodelmesh,#hash_2c1ac67e6080190
xmodelmesh,#hash_2c31d9e3430c099
xmodelmesh,#hash_2c6e2d33ca6693d
xmodelmesh,#hash_2c82fff08278d92
xmodelmesh,#hash_2c83c39c4b0cf89
xmodelmesh,#hash_2c85d80adcc7256
xmodelmesh,#hash_2c96526f87b2523
xmodelmesh,#hash_2cb84071b70b25c
xmodelmesh,#hash_82ccfd71ddd0d0cb
xmodelmesh,#hash_2cde3f4e7031ab3
xmodelmesh,#hash_2d01d99437cd7b8
xmodelmesh,#hash_2d0e177e62c7618
xmodelmesh,#hash_2d24b734ecdeccf
xmodelmesh,#hash_2d3cdd06be88e91
xmodelmesh,#hash_2d40987c16e1cdd
xmodelmesh,#hash_2d5ddd4998f95bf
xmodelmesh,#hash_2d6de8ad7848bc0
xmodelmesh,#hash_2d9aa3d8e8dc8bc
xmodelmesh,#hash_2d9e9f30d6f90ac
xmodelmesh,#hash_2df5eb03ed25b6d
xmodelmesh,#hash_2dfc9d01e9dd117
xmodelmesh,#hash_2e06876a66ada00
xmodelmesh,#hash_82e0d2572981ff9c
xmodelmesh,#hash_2e1539cd02234df
xmodelmesh,#hash_82e230712ab0c3e3
xmodelmesh,#hash_2e5bd3c99f8946c
xmodelmesh,#hash_2e816ab4217a666
xmodelmesh,#hash_82e98bbf2046e68b
xmodelmesh,#hash_2e9fa8ac299e22d
xmodelmesh,#hash_2eb71ec0b524db3
xmodelmesh,#hash_82ec22f8ccf1a86e
xmodelmesh,#hash_2ecabc55122f421
xmodelmesh,#hash_2ee00ab66919d77
xmodelmesh,#hash_2ee463514ff6f74
xmodelmesh,#hash_2ef14c1b7b0c9c6
xmodelmesh,#hash_2f000f1133070b1
xmodelmesh,#hash_2f049704dc35d20
xmodelmesh,#hash_2f29040e1f1e2c8
xmodelmesh,#hash_82f2b79d28e78508
xmodelmesh,#hash_82f37640929d6a4c
xmodelmesh,#hash_2f54dc978294f3c
xmodelmesh,#hash_2f9989c5d0a6c65
xmodelmesh,#hash_82fc381ffab0008c
xmodelmesh,#hash_2fdc139dcfa2328
xmodelmesh,#hash_82ff14bf0916ab6f
xmodelmesh,#hash_2ff545df36da194
xmodelmesh,#hash_82ffe1ce099a768a
xmodelmesh,#hash_2fffc794d79a969
xmodelmesh,#hash_301dd5ba3c54b52
xmodelmesh,#hash_8302e9ef947df2e1
xmodelmesh,#hash_30320100e8d1311
xmodelmesh,#hash_304b9c7a82bbcdf
xmodelmesh,#hash_304c0eef1cc33b9
xmodelmesh,#hash_3058dc4ec8c5c7f
xmodelmesh,#hash_305d49821567679
xmodelmesh,#hash_306d7f66c4d6a19
xmodelmesh,#hash_30becff0af75380
xmodelmesh,#hash_30ed9625695ed07
xmodelmesh,#hash_30f044c5a284c71
xmodelmesh,#hash_30f452ce5247246
xmodelmesh,#hash_31064aa86d7ba9a
xmodelmesh,#hash_3148c9143b9476b
xmodelmesh,#hash_316659862089d9b
xmodelmesh,#hash_8317580f91cbd122
xmodelmesh,#hash_31821afff051f7a
xmodelmesh,#hash_318ecba131bd708
xmodelmesh,#hash_31c4d11f6d1e4e6
xmodelmesh,#hash_831ee88f765b4d53
xmodelmesh,#hash_83214127c6f72b42
xmodelmesh,#hash_323aae579d85957
xmodelmesh,#hash_325df0d96978c54
xmodelmesh,#hash_32661d5f1422c48
xmodelmesh,#hash_8327e46c7ab8f52f
xmodelmesh,#hash_3284ff5e594fd07
xmodelmesh,#hash_328e2a03bbe9f52
xmodelmesh,#hash_32bb137694ce336
xmodelmesh,#hash_32d0b43578dabd9
xmodelmesh,#hash_32e5ae4f6c432ce
xmodelmesh,#hash_331077de29c8a19
xmodelmesh,#hash_331c5dfed92c5ba
xmodelmesh,#hash_332ac0ee2559396
xmodelmesh,#hash_8333f5e40c03128b
xmodelmesh,#hash_3368ad9a2fcf7c7
xmodelmesh,#hash_340fee1b19b0009
xmodelmesh,#hash_342a9f28e315cb7
xmodelmesh,#hash_344211a96746411
xmodelmesh,#hash_34431371daee91d
xmodelmesh,#hash_3445f9d6f1c2b16
xmodelmesh,#hash_34582d8c4cc8894
xmodelmesh,#hash_34aecc131397a24
xmodelmesh,#hash_34ee66688b1146c
xmodelmesh,#hash_34fd119693a99fb
xmodelmesh,#hash_3529f8b9e4e9d63
xmodelmesh,#hash_352c44dca0963d2
xmodelmesh,#hash_356a9415bc722c2
xmodelmesh,#hash_3577314c9f48ae6
xmodelmesh,#hash_357942090446146
xmodelmesh,#hash_835b80160825b82b
xmodelmesh,#hash_35e343dae5cd88f
xmodelmesh,#hash_3603752d0afcff8
xmodelmesh,#hash_36314a2d5f9df8b
xmodelmesh,#hash_363d37537070bbd
xmodelmesh,#hash_363e1fb1738a07a
xmodelmesh,#hash_36a9df8347efd2f
xmodelmesh,#hash_36e9aa6c867f4ef
xmodelmesh,#hash_36ea2f05f2ee97c
xmodelmesh,#hash_36fb6a6fc4f3f86
xmodelmesh,#hash_370bc40613bc313
xmodelmesh,#hash_83717f27c91312c5
xmodelmesh,#hash_374bed9ad21dc6d
xmodelmesh,#hash_3761d260ddb4bb6
xmodelmesh,#hash_376f54113f10219
xmodelmesh,#hash_83786e1837fc64c5
xmodelmesh,#hash_37a616e1314024b
xmodelmesh,#hash_37c85a763b3095d
xmodelmesh,#hash_37d71aa7302ee1c
xmodelmesh,#hash_37fa42354c0ec60
xmodelmesh,#hash_3827ea60fb5ca74
xmodelmesh,#hash_3846edb455f8484
xmodelmesh,#hash_384725888a3cb48
xmodelmesh,#hash_384ce4e2c9bbbdb
xmodelmesh,#hash_385e7898280f553
xmodelmesh,#hash_3880a55d4b148a0
xmodelmesh,#hash_838a23808cd62fce
xmodelmesh,#hash_38bba16a88ff36d
xmodelmesh,#hash_38bec05ead241c0
xmodelmesh,#hash_38c15d122680ae7
xmodelmesh,#hash_38d868fd206e672
xmodelmesh,#hash_38e9f14915b7efe
xmodelmesh,#hash_38fed0f6ca6f9df
xmodelmesh,#hash_391b55a584cdcd2
xmodelmesh,#hash_3928b5010adfa0d
xmodelmesh,#hash_3931cd2dc96810a
xmodelmesh,#hash_39338462fd97e23
xmodelmesh,#hash_3934a13a7414da3
xmodelmesh,#hash_393fb59d4aa6541
xmodelmesh,#hash_83960534c3024993
xmodelmesh,#hash_3a131e6e5e0bef7
xmodelmesh,#hash_3a196d771c87c50
xmodelmesh,#hash_3a2280bd9c90f57
xmodelmesh,#hash_3a3015d4a56add9
xmodelmesh,#hash_3a312882049d706
xmodelmesh,#hash_3a3173fac84bf29
xmodelmesh,#hash_83a4120caad8318f
xmodelmesh,#hash_3a420128b666a38
xmodelmesh,#hash_3a544359a8106a6
xmodelmesh,#hash_3a77d37201bad06
xmodelmesh,#hash_3ac74283c62dbda
xmodelmesh,#hash_3ad0c6807bc0ce7
xmodelmesh,#hash_3ae6ad9b1143295
xmodelmesh,#hash_3af9aed30bd92d1
xmodelmesh,#hash_3b4756fe2d153a5
xmodelmesh,#hash_3b5d85d38bcea12
xmodelmesh,#hash_3b6abe4dee8ee4a
xmodelmesh,#hash_3c032a8045e2fb4
xmodelmesh,#hash_83c2b8f8313330dd
xmodelmesh,#hash_83c30be4be49619a
xmodelmesh,#hash_3c68f448555a2ad
xmodelmesh,#hash_3cb0119b8b524b8
xmodelmesh,#hash_3cbb41e4fca3c1a
xmodelmesh,#hash_3cc2c2df45933da
xmodelmesh,#hash_3ccfd2b3c5b3a7c
xmodelmesh,#hash_3cdd444d3eda0b1
xmodelmesh,#hash_3d0215010e8ae55
xmodelmesh,#hash_83d09a6f516f2efb
xmodelmesh,#hash_3d2056247b536fa
xmodelmesh,#hash_3d212154043fc86
xmodelmesh,#hash_3d2f59711c698bf
xmodelmesh,#hash_3d96f923fcbd2f7
xmodelmesh,#hash_3da9e99b197bf89
xmodelmesh,#hash_3dab22b794c1115
xmodelmesh,#hash_83dc0f77f78158b5
xmodelmesh,#hash_3dcf63c6dfb252b
xmodelmesh,#hash_3defa2e2277c355
xmodelmesh,#hash_3dfe676c8f3d800
xmodelmesh,#hash_83e03e963ee56bd1
xmodelmesh,#hash_83e39f2e4185a789
xmodelmesh,#hash_3e4b7dd72ebc540
xmodelmesh,#hash_3e7a63d940128fb
xmodelmesh,#hash_3ea1b2befe579d8
xmodelmesh,#hash_83ebad57a778d5a5
xmodelmesh,#hash_3ee505a46dddfd9
xmodelmesh,#hash_3f19f3630cebcf3
xmodelmesh,#hash_3f1c1f4734dcaae
xmodelmesh,#hash_3f2a861e5e45140
xmodelmesh,#hash_3f37ffd2f23d014
xmodelmesh,#hash_3f3a4a41f1a3d1c
xmodelmesh,#hash_83f7f7cfaf392327
xmodelmesh,#hash_3fa6fe9cf1209b7
xmodelmesh,#hash_83fb70db56e92c1d
xmodelmesh,#hash_3fca0c512426ac6
xmodelmesh,#hash_83ffa950da278c3a
xmodelmesh,#hash_83ffdf2f765d9966
xmodelmesh,#hash_401a53b16bddcaa
xmodelmesh,#hash_402112d27d2986f
xmodelmesh,#hash_404ffc54ff63ef8
xmodelmesh,#hash_40518b70bec0c70
xmodelmesh,#hash_405a31d0209ebcb
xmodelmesh,#hash_4064fc00ba4d678
xmodelmesh,#hash_40779a8b806113e
xmodelmesh,#hash_4085be7382bc349
xmodelmesh,#hash_40fa62a535e85f6
xmodelmesh,#hash_4107a1df394b58d
xmodelmesh,#hash_4108fc91dec877b
xmodelmesh,#hash_41411f000fd8e9b
xmodelmesh,#hash_8414de9c3d64b856
xmodelmesh,#hash_8414e5c2afa9d156
xmodelmesh,#hash_4172f61771b955d
xmodelmesh,#hash_4179c84bdba869a
xmodelmesh,#hash_41d0bc724e4283e
xmodelmesh,#hash_420c6905bfa4bcc
xmodelmesh,#hash_421fd1be14641b8
xmodelmesh,#hash_42430ba41bafcb7
xmodelmesh,#hash_4270cefd8d9e7f0
xmodelmesh,#hash_427fc99fe7ecd46
xmodelmesh,#hash_42a76bc8e77e51e
xmodelmesh,#hash_842ba43da5e99816
xmodelmesh,#hash_4389f3f104059ba
xmodelmesh,#hash_4395950cba0ffd9
xmodelmesh,#hash_439a5c4d2ad556d
xmodelmesh,#hash_43af0d9bec79f41
xmodelmesh,#hash_843d271e3fec3ebf
xmodelmesh,#hash_43ee7584d122432
xmodelmesh,#hash_44466d59daf3429
xmodelmesh,#hash_444bbbc82caa440
xmodelmesh,#hash_445d949131143d7
xmodelmesh,#hash_84470dd29ecdfcb5
xmodelmesh,#hash_447b3e4e4263ee9
xmodelmesh,#hash_844844cc60a70c23
xmodelmesh,#hash_4498258aecbebd2
xmodelmesh,#hash_449c6566699c791
xmodelmesh,#hash_44bc0efec140287
xmodelmesh,#hash_44ddae31b1eda8c
xmodelmesh,#hash_44dfacafbfe611a
xmodelmesh,#hash_44f970626993511
xmodelmesh,#hash_4529fc754cf818e
xmodelmesh,#hash_454841e98288733
xmodelmesh,#hash_455cd78236540d1
xmodelmesh,#hash_455d3893b40108c
xmodelmesh,#hash_4595c3bca6902b6
xmodelmesh,#hash_45ac49877df7312
xmodelmesh,#hash_45b0debbee8b46c
xmodelmesh,#hash_45c72b73cc23e83
xmodelmesh,#hash_45c869962f1e628
xmodelmesh,#hash_45d9064d2d4d6f0
xmodelmesh,#hash_46569458910e414
xmodelmesh,#hash_468b94834231525
xmodelmesh,#hash_469185cb1d9ec95
xmodelmesh,#hash_469e6f525b00876
xmodelmesh,#hash_46a27c999b4f218
xmodelmesh,#hash_46eb3c059d627c8
xmodelmesh,#hash_46f6b6ba101d326
xmodelmesh,#hash_471668cb444910b
xmodelmesh,#hash_47178241ace47c7
xmodelmesh,#hash_473648ccda771d6
xmodelmesh,#hash_473d0b570bbcb99
xmodelmesh,#hash_47524610183a170
xmodelmesh,#hash_475702b619aff01
xmodelmesh,#hash_476ca3215224e80
xmodelmesh,#hash_47b888a800028d7
xmodelmesh,#hash_47cb3be012208cb
xmodelmesh,#hash_47cc8b20a75fcd7
xmodelmesh,#hash_47f1abce8c3478f
xmodelmesh,#hash_4821c432c10d34e
xmodelmesh,#hash_4829f087ee89e6c
xmodelmesh,#hash_8482abb0848c0d3a
xmodelmesh,#hash_483618c6194ffe6
xmodelmesh,#hash_84865f6f38256238
xmodelmesh,#hash_48798a93690242b
xmodelmesh,#hash_487d8709c807692
xmodelmesh,#hash_48807053b0f9d26
xmodelmesh,#hash_48ac18cbe142215
xmodelmesh,#hash_48b242052bde8c5
xmodelmesh,#hash_48e5fe5aa6d6f2c
xmodelmesh,#hash_4929a87f6c5c478
xmodelmesh,#hash_49334e0d28317d8
xmodelmesh,#hash_8495745f97827fcf
xmodelmesh,#hash_496dc82f3feabaa
xmodelmesh,#hash_49a65e54ffaf48b
xmodelmesh,#hash_849acaba5c597f21
xmodelmesh,#hash_49f06efa1c2dc93
xmodelmesh,#hash_49f133df7aef5bd
xmodelmesh,#hash_4a28c5511284350
xmodelmesh,#hash_84a4dedf25d5df9d
xmodelmesh,#hash_4a4e2fdc7bb3bf8
xmodelmesh,#hash_4a71eee03a2ece5
xmodelmesh,#hash_4a920a15ff88aaf
xmodelmesh,#hash_4a99b3e9f2b13f4
xmodelmesh,#hash_4ac52c57b964362
xmodelmesh,#hash_84ac7ed93a513335
xmodelmesh,#hash_4ad8062bc0997ad
xmodelmesh,#hash_4ae374e3ac1e14c
xmodelmesh,#hash_4aeb1814bfd3182
xmodelmesh,#hash_4af5dee4de0b4bf
xmodelmesh,#hash_4b2cec91ea96bc6
xmodelmesh,#hash_4b3a3762b3bb210
xmodelmesh,#hash_4b4cbd2d9f3ee07
xmodelmesh,#hash_84b51237ca4de58e
xmodelmesh,#hash_4b5a2966701dbaf
xmodelmesh,#hash_4b651fbdfbce382
xmodelmesh,#hash_4b6f72f1cd952c5
xmodelmesh,#hash_4ba90a13062e06d
xmodelmesh,#hash_4baac3b094d848f
xmodelmesh,#hash_4bc3fe902e6c736
xmodelmesh,#hash_4be6051a95eae3a
xmodelmesh,#hash_4bf12887d721534
xmodelmesh,#hash_4c0a399553a4f20
xmodelmesh,#hash_4c0ecef3c464e19
xmodelmesh,#hash_4c10e6610c915d8
xmodelmesh,#hash_4c3873d915ca996
xmodelmesh,#hash_4c3a91bfc685a31
xmodelmesh,#hash_4c3f0d6a787bec7
xmodelmesh,#hash_4cb661e118ee607
xmodelmesh,#hash_4cd9986f21331b4
xmodelmesh,#hash_4cda8b05e32ccf5
xmodelmesh,#hash_4d23abff4e66048
xmodelmesh,#hash_4d273c86dd4eaa6
xmodelmesh,#hash_4d2e2c44ccad66f
xmodelmesh,#hash_4d30a754af5584f
xmodelmesh,#hash_84d5eba6cd87679b
xmodelmesh,#hash_4d7490ed15c0809
xmodelmesh,#hash_84d92d3616f97432
xmodelmesh,#hash_4d945da7ef9a6b7
xmodelmesh,#hash_4d96aa59beebfa0
xmodelmesh,#hash_4d996a5c6e6905a
xmodelmesh,#hash_4dae972d7f3174a
xmodelmesh,#hash_4e02e59d2a533c9
xmodelmesh,#hash_4e29dbed7d39e76
xmodelmesh,#hash_4e2e2664b3a413f
xmodelmesh,#hash_4e3a0e1bc261e59
xmodelmesh,#hash_4e51a1ee706ce84
xmodelmesh,#hash_4e531d8c488cbd6
xmodelmesh,#hash_4e694b630d9bbdb
xmodelmesh,#hash_4e6addac05dbd1f
xmodelmesh,#hash_4e7d87614f4db4c
xmodelmesh,#hash_4e86d4ca2078ba2
xmodelmesh,#hash_4e87dade3b94621
xmodelmesh,#hash_4e94234c742571d
xmodelmesh,#hash_84ea275b908c157f
xmodelmesh,#hash_4eb571a8cc10c13
xmodelmesh,#hash_84ecb2d9b1c3c65d
xmodelmesh,#hash_84ed09b1a3d5ad49
xmodelmesh,#hash_4f13b8972ca4260
xmodelmesh,#hash_4f348adccd8a693
xmodelmesh,#hash_4f35e744a5db531
xmodelmesh,#hash_4f3fa0b86a83872
xmodelmesh,#hash_4f5de68a9b7f4ab
xmodelmesh,#hash_4f624d635827e35
xmodelmesh,#hash_4f7a0ac9abc42c0
xmodelmesh,#hash_4f851c1e45aa651
xmodelmesh,#hash_4f8b93951391f9d
xmodelmesh,#hash_4f904fde77b8c4e
xmodelmesh,#hash_84f9381b639cc37f
xmodelmesh,#hash_4fb711f87004f1a
xmodelmesh,#hash_4fdb41f1a3bf1f4
xmodelmesh,#hash_500891232264dd3
xmodelmesh,#hash_501db4adbb66eb0
xmodelmesh,#hash_503a3f04c2adaec
xmodelmesh,#hash_504478718ed43b5
xmodelmesh,#hash_5046083aadf52f0
xmodelmesh,#hash_5070ceaf585e62d
xmodelmesh,#hash_50a99546a64e091
xmodelmesh,#hash_511277fc37fea22
xmodelmesh,#hash_5113920bc0606e2
xmodelmesh,#hash_85116fc4d026d077
xmodelmesh,#hash_514827f9cd9c489
xmodelmesh,#hash_519985d40ad038c
xmodelmesh,#hash_51acef911659a8a
xmodelmesh,#hash_51b95cc20151fc4
xmodelmesh,#hash_851df6db47e4f421
xmodelmesh,#hash_51e40d01cb73007
xmodelmesh,#hash_851f0acfad8f01c9
xmodelmesh,#hash_51ff0132a49715d
xmodelmesh,#hash_52047b2273c44bc
xmodelmesh,#hash_5213a946084defb
xmodelmesh,#hash_5248223468ad577
xmodelmesh,#hash_52601de58e712ce
xmodelmesh,#hash_8527a848a7ac195e
xmodelmesh,#hash_52963ce464f8d78
xmodelmesh,#hash_52b2ed0685409b7
xmodelmesh,#hash_52bd67e0fa402d9
xmodelmesh,#hash_52bf5bcdf1496a6
xmodelmesh,#hash_52d0ed6a858b335
xmodelmesh,#hash_52d8325d834f64b
xmodelmesh,#hash_52f1b04fed72242
xmodelmesh,#hash_52fb94eca9c0b2d
xmodelmesh,#hash_531ea4c8d588867
xmodelmesh,#hash_853329156e95705b
xmodelmesh,#hash_5351f0cfd9e944c
xmodelmesh,#hash_5355ae1b47274b7
xmodelmesh,#hash_8538d1a19330cd27
xmodelmesh,#hash_53a2da2e2f8cdc6
xmodelmesh,#hash_53ad23e3b1fb052
xmodelmesh,#hash_853c55cde3703dce
xmodelmesh,#hash_53cbc475918a024
xmodelmesh,#hash_53cbecd0007dbfd
xmodelmesh,#hash_53e47b3a62a4b00
xmodelmesh,#hash_853f82a0cd2c2a78
xmodelmesh,#hash_543e0d575c8d9cb
xmodelmesh,#hash_54534b7df180681
xmodelmesh,#hash_5469f0e1b767cd7
xmodelmesh,#hash_5482b36583578eb
xmodelmesh,#hash_5490176620d79c2
xmodelmesh,#hash_54abdbe8c4c7769
xmodelmesh,#hash_54acd90afcbefe4
xmodelmesh,#hash_54b60fe99839c6c
xmodelmesh,#hash_55210603e75bc3a
xmodelmesh,#hash_5551a801e6b0ce9
xmodelmesh,#hash_5556dcc0a1c86f0
xmodelmesh,#hash_555bedea293b3d0
xmodelmesh,#hash_55a356a75138a3b
xmodelmesh,#hash_855b6a2067531d11
xmodelmesh,#hash_55dc44ba4fb41c1
xmodelmesh,#hash_55eeba9cca7f1d4
xmodelmesh,#hash_5634705ab125eac
xmodelmesh,#hash_564bbbace6fe565
xmodelmesh,#hash_8569a41bccf45248
xmodelmesh,#hash_56b23b202f2782f
xmodelmesh,#hash_573d2944df3095f
xmodelmesh,#hash_8574335427f781b0
xmodelmesh,#hash_575ca1b2709fc2a
xmodelmesh,#hash_85767eec5cc0a72e
xmodelmesh,#hash_5777e8ee0430fe1
xmodelmesh,#hash_577cacddf0d76ba
xmodelmesh,#hash_857831382e2e4323
xmodelmesh,#hash_5798f590a7d9df9
xmodelmesh,#hash_57e837ecef8e800
xmodelmesh,#hash_580d8d668021139
xmodelmesh,#hash_581e9d285cf41f1
xmodelmesh,#hash_5828ff98be91784
xmodelmesh,#hash_85879b7597597854
xmodelmesh,#hash_587ccceb58f1d68
xmodelmesh,#hash_5882a110f479b5e
xmodelmesh,#hash_85882a8667873583
xmodelmesh,#hash_858890fa68e1b067
xmodelmesh,#hash_858a3083c9276e98
xmodelmesh,#hash_58b805558d4be9f
xmodelmesh,#hash_58c468590dc2150
xmodelmesh,#hash_58fd89261620bfb
xmodelmesh,#hash_8593dc5eec441548
xmodelmesh,#hash_85971ef0294e2259
xmodelmesh,#hash_59c5052a66864bf
xmodelmesh,#hash_5a0515f0e26b380
xmodelmesh,#hash_5a250d75221369c
xmodelmesh,#hash_5a344322f1cdf48
xmodelmesh,#hash_5a5842381fbab33
xmodelmesh,#hash_5a6c26071c055ab
xmodelmesh,#hash_5a878f196554f82
xmodelmesh,#hash_5ab7fe4aa9e5986
xmodelmesh,#hash_5abe1abc954a6f7
xmodelmesh,#hash_5ad912ca98faa23
xmodelmesh,#hash_5b08924071d9908
xmodelmesh,#hash_5b128719070dc26
xmodelmesh,#hash_5b61f0b4bb1a94f
xmodelmesh,#hash_85b908a0d61ad912
xmodelmesh,#hash_5bb21163edc29d7
xmodelmesh,#hash_85c620eb79ae49c0
xmodelmesh,#hash_5c9407255821d40
xmodelmesh,#hash_5ca976c58f6252f
xmodelmesh,#hash_5d0efec0698e937
xmodelmesh,#hash_5d19222cce291a0
xmodelmesh,#hash_5d21a8a5457d7fb
xmodelmesh,#hash_5d250da61a2c808
xmodelmesh,#hash_85d29002d2999e64
xmodelmesh,#hash_5d3dfca20cd25fe
xmodelmesh,#hash_5d8405b60cbe580
xmodelmesh,#hash_5d89bd09c1927b3
xmodelmesh,#hash_5dac72b0bbd3f85
xmodelmesh,#hash_5db87b15fb211d0
xmodelmesh,#hash_5deeddc05a06c14
xmodelmesh,#hash_5e3656cf15dc5ea
xmodelmesh,#hash_5e56b54d8d20318
xmodelmesh,#hash_5e7bb8f29e88ddd
xmodelmesh,#hash_5e9899f4f9f95f0
xmodelmesh,#hash_5e9c1fe36a27d75
xmodelmesh,#hash_5eed06c2ed1e31f
xmodelmesh,#hash_85efd0b4e6f3fbd1
xmodelmesh,#hash_85f050588e0104a7
xmodelmesh,#hash_5f0e47ca9f21f61
xmodelmesh,#hash_5f133bb677f2b1b
xmodelmesh,#hash_5f292354d2e4c10
xmodelmesh,#hash_5f43c45a502109b
xmodelmesh,#hash_5f5a85910bbe05d
xmodelmesh,#hash_5f664cd5002e828
xmodelmesh,#hash_5f6bf65348f5d1e
xmodelmesh,#hash_85f76f25d7a4efa7
xmodelmesh,#hash_5f8f3fa6605a9c7
xmodelmesh,#hash_5f92e5f392f82e6
xmodelmesh,#hash_85f979a7404f46d7
xmodelmesh,#hash_5fa64d8721bd0fd
xmodelmesh,#hash_5fe6b88bcd06b14
xmodelmesh,#hash_602a5282a059302
xmodelmesh,#hash_604034369416b57
xmodelmesh,#hash_86040a41aa29e94b
xmodelmesh,#hash_86047d8148640c30
xmodelmesh,#hash_6083f37613be22d
xmodelmesh,#hash_60a2d9bde42d3ad
xmodelmesh,#hash_860aab2994c0c953
xmodelmesh,#hash_60baaec3f3575e3
xmodelmesh,#hash_860c01a61cf7d31d
xmodelmesh,#hash_60c29bcd09815b3
xmodelmesh,#hash_60f4be8fc439c25
xmodelmesh,#hash_610b8be1f977668
xmodelmesh,#hash_613ccc0eb0283bd
xmodelmesh,#hash_618d29348f87478
xmodelmesh,#hash_61912eea844a141
xmodelmesh,#hash_861b7fced40de064
xmodelmesh,#hash_61bb8615d39eca4
xmodelmesh,#hash_61c2dca249bb85f
xmodelmesh,#hash_61cc58d2a20babc
xmodelmesh,#hash_621391dde07fb56
xmodelmesh,#hash_6264921126ee4f2
xmodelmesh,#hash_6268a0207ff08b5
xmodelmesh,#hash_629b418f187ee70
xmodelmesh,#hash_62ce54221f12d35
xmodelmesh,#hash_62d56b4b1480079
xmodelmesh,#hash_62de94ba14382dd
xmodelmesh,#hash_862f66107c3c0274
xmodelmesh,#hash_630b5993779422b
xmodelmesh,#hash_630c98202c6d430
xmodelmesh,#hash_8632ae70bd03adf6
xmodelmesh,#hash_635ce6d2ca88a8e
xmodelmesh,#hash_637ccdc406523d7
xmodelmesh,#hash_6380a46d015adce
xmodelmesh,#hash_63fd9ead880f835
xmodelmesh,#hash_6419c3c596632f0
xmodelmesh,#hash_6423ba5e9c115c4
xmodelmesh,#hash_643041962dfd4bb
xmodelmesh,#hash_6462ca8cea19e70
xmodelmesh,#hash_648ed7e21536f33
xmodelmesh,#hash_6498d98d031f583
xmodelmesh,#hash_64f84271aa7afda
xmodelmesh,#hash_864fc06d7774f077
xmodelmesh,#hash_6517ed787350ff0
xmodelmesh,#hash_6519a07dec782c9
xmodelmesh,#hash_6525a25a4febc63
xmodelmesh,#hash_86528b67fe2ef0d7
xmodelmesh,#hash_659efb2e888ae46
xmodelmesh,#hash_65cafac6f7ea6a7
xmodelmesh,#hash_65d28be33c4b5eb
xmodelmesh,#hash_865da2ba7c70114a
xmodelmesh,#hash_65f22c61cb8e975
xmodelmesh,#hash_6600c03047d47db
xmodelmesh,#hash_667de8caddb26e9
xmodelmesh,#hash_866f667f3e89607f
xmodelmesh,#hash_66fc829e2254c68
xmodelmesh,#hash_6725c5df324302b
xmodelmesh,#hash_673a48c9640ca77
xmodelmesh,#hash_67880ab5a483396
xmodelmesh,#hash_67989233793e009
xmodelmesh,#hash_67b00e595307929
xmodelmesh,#hash_67bdd4d98e0783d
xmodelmesh,#hash_67be18f21c6cd52
xmodelmesh,#hash_67c9f567a980655
xmodelmesh,#hash_67efdd02aa59a81
xmodelmesh,#hash_67fbcf84c8235f3
xmodelmesh,#hash_867fc8c4e98d37ba
xmodelmesh,#hash_67fecb4e7a603e7
xmodelmesh,#hash_681215aab3c8e93
xmodelmesh,#hash_68207b71ee9463e
xmodelmesh,#hash_6839033faa4873e
xmodelmesh,#hash_6849b5f9ef17473
xmodelmesh,#hash_6853d269c4fd975
xmodelmesh,#hash_8687c88942d15929
xmodelmesh,#hash_868a66979fa66067
xmodelmesh,#hash_68ae60dbf9c51fe
xmodelmesh,#hash_68d62c299af6b73
xmodelmesh,#hash_68f277d4bb4e33c
xmodelmesh,#hash_86909865921fa214
xmodelmesh,#hash_69225995918d1e0
xmodelmesh,#hash_6961c8b2e7ebbe0
xmodelmesh,#hash_698625a3bdb6248
xmodelmesh,#hash_699b22e6a1d2a80
xmodelmesh,#hash_869ac28732c1ac58
xmodelmesh,#hash_869b9a9b0b27b076
xmodelmesh,#hash_69c656cbb4c8a23
xmodelmesh,#hash_69cafac47ffecad
xmodelmesh,#hash_69d77c7c71c99a8
xmodelmesh,#hash_6a05f59b8fc3111
xmodelmesh,#hash_86a186149c11aa43
xmodelmesh,#hash_6a1e82dbfb6b77b
xmodelmesh,#hash_6a2217c736af7b0
xmodelmesh,#hash_86a27bd3f88c697d
xmodelmesh,#hash_6a3b04fd12f408e
xmodelmesh,#hash_6a3f7bbd346ac41
xmodelmesh,#hash_86a5fae704ac84f1
xmodelmesh,#hash_86a63b8f0c3f2036
xmodelmesh,#hash_86a807cf43d32ffa
xmodelmesh,#hash_6a9aec734f7df59
xmodelmesh,#hash_6a9afde00f3afae
xmodelmesh,#hash_6aa2519a6f4f1ec
xmodelmesh,#hash_6ad005b0f778b89
xmodelmesh,#hash_6b1b2dabf680508
xmodelmesh,#hash_6b3489f8a53c8c9
xmodelmesh,#hash_6b3822f8626d514
xmodelmesh,#hash_86b3d274f574d6fc
xmodelmesh,#hash_6b46dac1df94b8c
xmodelmesh,#hash_86b4adef7e119620
xmodelmesh,#hash_6b70acfb9abe8cb
xmodelmesh,#hash_86b7882bde69ad9c
xmodelmesh,#hash_6b7c2f87254665d
xmodelmesh,#hash_86b80754e000ce73
xmodelmesh,#hash_6b9dda5f902602d
xmodelmesh,#hash_86bd1362be181747
xmodelmesh,#hash_6bed9fc34b674d2
xmodelmesh,#hash_6bede489e166e2b
xmodelmesh,#hash_86c1a5a051e79d5a
xmodelmesh,#hash_86c1aabe3bc86c8c
xmodelmesh,#hash_6c4b60108ab00ef
xmodelmesh,#hash_86c890f234fb08b8
xmodelmesh,#hash_6cb3086b01b70e4
xmodelmesh,#hash_6cba086c91b6daf
xmodelmesh,#hash_6cdcc042e6f2970
xmodelmesh,#hash_6ce94a3be3ac583
xmodelmesh,#hash_6d129410faf7abd
xmodelmesh,#hash_6d2974f59bed178
xmodelmesh,#hash_6d2df1c6cb1cbdf
xmodelmesh,#hash_86d2e10f65afbe4a
xmodelmesh,#hash_6d5886003d815ce
xmodelmesh,#hash_6d5e7577c115372
xmodelmesh,#hash_86d73dce3b33483e
xmodelmesh,#hash_86d9f083cd5203bd
xmodelmesh,#hash_6da828f76da2d13
xmodelmesh,#hash_6dcf2fb43e6d5d0
xmodelmesh,#hash_6debd0550e1126d
xmodelmesh,#hash_6dee5461c7a690f
xmodelmesh,#hash_6e27adac3273c99
xmodelmesh,#hash_6e2a236b013971a
xmodelmesh,#hash_6e737e145c5f224
xmodelmesh,#hash_6eafe8e73cb1df0
xmodelmesh,#hash_6eb59f2b4f99765
xmodelmesh,#hash_6ebb6aa7e2698af
xmodelmesh,#hash_6ec4d8a4cd68578
xmodelmesh,#hash_6efc35fbcc889f4
xmodelmesh,#hash_86f23d7f1acc9f97
xmodelmesh,#hash_6f369bf62101dc6
xmodelmesh,#hash_6f48e427d056342
xmodelmesh,#hash_6f4f3b22fe41cb0
xmodelmesh,#hash_6f4fc3568da3b63
xmodelmesh,#hash_6f547c5c9ce8037
xmodelmesh,#hash_86f8f4aeb2b694c2
xmodelmesh,#hash_86fafe0ff2cd8f16
xmodelmesh,#hash_6fb49b9b0e48d31
xmodelmesh,#hash_700d15eb084fb14
xmodelmesh,#hash_8701232d092928c9
xmodelmesh,#hash_702298dd1b80eef
xmodelmesh,#hash_8704989afdea7e43
xmodelmesh,#hash_708aea1a914606d
xmodelmesh,#hash_70cccb3a36cc94f
xmodelmesh,#hash_70f3762dd6ed54e
xmodelmesh,#hash_8711012796b606c0
xmodelmesh,#hash_713a24209675df6
xmodelmesh,#hash_714d43bd97e7ca9
xmodelmesh,#hash_7152a94662eb03d
xmodelmesh,#hash_71540220e2987c7
xmodelmesh,#hash_719d082123ba65e
xmodelmesh,#hash_71d0834291c9dda
xmodelmesh,#hash_71d3db0a38c863d
xmodelmesh,#hash_71da6a6ac33d7ad
xmodelmesh,#hash_723104d153705ec
xmodelmesh,#hash_8724589c3d26abf7
xmodelmesh,#hash_7250b9cb44935f1
xmodelmesh,#hash_726a96c987628ec
xmodelmesh,#hash_727cb9c83785f87
xmodelmesh,#hash_72a369bd7f49934
xmodelmesh,#hash_72ccf41667ab422
xmodelmesh,#hash_72d6a8722fc8999
xmodelmesh,#hash_872efe9a1adb51bb
xmodelmesh,#hash_72fc706eb5e3529
xmodelmesh,#hash_731cfe3ad080dcf
xmodelmesh,#hash_735bb21d26d2c2e
xmodelmesh,#hash_736242ecaea6747
xmodelmesh,#hash_736ebe00a9999ee
xmodelmesh,#hash_739c925100a69b2
xmodelmesh,#hash_73a3a105b1eda07
xmodelmesh,#hash_873bff5e5757a78c
xmodelmesh,#hash_73c756744716b77
xmodelmesh,#hash_7404f4a611df82e
xmodelmesh,#hash_7415faf91e95b44
xmodelmesh,#hash_743508be8884f58
xmodelmesh,#hash_74423b49703fd68
xmodelmesh,#hash_7462c5ccf934bc8
xmodelmesh,#hash_874784d558df9ddb
xmodelmesh,#hash_747da2ec1381a41
xmodelmesh,#hash_74f75bdc4846f3d
xmodelmesh,#hash_7507ef27cf58654
xmodelmesh,#hash_750a30a4f7792b9
xmodelmesh,#hash_7522e823baba011
xmodelmesh,#hash_8757334b9f1aee0f
xmodelmesh,#hash_75dc3e41a229255
xmodelmesh,#hash_763938a16ce1f2b
xmodelmesh,#hash_7668d478ae327c7
xmodelmesh,#hash_876786ea4fdf56d7
xmodelmesh,#hash_769bd0322cfc455
xmodelmesh,#hash_76bda62ebe4d957
xmodelmesh,#hash_76d216401343573
xmodelmesh,#hash_76d595a73504a48
xmodelmesh,#hash_876e554924d7dcb0
xmodelmesh,#hash_76ef6ae7222985c
xmodelmesh,#hash_77268bb18784d34
xmodelmesh,#hash_8773606b9e6e3e02
xmodelmesh,#hash_7758f486ebcbf9b
xmodelmesh,#hash_7769d45e5716b2c
xmodelmesh,#hash_7776f473dc126f2
xmodelmesh,#hash_779249c43bb399e
xmodelmesh,#hash_77982c04772ccc6
xmodelmesh,#hash_77a8ef356af5f89
xmodelmesh,#hash_877ac85cc47aa02e
xmodelmesh,#hash_77b18566edb42f6
xmodelmesh,#hash_77ce50c8143e10d
xmodelmesh,#hash_77e2dbb769bf0c4
xmodelmesh,#hash_87810cd7d7ae037d
xmodelmesh,#hash_786acd413102eab
xmodelmesh,#hash_788c9906d654b8b
xmodelmesh,#hash_78b93be5eaf959a
xmodelmesh,#hash_78d821a4d466271
xmodelmesh,#hash_78e71a80cacd30b
xmodelmesh,#hash_78f7cffcdac6ae2
xmodelmesh,#hash_78fba5549899ebf
xmodelmesh,#hash_790f1c5282928b8
xmodelmesh,#hash_792087b9fe6384d
xmodelmesh,#hash_792167ab18de86f
xmodelmesh,#hash_793cdf1ff992321
xmodelmesh,#hash_794297a1b032f6d
xmodelmesh,#hash_8796395487d74c03
xmodelmesh,#hash_7981550e2451763
xmodelmesh,#hash_7987bfd95dfa478
xmodelmesh,#hash_79903174b3c2f6d
xmodelmesh,#hash_79b2fd4426eaea5
xmodelmesh,#hash_79da2d846783046
xmodelmesh,#hash_79da67458dda2ea
xmodelmesh,#hash_7a224600d717d36
xmodelmesh,#hash_7a38778811f590f
xmodelmesh,#hash_7a823ac0d0338ae
xmodelmesh,#hash_87a95ebb2c45ed5f
xmodelmesh,#hash_7a9fc24a3c4e2d7
xmodelmesh,#hash_7aa055bfc2132e6
xmodelmesh,#hash_7b2c0c3fe162245
xmodelmesh,#hash_7b5e89343f80f66
xmodelmesh,#hash_7bc5c95059711ad
xmodelmesh,#hash_7bc7fc73f499b14
xmodelmesh,#hash_7bd1785ad3e1562
xmodelmesh,#hash_7bd462202fe100c
xmodelmesh,#hash_87be862a652be5b0
xmodelmesh,#hash_7bef7d6c0decda2
xmodelmesh,#hash_7c078252ff16bb7
xmodelmesh,#hash_7c2e6b8bfe10c4f
xmodelmesh,#hash_7c4659d31cd2a4a
xmodelmesh,#hash_7c5fd9abb33931c
xmodelmesh,#hash_87c88c6d5eb8cb0c
xmodelmesh,#hash_7cb45553c71a41f
xmodelmesh,#hash_7ce54f007ee0707
xmodelmesh,#hash_7ce6658cc144c29
xmodelmesh,#hash_87cf02ee2ef22c41
xmodelmesh,#hash_7cf47d4fe5603f0
xmodelmesh,#hash_7d26420bfc354d6
xmodelmesh,#hash_7d369baeac4b748
xmodelmesh,#hash_7d36be634c6b26d
xmodelmesh,#hash_7d4287ecf25ec54
xmodelmesh,#hash_7d73a6dd38aaf1b
xmodelmesh,#hash_87db08d567af1ab1
xmodelmesh,#hash_7dcdd80744b36dd
xmodelmesh,#hash_7df10a9eff7f385
xmodelmesh,#hash_7df88c8b90edfe2
xmodelmesh,#hash_7e05046c54ff93e
xmodelmesh,#hash_7e19892b5912f52
xmodelmesh,#hash_7e1fcbe5688765f
xmodelmesh,#hash_7e306c95b6d7d3d
xmodelmesh,#hash_7e68bcffdd14dac
xmodelmesh,#hash_7e88700c0639dcf
xmodelmesh,#hash_7e9a5553136caec
xmodelmesh,#hash_7ef743f760f3390
xmodelmesh,#hash_7f3228f27d2694f
xmodelmesh,#hash_7f37f1f29fddc95
xmodelmesh,#hash_7f3fccce904f42d
xmodelmesh,#hash_7f52b41d8f8b332
xmodelmesh,#hash_7f553b8c6b313d4
xmodelmesh,#hash_7f5a73a0e7276f2
xmodelmesh,#hash_7f8757fd511b397
xmodelmesh,#hash_7fcd23860206080
xmodelmesh,#hash_87fd023f8ed56df0
xmodelmesh,#hash_7fd9b29be4f51aa
xmodelmesh,#hash_87fdbd59cb542642
xmodelmesh,#hash_7fe992e05ec8549
xmodelmesh,#hash_800af6f3cb69b54
xmodelmesh,#hash_8015a568653a978
xmodelmesh,#hash_8034c58b024a858
xmodelmesh,#hash_803f293090c9f09
xmodelmesh,#hash_8804d0f514c86b74
xmodelmesh,#hash_88062cade8dd3f5a
xmodelmesh,#hash_88084ec714540e06
xmodelmesh,#hash_880af2496605bd39
xmodelmesh,#hash_80d6cb87a57e0a6
xmodelmesh,#hash_80dcd589f756682
xmodelmesh,#hash_812773be0b1f0e5
xmodelmesh,#hash_813b6c409627700
xmodelmesh,#hash_88159777f7803770
xmodelmesh,#hash_815cf8edb4b485f
xmodelmesh,#hash_8816ba37b817b3a0
xmodelmesh,#hash_8197925438e90bf
xmodelmesh,#hash_81a26e1418f0060
xmodelmesh,#hash_81b152cc41fb074
xmodelmesh,#hash_81ba65e5b5a8ed3
xmodelmesh,#hash_8248be7dda180f4
xmodelmesh,#hash_8825366bef4418d7
xmodelmesh,#hash_82652c319b25289
xmodelmesh,#hash_82730f362c32d0f
xmodelmesh,#hash_827a6439f547340
xmodelmesh,#hash_8828543894da863d
xmodelmesh,#hash_82d7ccfde034443
xmodelmesh,#hash_82df608fd8af1e7
xmodelmesh,#hash_82f0cb6290eca70
xmodelmesh,#hash_82f5e8331e03d67
xmodelmesh,#hash_82f62f300275b4c
xmodelmesh,#hash_83072cb230a6651
xmodelmesh,#hash_83285513edbb7c4
xmodelmesh,#hash_883788e001026a67
xmodelmesh,#hash_83966dd3ea0cba4
xmodelmesh,#hash_83a4c98da0cd535
xmodelmesh,#hash_883d71000bf58555
xmodelmesh,#hash_883dc1d0ad95d51a
xmodelmesh,#hash_8411507b011c1e0
xmodelmesh,#hash_8843e8b1359cc39c
xmodelmesh,#hash_845ddd7bdd1c666
xmodelmesh,#hash_84a1b5537b8dfb5
xmodelmesh,#hash_84b0c230c281329
xmodelmesh,#hash_84b30e280ab03e5
xmodelmesh,#hash_84d397d39a15c1f
xmodelmesh,#hash_84e8180f32e75b2
xmodelmesh,#hash_84f0d3031eec1ea
xmodelmesh,#hash_85033377d349985
xmodelmesh,#hash_85988fb6361638a
xmodelmesh,#hash_85b3f9d342a7d9e
xmodelmesh,#hash_860e5530f7ca7d5
xmodelmesh,#hash_861f8da9d6a37ab
xmodelmesh,#hash_8624762bf0f272b
xmodelmesh,#hash_862cd413d8d8e23
xmodelmesh,#hash_864f1ed5950d743
xmodelmesh,#hash_8666b429299f552
xmodelmesh,#hash_867c570639edd02
xmodelmesh,#hash_867fe0ca131d6a7
xmodelmesh,#hash_8868cb3d75bbbc1f
xmodelmesh,#hash_86e93c4710463a5
xmodelmesh,#hash_86f6cd3d6805f7f
xmodelmesh,#hash_870833401b617d3
xmodelmesh,#hash_872e03a63be85c6
xmodelmesh,#hash_8749cd59a1f667d
xmodelmesh,#hash_87507ff13e354c0
xmodelmesh,#hash_875f679e82dedca
xmodelmesh,#hash_876139bcdef7cf5
xmodelmesh,#hash_8877f76fd7ad29b4
xmodelmesh,#hash_88783f0625a20fdd
xmodelmesh,#hash_88786c1bf1c7c2ab
xmodelmesh,#hash_879e5274d1f9077
xmodelmesh,#hash_887cc685ec5c668c
xmodelmesh,#hash_87e4e356e30652e
xmodelmesh,#hash_88117bda6d21e01
xmodelmesh,#hash_881a1e5e19dbcaa
xmodelmesh,#hash_882b5a696c1028b
xmodelmesh,#hash_882c1618f4c21cb
xmodelmesh,#hash_88841ef535dbaba7
xmodelmesh,#hash_884787b62200f8c
xmodelmesh,#hash_88544e7fab5572a
xmodelmesh,#hash_8891279ef506845
xmodelmesh,#hash_889ff546b5367a5
xmodelmesh,#hash_88a1e1afd7b348d
xmodelmesh,#hash_88a2c02622ce22b
xmodelmesh,#hash_888f8847bd900277
xmodelmesh,#hash_88f9a3dd62fb8f5
xmodelmesh,#hash_89060a9cb89cd7f
xmodelmesh,#hash_8893305a3cba15f4
xmodelmesh,#hash_893a8d3d323b6f4
xmodelmesh,#hash_896b00e1aff640e
xmodelmesh,#hash_8993ceb77eb4f06
xmodelmesh,#hash_899b95038a45e4e
xmodelmesh,#hash_89a802d70ec1f97
xmodelmesh,#hash_89b5f81af51003b
xmodelmesh,#hash_89c898245dfae7f
xmodelmesh,#hash_89d1b52a0b2be40
xmodelmesh,#hash_8a32596c461aa59
xmodelmesh,#hash_8a33c0ef7f65fa9
xmodelmesh,#hash_8a3ee8151005910
xmodelmesh,#hash_8a5404a4a61cb25
xmodelmesh,#hash_8a5463d077b0854
xmodelmesh,#hash_8a576eb20d04bba
xmodelmesh,#hash_8a5da611bddcdfd
xmodelmesh,#hash_8af387390db39fc
xmodelmesh,#hash_8b1034a16f19b97
xmodelmesh,#hash_8b154d1a79e6c30
xmodelmesh,#hash_8b1704a2fe77250
xmodelmesh,#hash_88b3e9d66c0612d0
xmodelmesh,#hash_8b6a222d693cc5b
xmodelmesh,#hash_8b814ac5517aefa
xmodelmesh,#hash_8b84d71bb6907d5
xmodelmesh,#hash_8b8dd95251036ce
xmodelmesh,#hash_8b9421addeaf31f
xmodelmesh,#hash_8bab3c106f9c2ae
xmodelmesh,#hash_8be62b9c3894336
xmodelmesh,#hash_8be67191008a651
xmodelmesh,#hash_8bf054412096e3f
xmodelmesh,#hash_88c14a0567159176
xmodelmesh,#hash_8c38f3fdf583209
xmodelmesh,#hash_8c4ba6dd5e69903
xmodelmesh,#hash_88c798e1a4dec0b2
xmodelmesh,#hash_88ca38321a1070a3
xmodelmesh,#hash_8cd2ec6f8e59088
xmodelmesh,#hash_88d1a6333a46dc91
xmodelmesh,#hash_88d4a602d38a9b81
xmodelmesh,#hash_8d61e31954e2b83
xmodelmesh,#hash_8d80acf9ba186c2
xmodelmesh,#hash_8d932f3209e9818
xmodelmesh,#hash_88d93ea00aaa65dd
xmodelmesh,#hash_8de271c54812ea3
xmodelmesh,#hash_88dfa58924b56016
xmodelmesh,#hash_8e0dc7a42a773be
xmodelmesh,#hash_8e174a2d7fddec2
xmodelmesh,#hash_8e20e5809ad1e94
xmodelmesh,#hash_88e31353c9c9771b
xmodelmesh,#hash_8e316325fa9864a
xmodelmesh,#hash_88e4161c25a3ad96
xmodelmesh,#hash_8e5993cf877416c
xmodelmesh,#hash_8e7364b80ef28a4
xmodelmesh,#hash_8e8f109080b77f6
xmodelmesh,#hash_8e98470fe6c3415
xmodelmesh,#hash_88eac87be165ca0c
xmodelmesh,#hash_8ec59790c4ede10
xmodelmesh,#hash_8ecb2c2f9be2939
xmodelmesh,#hash_8ecd03e20ef2c62
xmodelmesh,#hash_8f0880e36466bef
xmodelmesh,#hash_8f3efbd241e0265
xmodelmesh,#hash_88f59edb781e5514
xmodelmesh,#hash_8f5b1a4a1ec4273
xmodelmesh,#hash_8fae8b2de4e933a
xmodelmesh,#hash_8fb186b994cdd02
xmodelmesh,#hash_8fbeac3912f6c71
xmodelmesh,#hash_8fc021f456a9e46
xmodelmesh,#hash_8feae1938ab601f
xmodelmesh,#hash_8ff375e8426bdbc
xmodelmesh,#hash_89018067cf3dac9e
xmodelmesh,#hash_90356beb941ef43
xmodelmesh,#hash_8905708f772bb04e
xmodelmesh,#hash_90641c21e4eca28
xmodelmesh,#hash_907285dfdf8ac8c
xmodelmesh,#hash_908f9388f8bad5c
xmodelmesh,#hash_909c961561ee834
xmodelmesh,#hash_90bb27cb074f496
xmodelmesh,#hash_90c8b460a93a3a9
xmodelmesh,#hash_90ee2dff0dac6a9
xmodelmesh,#hash_90f4c6021116860
xmodelmesh,#hash_890f5d8d37f85ab2
xmodelmesh,#hash_912d519353bced4
xmodelmesh,#hash_9136c7cfa46a7a1
xmodelmesh,#hash_8914e8a350d261c8
xmodelmesh,#hash_91576061b378e15
xmodelmesh,#hash_919ecd41f64da0e
xmodelmesh,#hash_91b01d2abe0ee54
xmodelmesh,#hash_91f5566959b79a5
xmodelmesh,#hash_920d87dd7a63ecf
xmodelmesh,#hash_9210480efb1b128
xmodelmesh,#hash_925834d945ea289
xmodelmesh,#hash_89261d16ae6e9228
xmodelmesh,#hash_928a163c1bcef24
xmodelmesh,#hash_928f9d952934a95
xmodelmesh,#hash_929302cd64cd9cf
xmodelmesh,#hash_929dae074835918
xmodelmesh,#hash_92b9734d075dc00
xmodelmesh,#hash_92c24f488ce901a
xmodelmesh,#hash_92e93b0ff374436
xmodelmesh,#hash_931910e45b3332d
xmodelmesh,#hash_932f1922f827a37
xmodelmesh,#hash_9345a7307300ea2
xmodelmesh,#hash_9384741f3cf0514
xmodelmesh,#hash_93b99a5dc9f405a
xmodelmesh,#hash_93d009e1ffa063d
xmodelmesh,#hash_893ebf40657fc518
xmodelmesh,#hash_93fb4982e376e94
xmodelmesh,#hash_94292b79b95f71a
xmodelmesh,#hash_94530903df053c3
xmodelmesh,#hash_894ad4843e24add4
xmodelmesh,#hash_94b9259beb3b77b
xmodelmesh,#hash_94c9fc9facbcb01
xmodelmesh,#hash_94d6744342b53dc
xmodelmesh,#hash_94dc2f143a00a01
xmodelmesh,#hash_94fadb37a18caa2
xmodelmesh,#hash_954485fc9bf7200
xmodelmesh,#hash_895571794882040f
xmodelmesh,#hash_8959e0c03e95da5b
xmodelmesh,#hash_95ae705d2137b84
xmodelmesh,#hash_95ca059d3101d56
xmodelmesh,#hash_96050ca8d8ba557
xmodelmesh,#hash_961aa816d4a68ce
xmodelmesh,#hash_963e6bf1f05ad1b
xmodelmesh,#hash_965407b5ffad26c
xmodelmesh,#hash_8965b5a46f847237
xmodelmesh,#hash_967b7a279812940
xmodelmesh,#hash_967f128f38f1bdd
xmodelmesh,#hash_967f59c2996b810
xmodelmesh,#hash_96822f173db6cad
xmodelmesh,#hash_9687999705465ae
xmodelmesh,#hash_896c21a4bf263438
xmodelmesh,#hash_96f10ee26a6c2e1
xmodelmesh,#hash_971111820776186
xmodelmesh,#hash_977d912ee4bbc03
xmodelmesh,#hash_977e7b9902de92c
xmodelmesh,#hash_979bffdc91dc565
xmodelmesh,#hash_97a052b4aa56708
xmodelmesh,#hash_97a982f18e30e33
xmodelmesh,#hash_97b879661b8b95b
xmodelmesh,#hash_897c4c0690808e59
xmodelmesh,#hash_97d02c7945db0f3
xmodelmesh,#hash_97f982d795d27bf
xmodelmesh,#hash_980a1d2bb747d88
xmodelmesh,#hash_984b4f658db36b5
xmodelmesh,#hash_984d3f045361f10
xmodelmesh,#hash_985f676beb423c7
xmodelmesh,#hash_9861095d6047a4f
xmodelmesh,#hash_987b1b95afabffe
xmodelmesh,#hash_989fa456f591859
xmodelmesh,#hash_98afea2ade64a7b
xmodelmesh,#hash_99276f51d504adc
xmodelmesh,#hash_8992f54454fb989b
xmodelmesh,#hash_994ce24b56c8aee
xmodelmesh,#hash_899bbedc80160b7f
xmodelmesh,#hash_99d47bef65added
xmodelmesh,#hash_899dff1c21974233
xmodelmesh,#hash_99e2c155467a31d
xmodelmesh,#hash_99f6452328347cc
xmodelmesh,#hash_99ff674c5d6517a
xmodelmesh,#hash_9a2839cca5dc9b8
xmodelmesh,#hash_9a2b1b33c164e57
xmodelmesh,#hash_9a2bae531726d91
xmodelmesh,#hash_9a32796ad481525
xmodelmesh,#hash_9a43f740c20c665
xmodelmesh,#hash_9a46b24df534ffc
xmodelmesh,#hash_9a7871044d534e4
xmodelmesh,#hash_9a8aa81c8520241
xmodelmesh,#hash_9abf2bb1afc0585
xmodelmesh,#hash_9ad85183ad6a79c
xmodelmesh,#hash_9b606f4da7a6eb1
xmodelmesh,#hash_9b8c095dd6385ff
xmodelmesh,#hash_89bf8ccf8cfb7c35
xmodelmesh,#hash_9bfb7c9086e6683
xmodelmesh,#hash_9c0111b73eebabf
xmodelmesh,#hash_9c2c995414c1512
xmodelmesh,#hash_9c51be2dfaf6aed
xmodelmesh,#hash_9c51e448257a3cf
xmodelmesh,#hash_9c75e6b1d1ea447
xmodelmesh,#hash_9c7dc12551967a4
xmodelmesh,#hash_9caeab642e78209
xmodelmesh,#hash_9d01e5611447bad
xmodelmesh,#hash_9d2a9728d3bfccc
xmodelmesh,#hash_9d63ee83705b11a
xmodelmesh,#hash_89d6b7b84c1fec33
xmodelmesh,#hash_9d6d92116790657
xmodelmesh,#hash_9d78acd5fe9fcac
xmodelmesh,#hash_9d89ca13cd74d2e
xmodelmesh,#hash_9db27c307239a00
xmodelmesh,#hash_9e6e7dbaa423c12
xmodelmesh,#hash_9e735a98663eac4
xmodelmesh,#hash_9e7635e7354ca89
xmodelmesh,#hash_89e88961ff2dae61
xmodelmesh,#hash_9e998adce3e94b5
xmodelmesh,#hash_9ed42b6f227c38b
xmodelmesh,#hash_9ee2017f3ab762f
xmodelmesh,#hash_9ef1d1d68ae552f
xmodelmesh,#hash_9ef57d0fef6d602
xmodelmesh,#hash_89f405ee1b2c9876
xmodelmesh,#hash_9f51ebec187e8b5
xmodelmesh,#hash_9f74124b2566dce
xmodelmesh,#hash_89f77be38659d627
xmodelmesh,#hash_9f81051d9293ec0
xmodelmesh,#hash_9f96d27a7e48b2f
xmodelmesh,#hash_9fa43be1eccbb1d
xmodelmesh,#hash_89fd3cd237bfe0a6
xmodelmesh,#hash_a00caa57226aee5
xmodelmesh,#hash_a0365a2e85b9fbc
xmodelmesh,#hash_a055f47a30b1ad2
xmodelmesh,#hash_8a05c0859729f45a
xmodelmesh,#hash_a06eee471cfc0f8
xmodelmesh,#hash_a0767d34cc4fde1
xmodelmesh,#hash_a07fbe3e1c2c131
xmodelmesh,#hash_8a0adc7388386a97
xmodelmesh,#hash_a0b7885f2638b16
xmodelmesh,#hash_a0e31aafcb69ebb
xmodelmesh,#hash_a0e34f12c5e4090
xmodelmesh,#hash_a151e45f4d7a5b0
xmodelmesh,#hash_a15679ff6ed8c5f
xmodelmesh,#hash_a15eb081276b023
xmodelmesh,#hash_8a1a433fac4a210c
xmodelmesh,#hash_a1a84cedfefa4bb
xmodelmesh,#hash_a1c600ca2685a61
xmodelmesh,#hash_8a1c659aee2c41ff
xmodelmesh,#hash_a1f92bc0df0c63f
xmodelmesh,#hash_8a21e09c509a5221
xmodelmesh,#hash_a245d9b85c210c7
xmodelmesh,#hash_a270ce985124eee
xmodelmesh,#hash_a2899c40c3616a7
xmodelmesh,#hash_a28d436d143e9c2
xmodelmesh,#hash_a29079910a14911
xmodelmesh,#hash_a29b4d6292f4883
xmodelmesh,#hash_a2a234aaf01517d
xmodelmesh,#hash_a30e8e532aeabe0
xmodelmesh,#hash_a310fea8621f9d1
xmodelmesh,#hash_a3144c65e49b696
xmodelmesh,#hash_a33e8c41eacbd72
xmodelmesh,#hash_8a3b84d6558e54ab
xmodelmesh,#hash_a3bd051c913c353
xmodelmesh,#hash_a3cc26f0306dd8c
xmodelmesh,#hash_8a3dbcec9e9649e2
xmodelmesh,#hash_a3ee8f4a3b7b1fc
xmodelmesh,#hash_a41cc3558abf2be
xmodelmesh,#hash_a41d74e6a323be1
xmodelmesh,#hash_a42f12375ec8051
xmodelmesh,#hash_8a469c61b61af838
xmodelmesh,#hash_a47ac964bd739c9
xmodelmesh,#hash_a4bb97604853202
xmodelmesh,#hash_a4e44480a243ea9
xmodelmesh,#hash_8a4ebfdd91bb1616
xmodelmesh,#hash_a4f16da6e5e35ce
xmodelmesh,#hash_a51e36dedd4c41a
xmodelmesh,#hash_a5234e8f2d73c55
xmodelmesh,#hash_a531a6ca6ac9abf
xmodelmesh,#hash_8a565490e5505e09
xmodelmesh,#hash_a577eee01055fd2
xmodelmesh,#hash_a57bafd6075cec5
xmodelmesh,#hash_a57eb79547c95bb
xmodelmesh,#hash_a5884f2680b17e9
xmodelmesh,#hash_a58d678d58b630c
xmodelmesh,#hash_a592fa60bdab13a
xmodelmesh,#hash_a5cf3a73cbe1248
xmodelmesh,#hash_8a5ed8fdbffe4fb3
xmodelmesh,#hash_a60a8b9e5e08e34
xmodelmesh,#hash_a62d5a081816dd2
xmodelmesh,#hash_a638173d98745c1
xmodelmesh,#hash_a645c55b3507d88
xmodelmesh,#hash_a6d77a1d33a01f4
xmodelmesh,#hash_8a7120ccdc9040fe
xmodelmesh,#hash_a71baa7af9739ec
xmodelmesh,#hash_a722141d92f0475
xmodelmesh,#hash_8a72614a2221f845
xmodelmesh,#hash_a74b8dddba477af
xmodelmesh,#hash_a74e2400ec6ec25
xmodelmesh,#hash_a7b1c730b319342
xmodelmesh,#hash_a7d58c7219aae5a
xmodelmesh,#hash_8a8104f014d0b0f4
xmodelmesh,#hash_8a813e3bb52c0d37
xmodelmesh,#hash_a82459ba1bd30ff
xmodelmesh,#hash_a8578bce289e934
xmodelmesh,#hash_a86983a4669a9ac
xmodelmesh,#hash_a869d3b84f76ae1
xmodelmesh,#hash_a87939fc164863a
xmodelmesh,#hash_a8bff500f0211db
xmodelmesh,#hash_8a8c0bd3f9eaeb8f
xmodelmesh,#hash_a92bfb95f0cdbcc
xmodelmesh,#hash_8a94c6037d571e94
xmodelmesh,#hash_a989ee9bcb76bea
xmodelmesh,#hash_a9be33d838a00cf
xmodelmesh,#hash_a9f8db9ac50f911
xmodelmesh,#hash_aa25cfff0a0bc29
xmodelmesh,#hash_8aa27d95f4d6849c
xmodelmesh,#hash_8aa2dc53c4d17540
xmodelmesh,#hash_aa6a418c37cf0a8
xmodelmesh,#hash_8aa961580d61ca2e
xmodelmesh,#hash_aa9f37dde317a4d
xmodelmesh,#hash_ab49d4600e9b267
xmodelmesh,#hash_8ab6f2cb0d489442
xmodelmesh,#hash_ab7dd8949c2b336
xmodelmesh,#hash_8ab98d8bcf84e901
xmodelmesh,#hash_abc43929fb9d5b2
xmodelmesh,#hash_abc866f2e5c4056
xmodelmesh,#hash_abf5994cd8b1963
xmodelmesh,#hash_ac0da5832505de4
xmodelmesh,#hash_ac0e6ff45bf4878
xmodelmesh,#hash_8ac11f00d8473e91
xmodelmesh,#hash_ac2bc7fc18e8ed2
xmodelmesh,#hash_ac580df438bb8f8
xmodelmesh,#hash_8ac8a21cf3b56f70
xmodelmesh,#hash_ac94ab83598bbcd
xmodelmesh,#hash_aca38a334a03936
xmodelmesh,#hash_aca8d1ff46690ad
xmodelmesh,#hash_ace255ad37ffae1
xmodelmesh,#hash_ace5c2b49e99992
xmodelmesh,#hash_ad46f40e38989fb
xmodelmesh,#hash_8ad4e66cfe13d4dd
xmodelmesh,#hash_ad6d740be1dbbcf
xmodelmesh,#hash_adbe23a675826d1
xmodelmesh,#hash_adc41f5f19d188a
xmodelmesh,#hash_adcbbc4f10b9f01
xmodelmesh,#hash_adebf48c6131740
xmodelmesh,#hash_ae334c341ed0e83
xmodelmesh,#hash_ae4f9cc4671bc70
xmodelmesh,#hash_aeb10b31615b530
xmodelmesh,#hash_aed3e94e01042c4
xmodelmesh,#hash_aeee73713004b25
xmodelmesh,#hash_aef2261aac0bb0a
xmodelmesh,#hash_af09ba2b73984b1
xmodelmesh,#hash_af1d5282d61b5f9
xmodelmesh,#hash_af51180f8329f1a
xmodelmesh,#hash_8af5d1c20a5d277d
xmodelmesh,#hash_af7350fcc8073a0
xmodelmesh,#hash_afad60806360f72
xmodelmesh,#hash_afc783239b0dcc9
xmodelmesh,#hash_afefe2c5077214c
xmodelmesh,#hash_aff16695571f83c
xmodelmesh,#hash_afffce61e0728f7
xmodelmesh,#hash_b00f4c14477a8b3
xmodelmesh,#hash_b023b8a54c52b06
xmodelmesh,#hash_8b030f77d2d9bbfc
xmodelmesh,#hash_b0431f67eba5934
xmodelmesh,#hash_b052ca324c3597e
xmodelmesh,#hash_b0774dd0a5288cc
xmodelmesh,#hash_b0923b3b68b72cb
xmodelmesh,#hash_b097f3dbd410bd4
xmodelmesh,#hash_b0ba0fb04e358b6
xmodelmesh,#hash_b0c069d9537a0e7
xmodelmesh,#hash_b0c34d5bd01c8a3
xmodelmesh,#hash_b109e8e6448697d
xmodelmesh,#hash_b12dc35ae4f5657
xmodelmesh,#hash_b1343ce0e4c2de6
xmodelmesh,#hash_b13915db70e8fa9
xmodelmesh,#hash_b172da154a717be
xmodelmesh,#hash_8b175b5a3f46cafe
xmodelmesh,#hash_b1c75392365ad70
xmodelmesh,#hash_8b1e52a4f0788dda
xmodelmesh,#hash_8b207575e0213236
xmodelmesh,#hash_b235205d582b9ea
xmodelmesh,#hash_b237e3a5abe25ea
xmodelmesh,#hash_b240c1c881f5aa9
xmodelmesh,#hash_b241ed3dc9aff5e
xmodelmesh,#hash_8b250a8e0ecc4c8a
xmodelmesh,#hash_b28b021a6adc835
xmodelmesh,#hash_b2d1fe9f99f732b
xmodelmesh,#hash_b2d2498029cdf4c
xmodelmesh,#hash_b3093f0916a6191
xmodelmesh,#hash_8b31004d532ee584
xmodelmesh,#hash_b328961f2b254a2
xmodelmesh,#hash_b32a1787c01c2d9
xmodelmesh,#hash_b32ac41fa10bc12
xmodelmesh,#hash_b351c3337810888
xmodelmesh,#hash_b389bb274915799
xmodelmesh,#hash_8b3a2cb37b38215b
xmodelmesh,#hash_8b3b940cd68a752e
xmodelmesh,#hash_8b3c0f4561527018
xmodelmesh,#hash_b44657056cc7d27
xmodelmesh,#hash_b4641e51ba718ba
xmodelmesh,#hash_b46989eb11c5b98
xmodelmesh,#hash_b474729bb3fba64
xmodelmesh,#hash_b4b8b7b3aa258cd
xmodelmesh,#hash_b4c90938c7d7da5
xmodelmesh,#hash_b4caa1042d8642f
xmodelmesh,#hash_b4d7604b1e3608c
xmodelmesh,#hash_b4f182aab170d27
xmodelmesh,#hash_b4f9b6f2c2f2bee
xmodelmesh,#hash_b526d4d998dfd59
xmodelmesh,#hash_8b542274874608d7
xmodelmesh,#hash_b549ce6694aa557
xmodelmesh,#hash_b58198fe84fff12
xmodelmesh,#hash_b59f00def277358
xmodelmesh,#hash_b5b2b2713fc65bc
xmodelmesh,#hash_b5cc3557186ec72
xmodelmesh,#hash_b5d5626d524c881
xmodelmesh,#hash_b5f069ae47fa0b7
xmodelmesh,#hash_b5f2891c0152c2e
xmodelmesh,#hash_b6716da0117aa11
xmodelmesh,#hash_b67843d74594235
xmodelmesh,#hash_b6800455a12d50b
xmodelmesh,#hash_b69b4066cbbbd92
xmodelmesh,#hash_b6cf6892dc0768c
xmodelmesh,#hash_b6e1234207d8788
xmodelmesh,#hash_b701c38cbb9b76e
xmodelmesh,#hash_b764729a2fcc989
xmodelmesh,#hash_b764ff250bb3eca
xmodelmesh,#hash_b767ee6cda0aded
xmodelmesh,#hash_b77041c09bc65b4
xmodelmesh,#hash_8b774583c020503c
xmodelmesh,#hash_b78c2f8a50d7f37
xmodelmesh,#hash_b7a28fc77e62f33
xmodelmesh,#hash_b7a65b3363f6ae1
xmodelmesh,#hash_b7cc3accac95e72
xmodelmesh,#hash_b7d95be22977072
xmodelmesh,#hash_b7e44075113cdb3
xmodelmesh,#hash_b7e5b55a9094317
xmodelmesh,#hash_b7e8d0e53ce5abb
xmodelmesh,#hash_b815616625b22b7
xmodelmesh,#hash_b83aa65609d4a07
xmodelmesh,#hash_b858236416a2e6b
xmodelmesh,#hash_b864140fef4e8a3
xmodelmesh,#hash_8b8668c691c0e56a
xmodelmesh,#hash_b881ebe0b315c10
xmodelmesh,#hash_b8871c5017663c0
xmodelmesh,#hash_b895d72e5fa1a95
xmodelmesh,#hash_b8b79967ab00ae4
xmodelmesh,#hash_8b8beb06f6181e32
xmodelmesh,#hash_b8bf94e32f53990
xmodelmesh,#hash_b8c6186c77a3b12
xmodelmesh,#hash_b8cd6648aec1afc
xmodelmesh,#hash_b90db403ad9836a
xmodelmesh,#hash_b9204acfa305488
xmodelmesh,#hash_b920b32c2e7c392
xmodelmesh,#hash_b92cc46e16d6ef3
xmodelmesh,#hash_8b95475a267663da
xmodelmesh,#hash_b957c38f5a0fedd
xmodelmesh,#hash_b97ad541f02b873
xmodelmesh,#hash_b9a92f3bfa80e4c
xmodelmesh,#hash_b9db55a786ca10b
xmodelmesh,#hash_ba66eb578f787ed
xmodelmesh,#hash_ba6bee5a9562f2f
xmodelmesh,#hash_ba7f179fa75c01b
xmodelmesh,#hash_ba915729d9a1ce0
xmodelmesh,#hash_ba9183cb8f4b6f6
xmodelmesh,#hash_ba9bd9df9433a49
xmodelmesh,#hash_bab38a589b4a162
xmodelmesh,#hash_8bac8b90752b0a7d
xmodelmesh,#hash_8badaf03df6c01fc
xmodelmesh,#hash_baf5b1d81b8c1f0
xmodelmesh,#hash_8bb1471ec90e6c83
xmodelmesh,#hash_bb1af1503105b7f
xmodelmesh,#hash_bb3a096576c5a46
xmodelmesh,#hash_bb3e4b70b1c4e12
xmodelmesh,#hash_8bb428f85cf4e6a0
xmodelmesh,#hash_bb4ce0cfaf577b3
xmodelmesh,#hash_bb641f876d3bacf
xmodelmesh,#hash_bb7407ed582a97d
xmodelmesh,#hash_bb8b00be8be4508
xmodelmesh,#hash_8bb8bd03875a81e2
xmodelmesh,#hash_bb960dbfd8671d2
xmodelmesh,#hash_bbe409152b78529
xmodelmesh,#hash_bbed5c0ff4f8a85
xmodelmesh,#hash_bc00c5f15241130
xmodelmesh,#hash_bc1c40cca227a34
xmodelmesh,#hash_bc25fc1c72f4166
xmodelmesh,#hash_bc2f41ac90641e7
xmodelmesh,#hash_bc73a1aec219934
xmodelmesh,#hash_bc80eeae53a87d9
xmodelmesh,#hash_bc99027c19ed637
xmodelmesh,#hash_bcb0254ab9c36fc
xmodelmesh,#hash_bcc2d8b12ab3ce7
xmodelmesh,#hash_bce51339abce793
xmodelmesh,#hash_bd35f93ff82d2ca
xmodelmesh,#hash_bd575435523d2e3
xmodelmesh,#hash_bd5a61e79068ef8
xmodelmesh,#hash_bd5df26527674ef
xmodelmesh,#hash_bd668abd1357954
xmodelmesh,#hash_bd6b912bd175608
xmodelmesh,#hash_bd87ac6ea8422a0
xmodelmesh,#hash_bda3b902ae97c83
xmodelmesh,#hash_bdb711fb977689d
xmodelmesh,#hash_bdc54abbe361ad2
xmodelmesh,#hash_8bddd07ebb1015de
xmodelmesh,#hash_bde6f3bbeca7d41
xmodelmesh,#hash_bdf428f6aef4343
xmodelmesh,#hash_be0fbadab2a0c61
xmodelmesh,#hash_be14825c4718552
xmodelmesh,#hash_be2b7a97c4ff68b
xmodelmesh,#hash_be53bc9499c9570
xmodelmesh,#hash_be7f545119bb54c
xmodelmesh,#hash_be83ef56d1c6b50
xmodelmesh,#hash_be958570d9b7b35
xmodelmesh,#hash_be9a5e5c1c69378
xmodelmesh,#hash_beb39d7000a8e3d
xmodelmesh,#hash_beb97bf17987566
xmodelmesh,#hash_bedd88bc1e5e365
xmodelmesh,#hash_8bee6648ad88b832
xmodelmesh,#hash_bee9c049797c822
xmodelmesh,#hash_beebde1126a27f3
xmodelmesh,#hash_bef444f6765bad4
xmodelmesh,#hash_bf4e761a2f31283
xmodelmesh,#hash_bf6d1ac70e37986
xmodelmesh,#hash_bf6d8178a1199fb
xmodelmesh,#hash_bf88c0627774c65
xmodelmesh,#hash_8bf95269a6e014a6
xmodelmesh,#hash_bfadb4912299856
xmodelmesh,#hash_bfb7eb81ced8a0b
xmodelmesh,#hash_8c00bfec10ac7110
xmodelmesh,#hash_c02f518b37dda52
xmodelmesh,#hash_c05cbd1932365bf
xmodelmesh,#hash_c061fe7a42213d4
xmodelmesh,#hash_c0840509940cef7
xmodelmesh,#hash_c0b7bb5ded97605
xmodelmesh,#hash_c0c9a0a33cb502a
xmodelmesh,#hash_c0cc0b658bcafc8
xmodelmesh,#hash_c0d8d0ce9618b6a
xmodelmesh,#hash_c11de05ce75b206
xmodelmesh,#hash_c13e62bab76dc51
xmodelmesh,#hash_c1503486e7a9c50
xmodelmesh,#hash_8c15699564c22a9b
xmodelmesh,#hash_c1643b4fb11f84d
xmodelmesh,#hash_c16f4f9968bddb9
xmodelmesh,#hash_c174a593279b451
xmodelmesh,#hash_c19d5019a2fe901
xmodelmesh,#hash_c1b6a436b0b449c
xmodelmesh,#hash_c1c3db458e2eb66
xmodelmesh,#hash_8c1c8616c228e324
xmodelmesh,#hash_c2053ba2d8ee3b5
xmodelmesh,#hash_c209a959a11655c
xmodelmesh,#hash_c20a73266b3f2a3
xmodelmesh,#hash_c2137d4a6024eba
xmodelmesh,#hash_c24c901f29c1891
xmodelmesh,#hash_c2e62223d0183a4
xmodelmesh,#hash_c2ecf408f2c5b2a
xmodelmesh,#hash_c308855c576c94e
xmodelmesh,#hash_c31be2068156217
xmodelmesh,#hash_c320bc4dc678bd9
xmodelmesh,#hash_c342d0c3c14e5b7
xmodelmesh,#hash_c350a8228225c91
xmodelmesh,#hash_c3560b696f77ff8
xmodelmesh,#hash_c36ad6b1ba50cae
xmodelmesh,#hash_c387df5b1b1e7d4
xmodelmesh,#hash_c3d73f9b5520de6
xmodelmesh,#hash_c3e0f22b870d175
xmodelmesh,#hash_c3fa53c3760c01a
xmodelmesh,#hash_8c43ccce02a4deb9
xmodelmesh,#hash_c46b579b9918e5e
xmodelmesh,#hash_c46bab33700c3aa
xmodelmesh,#hash_c474078719c3a71
xmodelmesh,#hash_8c48addadba9549c
xmodelmesh,#hash_c4aa015691f7115
xmodelmesh,#hash_c5100d28f97bc7b
xmodelmesh,#hash_8c522eb67eb513d7
xmodelmesh,#hash_c52325887198404
xmodelmesh,#hash_c52646e4b90272c
xmodelmesh,#hash_c5362c30cecb3d4
xmodelmesh,#hash_8c54220df2f23dd6
xmodelmesh,#hash_c546074c1f8b552
xmodelmesh,#hash_c5536f033a692a5
xmodelmesh,#hash_8c563f1a0ec8e2ff
xmodelmesh,#hash_c568a91612f16ba
xmodelmesh,#hash_c569648250c2305
xmodelmesh,#hash_8c56ea9f67d8c3f3
xmodelmesh,#hash_8c5718875814a315
xmodelmesh,#hash_c578de19e844c78
xmodelmesh,#hash_c58a3bfbe75cdeb
xmodelmesh,#hash_c5afb186b19ef56
xmodelmesh,#hash_c5d29ac0f42613f
xmodelmesh,#hash_c5dd3845e902908
xmodelmesh,#hash_c61f7e02b01c669
xmodelmesh,#hash_c63249c4db261e6
xmodelmesh,#hash_c647b88f02eb8e0
xmodelmesh,#hash_c648267a3cb39b8
xmodelmesh,#hash_c65e220dabf70d3
xmodelmesh,#hash_c65f33c43abdd8a
xmodelmesh,#hash_c67ae4008cfb289
xmodelmesh,#hash_c69f83ef275f163
xmodelmesh,#hash_c6c3ebbdf7a3364
xmodelmesh,#hash_c6fe8c98490bc20
xmodelmesh,#hash_8c71f9f346d3947a
xmodelmesh,#hash_c74f7572e399213
xmodelmesh,#hash_c763aa1f671f648
xmodelmesh,#hash_c76bbe89e672ede
xmodelmesh,#hash_8c774ae974bfe7c8
xmodelmesh,#hash_c7a50b8c26b3743
xmodelmesh,#hash_8c7d940c17591018
xmodelmesh,#hash_c7dbfa18e264fbf
xmodelmesh,#hash_c801cfab6eef0ea
xmodelmesh,#hash_c82d10ffbbbbc67
xmodelmesh,#hash_c8304855581bc36
xmodelmesh,#hash_c84d5f66af4b358
xmodelmesh,#hash_c86fc42e8deaa8d
xmodelmesh,#hash_c886edcdeab7506
xmodelmesh,#hash_c88aa54cb2afa7c
xmodelmesh,#hash_c8995114e3a010e
xmodelmesh,#hash_8c8c58b8eb0c8cef
xmodelmesh,#hash_c8f3f5813541504
xmodelmesh,#hash_c8f83aeabdc70ac
xmodelmesh,#hash_c91f1c47445b805
xmodelmesh,#hash_c9420386d01a97f
xmodelmesh,#hash_c942487ec1fb7ac
xmodelmesh,#hash_c970c38f9633798
xmodelmesh,#hash_c978b99825ec64c
xmodelmesh,#hash_c990e31438f2d68
xmodelmesh,#hash_c9aea3965840e2d
xmodelmesh,#hash_c9c47cc252e9bd0
xmodelmesh,#hash_c9d262ebf2066aa
xmodelmesh,#hash_ca25eb21c0d50af
xmodelmesh,#hash_ca4f7133a1af234
xmodelmesh,#hash_ca6cd210d4a8cbb
xmodelmesh,#hash_ca6de772a930991
xmodelmesh,#hash_ca7121ac48fd7ce
xmodelmesh,#hash_ca7f5a46da8a5e4
xmodelmesh,#hash_ca9d322ae3521ce
xmodelmesh,#hash_8caa2f1a5cccb621
xmodelmesh,#hash_8cab57da6706fc66
xmodelmesh,#hash_cab69acde7eda2e
xmodelmesh,#hash_8cac415c2c66a2e0
xmodelmesh,#hash_cac8dc7ef94c1e5
xmodelmesh,#hash_8caeed70401cb825
xmodelmesh,#hash_caf9268f0dedba7
xmodelmesh,#hash_8cafc42192c9689a
xmodelmesh,#hash_8cb106fc6278f26f
xmodelmesh,#hash_cb15d5a0adcff33
xmodelmesh,#hash_cba8ac7ed3eb44b
xmodelmesh,#hash_cbcd33a37bc476d
xmodelmesh,#hash_cbf6a3445d3f70e
xmodelmesh,#hash_cc06b871b0f171e
xmodelmesh,#hash_cca1361972c4f47
xmodelmesh,#hash_cca8230d7d8fd5e
xmodelmesh,#hash_ccab30462fade06
xmodelmesh,#hash_8ccd072955a429ac
xmodelmesh,#hash_ccd85ec4bba3128
xmodelmesh,#hash_ccf2ce3f4b7f10e
xmodelmesh,#hash_8cd16052104c741a
xmodelmesh,#hash_cd1a57a75b41618
xmodelmesh,#hash_8cd22d1af5bc6785
xmodelmesh,#hash_cd2fd738c6828ad
xmodelmesh,#hash_cd61989a7123701
xmodelmesh,#hash_8cd87016ce63380d
xmodelmesh,#hash_cda704f6541f9fb
xmodelmesh,#hash_8ce01a4955103074
xmodelmesh,#hash_ce07f9e6ca4add3
xmodelmesh,#hash_ce1e471727b2a4c
xmodelmesh,#hash_ce373b0f5b60cb5
xmodelmesh,#hash_ce9aa6329225f49
xmodelmesh,#hash_cebce20f1459da6
xmodelmesh,#hash_cef2d661b47aeab
xmodelmesh,#hash_8cf167cc75dc610d
xmodelmesh,#hash_8cf37f8f26bb08a0
xmodelmesh,#hash_cf3c2ed1b722c83
xmodelmesh,#hash_cf4178dfa92eae5
xmodelmesh,#hash_cf45eec0c9532af
xmodelmesh,#hash_cf6a27655d2a230
xmodelmesh,#hash_cf742dd819173b7
xmodelmesh,#hash_cfc96c755317480
xmodelmesh,#hash_cff2a5f507785df
xmodelmesh,#hash_d023e1ab2d54402
xmodelmesh,#hash_d02a35b6db1baa1
xmodelmesh,#hash_8d03952c4d0d03d7
xmodelmesh,#hash_8d042d2a1bea4f5c
xmodelmesh,#hash_d047f7c7c5df2f5
xmodelmesh,#hash_d095d8bfa42f8a9
xmodelmesh,#hash_d0a09c6bce741e7
xmodelmesh,#hash_d0faf24a9385c1b
xmodelmesh,#hash_8d155393ccb07186
xmodelmesh,#hash_d156f5daadc5a16
xmodelmesh,#hash_d16479223b3098b
xmodelmesh,#hash_d1680621cc1dc11
xmodelmesh,#hash_8d16f904cda2a90c
xmodelmesh,#hash_d194029f3cd2d37
xmodelmesh,#hash_8d1a2131d77408bd
xmodelmesh,#hash_d1e44b4a480c432
xmodelmesh,#hash_d1fbf2a2933373b
xmodelmesh,#hash_d210f09d6035309
xmodelmesh,#hash_d243befea4f6734
xmodelmesh,#hash_d24cef42e167619
xmodelmesh,#hash_d2726210de40cde
xmodelmesh,#hash_8d2a932aca70689d
xmodelmesh,#hash_d2a96ce7619922f
xmodelmesh,#hash_d2b8bf44b3645e2
xmodelmesh,#hash_d3203bcac0dc1ca
xmodelmesh,#hash_8d32eeea6aee2bc0
xmodelmesh,#hash_d32f18276799d3e
xmodelmesh,#hash_d3472e10bd074c5
xmodelmesh,#hash_d35a17533660a38
xmodelmesh,#hash_8d3941028afa553d
xmodelmesh,#hash_d3d92319522a1df
xmodelmesh,#hash_d3e9b05f54fd788
xmodelmesh,#hash_d3ef88ecd004bf9
xmodelmesh,#hash_d3f7727b33c39ce
xmodelmesh,#hash_d43bd257b9859f5
xmodelmesh,#hash_8d4873e8b8415553
xmodelmesh,#hash_d48daf4b332deb1
xmodelmesh,#hash_d49a76631be6bfd
xmodelmesh,#hash_d4a9c9726089a9a
xmodelmesh,#hash_d4d11107bc2b3d0
xmodelmesh,#hash_d507459c800e26e
xmodelmesh,#hash_d50d7ae61195bf2
xmodelmesh,#hash_d51f918c27b820c
xmodelmesh,#hash_d52020a8191e639
xmodelmesh,#hash_d5223cb95ee6579
xmodelmesh,#hash_d539c1626f1b9df
xmodelmesh,#hash_d53c80bfd3a8ba8
xmodelmesh,#hash_d54d2605598bc34
xmodelmesh,#hash_d5832b72ade9ade
xmodelmesh,#hash_d5961ede7934fb5
xmodelmesh,#hash_d5d8d294d903e10
xmodelmesh,#hash_d5ed6aa55772243
xmodelmesh,#hash_d5fd67f3eb4eb1b
xmodelmesh,#hash_d60cdbe6d8963f2
xmodelmesh,#hash_d6213f31a6616c6
xmodelmesh,#hash_d63095c49bf19c6
xmodelmesh,#hash_8d63a0887ec7329f
xmodelmesh,#hash_d63c6f4e8421b4d
xmodelmesh,#hash_d65e852e93d9787
xmodelmesh,#hash_d66047d4935e74f
xmodelmesh,#hash_d66253e2146fa50
xmodelmesh,#hash_d682c1061a3a356
xmodelmesh,#hash_d6aa1a7f9a007f4
xmodelmesh,#hash_d6b09ed831e34d0
xmodelmesh,#hash_d6bff547b4eb236
xmodelmesh,#hash_8d6d49c58a365e39
xmodelmesh,#hash_d6fd97f6695d6bb
xmodelmesh,#hash_d7005a861ae60bb
xmodelmesh,#hash_d7031daa8257b95
xmodelmesh,#hash_8d71eaca790ec629
xmodelmesh,#hash_8d748045be32ba31
xmodelmesh,#hash_d78596ab787e46b
xmodelmesh,#hash_d7975af3d9e3a4e
xmodelmesh,#hash_d7ab4aa09836dbf
xmodelmesh,#hash_d7b2db929432de4
xmodelmesh,#hash_d7f21c056cd34a7
xmodelmesh,#hash_d8045fc616f3843
xmodelmesh,#hash_8d815ef09ea62261
xmodelmesh,#hash_d8341c25c89fbcf
xmodelmesh,#hash_d837b14f28e0de7
xmodelmesh,#hash_d859ab64084f817
xmodelmesh,#hash_8d87d9a3e6929698
xmodelmesh,#hash_d8c61aec5209e87
xmodelmesh,#hash_d8e3835d51b9c7d
xmodelmesh,#hash_8d8e53a6ce9696dc
xmodelmesh,#hash_d91640c235310e7
xmodelmesh,#hash_d91fff8f9e8848c
xmodelmesh,#hash_d95c30d9ccf8a43
xmodelmesh,#hash_d96a9f00b151c76
xmodelmesh,#hash_d96fba7c4d6c5c1
xmodelmesh,#hash_d97086a07e16236
xmodelmesh,#hash_d97092c4201b530
xmodelmesh,#hash_d987527af8b1303
xmodelmesh,#hash_d991bf90ce8969e
xmodelmesh,#hash_8d9aa071122623a7
xmodelmesh,#hash_8da0474e9d632cee
xmodelmesh,#hash_da12fd83a8a7efb
xmodelmesh,#hash_da1c890ed479df8
xmodelmesh,#hash_da247210ea4111f
xmodelmesh,#hash_da2953abf77934c
xmodelmesh,#hash_da2db0dea01e1a8
xmodelmesh,#hash_da31af1b31d7ea5
xmodelmesh,#hash_da74a13a0554967
xmodelmesh,#hash_da75c614b41d64a
xmodelmesh,#hash_da7b7d3f183af9b
xmodelmesh,#hash_da97078ea9603a9
xmodelmesh,#hash_da9d83d11bf40ea
xmodelmesh,#hash_dadbf15135c827d
xmodelmesh,#hash_8dae490a6ce1d577
xmodelmesh,#hash_db9665e0d056e66
xmodelmesh,#hash_dbacb4f00edec63
xmodelmesh,#hash_8dbb9b276e7d63d5
xmodelmesh,#hash_dbca54c9a2fbe53
xmodelmesh,#hash_dbd8f4f98b7b347
xmodelmesh,#hash_dbe7a631372235b
xmodelmesh,#hash_8dbffd1e5d18e5ad
xmodelmesh,#hash_8dc186120fad405d
xmodelmesh,#hash_dc52c93c79a5ea8
xmodelmesh,#hash_dc5a9b98cafa1b1
xmodelmesh,#hash_dc773a675be8b8b
xmodelmesh,#hash_dca57b13959de46
xmodelmesh,#hash_dd061b637e86b3c
xmodelmesh,#hash_dd3c8e3318383d9
xmodelmesh,#hash_dd43243f86fbd33
xmodelmesh,#hash_dd483ee99dd4643
xmodelmesh,#hash_dd50df2770faba8
xmodelmesh,#hash_dd521742ef51f79
xmodelmesh,#hash_dd53b096cb8e41a
xmodelmesh,#hash_dd7611867db072d
xmodelmesh,#hash_dd7e18ab2780818
xmodelmesh,#hash_dd942e600056f3e
xmodelmesh,#hash_ddbec911ac8f9f8
xmodelmesh,#hash_de6369643bb4124
xmodelmesh,#hash_8de85b322aa1695d
xmodelmesh,#hash_de86d8f05a0917f
xmodelmesh,#hash_de8827bd61987d4
xmodelmesh,#hash_deabcf06df3f1ba
xmodelmesh,#hash_dec128bb0d1a7a3
xmodelmesh,#hash_8dedc35320f3d94f
xmodelmesh,#hash_dedcad87441f643
xmodelmesh,#hash_8dedcd77f92f96b6
xmodelmesh,#hash_dee41c6cb5ba230
xmodelmesh,#hash_df2ff8a7f2f11fe
xmodelmesh,#hash_df62bb46b3b6729
xmodelmesh,#hash_df6701481ccecfe
xmodelmesh,#hash_df6cb494d087de9
xmodelmesh,#hash_df70d62dd3547d1
xmodelmesh,#hash_df84d25bef16898
xmodelmesh,#hash_df9c93d7124b390
xmodelmesh,#hash_dfcd37a141d2621
xmodelmesh,#hash_e041265d14df8fa
xmodelmesh,#hash_8e06846795a647e5
xmodelmesh,#hash_e0bac7dcbc2023e
xmodelmesh,#hash_e0c432bc6e11dcf
xmodelmesh,#hash_e0cd6b185d9bc20
xmodelmesh,#hash_e0d0f794e08f5e1
xmodelmesh,#hash_8e1093522b061053
xmodelmesh,#hash_e10c1cf9527f4a9
xmodelmesh,#hash_e121e287c3b94ab
xmodelmesh,#hash_8e12a8e33bf4b3ac
xmodelmesh,#hash_e163b8737f73d9c
xmodelmesh,#hash_e16f0a3f10025b7
xmodelmesh,#hash_e1709db8ee37ff9
xmodelmesh,#hash_e172100a3818290
xmodelmesh,#hash_e172b592e8f6e70
xmodelmesh,#hash_8e1a6bcd9da2608c
xmodelmesh,#hash_e1d9621213fcecc
xmodelmesh,#hash_e1eeb0907249c36
xmodelmesh,#hash_e1fbedd08c285ef
xmodelmesh,#hash_e2076c4bfb1a816
xmodelmesh,#hash_e22a2e47e55c0b8
xmodelmesh,#hash_8e27b99b594144ea
xmodelmesh,#hash_e28009b564e088d
xmodelmesh,#hash_e28d1fb8b552cbd
xmodelmesh,#hash_e290aa334dc4dc8
xmodelmesh,#hash_e2a5a8be99f489b
xmodelmesh,#hash_8e2a77950a8e2b41
xmodelmesh,#hash_e2bb9a1494a617e
xmodelmesh,#hash_e2cca9df23e6edb
xmodelmesh,#hash_e2d20766764c294
xmodelmesh,#hash_e2dfda048c5003e
xmodelmesh,#hash_e33ede76e83544f
xmodelmesh,#hash_e37943bb5a9b5aa
xmodelmesh,#hash_e38aeadf7dd3973
xmodelmesh,#hash_e3ac724bb7ce5d0
xmodelmesh,#hash_e3dc3c08f009dad
xmodelmesh,#hash_e3e6cc605a5257a
xmodelmesh,#hash_e3f549878f64f88
xmodelmesh,#hash_e40873b13974624
xmodelmesh,#hash_e419ceb196d0bfc
xmodelmesh,#hash_e41a9f1d0002560
xmodelmesh,#hash_e42162330142a74
xmodelmesh,#hash_e4392ab45d53f3b
xmodelmesh,#hash_e4426408ae2f39a
xmodelmesh,#hash_8e456dde332f32f8
xmodelmesh,#hash_e485599ad6353ea
xmodelmesh,#hash_e4916af4c249d0b
xmodelmesh,#hash_e4bf9e1be689821
xmodelmesh,#hash_e4ced05074d96ec
xmodelmesh,#hash_e4d2a57d85fd66b
xmodelmesh,#hash_e4d4d1ab72d8188
xmodelmesh,#hash_e4d55422f407cbd
xmodelmesh,#hash_e4df9a5fac5ded3
xmodelmesh,#hash_8e4f2d52b50bf5be
xmodelmesh,#hash_e4f46cc857e64ce
xmodelmesh,#hash_e4fef72b1a55a19
xmodelmesh,#hash_8e5080def45d8900
xmodelmesh,#hash_e52acadaaa9c448
xmodelmesh,#hash_e5403d9139db1e4
xmodelmesh,#hash_e544c508e8f06b6
xmodelmesh,#hash_e559f9e36c93db3
xmodelmesh,#hash_e561bd75f869bf6
xmodelmesh,#hash_8e564fc06432fe6e
xmodelmesh,#hash_e571230d84aef44
xmodelmesh,#hash_8e573a073b1f07ca
xmodelmesh,#hash_8e57ccea5c51fd46
xmodelmesh,#hash_e58e1b5746bf0bd
xmodelmesh,#hash_8e593ecc7476b218
xmodelmesh,#hash_e5d39108792084d
xmodelmesh,#hash_e5efdf2dde81b57
xmodelmesh,#hash_e65343fe9059f70
xmodelmesh,#hash_8e6713549ed36382
xmodelmesh,#hash_e6727b0477309c9
xmodelmesh,#hash_e676c3a98f2128d
xmodelmesh,#hash_8e6e734310bb6a42
xmodelmesh,#hash_e703fa792b989d4
xmodelmesh,#hash_e70e7e80c1919ed
xmodelmesh,#hash_e719e4a1151e5cb
xmodelmesh,#hash_e7257f2d2310da5
xmodelmesh,#hash_e7661a53050c64a
xmodelmesh,#hash_e7674c51082c613
xmodelmesh,#hash_e771da31d91fc12
xmodelmesh,#hash_e7a138e25fda026
xmodelmesh,#hash_e7bef19261fa25f
xmodelmesh,#hash_e7cd45acc653ab9
xmodelmesh,#hash_e819560b9721a5a
xmodelmesh,#hash_e838f63e71fbb58
xmodelmesh,#hash_8e862c441c888eac
xmodelmesh,#hash_8e89a5b769023170
xmodelmesh,#hash_8e900813dbdbff11
xmodelmesh,#hash_e91d9b2cbb01eb0
xmodelmesh,#hash_e92eb6c3414a1b9
xmodelmesh,#hash_e933cfaac5af84f
xmodelmesh,#hash_8e939f48a9764a8b
xmodelmesh,#hash_e943630bc28898d
xmodelmesh,#hash_8e94b670dd72b96f
xmodelmesh,#hash_e951ede30a6a287
xmodelmesh,#hash_e96a1d994295329
xmodelmesh,#hash_e96dcc7527fde05
xmodelmesh,#hash_8e9c96a71276f2da
xmodelmesh,#hash_e9d3258cc270f65
xmodelmesh,#hash_e9d9b73d3d44868
xmodelmesh,#hash_ea18c30db7f6767
xmodelmesh,#hash_8ea1e25b77fc41a7
xmodelmesh,#hash_ea3bab2d92761ad
xmodelmesh,#hash_ea3eece97a85be3
xmodelmesh,#hash_ea501e30709c36b
xmodelmesh,#hash_ea5aae668a7913c
xmodelmesh,#hash_ea643ff36df2b4e
xmodelmesh,#hash_ea6ab99cdfc562d
xmodelmesh,#hash_ea8f832d408aaeb
xmodelmesh,#hash_eabe3289bcb4897
xmodelmesh,#hash_8eac33e03aeeb6fc
xmodelmesh,#hash_eaf8cbaba545fc3
xmodelmesh,#hash_eb093c55b463ea7
xmodelmesh,#hash_eb35b540f192490
xmodelmesh,#hash_eb377dddf03aecf
xmodelmesh,#hash_eb3ecc618b75c71
xmodelmesh,#hash_eb40f7152782776
xmodelmesh,#hash_eb74d3cd832a7ea
xmodelmesh,#hash_eb7fb072ecf64eb
xmodelmesh,#hash_eb8e7be6dc62c78
xmodelmesh,#hash_8ebe1efb323858cb
xmodelmesh,#hash_ebe5ca9c25a8b15
xmodelmesh,#hash_ebe9e4e0051f5d5
xmodelmesh,#hash_ec32223630cbb3a
xmodelmesh,#hash_ec35d7841df487f
xmodelmesh,#hash_ecb4396a75478e9
xmodelmesh,#hash_ecdff35fe3ed1af
xmodelmesh,#hash_ecfec8f36d3da42
xmodelmesh,#hash_ed46aadce7bf515
xmodelmesh,#hash_ed503a9f72970e5
xmodelmesh,#hash_ed71c9c597a4d40
xmodelmesh,#hash_ed9d207bbcfc398
xmodelmesh,#hash_ed9da0a5c8b769d
xmodelmesh,#hash_8eda3e26a0d3aa4e
xmodelmesh,#hash_edb89c317fd9a46
xmodelmesh,#hash_ede22a86dea3e25
xmodelmesh,#hash_ede6f577a09ee23
xmodelmesh,#hash_ee2cf86e130d92e
xmodelmesh,#hash_ee4065f25de364b
xmodelmesh,#hash_ee46d8cce2b55b1
xmodelmesh,#hash_ee753e13174d0fe
xmodelmesh,#hash_eeefa4d46d73929
xmodelmesh,#hash_eefd3f5bfc25380
xmodelmesh,#hash_ef022c3df4851d0
xmodelmesh,#hash_ef5a1d2c69627a5
xmodelmesh,#hash_ef605e132dd6a9c
xmodelmesh,#hash_ef9d68072a7645c
xmodelmesh,#hash_8efc1276e3b9f40d
xmodelmesh,#hash_efc853159b09bda
xmodelmesh,#hash_efcb29452da4b65
xmodelmesh,#hash_efd3a315ad7f02b
xmodelmesh,#hash_efdb3fb50ee0475
xmodelmesh,#hash_efde07c2abe75bd
xmodelmesh,#hash_8f00b32746e58664
xmodelmesh,#hash_f00e91a28061219
xmodelmesh,#hash_f021a1512014a7c
xmodelmesh,#hash_f040198436e1327
xmodelmesh,#hash_f04689e0c64e389
xmodelmesh,#hash_f04ab504a88695e
xmodelmesh,#hash_f08a264d99bcc6c
xmodelmesh,#hash_8f08fed9065efd5f
xmodelmesh,#hash_f0981b4fc3e241a
xmodelmesh,#hash_8f0a188204e17bdd
xmodelmesh,#hash_f0dfb65388ef0d8
xmodelmesh,#hash_f0fa1aac11fa590
xmodelmesh,#hash_f1598534a120a4e
xmodelmesh,#hash_f15cc28caf7beea
xmodelmesh,#hash_f171fa42e189d45
xmodelmesh,#hash_f18c3c4894fd7ea
xmodelmesh,#hash_8f19775d9e335403
xmodelmesh,#hash_8f19d14eab9967a3
xmodelmesh,#hash_8f1a9bc4d81b3435
xmodelmesh,#hash_f1c21972e851775
xmodelmesh,#hash_f1c6c468030a1fb
xmodelmesh,#hash_f1ff79694480da8
xmodelmesh,#hash_f202660cdee6744
xmodelmesh,#hash_f2354f984b6a943
xmodelmesh,#hash_f25752d71960bfe
xmodelmesh,#hash_f26ea0e489fe60e
xmodelmesh,#hash_f2a096e1f78604c
xmodelmesh,#hash_8f2fc952cf7758bb
xmodelmesh,#hash_f306ad24b715c53
xmodelmesh,#hash_f31bea8b05672a6
xmodelmesh,#hash_8f353ca5150fd814
xmodelmesh,#hash_f378f5014e4b4d5
xmodelmesh,#hash_f37b0217d2a9be9
xmodelmesh,#hash_f3ac06f069a51ce
xmodelmesh,#hash_f3b7992c022294e
xmodelmesh,#hash_8f3cabfbfaa69ae9
xmodelmesh,#hash_f3cf2e1429404b1
xmodelmesh,#hash_f3e71a2dc70855d
xmodelmesh,#hash_f3eee9bca7c82d5
xmodelmesh,#hash_f3ef3e74ab1e471
xmodelmesh,#hash_f402fe0c3ae3fdb
xmodelmesh,#hash_f403a1036694d58
xmodelmesh,#hash_8f4144e15b92c415
xmodelmesh,#hash_f421944e4d2cee8
xmodelmesh,#hash_f46e13b059ecf35
xmodelmesh,#hash_f4779b0848dde83
xmodelmesh,#hash_8f4864d45dd0ca99
xmodelmesh,#hash_f4b133190913404
xmodelmesh,#hash_f4cc83b477dcf52
xmodelmesh,#hash_f4d0beeb5edb848
xmodelmesh,#hash_f4eb013d38790ea
xmodelmesh,#hash_f4f8b2f13c7e8aa
xmodelmesh,#hash_8f504d7234452dbd
xmodelmesh,#hash_f510d91ccb555f4
xmodelmesh,#hash_f5126b3c2938d7d
xmodelmesh,#hash_f517f45db57e043
xmodelmesh,#hash_f5191170c09b246
xmodelmesh,#hash_f55669a57dd668f
xmodelmesh,#hash_f5a75cb2a7c4166
xmodelmesh,#hash_f5c10b431df8a33
xmodelmesh,#hash_f5f5640f142ec8e
xmodelmesh,#hash_f5f67551869bb3b
xmodelmesh,#hash_f6178b89d5c7345
xmodelmesh,#hash_f618d08af14cbc2
xmodelmesh,#hash_f66157950509686
xmodelmesh,#hash_8f664a8527068b9b
xmodelmesh,#hash_f68f5b5373c1195
xmodelmesh,#hash_f692386b819c78a
xmodelmesh,#hash_8f6a1523514c120e
xmodelmesh,#hash_f6df5900db4a508
xmodelmesh,#hash_f70096a5fa5e79f
xmodelmesh,#hash_f718a609187064a
xmodelmesh,#hash_f730c92d443dd6e
xmodelmesh,#hash_f733a5e8441de9c
xmodelmesh,#hash_f7373c09023b6bd
xmodelmesh,#hash_f760591e6659df3
xmodelmesh,#hash_f76821b83017c9c
xmodelmesh,#hash_8f7aef52524d7837
xmodelmesh,#hash_8f7d33359b9cbb2a
xmodelmesh,#hash_f7f640301933414
xmodelmesh,#hash_f810f6521d59b19
xmodelmesh,#hash_f818b1292a93c1e
xmodelmesh,#hash_8f82c871fb0aab25
xmodelmesh,#hash_8f85f47fac5abc97
xmodelmesh,#hash_f85ff4b1c5053ea
xmodelmesh,#hash_f893b6dab8e4891
xmodelmesh,#hash_f8ac0e9732e95b1
xmodelmesh,#hash_8f8bebe546a3a364
xmodelmesh,#hash_f8d94f06a828bf3
xmodelmesh,#hash_f8e9347d866bc10
xmodelmesh,#hash_8f8ecb89ddd91b0c
xmodelmesh,#hash_f91b7e2e7e39524
xmodelmesh,#hash_f92dc1e870b8fcb
xmodelmesh,#hash_f954df7832f0ed1
xmodelmesh,#hash_f99b0a7d9591a4c
xmodelmesh,#hash_f9a3af64f0236b6
xmodelmesh,#hash_f9a5102c8dbcc1c
xmodelmesh,#hash_8f9e9c032437dd28
xmodelmesh,#hash_fa0625d1a9b5d44
xmodelmesh,#hash_fa2ef0f798970cb
xmodelmesh,#hash_fa3553ced4c19c2
xmodelmesh,#hash_fa7af7bc2146a66
xmodelmesh,#hash_fa8daa65b39dd34
xmodelmesh,#hash_8fa95205da3ef431
xmodelmesh,#hash_fa9bce65fb438b2
xmodelmesh,#hash_fab26ef9a41b3b2
xmodelmesh,#hash_8fac5643b72523f4
xmodelmesh,#hash_fadd1801a866db1
xmodelmesh,#hash_fae00a92bc7e45c
xmodelmesh,#hash_fb0cf0a61c7e882
xmodelmesh,#hash_fb1cf139d327cf4
xmodelmesh,#hash_fb31e4d339afae6
xmodelmesh,#hash_fb482ff6182ec0a
xmodelmesh,#hash_fb529b821cec01e
xmodelmesh,#hash_fb5c48e778df843
xmodelmesh,#hash_8fb67a6d600d1236
xmodelmesh,#hash_fb95047fcae87f7
xmodelmesh,#hash_fbc9c1619b09740
xmodelmesh,#hash_fbcb53b9a23e5cd
xmodelmesh,#hash_fbd6d811cef1618
xmodelmesh,#hash_fbd7d0c334cc1c0
xmodelmesh,#hash_fc09435fe878ac6
xmodelmesh,#hash_fc09c51beb96bf3
xmodelmesh,#hash_fc486a792aac1ea
xmodelmesh,#hash_fc8d9a4b5b87f50
xmodelmesh,#hash_8fcaa96ea73c3b54
xmodelmesh,#hash_8fcdcd4995bb4e78
xmodelmesh,#hash_fce5e9cdc5feecd
xmodelmesh,#hash_8fd0d6b6d5f73b0f
xmodelmesh,#hash_fd226cc21eb30a2
xmodelmesh,#hash_fd676e84b1224d8
xmodelmesh,#hash_fdb314764361696
xmodelmesh,#hash_fdd6a759d83ac4f
xmodelmesh,#hash_fe0200fcdf26045
xmodelmesh,#hash_8fe55054a655a4b0
xmodelmesh,#hash_8fe7810b43c8abbd
xmodelmesh,#hash_8fe818e3c28707d6
xmodelmesh,#hash_fe9cc5a273b8f0e
xmodelmesh,#hash_fea72efce5f266a
xmodelmesh,#hash_feb0b4546b83cfb
xmodelmesh,#hash_8ff48d2dfb25226c
xmodelmesh,#hash_ff4becf3cf52daf
xmodelmesh,#hash_ff7dfce9a3d0f69
xmodelmesh,#hash_ff8d91114ae6c46
xmodelmesh,#hash_8ff9d8df7c34db6e
xmodelmesh,#hash_ffb7fa4edda151f
xmodelmesh,#hash_8ffbcce593329a03
xmodelmesh,#hash_ffef642b2cdc6e8
xmodelmesh,#hash_9002a585f939e999
xmodelmesh,#hash_1005026c39117654
xmodelmesh,#hash_1005c07fa202ffc0
xmodelmesh,#hash_1006af1e8e78a732
xmodelmesh,#hash_10072efabff2455b
xmodelmesh,#hash_100830be46ae2c59
xmodelmesh,#hash_100abb252d016558
xmodelmesh,#hash_10108b8da3625a60
xmodelmesh,#hash_101233c787921703
xmodelmesh,#hash_1012b38657960bdd
xmodelmesh,#hash_1016da9f1e0427dd
xmodelmesh,#hash_10170bb776dc4318
xmodelmesh,#hash_101806235fc58782
xmodelmesh,#hash_10181bbea724c96e
xmodelmesh,#hash_90186970a9786022
xmodelmesh,#hash_1029132409a84e6f
xmodelmesh,#hash_1029ae449ff2557d
xmodelmesh,#hash_102c557335edb555
xmodelmesh,#hash_102ca60803fd6467
xmodelmesh,#hash_102ddae554cd5f61
xmodelmesh,#hash_102fa8812b35b334
xmodelmesh,#hash_10322ec1ef354425
xmodelmesh,#hash_103b69312b4c904c
xmodelmesh,#hash_903da10f70ce8241
xmodelmesh,#hash_1040c09bfb8c77f1
xmodelmesh,#hash_104122a9a1c0dfc8
xmodelmesh,#hash_10495eefe7b43127
xmodelmesh,#hash_904cc6e28858fe39
xmodelmesh,#hash_104cfe035d13a529
xmodelmesh,#hash_104d68ec2a4af308
xmodelmesh,#hash_104ffb3e5163da34
xmodelmesh,#hash_1052aab485ff9a6a
xmodelmesh,#hash_10547314b955e2a2
xmodelmesh,#hash_105548d235062049
xmodelmesh,#hash_10557b6fceeefa98
xmodelmesh,#hash_1056f2d6cc996a0c
xmodelmesh,#hash_10574d7e160be776
xmodelmesh,#hash_1058c3f20bbc4ed3
xmodelmesh,#hash_905943083c17feca
xmodelmesh,#hash_105bbed540eea565
xmodelmesh,#hash_905cad1c9816bfd3
xmodelmesh,#hash_105d348d889ec468
xmodelmesh,#hash_905dabd536932a53
xmodelmesh,#hash_105e3da8083b35e1
xmodelmesh,#hash_10637074a4ce2bd7
xmodelmesh,#hash_9063853fe714f391
xmodelmesh,#hash_906659deb9b53908
xmodelmesh,#hash_106677702c0af226
xmodelmesh,#hash_10671fe3fee50906
xmodelmesh,#hash_9068651b1e8a6352
xmodelmesh,#hash_10690240f166accd
xmodelmesh,#hash_106f35e1a9464398
xmodelmesh,#hash_106f45c78d523bc3
xmodelmesh,#hash_107504b1e8b7d56e
xmodelmesh,#hash_1077bfdf79184632
xmodelmesh,#hash_1079c49ce6de79d0
xmodelmesh,#hash_107a895535abe0db
xmodelmesh,#hash_107b7711568fb150
xmodelmesh,#hash_107d0ae52ff7cff6
xmodelmesh,#hash_907eb0fc1dc078f6
xmodelmesh,#hash_107f65e6fe14d71a
xmodelmesh,#hash_1080399d69ca1f52
xmodelmesh,#hash_1080e0be0e92cb63
xmodelmesh,#hash_108145c925b1af37
xmodelmesh,#hash_108227242f9ac2b1
xmodelmesh,#hash_9086276b289dee40
xmodelmesh,#hash_1088ab66d1e646ab
xmodelmesh,#hash_108994aea431dd4f
xmodelmesh,#hash_1089a50620209b5b
xmodelmesh,#hash_108ac1e87223105c
xmodelmesh,#hash_108bc4a1a80c5f70
xmodelmesh,#hash_108e81e7c309a8c9
xmodelmesh,#hash_108f33422a7bb5de
xmodelmesh,#hash_109010ae06ad916f
xmodelmesh,#hash_10918a894dc8e302
xmodelmesh,#hash_1091a6da5f914b1e
xmodelmesh,#hash_10924026cc0b81cc
xmodelmesh,#hash_90960303631e8c42
xmodelmesh,#hash_10965004804ca171
xmodelmesh,#hash_9096cfb28bad26ac
xmodelmesh,#hash_909af2ecd04e0841
xmodelmesh,#hash_109e4194302c62c4
xmodelmesh,#hash_10a08039cc969e2e
xmodelmesh,#hash_10a663edd5b8c396
xmodelmesh,#hash_10a70a04105fb302
xmodelmesh,#hash_10a73649b91e3842
xmodelmesh,#hash_10a872fc444a257b
xmodelmesh,#hash_90a97f61a23e501d
xmodelmesh,#hash_10aa0021bb42d3c6
xmodelmesh,#hash_10ac986f544923cd
xmodelmesh,#hash_10ad55cf703bd2cc
xmodelmesh,#hash_10b2dd3c162c497f
xmodelmesh,#hash_10b38c7d5c69ad22
xmodelmesh,#hash_10b4757cadc9e7e1
xmodelmesh,#hash_10b487f8843646eb
xmodelmesh,#hash_10b5e3ec22798b66
xmodelmesh,#hash_10b7d89e79b29b35
xmodelmesh,#hash_10b801a0550e06a9
xmodelmesh,#hash_10bd863aff18c15d
xmodelmesh,#hash_10bf55b166080c84
xmodelmesh,#hash_10c30f4fe9dde896
xmodelmesh,#hash_90c3c1e71fb843e0
xmodelmesh,#hash_90c3fd0633a1a0eb
xmodelmesh,#hash_10c5e280277360eb
xmodelmesh,#hash_10c7863870022111
xmodelmesh,#hash_10cb870a572e4c24
xmodelmesh,#hash_90cbfb4fb029b6d7
xmodelmesh,#hash_10cd57530f862543
xmodelmesh,#hash_10cf1cb4acf096ee
xmodelmesh,#hash_10d0d5c27193f7b3
xmodelmesh,#hash_10d32b8deaaa2106
xmodelmesh,#hash_10d4880a208bbda2
xmodelmesh,#hash_10d656541c808dbb
xmodelmesh,#hash_10dbec18158e249f
xmodelmesh,#hash_90dd75f065b328dd
xmodelmesh,#hash_10de8f5e6217d0a4
xmodelmesh,#hash_10e215e44d589599
xmodelmesh,#hash_10e5ba7169ec69e0
xmodelmesh,#hash_10e6fd1c33ab7939
xmodelmesh,#hash_10e7ce3716cd901e
xmodelmesh,#hash_10e8594ba309b1a3
xmodelmesh,#hash_90eb5deb8d353717
xmodelmesh,#hash_90eecde7bc0b5d29
xmodelmesh,#hash_10f07d4efc508a60
xmodelmesh,#hash_10f085009cbbb11c
xmodelmesh,#hash_10f5029684f87215
xmodelmesh,#hash_10f9575d559d6ed3
xmodelmesh,#hash_90fc3878dd8185cc
xmodelmesh,#hash_10fd62927e0e1400
xmodelmesh,#hash_10ff82b45f6e3e05
xmodelmesh,#hash_1100144e60eb40dd
xmodelmesh,#hash_11016996f8539e69
xmodelmesh,#hash_91039fdd5ae221f3
xmodelmesh,#hash_1104628398930b84
xmodelmesh,#hash_1106e1c751a790e4
xmodelmesh,#hash_1107c7d40377b9ce
xmodelmesh,#hash_1108d052c3882149
xmodelmesh,#hash_1109691d7d82afe2
xmodelmesh,#hash_110a313d2d26cd4d
xmodelmesh,#hash_110ce5616716cb8e
xmodelmesh,#hash_110dbdc2a91ba61d
xmodelmesh,#hash_110e0ae15fa6e882
xmodelmesh,#hash_111555a9a10bbe3c
xmodelmesh,#hash_1115799ad67f7c32
xmodelmesh,#hash_111636faf916fd39
xmodelmesh,#hash_1117ec49dd6879c4
xmodelmesh,#hash_911d488d91bd100c
xmodelmesh,#hash_112461d811aedf03
xmodelmesh,#hash_1124c61abd8819a0
xmodelmesh,#hash_112e4cebea4e093c
xmodelmesh,#hash_11303542a39402e2
xmodelmesh,#hash_1133b088648904d4
xmodelmesh,#hash_1133de9f50a2ea10
xmodelmesh,#hash_1137eeb49d3dc15d
xmodelmesh,#hash_113e6dd3edf5488a
xmodelmesh,#hash_913ecc05d6f4366b
xmodelmesh,#hash_113fbbc798401aff
xmodelmesh,#hash_1141599d35a85945
xmodelmesh,#hash_11447c6a5584eb1d
xmodelmesh,#hash_11512bbda50ed90d
xmodelmesh,#hash_1151339f66b3e772
xmodelmesh,#hash_1153b0ad596bdf55
xmodelmesh,#hash_1153be15aad95f63
xmodelmesh,#hash_11541750df373526
xmodelmesh,#hash_91544cc550f3304b
xmodelmesh,#hash_1155c73b9837b3ea
xmodelmesh,#hash_115a7cd20317822a
xmodelmesh,#hash_115b918e095801f1
xmodelmesh,#hash_115e7ceb04bc4e1b
xmodelmesh,#hash_115ff2a23b40bf2e
xmodelmesh,#hash_11606d1bb61b147a
xmodelmesh,#hash_11625569538dfb51
xmodelmesh,#hash_1162cd8960e1cedd
xmodelmesh,#hash_116610db8ff2f554
xmodelmesh,#hash_116642e7505561d3
xmodelmesh,#hash_1169b10893ecebb2
xmodelmesh,#hash_116b959945f90a52
xmodelmesh,#hash_116cbeaf6cde37a3
xmodelmesh,#hash_116d527a34b9996f
xmodelmesh,#hash_116e50bb9d99bc46
xmodelmesh,#hash_116f82a849514d93
xmodelmesh,#hash_91717eab52da08b0
xmodelmesh,#hash_1172815fbbfeaba5
xmodelmesh,#hash_91729dab5ff9eeb7
xmodelmesh,#hash_1172f54b3fcae017
xmodelmesh,#hash_117754a49360e0ba
xmodelmesh,#hash_117886591097af58
xmodelmesh,#hash_117ae913d0f68e2d
xmodelmesh,#hash_117e3b192a1cba60
xmodelmesh,#hash_11850f54e3a44b2e
xmodelmesh,#hash_118594630e3653a3
xmodelmesh,#hash_1185e7e3f4b0689f
xmodelmesh,#hash_11871ce5274c8593
xmodelmesh,#hash_91880fd95ed837ec
xmodelmesh,#hash_9189a1e932183021
xmodelmesh,#hash_918bcceeeffd3b64
xmodelmesh,#hash_118dd595ad9cf2f9
xmodelmesh,#hash_118f47d401f3a429
xmodelmesh,#hash_11915ec6c5888d6b
xmodelmesh,#hash_1191f913f20e7475
xmodelmesh,#hash_1193293126b9a76a
xmodelmesh,#hash_1194131acb8c457e
xmodelmesh,#hash_919530bd29a2651d
xmodelmesh,#hash_1195f61018f99ce7
xmodelmesh,#hash_11981076ccfdccd5
xmodelmesh,#hash_119b11853e27cbf8
xmodelmesh,#hash_119c4be3cf29d3e5
xmodelmesh,#hash_119c90eea6bef5fb
xmodelmesh,#hash_119c9c370545582f
xmodelmesh,#hash_919dd5d746b623d6
xmodelmesh,#hash_119e985eec08ff1c
xmodelmesh,#hash_11a03cd28b8261da
xmodelmesh,#hash_11a0a5ba9fa0aade
xmodelmesh,#hash_11a15aa57cfa6dde
xmodelmesh,#hash_91a672f51d4e6f8b
xmodelmesh,#hash_91a9d87e42867e53
xmodelmesh,#hash_11aae05f35afb33f
xmodelmesh,#hash_11ac828ee3e5d329
xmodelmesh,#hash_11afa78690190356
xmodelmesh,#hash_11b0134a30e62413
xmodelmesh,#hash_11b0309bfa065e79
xmodelmesh,#hash_11b08af3200b4f62
xmodelmesh,#hash_11b1335435a95684
xmodelmesh,#hash_11b43f4607b306b3
xmodelmesh,#hash_11b621e605c9d7ae
xmodelmesh,#hash_11b651542d1ace7a
xmodelmesh,#hash_11beea3311c08f2c
xmodelmesh,#hash_11c00a09ef829651
xmodelmesh,#hash_11c1450e3341495d
xmodelmesh,#hash_11c6d000a61f4468
xmodelmesh,#hash_91cbd236ee8d2008
xmodelmesh,#hash_11cc54b793f312b2
xmodelmesh,#hash_11ccddcf79bce820
xmodelmesh,#hash_11ce48248d52f966
xmodelmesh,#hash_91ce76c190e7f703
xmodelmesh,#hash_11d0db75559582f0
xmodelmesh,#hash_11d1142c8e1ac45a
xmodelmesh,#hash_11d173c5692b3e03
xmodelmesh,#hash_11d28f17a96db6eb
xmodelmesh,#hash_91d3ef82efd4c9ec
xmodelmesh,#hash_11d55fd93ee0daa9
xmodelmesh,#hash_11d5a299363bdcd8
xmodelmesh,#hash_11d65268096bdede
xmodelmesh,#hash_11d7ef527e3015e4
xmodelmesh,#hash_91d95759dfbcd608
xmodelmesh,#hash_11da7b0306396c68
xmodelmesh,#hash_11dbc897bcf115b7
xmodelmesh,#hash_11de1368a8e9ee97
xmodelmesh,#hash_11de98415284f6d5
xmodelmesh,#hash_91e129596e64ddd6
xmodelmesh,#hash_11e3090a2d03ad03
xmodelmesh,#hash_11e6469659f4ebf1
xmodelmesh,#hash_11e90b9f51eee6cc
xmodelmesh,#hash_11eddcc738ed10e9
xmodelmesh,#hash_91f4f356b6ef2fc9
xmodelmesh,#hash_11f58ae6974f11ea
xmodelmesh,#hash_11f6d33d05e06a8b
xmodelmesh,#hash_11f805c17b2d3daa
xmodelmesh,#hash_11fa2dadecb2020a
xmodelmesh,#hash_11fb7a65c78dbea8
xmodelmesh,#hash_11fdbb287eee3caf
xmodelmesh,#hash_11fdc5c249ff248a
xmodelmesh,#hash_11fe80bc7075a3cd
xmodelmesh,#hash_11ffcd835e38d84e
xmodelmesh,#hash_12018a120fbb02c2
xmodelmesh,#hash_92018c7a914ce669
xmodelmesh,#hash_1202c331b0956eea
xmodelmesh,#hash_1204e38e209b61b3
xmodelmesh,#hash_1208800be6a83016
xmodelmesh,#hash_120a87fef615402c
xmodelmesh,#hash_120da811d833449b
xmodelmesh,#hash_120e50fd9b3168f9
xmodelmesh,#hash_1211701fa3892931
xmodelmesh,#hash_1211d21df4401e2b
xmodelmesh,#hash_12136c7fcd85599e
xmodelmesh,#hash_12141540791fd36d
xmodelmesh,#hash_12146fff24784986
xmodelmesh,#hash_12174bd72a1dbcea
xmodelmesh,#hash_121816d725efb274
xmodelmesh,#hash_1219a1efbde4cbcd
xmodelmesh,#hash_921bf41e36dad4e8
xmodelmesh,#hash_121e01602e865457
xmodelmesh,#hash_922090ff218e8069
xmodelmesh,#hash_122096a5078f2501
xmodelmesh,#hash_122183a29689bf25
xmodelmesh,#hash_9222b75f63dd1293
xmodelmesh,#hash_1227482442bd8fa9
xmodelmesh,#hash_1229f5f4bc0a6955
xmodelmesh,#hash_122ac6990ddd74de
xmodelmesh,#hash_922e819b0f9263bb
xmodelmesh,#hash_122fb478d6a0c02e
xmodelmesh,#hash_12310ac526fc68aa
xmodelmesh,#hash_12361582e9203551
xmodelmesh,#hash_123b25bbd7f18ee2
xmodelmesh,#hash_123cab443444b0e7
xmodelmesh,#hash_923fa5f27ffb318c
xmodelmesh,#hash_123ff13a6359287a
xmodelmesh,#hash_1240bdfadf34c37c
xmodelmesh,#hash_12418fd3d8d66c1b
xmodelmesh,#hash_124377f442338904
xmodelmesh,#hash_12459b85a80f5df5
xmodelmesh,#hash_1246948553d50c75
xmodelmesh,#hash_924d88f9a397f732
xmodelmesh,#hash_924f11e697cc8ca8
xmodelmesh,#hash_125101ee67d3fe8f
xmodelmesh,#hash_12519d933f8dc756
xmodelmesh,#hash_9251c313c8523bd3
xmodelmesh,#hash_9252115451675a63
xmodelmesh,#hash_92531c859d6b6180
xmodelmesh,#hash_925468dba8f1d7f6
xmodelmesh,#hash_12598e9b5cd2a3f9
xmodelmesh,#hash_925da5527dde0082
xmodelmesh,#hash_126041fdb8ef854b
xmodelmesh,#hash_926185f1497db8b8
xmodelmesh,#hash_1261f85923df9385
xmodelmesh,#hash_12622d88c09d4bb4
xmodelmesh,#hash_1266523042747dbc
xmodelmesh,#hash_1268f01fe7ec0e8b
xmodelmesh,#hash_12690079fcb337e9
xmodelmesh,#hash_126a40a2978dff75
xmodelmesh,#hash_926b3aed4b9a3c7a
xmodelmesh,#hash_126da4748766a8b1
xmodelmesh,#hash_126e6011351c175b
xmodelmesh,#hash_1270884746233d4a
xmodelmesh,#hash_1272c4b2dd34febb
xmodelmesh,#hash_12765bffc81f2e99
xmodelmesh,#hash_1278b2fcba7c45a2
xmodelmesh,#hash_127d30437e480d0f
xmodelmesh,#hash_12802965f1414a36
xmodelmesh,#hash_12830da4a060e5c3
xmodelmesh,#hash_92862aedb58b7482
xmodelmesh,#hash_128ade2168b39f35
xmodelmesh,#hash_128b49ef9de5c7e0
xmodelmesh,#hash_128f4ee9d4258f40
xmodelmesh,#hash_128fb0f2fdf43222
xmodelmesh,#hash_1292c600363bedd4
xmodelmesh,#hash_12966e223f1ccacb
xmodelmesh,#hash_1298840f63cca2a2
xmodelmesh,#hash_1299aff54783372e
xmodelmesh,#hash_129aea8f694b5205
xmodelmesh,#hash_129dcc96042e3e50
xmodelmesh,#hash_929de452dcda13f2
xmodelmesh,#hash_129ed9aacac225bc
xmodelmesh,#hash_92a27197f5c64970
xmodelmesh,#hash_12a29e1214b84362
xmodelmesh,#hash_12a3c5029cfdb9e0
xmodelmesh,#hash_12a651d8c8c8436d
xmodelmesh,#hash_12a77944dbc77be2
xmodelmesh,#hash_12a79edd57fa0908
xmodelmesh,#hash_12ab72bec3c98526
xmodelmesh,#hash_12afdffb32c30562
xmodelmesh,#hash_12b4415f28d16554
xmodelmesh,#hash_12b4657b8ae1e5df
xmodelmesh,#hash_12b790f74fb470f2
xmodelmesh,#hash_92b905a4beff4fc7
xmodelmesh,#hash_12b9a89878a4f95d
xmodelmesh,#hash_12b9eed8ba4a5005
xmodelmesh,#hash_12bc6e32c325e03e
xmodelmesh,#hash_12bffa6e8377e77e
xmodelmesh,#hash_12c019765075e5e9
xmodelmesh,#hash_12c561dcf21fd14f
xmodelmesh,#hash_12c63c840bc5bdac
xmodelmesh,#hash_12c6a4cefcd2da69
xmodelmesh,#hash_12c7d44db9995de0
xmodelmesh,#hash_12ccdd719bba6dbe
xmodelmesh,#hash_12ce9fc508ceb69f
xmodelmesh,#hash_12d0e889f08e7717
xmodelmesh,#hash_12d2220092be0c12
xmodelmesh,#hash_12d2547dbf84fe07
xmodelmesh,#hash_12d27b1d496882da
xmodelmesh,#hash_12d296d609cc94cd
xmodelmesh,#hash_12d5a4338d124d6a
xmodelmesh,#hash_12d72d72df317bc4
xmodelmesh,#hash_12d742edce43d133
xmodelmesh,#hash_92da2836f246af4a
xmodelmesh,#hash_12db177e936015f4
xmodelmesh,#hash_12db8b931a298677
xmodelmesh,#hash_12dbbb232f3e07b3
xmodelmesh,#hash_12dcfdaacfa31f4b
xmodelmesh,#hash_12deaca8aa734ec4
xmodelmesh,#hash_12dff61930d173b1
xmodelmesh,#hash_12e3b3cd6c5b5597
xmodelmesh,#hash_12e4d2751596dc7a
xmodelmesh,#hash_12e7f32e4fad9174
xmodelmesh,#hash_12e8815678e3b6d5
xmodelmesh,#hash_12ee847427f8321b
xmodelmesh,#hash_12ef31afe74d3b32
xmodelmesh,#hash_12ef8cd7279ebfdc
xmodelmesh,#hash_92f24981e4f042e0
xmodelmesh,#hash_12f80e0b5be361db
xmodelmesh,#hash_12f8186374a44570
xmodelmesh,#hash_12f8edf313357af9
xmodelmesh,#hash_12fa0c9c9a9d0589
xmodelmesh,#hash_92fa60d4b02280f6
xmodelmesh,#hash_12fb846304a964d2
xmodelmesh,#hash_92fd4557057735f7
xmodelmesh,#hash_12fff354a1a01847
xmodelmesh,#hash_930406fd9d57983b
xmodelmesh,#hash_13045abe00ea334e
xmodelmesh,#hash_1309eb5a331f03f5
xmodelmesh,#hash_130afa93e0c69882
xmodelmesh,#hash_130bacdd91edbea5
xmodelmesh,#hash_130d1f55d0f90834
xmodelmesh,#hash_1310267a4359aad1
xmodelmesh,#hash_13116f0d3e92f50f
xmodelmesh,#hash_1313613f44bfe8d0
xmodelmesh,#hash_13146927ba9a9409
xmodelmesh,#hash_13193e78fe245ba7
xmodelmesh,#hash_9319c3631fad4efa
xmodelmesh,#hash_931ec7ee2caa6a64
xmodelmesh,#hash_132385431698d120
xmodelmesh,#hash_132707cbc6c2bf16
xmodelmesh,#hash_13280cfddffda7f3
xmodelmesh,#hash_132cb605ab38cf51
xmodelmesh,#hash_1332ee9f2c841b5c
xmodelmesh,#hash_9333c3288c46713e
xmodelmesh,#hash_133a47db9c478eb2
xmodelmesh,#hash_133e25b3e92a7178
xmodelmesh,#hash_133f4ee3522b89ea
xmodelmesh,#hash_933f69fc9b46e839
xmodelmesh,#hash_934153d9aea82663
xmodelmesh,#hash_1342a3302cd593db
xmodelmesh,#hash_1343d6a8ce62e7b3
xmodelmesh,#hash_13462bd800319e6f
xmodelmesh,#hash_13463b368745be23
xmodelmesh,#hash_93470c7e344bb6f4
xmodelmesh,#hash_9347a50b4c4e035b
xmodelmesh,#hash_134910a02db9cd52
xmodelmesh,#hash_13492b21c7b3b41f
xmodelmesh,#hash_1349820677f19a50
xmodelmesh,#hash_134a46cf804e11c6
xmodelmesh,#hash_134a55d92503ba14
xmodelmesh,#hash_934c8145f2c29a89
xmodelmesh,#hash_93500d5cbb7a4ce1
xmodelmesh,#hash_1350ed24f9d757ef
xmodelmesh,#hash_13531af3dd3f92e3
xmodelmesh,#hash_135634c080a1f372
xmodelmesh,#hash_135671505072aa03
xmodelmesh,#hash_1356d0c174216950
xmodelmesh,#hash_13574a80628f8e41
xmodelmesh,#hash_135ad2debdadf9c9
xmodelmesh,#hash_135b769bc0addabd
xmodelmesh,#hash_135b915ebf84f516
xmodelmesh,#hash_135cc587c2e3ad95
xmodelmesh,#hash_135f0bd804b6ce26
xmodelmesh,#hash_135f79c9631bbbfb
xmodelmesh,#hash_135f8a7c85ec1695
xmodelmesh,#hash_135f96d4187f1344
xmodelmesh,#hash_1364a1de0f43a897
xmodelmesh,#hash_93666f6d70e01c66
xmodelmesh,#hash_13676e63cbb4244a
xmodelmesh,#hash_13680c18e900d047
xmodelmesh,#hash_9368c1b994afcf67
xmodelmesh,#hash_1369dbd4f03089a3
xmodelmesh,#hash_936a870881f6d46b
xmodelmesh,#hash_136aa09e02a74e27
xmodelmesh,#hash_136bd598f459255d
xmodelmesh,#hash_136c84214d5b171b
xmodelmesh,#hash_1371c4706036d363
xmodelmesh,#hash_1375b9377f597511
xmodelmesh,#hash_13765f0c7d5f8eeb
xmodelmesh,#hash_1377a22a0aea2e9a
xmodelmesh,#hash_13785c020036cf54
xmodelmesh,#hash_13787552f9e5d742
xmodelmesh,#hash_1378d447aad10baf
xmodelmesh,#hash_9379d8f3d6f60186
xmodelmesh,#hash_137b74ac98b06d73
xmodelmesh,#hash_137c34aa1b7128bd
xmodelmesh,#hash_937c57746f49cf80
xmodelmesh,#hash_137cda5e5493a193
xmodelmesh,#hash_137f109bd2bc6bce
xmodelmesh,#hash_1383f240757d7d2b
xmodelmesh,#hash_138456274b148cae
xmodelmesh,#hash_9389ee06504f7ea0
xmodelmesh,#hash_138b05d6bb323061
xmodelmesh,#hash_138cb9bf427836ff
xmodelmesh,#hash_138ec33dbf16b1eb
xmodelmesh,#hash_938fe8cf56c17086
xmodelmesh,#hash_93902e2bc5c72b4f
xmodelmesh,#hash_1393fb03b2644c4c
xmodelmesh,#hash_1394b1ebc4e9d8ce
xmodelmesh,#hash_139556897751bffa
xmodelmesh,#hash_1396377d4a5513e4
xmodelmesh,#hash_1398033d83335b49
xmodelmesh,#hash_13986000a4206a00
xmodelmesh,#hash_9399fd4c1d9e923c
xmodelmesh,#hash_139df732786e30da
xmodelmesh,#hash_139f098b91bcebab
xmodelmesh,#hash_13a128a70f0cbf33
xmodelmesh,#hash_13a157f505399541
xmodelmesh,#hash_93a2398186156314
xmodelmesh,#hash_13a5984bc1a09d36
xmodelmesh,#hash_13a70dc2f5b9a046
xmodelmesh,#hash_13ac1bd72745bc66
xmodelmesh,#hash_13ac1f050aee3cca
xmodelmesh,#hash_13aca302a6c29ecc
xmodelmesh,#hash_13acaf59a556fdfd
xmodelmesh,#hash_13ad888ef71c36cf
xmodelmesh,#hash_13afaf420ea06982
xmodelmesh,#hash_93afd9df51a137d4
xmodelmesh,#hash_13b004e230789b3a
xmodelmesh,#hash_13b0055fb453c3d4
xmodelmesh,#hash_93b095d0efc5036d
xmodelmesh,#hash_13b1b10348974fc0
xmodelmesh,#hash_13b3cc9171416775
xmodelmesh,#hash_93b58920fc419697
xmodelmesh,#hash_13bb50d4373a2883
xmodelmesh,#hash_13bc836bfe21bb71
xmodelmesh,#hash_13bf7f3f3529b64c
xmodelmesh,#hash_93bf9691cb0ceda7
xmodelmesh,#hash_13c0b1754baa094a
xmodelmesh,#hash_13c0c02a8a17bc00
xmodelmesh,#hash_13c1d77d19a44126
xmodelmesh,#hash_13c37140281af19f
xmodelmesh,#hash_13c69755aa1bacdd
xmodelmesh,#hash_13c8590e8f9dc08d
xmodelmesh,#hash_13c8ea405a7b3ab1
xmodelmesh,#hash_13c9972089768dab
xmodelmesh,#hash_13cb610e38dbca5a
xmodelmesh,#hash_13cc929b528bb0ce
xmodelmesh,#hash_13cc99dded9fdc83
xmodelmesh,#hash_93ceb1711b6ae5b9
xmodelmesh,#hash_13cfafc758dde544
xmodelmesh,#hash_13cfcc045d743f9f
xmodelmesh,#hash_13d08173063a19d3
xmodelmesh,#hash_13d19aadbb244794
xmodelmesh,#hash_13d20ede5d080c53
xmodelmesh,#hash_13d33586a32f5adb
xmodelmesh,#hash_93d7b0e2b6800f56
xmodelmesh,#hash_13d8a85ff332f05a
xmodelmesh,#hash_13d97554ea83fc5c
xmodelmesh,#hash_13daacd73d105217
xmodelmesh,#hash_13dd03b9ed30977d
xmodelmesh,#hash_13e1761717fb75ad
xmodelmesh,#hash_13e4e744c26ed36b
xmodelmesh,#hash_13e55a6b7db7d02f
xmodelmesh,#hash_13e73e2eaef050a3
xmodelmesh,#hash_13ed781bd9d81e24
xmodelmesh,#hash_13ee19c7a4e417a2
xmodelmesh,#hash_13eeded5429977d6
xmodelmesh,#hash_13f2a68bc445ee4d
xmodelmesh,#hash_13f571c369503fe7
xmodelmesh,#hash_93f7e7ec9684fef9
xmodelmesh,#hash_13f9352b504cf18a
xmodelmesh,#hash_13f93ce2f8ae990c
xmodelmesh,#hash_13fa1a558dc7d8f3
xmodelmesh,#hash_13fb18eefc048570
xmodelmesh,#hash_13fbadca0d532763
xmodelmesh,#hash_13fbb47411d85c90
xmodelmesh,#hash_13ff264b6ee427b6
xmodelmesh,#hash_13ff695c45b0cace
xmodelmesh,#hash_140076d6f733d04c
xmodelmesh,#hash_1404e29cb37ba26e
xmodelmesh,#hash_14063615e7268ee8
xmodelmesh,#hash_1406d26898fb84e4
xmodelmesh,#hash_9407c9e95c763c32
xmodelmesh,#hash_14092fa70de9c28d
xmodelmesh,#hash_140a4cd1e1abc5e9
xmodelmesh,#hash_140abf3e253af27b
xmodelmesh,#hash_1411ecb066b2f998
xmodelmesh,#hash_1413830959a800e5
xmodelmesh,#hash_1413a2f5f117ef81
xmodelmesh,#hash_14187a97a1dde09b
xmodelmesh,#hash_941cdf0b6a8ca3f3
xmodelmesh,#hash_141eceb5b7444c8e
xmodelmesh,#hash_1422b01119823941
xmodelmesh,#hash_1424eb3580f4a096
xmodelmesh,#hash_1427ac288ec9c419
xmodelmesh,#hash_1428abe560c17ba3
xmodelmesh,#hash_942b2332525352d8
xmodelmesh,#hash_142cdff01dbe7db9
xmodelmesh,#hash_142d4b68bbb90bfb
xmodelmesh,#hash_142e019b60747af8
xmodelmesh,#hash_142ec81868ff05f4
xmodelmesh,#hash_14300485fc9a5375
xmodelmesh,#hash_14308aea3942f658
xmodelmesh,#hash_14310ccdfd92afef
xmodelmesh,#hash_1431c40aba768b11
xmodelmesh,#hash_1431e6c1ab98897d
xmodelmesh,#hash_14332d7226a7837b
xmodelmesh,#hash_1434310506c6fef7
xmodelmesh,#hash_1436878570d734bd
xmodelmesh,#hash_1437633a28ce0203
xmodelmesh,#hash_143a11ef01d7476f
xmodelmesh,#hash_143aaedd354bb716
xmodelmesh,#hash_143adc2a34217553
xmodelmesh,#hash_143b37a4c7985b80
xmodelmesh,#hash_143d798f46bfdd2b
xmodelmesh,#hash_943ecd71c42793f4
xmodelmesh,#hash_143fd08d4442ac44
xmodelmesh,#hash_14400b2697a149cd
xmodelmesh,#hash_9443c0bb6ba76211
xmodelmesh,#hash_1443fdc8ada728be
xmodelmesh,#hash_144584c1c6c37b58
xmodelmesh,#hash_144755e057efe8e2
xmodelmesh,#hash_1447b1b7f9d9e46b
xmodelmesh,#hash_144b69c96c79b7d2
xmodelmesh,#hash_144c4442f5d6b636
xmodelmesh,#hash_144f53b065563088
xmodelmesh,#hash_144fb9e424b580de
xmodelmesh,#hash_14542216b53d8729
xmodelmesh,#hash_14547f2bb56b6fa9
xmodelmesh,#hash_14570c6f4d8579da
xmodelmesh,#hash_14576971a2ae40ea
xmodelmesh,#hash_94591c4c0862b920
xmodelmesh,#hash_1459fe90e7450a13
xmodelmesh,#hash_945e9d7a9f2cfcfe
xmodelmesh,#hash_145ee8608f5e1b91
xmodelmesh,#hash_94634ad2ce620ec9
xmodelmesh,#hash_14641db19412b004
xmodelmesh,#hash_14670b246b9c3c87
xmodelmesh,#hash_14682fe5cca1098a
xmodelmesh,#hash_94685b3888038e75
xmodelmesh,#hash_1468e2a5abc5bc15
xmodelmesh,#hash_146a2793454ef7bf
xmodelmesh,#hash_146b5e57526e0faa
xmodelmesh,#hash_146bd7e3934db57d
xmodelmesh,#hash_146dff0a88160d05
xmodelmesh,#hash_146ef74a968bf040
xmodelmesh,#hash_146fb75ef0338977
xmodelmesh,#hash_14707e8c5a90b39f
xmodelmesh,#hash_9471656555466644
xmodelmesh,#hash_14789ec226ac3201
xmodelmesh,#hash_1479a57529801401
xmodelmesh,#hash_147ceb2eb868184e
xmodelmesh,#hash_147d68e33dc60488
xmodelmesh,#hash_147d83b4b1491997
xmodelmesh,#hash_947f153de384b6c3
xmodelmesh,#hash_147f894d2b2e3db6
xmodelmesh,#hash_1480ce7627f9a588
xmodelmesh,#hash_9480f2108df74c8f
xmodelmesh,#hash_1481002328ce0597
xmodelmesh,#hash_14830931f882bea3
xmodelmesh,#hash_1483fbbaed52e56e
xmodelmesh,#hash_148562b590efc363
xmodelmesh,#hash_14859eaa5ba72f8b
xmodelmesh,#hash_14869f33431f2fd3
xmodelmesh,#hash_948b82eb44d8bd54
xmodelmesh,#hash_948c3e7fb3abd54e
xmodelmesh,#hash_148d21554661dfd3
xmodelmesh,#hash_14916c1690224ce7
xmodelmesh,#hash_149680d662a14b18
xmodelmesh,#hash_1496f300e20bb30c
xmodelmesh,#hash_1498f8a274803646
xmodelmesh,#hash_149bae7c2b3588ea
xmodelmesh,#hash_149f5fcbcb13f97b
xmodelmesh,#hash_149ff2fb0ed4906c
xmodelmesh,#hash_14a0124eb4a1d61b
xmodelmesh,#hash_14a664d650198dde
xmodelmesh,#hash_94ae4cfb8b95b62f
xmodelmesh,#hash_14b1799ebe4c1c31
xmodelmesh,#hash_14b19875fab7c113
xmodelmesh,#hash_14b48f6abbfd1062
xmodelmesh,#hash_14b63e48cc4cfe12
xmodelmesh,#hash_94ba49e68833ecc5
xmodelmesh,#hash_94bb25b7dbd3d707
xmodelmesh,#hash_14bd0e7e34088a0a
xmodelmesh,#hash_14bd9e4120863c12
xmodelmesh,#hash_14be41efb531fb0a
xmodelmesh,#hash_14bf141171547b0a
xmodelmesh,#hash_94c094b9e9a4a059
xmodelmesh,#hash_14c44366c0d66db7
xmodelmesh,#hash_94c4b03e23013f72
xmodelmesh,#hash_14c4e03da31f4b1d
xmodelmesh,#hash_14c55be041e34bd7
xmodelmesh,#hash_14c72e88913a0fc9
xmodelmesh,#hash_14ca558b266a5bf2
xmodelmesh,#hash_94cc820b7d1368c5
xmodelmesh,#hash_14cd1f40135aa312
xmodelmesh,#hash_14d46ae38340a71c
xmodelmesh,#hash_14d48793d5319299
xmodelmesh,#hash_14d5f8646c62a9e1
xmodelmesh,#hash_14d6b39b61c58f1b
xmodelmesh,#hash_94d6e287001a58a3
xmodelmesh,#hash_94d79003bd4bd23b
xmodelmesh,#hash_14d805bf554b7eb6
xmodelmesh,#hash_14d86185cfa6ccea
xmodelmesh,#hash_14d996e7f9bd5d77
xmodelmesh,#hash_14db1fa3624d18f2
xmodelmesh,#hash_14dba5791a20c7be
xmodelmesh,#hash_14dc0a6a0a6f2e80
xmodelmesh,#hash_94dce40995d67a76
xmodelmesh,#hash_14ddf6bd8ebea979
xmodelmesh,#hash_14e098fc0bc93b98
xmodelmesh,#hash_14e102e612885ccf
xmodelmesh,#hash_14e11b5a99f07dea
xmodelmesh,#hash_14e14d90ef1741a8
xmodelmesh,#hash_14e23b6cda93d5c0
xmodelmesh,#hash_14e38eff4b76c379
xmodelmesh,#hash_14e45c5f3b8f9ad4
xmodelmesh,#hash_14e7ecb2d921eadb
xmodelmesh,#hash_14e9004540f8094c
xmodelmesh,#hash_94ea914b04dac9c8
xmodelmesh,#hash_14eaa62923aea78f
xmodelmesh,#hash_14edd05bd3ee9f9e
xmodelmesh,#hash_14eea12869c09284
xmodelmesh,#hash_14f0429d62fe6ca4
xmodelmesh,#hash_14f4ec03db543eb0
xmodelmesh,#hash_14f53a5b137a1339
xmodelmesh,#hash_14f8e96f187c17b3
xmodelmesh,#hash_94fdbb0f9fb67f95
xmodelmesh,#hash_1501ada65218d167
xmodelmesh,#hash_1501f422d66d8876
xmodelmesh,#hash_15020258083962c1
xmodelmesh,#hash_1504088f197901eb
xmodelmesh,#hash_9505273d632e7415
xmodelmesh,#hash_150696ce86fb1905
xmodelmesh,#hash_15078e73fe51c41d
xmodelmesh,#hash_1507ae46045d95cd
xmodelmesh,#hash_150896cd03cf56ee
xmodelmesh,#hash_150a1902ecc198d4
xmodelmesh,#hash_150c1de8d583356a
xmodelmesh,#hash_150fa637bff6b703
xmodelmesh,#hash_951019511ed4e6a7
xmodelmesh,#hash_15106ffc4095e8ce
xmodelmesh,#hash_951202c68313dac6
xmodelmesh,#hash_151324638908cc99
xmodelmesh,#hash_15149fed8aac92ab
xmodelmesh,#hash_9516d2a2b498a271
xmodelmesh,#hash_151809a20fd94b17
xmodelmesh,#hash_1518a02ab057e776
xmodelmesh,#hash_9518ada9b6320ec2
xmodelmesh,#hash_1518d81b75d12fee
xmodelmesh,#hash_151d8c772d7b3d46
xmodelmesh,#hash_151dc66cde647eb0
xmodelmesh,#hash_151ec5574e1d9bfc
xmodelmesh,#hash_1520a0a8697d62d0
xmodelmesh,#hash_15226fa1eae58ec1
xmodelmesh,#hash_1524a9b3bb5ec8ce
xmodelmesh,#hash_1524cd53e25bd77b
xmodelmesh,#hash_152b4f0da74a5d11
xmodelmesh,#hash_152bc779d62f60e2
xmodelmesh,#hash_152c992ea979d4eb
xmodelmesh,#hash_152d701c114e2af1
xmodelmesh,#hash_952e26474ead52f6
xmodelmesh,#hash_152e4fd325bc4b9d
xmodelmesh,#hash_152eccf4ad17e135
xmodelmesh,#hash_9530284fa1aef5f6
xmodelmesh,#hash_15312235c4924c36
xmodelmesh,#hash_1531f04160215c2e
xmodelmesh,#hash_15321df5a4693836
xmodelmesh,#hash_953224b802a599e4
xmodelmesh,#hash_9533e15377a8a4b2
xmodelmesh,#hash_15352f6e31028802
xmodelmesh,#hash_1537913d1b5c6d6f
xmodelmesh,#hash_9537cfed8d4835c1
xmodelmesh,#hash_95388622cd935641
xmodelmesh,#hash_9538e008ed8694b1
xmodelmesh,#hash_153a4384d75d8af9
xmodelmesh,#hash_153c6dd7ee47e173
xmodelmesh,#hash_9540b919e8cd735a
xmodelmesh,#hash_154651b51abd6ab2
xmodelmesh,#hash_154743ac03521f74
xmodelmesh,#hash_154946b163dd7fe2
xmodelmesh,#hash_154b50870b05319f
xmodelmesh,#hash_154e8d12ba79eb1f
xmodelmesh,#hash_154f7a7de3aa464f
xmodelmesh,#hash_955375f99620dc4a
xmodelmesh,#hash_95546a9ac63e290e
xmodelmesh,#hash_155ba8614d84ceaa
xmodelmesh,#hash_155dac94363f8367
xmodelmesh,#hash_155db3b756b10c0f
xmodelmesh,#hash_955f9df3c86e2f98
xmodelmesh,#hash_155fc258bb822de5
xmodelmesh,#hash_956064408d9ec4f1
xmodelmesh,#hash_1560e67646e7c69c
xmodelmesh,#hash_1561e8b3341b556a
xmodelmesh,#hash_9562d93aa16f3c7a
xmodelmesh,#hash_1563113bd8bc04f1
xmodelmesh,#hash_1565a3e5c7b2c584
xmodelmesh,#hash_9565f0c14e56499f
xmodelmesh,#hash_1567902ec3c41be6
xmodelmesh,#hash_1568dd80125956b4
xmodelmesh,#hash_156995bc7755cb0f
xmodelmesh,#hash_1569ebbd74504e61
xmodelmesh,#hash_156d3782796e7f01
xmodelmesh,#hash_1572097737478be9
xmodelmesh,#hash_15773a6610263aff
xmodelmesh,#hash_157c7526ef2338d0
xmodelmesh,#hash_157eae11b2b92fc8
xmodelmesh,#hash_157fd216ba0aaee9
xmodelmesh,#hash_158114d60b1f5e43
xmodelmesh,#hash_1584cd8d7549ce59
xmodelmesh,#hash_95873a54a0ed52c4
xmodelmesh,#hash_1588050666ea97b6
xmodelmesh,#hash_958988ea71b343ff
xmodelmesh,#hash_159052c6683c06ff
xmodelmesh,#hash_15908d4d419328ff
xmodelmesh,#hash_9591236a0d3b3002
xmodelmesh,#hash_1592715034a5a43d
xmodelmesh,#hash_95944259bedba2f7
xmodelmesh,#hash_9597ddffbebbb248
xmodelmesh,#hash_95987a8cb1c8ddb7
xmodelmesh,#hash_15991c46d70ce69b
xmodelmesh,#hash_159939aefb0f9619
xmodelmesh,#hash_959e064d634e95e3
xmodelmesh,#hash_15a50d8b6f7d60fd
xmodelmesh,#hash_15a673448eb983df
xmodelmesh,#hash_95a79cc71a4432f4
xmodelmesh,#hash_15a8ecf8381fb0fc
xmodelmesh,#hash_15ac9f0136faa0c0
xmodelmesh,#hash_15af401fe71e0c57
xmodelmesh,#hash_15b1ec38bb23519e
xmodelmesh,#hash_15b7d3b31d1b34ab
xmodelmesh,#hash_15bb3906a2f3b7a2
xmodelmesh,#hash_95be0e339e5278bb
xmodelmesh,#hash_15be6462ba7c423d
xmodelmesh,#hash_15c1d24b66137071
xmodelmesh,#hash_15c24f46f4ce70b0
xmodelmesh,#hash_15c2952c113d51a5
xmodelmesh,#hash_95c3e789aecf7761
xmodelmesh,#hash_15c4eefc6d624b92
xmodelmesh,#hash_15c5c026217d974b
xmodelmesh,#hash_15c5cbf000e17963
xmodelmesh,#hash_15cac84f5c677b75
xmodelmesh,#hash_15d0be650a91230a
xmodelmesh,#hash_15d19c539b3cf2cf
xmodelmesh,#hash_95d1b31c081a5a41
xmodelmesh,#hash_15d2eb34d75b5710
xmodelmesh,#hash_15d449e5cb079d0a
xmodelmesh,#hash_15d5944bb8aaa845
xmodelmesh,#hash_15d6d33397acdf97
xmodelmesh,#hash_15d75d7486acd693
xmodelmesh,#hash_15ddca07d1943984
xmodelmesh,#hash_15dedb029b2d1d1f
xmodelmesh,#hash_15e121db079a33b8
xmodelmesh,#hash_15e24a28ff427cc7
xmodelmesh,#hash_15e39b9a5054a13c
xmodelmesh,#hash_15e40c3cbfa507cc
xmodelmesh,#hash_15e49f0c403e90cc
xmodelmesh,#hash_95e64341208d0572
xmodelmesh,#hash_15e7eee597fc6f45
xmodelmesh,#hash_15e8baf6dd774be8
xmodelmesh,#hash_15e946ddc72406c4
xmodelmesh,#hash_15e9bf351148b05b
xmodelmesh,#hash_15ee8954afda29ac
xmodelmesh,#hash_15eeed3c6f911010
xmodelmesh,#hash_15ef707c3e2fa7f2
xmodelmesh,#hash_15f385da70c09a0d
xmodelmesh,#hash_15f6e0e2272a22f5
xmodelmesh,#hash_15f7c8ee937240a2
xmodelmesh,#hash_15f8062175ccc2e5
xmodelmesh,#hash_15fb4693cd0c1afe
xmodelmesh,#hash_15fbb8b8afda68d1
xmodelmesh,#hash_15fe05d1fea34122
xmodelmesh,#hash_16028700fea26e8a
xmodelmesh,#hash_1605f8d6b5d8cdaf
xmodelmesh,#hash_1606309e37c1d9fd
xmodelmesh,#hash_16066afd98ca2986
xmodelmesh,#hash_1607b7038c50ad75
xmodelmesh,#hash_160bc1db7514cbf6
xmodelmesh,#hash_161253f21834ad1c
xmodelmesh,#hash_161397653607387d
xmodelmesh,#hash_1614c9e9cb34bc2d
xmodelmesh,#hash_9616cbb69c1f6be6
xmodelmesh,#hash_161904b837c75f1d
xmodelmesh,#hash_161bcb0a4eaef4f5
xmodelmesh,#hash_961c19625547eab0
xmodelmesh,#hash_161c613c1c7b61b5
xmodelmesh,#hash_161ca09b81c0c221
xmodelmesh,#hash_161ca82b44c42021
xmodelmesh,#hash_161d2fdc6b9eb5bd
xmodelmesh,#hash_961dc49dd143e9d5
xmodelmesh,#hash_9620d021e398ec19
xmodelmesh,#hash_1623a582b9177cfd
xmodelmesh,#hash_1623f89a3b3c7f3a
xmodelmesh,#hash_962867f0b2aa7402
xmodelmesh,#hash_162b09fbb1e8f796
xmodelmesh,#hash_962cbcf56c9c9e57
xmodelmesh,#hash_162ce36ab6d41887
xmodelmesh,#hash_162f95d6b7c92ea4
xmodelmesh,#hash_1630eadd574ea088
xmodelmesh,#hash_1634820985518d82
xmodelmesh,#hash_16392303730cab0f
xmodelmesh,#hash_963a4300f461f959
xmodelmesh,#hash_163f0457ea0625c0
xmodelmesh,#hash_163f57889840f729
xmodelmesh,#hash_163f96e5b0241cec
xmodelmesh,#hash_1644c0ef6a557eb6
xmodelmesh,#hash_164739ba04cbaac2
xmodelmesh,#hash_96520135bd4d9df5
xmodelmesh,#hash_9654f268f762cd4e
xmodelmesh,#hash_1655f47b488b4b84
xmodelmesh,#hash_165810f62adb1264
xmodelmesh,#hash_165851ee5f6c95a5
xmodelmesh,#hash_96592433858ddffd
xmodelmesh,#hash_165a05063ee8e00d
xmodelmesh,#hash_965d89e46ca40883
xmodelmesh,#hash_1660aceed75f096d
xmodelmesh,#hash_9664da367706f04e
xmodelmesh,#hash_1665fa07f5e67e6d
xmodelmesh,#hash_166704b45a1bd391
xmodelmesh,#hash_1667a1d7398a9dec
xmodelmesh,#hash_966a8e24fc8caf35
xmodelmesh,#hash_166d4539695d228a
xmodelmesh,#hash_966e5826646e19be
xmodelmesh,#hash_166e5e654d56b79c
xmodelmesh,#hash_166ff45fe3d1b5f8
xmodelmesh,#hash_16731374b133350f
xmodelmesh,#hash_1673b78350bc1bc0
xmodelmesh,#hash_1679096660f6be3b
xmodelmesh,#hash_167aa95e5dbafc4e
xmodelmesh,#hash_167abc42f20c0d93
xmodelmesh,#hash_167b082dd554d22c
xmodelmesh,#hash_167cb434c16c7027
xmodelmesh,#hash_1680514a8aec05d8
xmodelmesh,#hash_1682bf1b3b88cff2
xmodelmesh,#hash_1685cc942b3dcbeb
xmodelmesh,#hash_1686e5ff7fc21a80
xmodelmesh,#hash_168719d26e57386c
xmodelmesh,#hash_168bb24eb278411a
xmodelmesh,#hash_968c46b1e13c7405
xmodelmesh,#hash_968ce3a34c8a9a3d
xmodelmesh,#hash_168e27651b43e5a2
xmodelmesh,#hash_169254235d20de13
xmodelmesh,#hash_1694ecce343d57e5
xmodelmesh,#hash_169710fa8a8caf51
xmodelmesh,#hash_169b78e20072a1dd
xmodelmesh,#hash_169d1e4a5a928603
xmodelmesh,#hash_169dfb9d28718121
xmodelmesh,#hash_169f193f150085f0
xmodelmesh,#hash_169f20bebf321c7a
xmodelmesh,#hash_96a311718c4c7344
xmodelmesh,#hash_16a658cf9c26c8c7
xmodelmesh,#hash_16a750ff10ffc997
xmodelmesh,#hash_96ab351a003000e9
xmodelmesh,#hash_16ab8f6a5a89a346
xmodelmesh,#hash_16ac5f28f7072077
xmodelmesh,#hash_96adee317ad42b4d
xmodelmesh,#hash_96af38adca91651c
xmodelmesh,#hash_16b01a7104b61f3f
xmodelmesh,#hash_16b0259c97970505
xmodelmesh,#hash_16b1741399cec2db
xmodelmesh,#hash_16b1db75bc017074
xmodelmesh,#hash_96b2a97f6817eefa
xmodelmesh,#hash_16b4baffb392c549
xmodelmesh,#hash_96b77c8d15997d5f
xmodelmesh,#hash_16b786c9030e8388
xmodelmesh,#hash_16bcfb7d906c3cb1
xmodelmesh,#hash_16c00879d013ee62
xmodelmesh,#hash_16c06519799bfcea
xmodelmesh,#hash_16c4a7cf2bdc72b0
xmodelmesh,#hash_16c83fa0418b5a1d
xmodelmesh,#hash_16c8b52157b3626f
xmodelmesh,#hash_16c8d8a639a23f25
xmodelmesh,#hash_16c9f4e2cba2c032
xmodelmesh,#hash_16caafa4dcef1403
xmodelmesh,#hash_16cd4e22b2a437ae
xmodelmesh,#hash_16ce8190506a03ef
xmodelmesh,#hash_16ce99337fe6ffca
xmodelmesh,#hash_16d0cbf731983128
xmodelmesh,#hash_16d0f2388b2f0de6
xmodelmesh,#hash_16d1bab29e2d7348
xmodelmesh,#hash_16d28cec9e73aed4
xmodelmesh,#hash_16d6c707b20373c2
xmodelmesh,#hash_16d7ce6f1d5e3173
xmodelmesh,#hash_16d9a09e8583a1f6
xmodelmesh,#hash_16d9cf797ce1b2cb
xmodelmesh,#hash_16de4361e4151963
xmodelmesh,#hash_16ded23c9a0c9680
xmodelmesh,#hash_16dfc7544523689a
xmodelmesh,#hash_16e087e8db0c8a16
xmodelmesh,#hash_16e29099690cdc10
xmodelmesh,#hash_96e3ea301c754078
xmodelmesh,#hash_16e450e164782ee4
xmodelmesh,#hash_16e724892d7068c7
xmodelmesh,#hash_16e9cdfb0ba6d585
xmodelmesh,#hash_16ec9471061134bb
xmodelmesh,#hash_16ef535fef15ad08
xmodelmesh,#hash_16f0fceaadc64bc5
xmodelmesh,#hash_16f829ef1acea747
xmodelmesh,#hash_16f93086897bc098
xmodelmesh,#hash_16fb17ece3302c8b
xmodelmesh,#hash_16ff08eab9bbca22
xmodelmesh,#hash_16ff75237d4255cf
xmodelmesh,#hash_17007d23e2b9c265
xmodelmesh,#hash_17014a177fb1847e
xmodelmesh,#hash_17025e50c6fc5367
xmodelmesh,#hash_17032ef4326b5ef6
xmodelmesh,#hash_9703df5f03bc3caa
xmodelmesh,#hash_170846abd5bf7cd9
xmodelmesh,#hash_970a778b70e7e25a
xmodelmesh,#hash_170d75b444a5df75
xmodelmesh,#hash_170d9267c245e21b
xmodelmesh,#hash_170f22ebaf095d80
xmodelmesh,#hash_170fa2af0be208b0
xmodelmesh,#hash_971569288dd67ff5
xmodelmesh,#hash_1715bcebaa1d649d
xmodelmesh,#hash_1715c703e8fd76a5
xmodelmesh,#hash_1717b3313eff23d7
xmodelmesh,#hash_1717e25feb17ff96
xmodelmesh,#hash_1718076fd3544484
xmodelmesh,#hash_1719c5ad1fad588b
xmodelmesh,#hash_171bc74b47fb6432
xmodelmesh,#hash_171d40e962542c5a
xmodelmesh,#hash_171d9163e8f1b148
xmodelmesh,#hash_17232d05dc15604d
xmodelmesh,#hash_97263b7eb3e382b3
xmodelmesh,#hash_1727105e89008cf6
xmodelmesh,#hash_17273d27a93f1837
xmodelmesh,#hash_1728db1e8949c0a3
xmodelmesh,#hash_9729c728057c7d74
xmodelmesh,#hash_972a1fcf6dce67f5
xmodelmesh,#hash_172cc932dbb327e5
xmodelmesh,#hash_172edbf8284b670f
xmodelmesh,#hash_17308cb4c541cf4b
xmodelmesh,#hash_17338e6fb8e68c02
xmodelmesh,#hash_97348b396067fc84
xmodelmesh,#hash_97357a11b8cceff3
xmodelmesh,#hash_1738af2f107bbbd0
xmodelmesh,#hash_174168b0c6b1666b
xmodelmesh,#hash_1743e6b9bc51e954
xmodelmesh,#hash_1744984ad6209ca4
xmodelmesh,#hash_174927b9af2d074b
xmodelmesh,#hash_174a4db3a971b00c
xmodelmesh,#hash_174bbb458a36bfae
xmodelmesh,#hash_174d84a0b723f80a
xmodelmesh,#hash_174e1b7536335104
xmodelmesh,#hash_9750ad67550d1896
xmodelmesh,#hash_1752364847c70766
xmodelmesh,#hash_175566aaeab2e1ba
xmodelmesh,#hash_175631255f8c9e5f
xmodelmesh,#hash_17595502e0c79498
xmodelmesh,#hash_9759a06511e66200
xmodelmesh,#hash_1759fbe56912ce64
xmodelmesh,#hash_175aff56f7336adb
xmodelmesh,#hash_175c204d7816cd51
xmodelmesh,#hash_175fc710108d09c6
xmodelmesh,#hash_1760b980a6ff11d9
xmodelmesh,#hash_976114c535695f78
xmodelmesh,#hash_176210e1b44e5caf
xmodelmesh,#hash_17662165b1ebfc0c
xmodelmesh,#hash_176766ec4832406b
xmodelmesh,#hash_17695f97b9d5a487
xmodelmesh,#hash_9769d6194d3e6670
xmodelmesh,#hash_176be1bb4c150559
xmodelmesh,#hash_176dab522f40ca8a
xmodelmesh,#hash_176e57a0aed556d7
xmodelmesh,#hash_177014aae7fb8cc0
xmodelmesh,#hash_177020b684ff1300
xmodelmesh,#hash_177489c47c3a9711
xmodelmesh,#hash_177766016a087146
xmodelmesh,#hash_1779fc90d7ed1059
xmodelmesh,#hash_177bbb13ef619a15
xmodelmesh,#hash_177caede6f5522e3
xmodelmesh,#hash_177d33582a49824d
xmodelmesh,#hash_177f063ba22d5aad
xmodelmesh,#hash_1781b05f68417c35
xmodelmesh,#hash_1786128a49613325
xmodelmesh,#hash_178ac41f9b0b91df
xmodelmesh,#hash_178bc0c65cba5b0c
xmodelmesh,#hash_178bfe674d37b0df
xmodelmesh,#hash_979021c2dee63d86
xmodelmesh,#hash_97912b13a79d6bde
xmodelmesh,#hash_1792194f034f1c7c
xmodelmesh,#hash_1792ba20f6947c7a
xmodelmesh,#hash_17960e3a5f27dd2e
xmodelmesh,#hash_1796bac994719dc7
xmodelmesh,#hash_97993b01362fdbd1
xmodelmesh,#hash_179d41af274017f1
xmodelmesh,#hash_179ea55601cf26a5
xmodelmesh,#hash_179f89eba111c41f
xmodelmesh,#hash_179fb981b7ff8e6f
xmodelmesh,#hash_17a3f1fb126b8bb7
xmodelmesh,#hash_17a40650a5e4853d
xmodelmesh,#hash_17a4f6c3c5f3ac79
xmodelmesh,#hash_17a5fcadcb3768c5
xmodelmesh,#hash_17a65220000b40b4
xmodelmesh,#hash_97a7a03e52565deb
xmodelmesh,#hash_97a88e34babd5f32
xmodelmesh,#hash_17af632d13d5b5c1
xmodelmesh,#hash_17b2228fe9e50158
xmodelmesh,#hash_17b22ebbaa03c89f
xmodelmesh,#hash_17b90f7c5fc47939
xmodelmesh,#hash_17ba33f12d561f98
xmodelmesh,#hash_17baa197d8f7e8e8
xmodelmesh,#hash_17baa54bd8a0465e
xmodelmesh,#hash_97bc03f2bd119b5b
xmodelmesh,#hash_17bd3fad0d738dbb
xmodelmesh,#hash_17bffc6572d9458f
xmodelmesh,#hash_17c0af2dc5c6eb46
xmodelmesh,#hash_97c10189e3c5aa5b
xmodelmesh,#hash_17c43fdd607793e1
xmodelmesh,#hash_17c46f6f1c81388f
xmodelmesh,#hash_17c4fa92cd661270
xmodelmesh,#hash_17c6d1c0e4654224
xmodelmesh,#hash_17c791ddc8fd03b4
xmodelmesh,#hash_17cbee98e7ae8db6
xmodelmesh,#hash_97cd91debebf3346
xmodelmesh,#hash_97cef3ab412bee87
xmodelmesh,#hash_17d3106ce1f22dba
xmodelmesh,#hash_17d3f17e35c2b4c7
xmodelmesh,#hash_17d406c45b841d89
xmodelmesh,#hash_17d4fcc85fd519c0
xmodelmesh,#hash_17d6b59cf2ece265
xmodelmesh,#hash_17d840b693b6733c
xmodelmesh,#hash_17d8ea5b6d7948b4
xmodelmesh,#hash_17db968706e5e64a
xmodelmesh,#hash_17dec0669d97bc5e
xmodelmesh,#hash_97e0529d00d577b4
xmodelmesh,#hash_17e33d0dccc05a57
xmodelmesh,#hash_17e3e735f85f7413
xmodelmesh,#hash_17e5a53f64c89143
xmodelmesh,#hash_17e71e51a29c4d02
xmodelmesh,#hash_17ed741c2baf658f
xmodelmesh,#hash_17ed9f8d85d31a29
xmodelmesh,#hash_17ee1a22f8ec2d0b
xmodelmesh,#hash_17ee34df631ce5f4
xmodelmesh,#hash_17ee6d4fca3eb5ac
xmodelmesh,#hash_17efcc79790159dd
xmodelmesh,#hash_17f07f82331b2b53
xmodelmesh,#hash_17f26a6d9fa7e8f4
xmodelmesh,#hash_17f3c01f2eda9dfd
xmodelmesh,#hash_17f3edf8669f8e73
xmodelmesh,#hash_17f6f101131991be
xmodelmesh,#hash_97f8625cd170b68f
xmodelmesh,#hash_17fa7bf1524c22a4
xmodelmesh,#hash_17fabab94e6d01d2
xmodelmesh,#hash_97fc8584ae6421a3
xmodelmesh,#hash_17fcc89ceaaee5de
xmodelmesh,#hash_17fd5001fcc70b38
xmodelmesh,#hash_17fd86a197c26bf9
xmodelmesh,#hash_17feb2c20bc5e8a0
xmodelmesh,#hash_97ff01cb064c57f6
xmodelmesh,#hash_1800f6ac1f6b651c
xmodelmesh,#hash_1806bd257ad12647
xmodelmesh,#hash_1807bf190a46ed40
xmodelmesh,#hash_9808348b3d4f09f9
xmodelmesh,#hash_180b2854cb408265
xmodelmesh,#hash_180bfb370f5b7d45
xmodelmesh,#hash_180d797d7f484c44
xmodelmesh,#hash_980d7ca82b3ab9fe
xmodelmesh,#hash_180f2728bc067efc
xmodelmesh,#hash_180f6307add32dad
xmodelmesh,#hash_1810e8802d726b4c
xmodelmesh,#hash_18180486fce8c39d
xmodelmesh,#hash_181e32a219667090
xmodelmesh,#hash_181ea41fff92d660
xmodelmesh,#hash_982218a22b82838c
xmodelmesh,#hash_1824d63fef21c41f
xmodelmesh,#hash_98255ec50b42858b
xmodelmesh,#hash_9825a135c211741f
xmodelmesh,#hash_182606a0166697a2
xmodelmesh,#hash_182d27e8028f1d4f
xmodelmesh,#hash_182eb9c4286841df
xmodelmesh,#hash_982fed5e28929030
xmodelmesh,#hash_1831041351f438f5
xmodelmesh,#hash_1835cdb129d2c1e1
xmodelmesh,#hash_183613e9e39f862b
xmodelmesh,#hash_1838183df675e3b4
xmodelmesh,#hash_1838df3d772d4c6b
xmodelmesh,#hash_183b6ac205e1b302
xmodelmesh,#hash_183ca08fb91ac46c
xmodelmesh,#hash_183e8df41e79532d
xmodelmesh,#hash_184108ad888172d8
xmodelmesh,#hash_9841105820c046c7
xmodelmesh,#hash_1843b8a81b7d584e
xmodelmesh,#hash_984400bce03f8613
xmodelmesh,#hash_1844089b8a63d4bf
xmodelmesh,#hash_1845074fee9f6f4a
xmodelmesh,#hash_1846f467a38f20e7
xmodelmesh,#hash_1847c76c9c7560a3
xmodelmesh,#hash_184a5ac85c40644b
xmodelmesh,#hash_984b249e4cad3b57
xmodelmesh,#hash_184e5617857ed84e
xmodelmesh,#hash_184ebe70dd47b248
xmodelmesh,#hash_18522602252123dc
xmodelmesh,#hash_985291b6f006b0b9
xmodelmesh,#hash_1855813cffd1a6a4
xmodelmesh,#hash_9856372f40014593
xmodelmesh,#hash_18572e16f6e6a5cc
xmodelmesh,#hash_185d116ea2b0cfd1
xmodelmesh,#hash_185d35f7f67f142e
xmodelmesh,#hash_185d9a951d143b4a
xmodelmesh,#hash_185f3789e99ca8d6
xmodelmesh,#hash_18604647162dc59c
xmodelmesh,#hash_1860a03690a9352b
xmodelmesh,#hash_186527c925292f36
xmodelmesh,#hash_186707ec58913e0f
xmodelmesh,#hash_18697b4a5dbc1591
xmodelmesh,#hash_186c6dd52cff458b
xmodelmesh,#hash_986d4904386b6f5e
xmodelmesh,#hash_986e98c8227324bf
xmodelmesh,#hash_186ec1de104d4647
xmodelmesh,#hash_986f366c82cbf79b
xmodelmesh,#hash_18703bcb13393985
xmodelmesh,#hash_18708c1c0a82b2cf
xmodelmesh,#hash_1871566c9eb4ffa5
xmodelmesh,#hash_1874a66003f537e8
xmodelmesh,#hash_1879f8427d3efb6f
xmodelmesh,#hash_987bba4fc0935d10
xmodelmesh,#hash_987c6216b32416c3
xmodelmesh,#hash_187e4a0d96efffc8
xmodelmesh,#hash_9881d2d61dcadc85
xmodelmesh,#hash_1883dfa0296f5090
xmodelmesh,#hash_18881e21348daf75
xmodelmesh,#hash_1888504cb661dcf7
xmodelmesh,#hash_9888c0cefa9ff7ee
xmodelmesh,#hash_988924e3cd72fda0
xmodelmesh,#hash_188946889e6b31a8
xmodelmesh,#hash_18896319fdf73105
xmodelmesh,#hash_18898180c4b58e99
xmodelmesh,#hash_188983f0544ce2eb
xmodelmesh,#hash_188b33c6d66708e0
xmodelmesh,#hash_188ba2d9233d7bfc
xmodelmesh,#hash_188c73328e2f7b8b
xmodelmesh,#hash_188da0e63759192c
xmodelmesh,#hash_1892274b0a708244
xmodelmesh,#hash_189310f78b8e3de1
xmodelmesh,#hash_189464279c9e4961
xmodelmesh,#hash_189502d373e6fe55
xmodelmesh,#hash_189699ce4fdc167c
xmodelmesh,#hash_18971b69920eb132
xmodelmesh,#hash_1897c552767311ff
xmodelmesh,#hash_189e683a11c3a92b
xmodelmesh,#hash_989ed885aaa6a770
xmodelmesh,#hash_989fa83b58f15ee5
xmodelmesh,#hash_18a08be95801f213
xmodelmesh,#hash_18a4ed95bc1ebdee
xmodelmesh,#hash_18a63c45dff206d6
xmodelmesh,#hash_98a74249755049d8
xmodelmesh,#hash_18a795a6e64de328
xmodelmesh,#hash_18aa433aa40a70ec
xmodelmesh,#hash_18ab9176e8bdd39c
xmodelmesh,#hash_18ad8abbf2493e82
xmodelmesh,#hash_18af39ba66c8d815
xmodelmesh,#hash_98b4c8fcfc2d8472
xmodelmesh,#hash_18b540ff42f53025
xmodelmesh,#hash_18b64f083cfa5a30
xmodelmesh,#hash_98b851b2e0f69b6e
xmodelmesh,#hash_18b86c0394dbe567
xmodelmesh,#hash_18ba03606b2df476
xmodelmesh,#hash_18ba278ee26d2cb7
xmodelmesh,#hash_18bdba04c0edcdaa
xmodelmesh,#hash_18c040bae4ab2947
xmodelmesh,#hash_18c17a35ec9e4a24
xmodelmesh,#hash_18c348c26b03778f
xmodelmesh,#hash_18d191deff23b8bd
xmodelmesh,#hash_18d1a65992469f1d
xmodelmesh,#hash_18d308d27515f221
xmodelmesh,#hash_18d496970cd037b2
xmodelmesh,#hash_18d57f99799b4d37
xmodelmesh,#hash_18d6921653862efd
xmodelmesh,#hash_18db4c101acb85af
xmodelmesh,#hash_18dc91864747b7c9
xmodelmesh,#hash_18dd57eaf62cc282
xmodelmesh,#hash_18dd68551b47a41f
xmodelmesh,#hash_18ddfb792d45f15f
xmodelmesh,#hash_18defe9e15c49093
xmodelmesh,#hash_18e2f13efd12c627
xmodelmesh,#hash_18e7596a107c3a6c
xmodelmesh,#hash_98ec49c9f907829f
xmodelmesh,#hash_18ef072727d4ddc1
xmodelmesh,#hash_18ef7b44b57c4aa5
xmodelmesh,#hash_18f14f62024c6bb9
xmodelmesh,#hash_18f1faadb4198632
xmodelmesh,#hash_18f912c5df5035a3
xmodelmesh,#hash_18fa36847cb2a2bf
xmodelmesh,#hash_98fa6ef4c74ef31f
xmodelmesh,#hash_18fcfe7cdc4d379d
xmodelmesh,#hash_18fd26e50b9fc058
xmodelmesh,#hash_18fd9421ba10dba1
xmodelmesh,#hash_18fef1a2a475a965
xmodelmesh,#hash_1906e732df53899a
xmodelmesh,#hash_190b3260f7440b85
xmodelmesh,#hash_990b9c1b995dbac9
xmodelmesh,#hash_190cf5bc578c6308
xmodelmesh,#hash_190dba760630f88e
xmodelmesh,#hash_1911a177342382df
xmodelmesh,#hash_19121057de29eeeb
xmodelmesh,#hash_191210f87e7dc99d
xmodelmesh,#hash_19145d3ba673cb1e
xmodelmesh,#hash_1915d8110740b4c1
xmodelmesh,#hash_991932285309cf5d
xmodelmesh,#hash_1919e5904d0d6100
xmodelmesh,#hash_191a14d5e804724f
xmodelmesh,#hash_191b25aa704e6ec4
xmodelmesh,#hash_991bcec6122b3159
xmodelmesh,#hash_991d4ee5c6ab41b2
xmodelmesh,#hash_191dfb36b414af57
xmodelmesh,#hash_991e04fa02f08147
xmodelmesh,#hash_191e55fd463e6d63
xmodelmesh,#hash_992040cf27db7033
xmodelmesh,#hash_9920add175fe1d7a
xmodelmesh,#hash_1923bd5e7760e64e
xmodelmesh,#hash_1924af0bf399bdc6
xmodelmesh,#hash_1924d0b144cf1f7d
xmodelmesh,#hash_1924e29eac2bf682
xmodelmesh,#hash_1929a11208e7652b
xmodelmesh,#hash_1929a697a55e5b1b
xmodelmesh,#hash_192d0a45da97f320
xmodelmesh,#hash_1933957340f46154
xmodelmesh,#hash_19350decb2f0a417
xmodelmesh,#hash_193540b09b88005b
xmodelmesh,#hash_19360325795e16bd
xmodelmesh,#hash_19383827685ecf01
xmodelmesh,#hash_1938a3e5619be65e
xmodelmesh,#hash_9939a1cbff6fe227
xmodelmesh,#hash_193ae89c91b79be9
xmodelmesh,#hash_193d4bc33a0fd0bd
xmodelmesh,#hash_9940c5686577ddfc
xmodelmesh,#hash_1945c34012b35757
xmodelmesh,#hash_99469ddfc1beeb15
xmodelmesh,#hash_1947885bbf38b42f
xmodelmesh,#hash_194af752cff3acae
xmodelmesh,#hash_194e57209d68effd
xmodelmesh,#hash_19508bce4665bbd0
xmodelmesh,#hash_19508c53e42a8881
xmodelmesh,#hash_9951008d1a006f87
xmodelmesh,#hash_19529082235e36dc
xmodelmesh,#hash_1953d84f1f965e9f
xmodelmesh,#hash_195ae64e60ebe5e9
xmodelmesh,#hash_995b96da4d2ee2ff
xmodelmesh,#hash_195d07838ed14dde
xmodelmesh,#hash_195e5479ae9c2f9a
xmodelmesh,#hash_1965a2e6f0a9122c
xmodelmesh,#hash_1965c7571e2683c3
xmodelmesh,#hash_19663a3c79f45e6d
xmodelmesh,#hash_1967e8cb18b57370
xmodelmesh,#hash_196823338247a05b
xmodelmesh,#hash_1968b0db97891f48
xmodelmesh,#hash_196c0f64c88b0b61
xmodelmesh,#hash_197015794dc01f3b
xmodelmesh,#hash_19707769ca5a1727
xmodelmesh,#hash_997285c8900a3d14
xmodelmesh,#hash_1973dbb50a551d40
xmodelmesh,#hash_1974727aed61d8a1
xmodelmesh,#hash_19759f0b1f10a813
xmodelmesh,#hash_19760352d6bb902a
xmodelmesh,#hash_9977ada843df23c6
xmodelmesh,#hash_197a285669c1625f
xmodelmesh,#hash_197a5c9247693a3b
xmodelmesh,#hash_197b71eeab477ec3
xmodelmesh,#hash_997c1b2de4a690db
xmodelmesh,#hash_197e4bd9cdac44b0
xmodelmesh,#hash_19815eaabbcc757b
xmodelmesh,#hash_1982083efec5cabb
xmodelmesh,#hash_198455fd46bb8217
xmodelmesh,#hash_19851e8ec8b16580
xmodelmesh,#hash_198752e6e5b0b91f
xmodelmesh,#hash_198769ef57ddb5c6
xmodelmesh,#hash_19889da246ef34eb
xmodelmesh,#hash_199099bfbd680280
xmodelmesh,#hash_19926cadcefa9697
xmodelmesh,#hash_19927d6f1052f6a0
xmodelmesh,#hash_19972d5df760470d
xmodelmesh,#hash_19975a0a4c23888c
xmodelmesh,#hash_199b1c9a13c8e52c
xmodelmesh,#hash_999bdb614efb542e
xmodelmesh,#hash_199d3ba091963e0a
xmodelmesh,#hash_199d5166f9c5f11e
xmodelmesh,#hash_199dfc08ff117257
xmodelmesh,#hash_199e724735aa855a
xmodelmesh,#hash_19a076c9473d8596
xmodelmesh,#hash_19a16382d9817551
xmodelmesh,#hash_19a1a991bba59dc1
xmodelmesh,#hash_19a2ec39c962b808
xmodelmesh,#hash_19a64f7765947b67
xmodelmesh,#hash_19a9b282f020aeb7
xmodelmesh,#hash_19ab6ea83f76a26b
xmodelmesh,#hash_99ab9a2239b7b0e2
xmodelmesh,#hash_19ac244c6805d7d4
xmodelmesh,#hash_19aea83bd0bc8d7d
xmodelmesh,#hash_19af72124ed72da2
xmodelmesh,#hash_99afeb02bb07be58
xmodelmesh,#hash_19b805d4aa821dc5
xmodelmesh,#hash_99b8481be4339cb0
xmodelmesh,#hash_19b8f39fe2f57961
xmodelmesh,#hash_19ba52e6565f7852
xmodelmesh,#hash_19bb699db924a25a
xmodelmesh,#hash_19bf512b07b0871e
xmodelmesh,#hash_99c2bf62cd358d68
xmodelmesh,#hash_19c315b536847116
xmodelmesh,#hash_19c6464454b615eb
xmodelmesh,#hash_19c6508b4cbfaa8a
xmodelmesh,#hash_19c764bf070bdf0a
xmodelmesh,#hash_19c9a40bf8d9b88d
xmodelmesh,#hash_99c9d508b7a49048
xmodelmesh,#hash_99cb32516ae933d8
xmodelmesh,#hash_19cbe0d66f0d65b6
xmodelmesh,#hash_99cc8d6639c2c448
xmodelmesh,#hash_19d23a73b418fcf9
xmodelmesh,#hash_19d33c22bbe73576
xmodelmesh,#hash_19d44a4b674b0daf
xmodelmesh,#hash_19d98d1bd5ad2292
xmodelmesh,#hash_19d9d658456cde35
xmodelmesh,#hash_19db0a857664634c
xmodelmesh,#hash_19dd8d8bf45746b6
xmodelmesh,#hash_19dff2164ccd442d
xmodelmesh,#hash_19e05d4f9448b7c7
xmodelmesh,#hash_19e5317aa8849be5
xmodelmesh,#hash_19e5511dd77018f4
xmodelmesh,#hash_99e59539db35ff1e
xmodelmesh,#hash_19e5bec32ce36e93
xmodelmesh,#hash_19e7101f54318a2b
xmodelmesh,#hash_19e93e2f7898da34
xmodelmesh,#hash_19eaa7374e6a6981
xmodelmesh,#hash_19ec1d0e910f7578
xmodelmesh,#hash_19ec58fdd4daeb71
xmodelmesh,#hash_19efede38b7233b9
xmodelmesh,#hash_19f29921838c9bf2
xmodelmesh,#hash_19f306c7d3cfe924
xmodelmesh,#hash_99f3cb83014c5c54
xmodelmesh,#hash_19f87a6e0de13ef5
xmodelmesh,#hash_99f960823891c070
xmodelmesh,#hash_19f974906ee86f24
xmodelmesh,#hash_19fa4d46f47cac8b
xmodelmesh,#hash_19ff6cf93f2de7a6
xmodelmesh,#hash_1a00e5d140847606
xmodelmesh,#hash_1a047fcca381dedc
xmodelmesh,#hash_1a0738dcac96ac16
xmodelmesh,#hash_1a079a3037fc8ad5
xmodelmesh,#hash_1a0b43574c6d1dca
xmodelmesh,#hash_1a1116a75d5fecc9
xmodelmesh,#hash_1a140984446d3561
xmodelmesh,#hash_1a15951a46eff6d7
xmodelmesh,#hash_9a179230d850d460
xmodelmesh,#hash_1a1e2134ede2883d
xmodelmesh,#hash_1a20264a355d28a8
xmodelmesh,#hash_1a20d2fc63eff5b6
xmodelmesh,#hash_1a21bd4309af811f
xmodelmesh,#hash_1a2427512c8d0070
xmodelmesh,#hash_1a2532c3ca35280f
xmodelmesh,#hash_1a2841434f154c62
xmodelmesh,#hash_1a28642640ca6f04
xmodelmesh,#hash_9a2b4168f372931b
xmodelmesh,#hash_1a2ca01039a4c7ed
xmodelmesh,#hash_1a2db1a6792c4bab
xmodelmesh,#hash_1a2dcc34249d60a6
xmodelmesh,#hash_9a2e33be5ca5a4e4
xmodelmesh,#hash_1a2e6dcd1007ed42
xmodelmesh,#hash_1a2e80e5cf241ef8
xmodelmesh,#hash_1a2fcb226f8d1f91
xmodelmesh,#hash_1a32d89ef45411f1
xmodelmesh,#hash_1a361159d9886fdc
xmodelmesh,#hash_1a3ae2d40465f94b
xmodelmesh,#hash_1a3d9fd246f92209
xmodelmesh,#hash_1a3dc769fc4a7efa
xmodelmesh,#hash_9a3e16293564ccce
xmodelmesh,#hash_1a3e34b8ad3129f0
xmodelmesh,#hash_9a3f3e4149a82769
xmodelmesh,#hash_9a3f6f54d615183b
xmodelmesh,#hash_1a3fdeabf40c3bfd
xmodelmesh,#hash_1a40f99765b682ed
xmodelmesh,#hash_1a42cce3ec652f0e
xmodelmesh,#hash_1a42e18534394c19
xmodelmesh,#hash_9a450a7d3c2d29a7
xmodelmesh,#hash_1a45be867dac147b
xmodelmesh,#hash_1a45c068491d4b00
xmodelmesh,#hash_1a466e1578503c85
xmodelmesh,#hash_1a4925e90cc3a887
xmodelmesh,#hash_1a4a903a6e24f3f6
xmodelmesh,#hash_1a4d09ca1404e207
xmodelmesh,#hash_1a4dc4643285dde4
xmodelmesh,#hash_1a4e6260ba60ce6c
xmodelmesh,#hash_1a4ec7910052ffc3
xmodelmesh,#hash_1a4f9c6b99a10566
xmodelmesh,#hash_1a504b7c72456edb
xmodelmesh,#hash_9a505ae62a298cd8
xmodelmesh,#hash_1a50868a08a6a27f
xmodelmesh,#hash_1a50afa09d01d596
xmodelmesh,#hash_1a54cac805c81fb0
xmodelmesh,#hash_9a5522f67ddecbc6
xmodelmesh,#hash_1a55cd07ddfe0ef1
xmodelmesh,#hash_9a565e63c6da29e1
xmodelmesh,#hash_9a580d779a5d07b3
xmodelmesh,#hash_1a581573e9366e8b
xmodelmesh,#hash_1a5949e088db576f
xmodelmesh,#hash_9a5b2b41a4097cc8
xmodelmesh,#hash_1a5bb047bd6104aa
xmodelmesh,#hash_1a5d3bc0fe834fd3
xmodelmesh,#hash_1a5fdacd8e8d08e4
xmodelmesh,#hash_1a6048145293abc7
xmodelmesh,#hash_1a6187ffaa0ed5d5
xmodelmesh,#hash_1a625ee0b1ffd33b
xmodelmesh,#hash_1a6507d785167f39
xmodelmesh,#hash_1a65cd786daa3fb5
xmodelmesh,#hash_1a67bdc53839aba9
xmodelmesh,#hash_1a692485b258e6aa
xmodelmesh,#hash_9a694d3d6d9d4472
xmodelmesh,#hash_1a6c2c142c1274ad
xmodelmesh,#hash_1a6d258b8c0acd30
xmodelmesh,#hash_9a6d4cbfddbfed06
xmodelmesh,#hash_9a6d94396b69881f
xmodelmesh,#hash_1a6e045108ae0b09
xmodelmesh,#hash_1a70657df69353b3
xmodelmesh,#hash_1a70b152542c29fa
xmodelmesh,#hash_1a726a500f0e5d6e
xmodelmesh,#hash_1a74eadc46ddb454
xmodelmesh,#hash_1a75217f0ae3a056
xmodelmesh,#hash_1a75f42177a2d537
xmodelmesh,#hash_9a766d02577da313
xmodelmesh,#hash_1a766fc4628b3511
xmodelmesh,#hash_1a79bcd0b210543c
xmodelmesh,#hash_1a7b9a2f3508c0a9
xmodelmesh,#hash_9a7bd7282c0b792f
xmodelmesh,#hash_1a7bf786055b92e4
xmodelmesh,#hash_1a7dddc90b50ae6e
xmodelmesh,#hash_1a7e33372cf474fe
xmodelmesh,#hash_9a7fa4557689bedd
xmodelmesh,#hash_1a80ac5b91ddc1dc
xmodelmesh,#hash_1a80ff15ff2ff873
xmodelmesh,#hash_1a840a310addc9c3
xmodelmesh,#hash_9a84d70d1adbc59a
xmodelmesh,#hash_1a863438820606eb
xmodelmesh,#hash_1a8634668b99bf38
xmodelmesh,#hash_1a8771f3734fb78f
xmodelmesh,#hash_1a8cbe4db6aab353
xmodelmesh,#hash_1a9083bd3d276a3e
xmodelmesh,#hash_1a9298c78978f0d9
xmodelmesh,#hash_1a979fbdc08eaec4
xmodelmesh,#hash_1a97a59a587cce95
xmodelmesh,#hash_1a9a005ca6161e80
xmodelmesh,#hash_1a9a75fa7243909d
xmodelmesh,#hash_1a9c0d2c57addc46
xmodelmesh,#hash_1a9d9f157fea16a8
xmodelmesh,#hash_1a9dde0befa9c183
xmodelmesh,#hash_9a9f7765e86590f8
xmodelmesh,#hash_1aa1546d9f27be3a
xmodelmesh,#hash_1aa292ab1d0df1c5
xmodelmesh,#hash_9aa3379b9980bb43
xmodelmesh,#hash_1aa495ab19e137f2
xmodelmesh,#hash_1aa7f2e875443895
xmodelmesh,#hash_1aaad035c39234b0
xmodelmesh,#hash_1aaafba92db258a5
xmodelmesh,#hash_1aacecddddac1cd9
xmodelmesh,#hash_1ab0630c0374663d
xmodelmesh,#hash_9ab08210f18fed8b
xmodelmesh,#hash_1ab24a970748c4a9
xmodelmesh,#hash_9ab4ece59173656e
xmodelmesh,#hash_1abe142f753d635f
xmodelmesh,#hash_9abe84a68575ff63
xmodelmesh,#hash_1ac265dfbe21b924
xmodelmesh,#hash_9ac5ba8fe7d5025a
xmodelmesh,#hash_1ac75e8176b028cc
xmodelmesh,#hash_1acacd2c8b09b0fc
xmodelmesh,#hash_1acb85699e9ce55b
xmodelmesh,#hash_1acfebba212a9a1f
xmodelmesh,#hash_1ad086caffa414d7
xmodelmesh,#hash_1ad1a45ae00e3f0e
xmodelmesh,#hash_9ad2fa47e8e574bf
xmodelmesh,#hash_1ad7a8acda459f53
xmodelmesh,#hash_1ad8b1f68eb29d52
xmodelmesh,#hash_1adc54bda1a2e01b
xmodelmesh,#hash_1ade47879485cba8
xmodelmesh,#hash_1ade52693d64c2fb
xmodelmesh,#hash_1adfe17f8f15bca2
xmodelmesh,#hash_1adfea9646449740
xmodelmesh,#hash_1ae214e00ef7281a
xmodelmesh,#hash_1ae41ae96c8dfde2
xmodelmesh,#hash_9ae56a64169e993d
xmodelmesh,#hash_1ae5c7d152979393
xmodelmesh,#hash_1ae7406c0b95e6f0
xmodelmesh,#hash_1aeb2f88365d88c8
xmodelmesh,#hash_1aeb7435ed17c613
xmodelmesh,#hash_1aed152bd06b6ee3
xmodelmesh,#hash_1aef61da2b31bd1b
xmodelmesh,#hash_1af05fd0a1ffb367
xmodelmesh,#hash_9af09c8e56420bef
xmodelmesh,#hash_1af2168417c429e3
xmodelmesh,#hash_1af26c4f5d878ab0
xmodelmesh,#hash_1af2bca996277de8
xmodelmesh,#hash_1af2eefadbc3e4a5
xmodelmesh,#hash_1af2fc4d78fb1c98
xmodelmesh,#hash_1af37112898ad4f5
xmodelmesh,#hash_1af78467b7305129
xmodelmesh,#hash_1af9b63fb588dae8
xmodelmesh,#hash_1afb0281d48fe5ba
xmodelmesh,#hash_1afd00518e305703
xmodelmesh,#hash_1afd3a9bc4d0f6a8
xmodelmesh,#hash_1afed7a9da3bec71
xmodelmesh,#hash_1aff75a4b9083307
xmodelmesh,#hash_1b0368b029d6299e
xmodelmesh,#hash_1b04c9e6704eaabb
xmodelmesh,#hash_1b06d13a89821128
xmodelmesh,#hash_1b07818a1fa18030
xmodelmesh,#hash_9b08f53cb116afc1
xmodelmesh,#hash_9b09301c67e90cb8
xmodelmesh,#hash_1b09660437f2d391
xmodelmesh,#hash_1b0c4c3eb6ee31ed
xmodelmesh,#hash_1b0e9dd2f68fab64
xmodelmesh,#hash_9b0f488f17329e93
xmodelmesh,#hash_1b0faa7890bf1054
xmodelmesh,#hash_1b0fda2c504f29db
xmodelmesh,#hash_1b100370550134fd
xmodelmesh,#hash_1b1934e41a135cd0
xmodelmesh,#hash_1b1c4392667963c2
xmodelmesh,#hash_1b1d16df1988566b
xmodelmesh,#hash_9b1e771aac76a0c2
xmodelmesh,#hash_1b1ef4227ed61ed4
xmodelmesh,#hash_1b234a73c0d031b2
xmodelmesh,#hash_1b2370aa43828e91
xmodelmesh,#hash_9b239d316ad3c0f1
xmodelmesh,#hash_1b2418c1c5b8a9eb
xmodelmesh,#hash_1b25cc6ef3aaf958
xmodelmesh,#hash_1b26316e06b9f3cb
xmodelmesh,#hash_1b26873553912956
xmodelmesh,#hash_1b277b0f6fba2d24
xmodelmesh,#hash_1b283591a0059ecb
xmodelmesh,#hash_1b29a2d073f98b08
xmodelmesh,#hash_9b2bb1c6a52e4260
xmodelmesh,#hash_1b2c07f048ff4ac4
xmodelmesh,#hash_1b2e5a0fac98c02b
xmodelmesh,#hash_1b2fda2b6fa4b5d9
xmodelmesh,#hash_9b311bdcc3c70d8e
xmodelmesh,#hash_9b342660a360e851
xmodelmesh,#hash_1b35c11ceed2291f
xmodelmesh,#hash_9b376b6cd035e6f0
xmodelmesh,#hash_1b38646624348dba
xmodelmesh,#hash_1b395c3b5e36a69f
xmodelmesh,#hash_1b3961852eb71585
xmodelmesh,#hash_1b3a0469498697fc
xmodelmesh,#hash_1b3a5aa545e34710
xmodelmesh,#hash_1b3c8d90442ee771
xmodelmesh,#hash_1b3cfcaf4f2a6c72
xmodelmesh,#hash_1b3d53bd100de970
xmodelmesh,#hash_9b3d7e16aedef098
xmodelmesh,#hash_1b3e8357596828b4
xmodelmesh,#hash_1b3ff821113bec05
xmodelmesh,#hash_1b41002d0b117608
xmodelmesh,#hash_1b423b296e166eed
xmodelmesh,#hash_1b42a4fc9c299b82
xmodelmesh,#hash_1b46bf07783b217f
xmodelmesh,#hash_9b48ce1c8e15c0da
xmodelmesh,#hash_9b4c0ce55816bf75
xmodelmesh,#hash_1b4caf739101bba7
xmodelmesh,#hash_9b4d1218d9092ce1
xmodelmesh,#hash_1b4d3affbe9411a3
xmodelmesh,#hash_1b50702b44aef5b3
xmodelmesh,#hash_1b5211c3b99fe182
xmodelmesh,#hash_1b54a65841d24b03
xmodelmesh,#hash_1b54ea33004d0c28
xmodelmesh,#hash_1b564aed2cdd7dde
xmodelmesh,#hash_9b57d7ac36d632b1
xmodelmesh,#hash_1b5c8411153e6786
xmodelmesh,#hash_9b5ebcdc6fbbf812
xmodelmesh,#hash_1b60dee9bf2fba66
xmodelmesh,#hash_1b61787c10f23861
xmodelmesh,#hash_1b61d42fa615a2f7
xmodelmesh,#hash_1b6327f03c5668fb
xmodelmesh,#hash_9b63d1130bfc8593
xmodelmesh,#hash_1b666db14f23b82b
xmodelmesh,#hash_1b6854f817c74c76
xmodelmesh,#hash_1b6b950bbc44d4c0
xmodelmesh,#hash_1b6c555d29531727
xmodelmesh,#hash_1b6f944cad8be01c
xmodelmesh,#hash_1b70c84aca5404fc
xmodelmesh,#hash_1b71652877e6a10e
xmodelmesh,#hash_1b72b1e6baf7e6f2
xmodelmesh,#hash_1b740b7c9a390923
xmodelmesh,#hash_1b74898e8a532eff
xmodelmesh,#hash_1b75d49992fb38ef
xmodelmesh,#hash_9b773c98e170f534
xmodelmesh,#hash_1b781cf6b8b2edb7
xmodelmesh,#hash_9b78b3cd15f28cf5
xmodelmesh,#hash_1b7b74a13c7a6bb7
xmodelmesh,#hash_1b7b90b95d58e502
xmodelmesh,#hash_9b8193b8e3349f2f
xmodelmesh,#hash_1b82d1ff73f9b2fe
xmodelmesh,#hash_1b831f8b0fd6a303
xmodelmesh,#hash_1b85077c708ac08f
xmodelmesh,#hash_1b859ccb01dfa341
xmodelmesh,#hash_1b86cf3fac64c00d
xmodelmesh,#hash_1b8807206feaadcb
xmodelmesh,#hash_1b880de1a7185122
xmodelmesh,#hash_1b8a71ddc76a56fd
xmodelmesh,#hash_1b8b2e5a8ad23d76
xmodelmesh,#hash_1b8bfc4d5e757514
xmodelmesh,#hash_9b925c03c838444d
xmodelmesh,#hash_1b937ac8e96101c4
xmodelmesh,#hash_9b94bd4c82be62e0
xmodelmesh,#hash_1b96465e8e136233
xmodelmesh,#hash_1b97c03f2ab3b8e6
xmodelmesh,#hash_1b98a8b1c63dc8f0
xmodelmesh,#hash_1b9a89180d54a49b
xmodelmesh,#hash_9b9b61a93820d8e8
xmodelmesh,#hash_1b9c2eb20f21fe11
xmodelmesh,#hash_9b9c86f6adfdf7b6
xmodelmesh,#hash_1b9d685306d98ab2
xmodelmesh,#hash_1b9efefd11128735
xmodelmesh,#hash_1b9f3a1ad4809d13
xmodelmesh,#hash_9ba1b1f46937a63d
xmodelmesh,#hash_1ba4de809f0a3a9b
xmodelmesh,#hash_1ba4e84ad80b0ae6
xmodelmesh,#hash_1ba87f5ff98bede7
xmodelmesh,#hash_1bab5db959dc004b
xmodelmesh,#hash_1bb21b5b25d9434e
xmodelmesh,#hash_1bb42012216e002b
xmodelmesh,#hash_1bb4bd84c0798745
xmodelmesh,#hash_1bb7446ae9032341
xmodelmesh,#hash_9bbab02ca466aa71
xmodelmesh,#hash_1bbc665a5914b508
xmodelmesh,#hash_1bbd3c5183693c24
xmodelmesh,#hash_1bbecdd4ffafc4c0
xmodelmesh,#hash_1bc04c35bd3936f8
xmodelmesh,#hash_1bc3a9d4433713d5
xmodelmesh,#hash_1bc47c0bead4f24c
xmodelmesh,#hash_1bc99f5b2f127391
xmodelmesh,#hash_1bc9c69a3cd42d88
xmodelmesh,#hash_1bca0f4972d9628c
xmodelmesh,#hash_1bcd2d3cee5fb3c8
xmodelmesh,#hash_1bce1d7837add617
xmodelmesh,#hash_1bcfbfca6941f4e2
xmodelmesh,#hash_1bd40571db1f1e4e
xmodelmesh,#hash_1bd65c0db4c476dc
xmodelmesh,#hash_1bd6df1f80b996bb
xmodelmesh,#hash_1bd9bd7b7f7901b1
xmodelmesh,#hash_9bdb330a228ac372
xmodelmesh,#hash_1bdded8b3d39cee9
xmodelmesh,#hash_1be1c5da873af121
xmodelmesh,#hash_9be393ad1e0467d6
xmodelmesh,#hash_1be3e1c0a6491409
xmodelmesh,#hash_1be4e700bfb3a59a
xmodelmesh,#hash_1be5dd5f531e9f68
xmodelmesh,#hash_1becac982b2b276f
xmodelmesh,#hash_1bed197ace208558
xmodelmesh,#hash_1bef9e9e47eea29f
xmodelmesh,#hash_1bf195d283616993
xmodelmesh,#hash_1bf1f72a69bb0a2e
xmodelmesh,#hash_1bf2d29667f124f7
xmodelmesh,#hash_1bf52635a1459ea1
xmodelmesh,#hash_1bf5d8b11c3eda6e
xmodelmesh,#hash_1bf6129fcc3daedf
xmodelmesh,#hash_1bf663da94e945c6
xmodelmesh,#hash_1bf799414928fcf2
xmodelmesh,#hash_1bffa584d9a65789
xmodelmesh,#hash_1bffac2622eeb2c6
xmodelmesh,#hash_9c000d9bae34f016
xmodelmesh,#hash_9c02645404e170b1
xmodelmesh,#hash_1c0601363bda0b72
xmodelmesh,#hash_1c0698eb5c985cc7
xmodelmesh,#hash_1c06c1a2d14166cc
xmodelmesh,#hash_1c0a19fb68880c31
xmodelmesh,#hash_1c0abc6d9428c8c1
xmodelmesh,#hash_9c0acafaa02ae906
xmodelmesh,#hash_1c0c49cc1582052b
xmodelmesh,#hash_1c0debfee9d59caf
xmodelmesh,#hash_1c0ed3b65f44e652
xmodelmesh,#hash_1c12476440ac22e9
xmodelmesh,#hash_9c13fca0fa915e95
xmodelmesh,#hash_1c16bb0bd0059938
xmodelmesh,#hash_1c1dcef26c605f85
xmodelmesh,#hash_1c1fda9da37558c3
xmodelmesh,#hash_1c20f8c4208affad
xmodelmesh,#hash_1c22b5335d36b9c4
xmodelmesh,#hash_9c2441af39ed4c2c
xmodelmesh,#hash_1c2679411cc51e1b
xmodelmesh,#hash_1c2a008b378533bf
xmodelmesh,#hash_1c2b051f6ad11e5c
xmodelmesh,#hash_1c2bf5d29922af72
xmodelmesh,#hash_1c2c34a31077fea9
xmodelmesh,#hash_1c2fc48eb96bb101
xmodelmesh,#hash_9c33ca5e1c218432
xmodelmesh,#hash_1c347a64a3d57314
xmodelmesh,#hash_1c34858ec3d6891d
xmodelmesh,#hash_9c357327eed6c5f4
xmodelmesh,#hash_1c38c05fb2935190
xmodelmesh,#hash_1c39915439a42a07
xmodelmesh,#hash_1c3a40e9c486c4cc
xmodelmesh,#hash_1c3c8c50115bd19f
xmodelmesh,#hash_1c3c9cd01a594f7b
xmodelmesh,#hash_1c3cd3d3160e267f
xmodelmesh,#hash_1c3fa91c2dc5afa9
xmodelmesh,#hash_1c454e8f860c9f89
xmodelmesh,#hash_1c4915e9fabce4eb
xmodelmesh,#hash_1c49292c9d326352
xmodelmesh,#hash_1c492dad095d425d
xmodelmesh,#hash_1c4ac824ad378fd7
xmodelmesh,#hash_9c4c174a5be42c24
xmodelmesh,#hash_1c4eb07d36eb281d
xmodelmesh,#hash_1c4f1d91ec3d9c6a
xmodelmesh,#hash_1c50112609bc32ee
xmodelmesh,#hash_1c5355d2f524b36e
xmodelmesh,#hash_1c536814f3af18ba
xmodelmesh,#hash_1c54f98ee63e85a8
xmodelmesh,#hash_9c54fc513d709611
xmodelmesh,#hash_1c5669e4ff328f03
xmodelmesh,#hash_1c56a4165deacb46
xmodelmesh,#hash_1c570126a2747e5e
xmodelmesh,#hash_9c588921b41605d7
xmodelmesh,#hash_9c5aed769a7123fb
xmodelmesh,#hash_1c5dc553293e500a
xmodelmesh,#hash_9c624d8e8fd02fb4
xmodelmesh,#hash_1c625527c2d731c7
xmodelmesh,#hash_1c62d841136d2c48
xmodelmesh,#hash_1c671b5285df36ba
xmodelmesh,#hash_1c68ceff404469ff
xmodelmesh,#hash_1c6913affad12115
xmodelmesh,#hash_1c6a510d3a585633
xmodelmesh,#hash_1c6aef65c718cbc3
xmodelmesh,#hash_1c6e59636791e8d2
xmodelmesh,#hash_1c6e9427da1d5c75
xmodelmesh,#hash_1c750c7384657834
xmodelmesh,#hash_1c756e064c6a1ecc
xmodelmesh,#hash_1c75e81a6aa5a826
xmodelmesh,#hash_1c7761e8f94716b1
xmodelmesh,#hash_1c79dfb632fa3e2a
xmodelmesh,#hash_9c7add00be93a9e6
xmodelmesh,#hash_1c7c093abc5e8d47
xmodelmesh,#hash_1c7d4242945f731e
xmodelmesh,#hash_1c7d5d16f92249ea
xmodelmesh,#hash_9c7d8a505cb144e0
xmodelmesh,#hash_1c7f19b2f2e74792
xmodelmesh,#hash_1c7f6d2c512e9c11
xmodelmesh,#hash_1c7ff15216846455
xmodelmesh,#hash_1c80699c6597c53d
xmodelmesh,#hash_1c814e0eb576097e
xmodelmesh,#hash_1c844748434791d4
xmodelmesh,#hash_1c84d4b69f00ebeb
xmodelmesh,#hash_1c857e1282018e3f
xmodelmesh,#hash_1c86a817452cf68e
xmodelmesh,#hash_1c86de30762f31df
xmodelmesh,#hash_1c89db1c1817d6ba
xmodelmesh,#hash_1c8fbfdce7ff8ddf
xmodelmesh,#hash_1c9205427dd8a257
xmodelmesh,#hash_1c92a9a59e2b1f7c
xmodelmesh,#hash_1c94292538a9e1dd
xmodelmesh,#hash_1c962e537cf23bf2
xmodelmesh,#hash_1c968b346c114304
xmodelmesh,#hash_1c9791a0e4dd4779
xmodelmesh,#hash_9c979a9449bed798
xmodelmesh,#hash_1c98e165681b5a71
xmodelmesh,#hash_9c99431084157b83
xmodelmesh,#hash_1c9ab6136192cb85
xmodelmesh,#hash_1c9b7b1bb37da57f
xmodelmesh,#hash_1c9f1bca3be1dd18
xmodelmesh,#hash_1c9f41a7f678542a
xmodelmesh,#hash_1ca1360be3db64bc
xmodelmesh,#hash_1ca252c8b0eb1f95
xmodelmesh,#hash_1ca35fd56f1157e1
xmodelmesh,#hash_1ca3d8fd1b189047
xmodelmesh,#hash_1ca428af78e3fe4c
xmodelmesh,#hash_1ca67b7ee1458e2b
xmodelmesh,#hash_1ca9a791507fccbe
xmodelmesh,#hash_1caa60f082fa1465
xmodelmesh,#hash_1caba92351b1d478
xmodelmesh,#hash_1cac6fc2f906af9d
xmodelmesh,#hash_1cadb2c83f7564b0
xmodelmesh,#hash_1cb05ded7560965e
xmodelmesh,#hash_1cbca728d9f99e1a
xmodelmesh,#hash_9cbcb2fc938c5aa7
xmodelmesh,#hash_1cbddd9ae5f53d84
xmodelmesh,#hash_1cc11d3bfe5d37f9
xmodelmesh,#hash_1cc14cea7e9289a1
xmodelmesh,#hash_1cc515197891418c
xmodelmesh,#hash_1cc8e5cb60cf9c33
xmodelmesh,#hash_1cc9c2736459dcd8
xmodelmesh,#hash_1ccf27776163ed64
xmodelmesh,#hash_1cd2d74356cfc26e
xmodelmesh,#hash_1cd3e3d8ddc36193
xmodelmesh,#hash_1cd444eb27e1cddf
xmodelmesh,#hash_9cd45a0286e82e6a
xmodelmesh,#hash_1cd5daa73c59c670
xmodelmesh,#hash_1cd6379d47d6827b
xmodelmesh,#hash_1cd7e29537c2c039
xmodelmesh,#hash_1cde5fc3bba61eec
xmodelmesh,#hash_1cdee6ff2ae9d8a1
xmodelmesh,#hash_9ce10961dfd7fe38
xmodelmesh,#hash_1ce1eea6fc03bdbd
xmodelmesh,#hash_9ce20ac9df52f91d
xmodelmesh,#hash_1ce3ae6649585706
xmodelmesh,#hash_1ce97deca823ddad
xmodelmesh,#hash_1cebfe12a8f55276
xmodelmesh,#hash_1cec3048c67e61f0
xmodelmesh,#hash_1cedb0b9d6dbf2a2
xmodelmesh,#hash_1cee3f76bd90e9cb
xmodelmesh,#hash_1cf0a0e59df8e348
xmodelmesh,#hash_1cf28087ff7ccd0f
xmodelmesh,#hash_1cf3162ed6115954
xmodelmesh,#hash_1cf3bc870a7fa444
xmodelmesh,#hash_1cf8f06ba94d7dc5
xmodelmesh,#hash_1d0023a26824f983
xmodelmesh,#hash_1d01e0fd1255dab4
xmodelmesh,#hash_9d02dbea1deebc9b
xmodelmesh,#hash_9d0671ecbf8b3209
xmodelmesh,#hash_1d084c022cf99e55
xmodelmesh,#hash_1d09c2e621fae83b
xmodelmesh,#hash_1d0e542119b82005
xmodelmesh,#hash_1d0f7a4e3f67d264
xmodelmesh,#hash_1d13982f03790c45
xmodelmesh,#hash_1d14cc170d729fcc
xmodelmesh,#hash_1d17232eae696b2f
xmodelmesh,#hash_1d1941e0f4a70bd3
xmodelmesh,#hash_1d19f47bacbb1812
xmodelmesh,#hash_1d1b1c8186912122
xmodelmesh,#hash_1d1bf31c33293bf3
xmodelmesh,#hash_1d1e9f5c35d9b3fe
xmodelmesh,#hash_1d1ffbf03fa814e1
xmodelmesh,#hash_1d210d94826514c2
xmodelmesh,#hash_1d21288a4dcbbad4
xmodelmesh,#hash_9d22cc6eb027602c
xmodelmesh,#hash_1d22e30f97e08fa4
xmodelmesh,#hash_1d241cd17ded492c
xmodelmesh,#hash_1d262da9709af1e0
xmodelmesh,#hash_1d26baa2d5228d2b
xmodelmesh,#hash_1d28c0dfe3b35df9
xmodelmesh,#hash_1d2d805f790d262d
xmodelmesh,#hash_9d30ed8c19171743
xmodelmesh,#hash_1d32a1e4ef77fdcf
xmodelmesh,#hash_1d35fb0391402a0d
xmodelmesh,#hash_1d36a8eaa23fa9ee
xmodelmesh,#hash_1d37bb6bba3f2581
xmodelmesh,#hash_1d380e6995279442
xmodelmesh,#hash_1d3a13c7a0aee782
xmodelmesh,#hash_9d3b0deabac8b1cb
xmodelmesh,#hash_1d3c45f8f82eda2f
xmodelmesh,#hash_1d3da0273c24fa78
xmodelmesh,#hash_1d3e409b34017b57
xmodelmesh,#hash_1d40573fb68a8050
xmodelmesh,#hash_1d43649206adf3a5
xmodelmesh,#hash_1d44afc74fbfcdcd
xmodelmesh,#hash_1d45a4633ffec48e
xmodelmesh,#hash_1d466a1ffcae6840
xmodelmesh,#hash_1d46bfd901426006
xmodelmesh,#hash_1d4717c494166949
xmodelmesh,#hash_1d4c6e8e52d988ae
xmodelmesh,#hash_1d4e6db74954e573
xmodelmesh,#hash_1d4fe6b9bebdf37f
xmodelmesh,#hash_1d5045cc3f883dde
xmodelmesh,#hash_1d51ba4e163d85b9
xmodelmesh,#hash_1d544ab6eeb3ba1c
xmodelmesh,#hash_1d566737defb0117
xmodelmesh,#hash_1d56fb93a489b753
xmodelmesh,#hash_1d5983a54fbbebfa
xmodelmesh,#hash_9d5ba1b5e574bcba
xmodelmesh,#hash_1d5bd5e640e75015
xmodelmesh,#hash_1d5c87f6f1125c6f
xmodelmesh,#hash_9d5ca54c2b221c17
xmodelmesh,#hash_9d5fe52fbeb915ae
xmodelmesh,#hash_9d6195fb51729eb5
xmodelmesh,#hash_1d646042ff2044be
xmodelmesh,#hash_1d65681ea4819a96
xmodelmesh,#hash_1d68a801a434c80d
xmodelmesh,#hash_1d68cda6b25e20b2
xmodelmesh,#hash_1d69b6b8782210e9
xmodelmesh,#hash_1d6a01cfce632a96
xmodelmesh,#hash_1d6b0858155de859
xmodelmesh,#hash_1d6d083e89a57297
xmodelmesh,#hash_1d6db3d6859e3d63
xmodelmesh,#hash_1d6fbfad2996c81b
xmodelmesh,#hash_9d7335811e2f8734
xmodelmesh,#hash_1d7502b4b6cacd61
xmodelmesh,#hash_9d760b559aa55fdb
xmodelmesh,#hash_9d769585b317992a
xmodelmesh,#hash_1d79812202d83393
xmodelmesh,#hash_1d7a255210c4d3e1
xmodelmesh,#hash_1d7ac7bb1786d3d1
xmodelmesh,#hash_1d7d7e8f6ea934ec
xmodelmesh,#hash_1d7dcad7301fa643
xmodelmesh,#hash_1d7f888dca53a68b
xmodelmesh,#hash_1d804d853d943848
xmodelmesh,#hash_1d834912047b29f4
xmodelmesh,#hash_1d842087e598065d
xmodelmesh,#hash_1d89037610ad0aee
xmodelmesh,#hash_1d89287be468fa87
xmodelmesh,#hash_1d8bb56c22a2c5ee
xmodelmesh,#hash_1d8bd39460ddecc4
xmodelmesh,#hash_1d8e3d2e7f890695
xmodelmesh,#hash_9d91c0157ddfc9b3
xmodelmesh,#hash_1d9635e98c4124d7
xmodelmesh,#hash_1d97835c17f77c6b
xmodelmesh,#hash_1d98d225c672ca1d
xmodelmesh,#hash_1d9ac2f5e568c94b
xmodelmesh,#hash_1d9c06d656bde854
xmodelmesh,#hash_1d9e9f8ac46263a9
xmodelmesh,#hash_9da05a77479e6fd2
xmodelmesh,#hash_1da481e48628cc5c
xmodelmesh,#hash_9da7f4377a94dbc1
xmodelmesh,#hash_1da80e6afc95c37a
xmodelmesh,#hash_9da9327d35f5127f
xmodelmesh,#hash_1da9483223b7ec56
xmodelmesh,#hash_1daa50e0f7ddb084
xmodelmesh,#hash_1dab2159d8bb05bf
xmodelmesh,#hash_1dac5955b4c84626
xmodelmesh,#hash_1dac9504f006b93b
xmodelmesh,#hash_1dad3c3f00d56bb5
xmodelmesh,#hash_1dad8a4869b03f7a
xmodelmesh,#hash_1dae4773981df8d0
xmodelmesh,#hash_1db2427e4569efbd
xmodelmesh,#hash_1db347af72c5f0c8
xmodelmesh,#hash_1db3951f8526534c
xmodelmesh,#hash_1db3b671cde1315a
xmodelmesh,#hash_9db3f03775163721
xmodelmesh,#hash_1db4c2c53fdcf338
xmodelmesh,#hash_9db5ec92937cd183
xmodelmesh,#hash_9dba7fc9beb47c06
xmodelmesh,#hash_1dbb89c126141c3e
xmodelmesh,#hash_9dbe03d03c1033b5
xmodelmesh,#hash_1dbe0ad71e25d6a9
xmodelmesh,#hash_1dc09b125391f375
xmodelmesh,#hash_1dc1110ca92f2e9b
xmodelmesh,#hash_1dc2d2a8afaa674e
xmodelmesh,#hash_1dc6713b9471f30a
xmodelmesh,#hash_9dc90c2b9e376fdf
xmodelmesh,#hash_1dcb04f9ea5cb6d1
xmodelmesh,#hash_1dcb4ffebc55eef5
xmodelmesh,#hash_1dccfc5dda5e2b3c
xmodelmesh,#hash_1dcfb6952af55e0c
xmodelmesh,#hash_9dd0aaec789b1115
xmodelmesh,#hash_1dd1137a3551f0d0
xmodelmesh,#hash_1dd12e7c03ae99f2
xmodelmesh,#hash_1dd3671dbb4b19a6
xmodelmesh,#hash_1dd71e5387bcea9c
xmodelmesh,#hash_9dd87ec4f16ab018
xmodelmesh,#hash_1dd9ac77f2b578e9
xmodelmesh,#hash_1ddde3ca3cca168a
xmodelmesh,#hash_1dde86ad98ff18af
xmodelmesh,#hash_1de2c462a76584c5
xmodelmesh,#hash_1de3b7da6d3f38b9
xmodelmesh,#hash_9de554ac13b78bc8
xmodelmesh,#hash_1de5bdbc8e60f563
xmodelmesh,#hash_9de70487475f8c10
xmodelmesh,#hash_1de983dedd9f665a
xmodelmesh,#hash_1dea6cc816670aed
xmodelmesh,#hash_1dec3d6fa2c9a553
xmodelmesh,#hash_1dee718eb0cce54b
xmodelmesh,#hash_1def3d6c6138b96b
xmodelmesh,#hash_1df06bb9c4bb5abb
xmodelmesh,#hash_1df0b264e2fda3e0
xmodelmesh,#hash_9df26529d1da6b3b
xmodelmesh,#hash_1df75c77a5f8f3a0
xmodelmesh,#hash_1df9cf7d09721504
xmodelmesh,#hash_1df9ede0e40e04cd
xmodelmesh,#hash_1dfec2acd3952c9c
xmodelmesh,#hash_1e00eb197734ae85
xmodelmesh,#hash_1e04e5f399048342
xmodelmesh,#hash_1e0578e32ebf5c20
xmodelmesh,#hash_1e05d1065350448b
xmodelmesh,#hash_1e0a37237d703440
xmodelmesh,#hash_1e0bc2d1b663f030
xmodelmesh,#hash_1e13f48247eb3ec4
xmodelmesh,#hash_1e152b255414dfbc
xmodelmesh,#hash_1e167e5c1e65ab87
xmodelmesh,#hash_1e1a3d29bfe7c7a3
xmodelmesh,#hash_1e1a4f125b79f24e
xmodelmesh,#hash_1e1c03d3ee7bcad3
xmodelmesh,#hash_1e1e9cf8605514d0
xmodelmesh,#hash_1e1eca7659d7275c
xmodelmesh,#hash_1e1efc093a8cc9df
xmodelmesh,#hash_1e20f8ecde158dfa
xmodelmesh,#hash_1e21fd5b1e11d5ff
xmodelmesh,#hash_1e251bb8ddbbd716
xmodelmesh,#hash_1e2649f290169b22
xmodelmesh,#hash_1e2759aef4f7abc2
xmodelmesh,#hash_1e27d08ed241c3a8
xmodelmesh,#hash_1e294f0f957002f3
xmodelmesh,#hash_1e2c14981117db63
xmodelmesh,#hash_1e30e30d0c6b7f04
xmodelmesh,#hash_1e33049888f7b7af
xmodelmesh,#hash_1e33892a70f041a4
xmodelmesh,#hash_1e33a5156826ae6e
xmodelmesh,#hash_1e3479503fbfdd9e
xmodelmesh,#hash_1e3592eacf23344a
xmodelmesh,#hash_1e36860ced0097b5
xmodelmesh,#hash_9e37d3734539b731
xmodelmesh,#hash_1e3a1bcfad0d2ac6
xmodelmesh,#hash_1e3aabf435d46dda
xmodelmesh,#hash_1e3aecd23ab08912
xmodelmesh,#hash_1e3db5e490254303
xmodelmesh,#hash_9e4277361be98b06
xmodelmesh,#hash_1e478e36f3be2085
xmodelmesh,#hash_1e4a4adfcb7ea601
xmodelmesh,#hash_1e4c218dfe90b274
xmodelmesh,#hash_1e4cebe75c59f495
xmodelmesh,#hash_1e4e6e2755fddf69
xmodelmesh,#hash_1e500ed32cefa13d
xmodelmesh,#hash_1e50f81fd00d61bf
xmodelmesh,#hash_1e51d0eb5b931497
xmodelmesh,#hash_1e52a8f1f378a4f5
xmodelmesh,#hash_9e546e7010b72148
xmodelmesh,#hash_1e5537788f7c59cf
xmodelmesh,#hash_1e555286a3e62503
xmodelmesh,#hash_1e57833dca07133f
xmodelmesh,#hash_9e58384532a6dad5
xmodelmesh,#hash_1e59b02eb3bf6792
xmodelmesh,#hash_9e5e0a569129a769
xmodelmesh,#hash_1e5e40f4238098cd
xmodelmesh,#hash_1e5f41086786a233
xmodelmesh,#hash_1e603c07adcde94b
xmodelmesh,#hash_1e613deea33d75c7
xmodelmesh,#hash_1e62577784265be6
xmodelmesh,#hash_1e63c4da8260d3dc
xmodelmesh,#hash_1e64d97d94bda664
xmodelmesh,#hash_1e685b7236295bef
xmodelmesh,#hash_1e692e3e9035842f
xmodelmesh,#hash_1e6c865f0fa64fbe
xmodelmesh,#hash_1e6e1d44a7d77697
xmodelmesh,#hash_1e71eb6ba1ef28f7
xmodelmesh,#hash_1e745b724526e9d0
xmodelmesh,#hash_1e7720f6452ca318
xmodelmesh,#hash_1e7bdf38dbb0af6d
xmodelmesh,#hash_1e7d3d07c92e6077
xmodelmesh,#hash_1e7d495e395e94da
xmodelmesh,#hash_9e7f0a556b44717d
xmodelmesh,#hash_1e8254d10d50796c
xmodelmesh,#hash_9e835557996ab458
xmodelmesh,#hash_1e8506f7e47c87d1
xmodelmesh,#hash_1e852642025539fc
xmodelmesh,#hash_1e8589bec3ec0475
xmodelmesh,#hash_1e88616b36213376
xmodelmesh,#hash_9e8e634da3324bc0
xmodelmesh,#hash_1e8fa8e0739a6363
xmodelmesh,#hash_1e93a45cd486eeb8
xmodelmesh,#hash_1e96fece7f30d80d
xmodelmesh,#hash_1e977c061ff79437
xmodelmesh,#hash_1e99a816fc2ed775
xmodelmesh,#hash_9e9b658cbbad4ec1
xmodelmesh,#hash_1e9c16348c6d65ea
xmodelmesh,#hash_9e9c5421bca776ff
xmodelmesh,#hash_1e9edd65368e9cfe
xmodelmesh,#hash_1ea01a98248f10bf
xmodelmesh,#hash_1ea054a58e5540cb
xmodelmesh,#hash_9ea05bc81f0fc9f0
xmodelmesh,#hash_1ea1866f73152a8b
xmodelmesh,#hash_9ea1ee3401e21037
xmodelmesh,#hash_1ea22ec40695492c
xmodelmesh,#hash_1ea55df982b16508
xmodelmesh,#hash_1ea5798c6e76acb6
xmodelmesh,#hash_1ea6eafdde6afc55
xmodelmesh,#hash_1ea8a312e39756bc
xmodelmesh,#hash_1ea8c6b6e08822bf
xmodelmesh,#hash_1ea961ca06231271
xmodelmesh,#hash_1eabbdf19fe58a65
xmodelmesh,#hash_1eacff4340efd03d
xmodelmesh,#hash_1eae40c6c4149c6f
xmodelmesh,#hash_9eae5575a10a4fdf
xmodelmesh,#hash_1eb3d7f9d2d25408
xmodelmesh,#hash_9eb49f1aab69e766
xmodelmesh,#hash_1eb4a01fd09a9d8b
xmodelmesh,#hash_1eb660f8344345ac
xmodelmesh,#hash_9eb9639360d4cd21
xmodelmesh,#hash_1ebad2c80b7c8695
xmodelmesh,#hash_1ebb2831b37bd8e6
xmodelmesh,#hash_1ebcb0990888274c
xmodelmesh,#hash_1ebebd2f1e76525b
xmodelmesh,#hash_1ebf7cfbf78d40fd
xmodelmesh,#hash_1ec060ec1df89a5e
xmodelmesh,#hash_1ec06a3a0698620e
xmodelmesh,#hash_9ec0cd444c41f003
xmodelmesh,#hash_1ec5279ee423908e
xmodelmesh,#hash_9ec775b64b2499e6
xmodelmesh,#hash_1ec7c799c4f21cbc
xmodelmesh,#hash_1ec90a353698fa2a
xmodelmesh,#hash_1eca3b9688e5ad52
xmodelmesh,#hash_1eca3d017e99fa79
xmodelmesh,#hash_1eca8833efa9caf7
xmodelmesh,#hash_1ecb3768866a8127
xmodelmesh,#hash_1ecc1eb7262be8b8
xmodelmesh,#hash_1ecc8e7c943422c8
xmodelmesh,#hash_1ed171481c1c4191
xmodelmesh,#hash_9ed18e2c0848fe44
xmodelmesh,#hash_1ed1d445337b73e8
xmodelmesh,#hash_1ed36d358c510a7a
xmodelmesh,#hash_1eda03c1e1ca2ed1
xmodelmesh,#hash_1eda81b1dc992253
xmodelmesh,#hash_1edbfebecfabbd90
xmodelmesh,#hash_1edcff5ef7f58fe8
xmodelmesh,#hash_1edcff83aab01aab
xmodelmesh,#hash_1edddf4e4e70404f
xmodelmesh,#hash_1edfaed901c0e34c
xmodelmesh,#hash_1ee177741aa7d56c
xmodelmesh,#hash_9ee50b8c912a55e8
xmodelmesh,#hash_9ee6dd5bcedb607b
xmodelmesh,#hash_1ee6e8c74827f430
xmodelmesh,#hash_1ef1205bf9c77b8a
xmodelmesh,#hash_1ef2d92ffdb93d2f
xmodelmesh,#hash_1ef39ae2887afe6c
xmodelmesh,#hash_1ef78a09fffa4cc0
xmodelmesh,#hash_9ef7defb88b49db4
xmodelmesh,#hash_1efcb807e0c43f2f
xmodelmesh,#hash_9efeab7f2b5be3be
xmodelmesh,#hash_9f0047fd5d6369a9
xmodelmesh,#hash_9f007344c8a1d1aa
xmodelmesh,#hash_1f00d7eb8772dd0b
xmodelmesh,#hash_1f01b062080b204c
xmodelmesh,#hash_1f026205b35068e7
xmodelmesh,#hash_9f02f6ba24a2a840
xmodelmesh,#hash_1f04f85202bbf322
xmodelmesh,#hash_1f090d43e91aa03f
xmodelmesh,#hash_1f0965e958dbff1c
xmodelmesh,#hash_9f09d75f5f41b104
xmodelmesh,#hash_1f0a8a01a927ea62
xmodelmesh,#hash_1f0b519ec3d2c600
xmodelmesh,#hash_1f0bd21f3e592dad
xmodelmesh,#hash_1f0c6c7123f226e7
xmodelmesh,#hash_1f0cd5ddc9a29a27
xmodelmesh,#hash_1f0e12547702cb37
xmodelmesh,#hash_9f0e1a9c8ce312f9
xmodelmesh,#hash_1f0ef8c3a75270a4
xmodelmesh,#hash_1f0f8c1ced181f3a
xmodelmesh,#hash_1f1000867d3294d8
xmodelmesh,#hash_9f15c7d37ce7c911
xmodelmesh,#hash_1f17ada743ff62df
xmodelmesh,#hash_1f19956395a4f8e7
xmodelmesh,#hash_1f1ac08462907b35
xmodelmesh,#hash_9f1d040870bd46c0
xmodelmesh,#hash_1f1d4c9826f5f6bb
xmodelmesh,#hash_1f1e34834106556f
xmodelmesh,#hash_9f2248e6c3ed594c
xmodelmesh,#hash_1f2669ad999d0ec4
xmodelmesh,#hash_1f26c31f08a4a9da
xmodelmesh,#hash_1f272103077e914a
xmodelmesh,#hash_1f28709bb1a3d6f1
xmodelmesh,#hash_1f2b46d0f3e2e98c
xmodelmesh,#hash_9f2c5708257023dd
xmodelmesh,#hash_1f2e7ed142320d1f
xmodelmesh,#hash_1f30497931d3dcd5
xmodelmesh,#hash_9f30bf668312dfa7
xmodelmesh,#hash_1f317c6ed1f17ada
xmodelmesh,#hash_9f32671ea4a61ebb
xmodelmesh,#hash_1f329e32611fdd1e
xmodelmesh,#hash_1f3430a3e24fc2bf
xmodelmesh,#hash_1f3778bb7df4d612
xmodelmesh,#hash_1f37a4f47a7bcdd6
xmodelmesh,#hash_9f3812ff4e584cf9
xmodelmesh,#hash_1f38ccaaff1ca747
xmodelmesh,#hash_9f3a1a4a8742abd5
xmodelmesh,#hash_1f3a32cc9f486d74
xmodelmesh,#hash_1f3d0dcf162426c3
xmodelmesh,#hash_1f3eee06a6388b3d
xmodelmesh,#hash_1f3f7dd9451e970f
xmodelmesh,#hash_1f44cdf516033b45
xmodelmesh,#hash_1f45006393399904
xmodelmesh,#hash_1f45d2fb141d2fe2
xmodelmesh,#hash_1f46cbe8b7c80e83
xmodelmesh,#hash_1f491a9e9e1c77af
xmodelmesh,#hash_9f4ab9d855383c50
xmodelmesh,#hash_1f4ac41f0b9f93f3
xmodelmesh,#hash_9f4bb50dafa2c7f7
xmodelmesh,#hash_1f4e14d65caef49a
xmodelmesh,#hash_1f515b21e4c44284
xmodelmesh,#hash_9f529cc2148c58f4
xmodelmesh,#hash_9f5789c89ba9d599
xmodelmesh,#hash_9f57bd677b736559
xmodelmesh,#hash_1f581452bcff1859
xmodelmesh,#hash_1f5ef0c682876105
xmodelmesh,#hash_1f64ecc764d9b852
xmodelmesh,#hash_1f674a1611d9baa7
xmodelmesh,#hash_1f6bd887fb736a2b
xmodelmesh,#hash_9f6da8d7a6d449f8
xmodelmesh,#hash_1f6dceacda74107b
xmodelmesh,#hash_1f6e32d616419118
xmodelmesh,#hash_1f6ea22d3bf162d6
xmodelmesh,#hash_1f6f006e2c941971
xmodelmesh,#hash_1f7091a95cf6230e
xmodelmesh,#hash_1f723c8c60e3741a
xmodelmesh,#hash_1f73112ce90c9a69
xmodelmesh,#hash_1f7357bf4686f2cc
xmodelmesh,#hash_1f7395825016b3b1
xmodelmesh,#hash_1f74fb60fb618be9
xmodelmesh,#hash_9f7536eabd54b11d
xmodelmesh,#hash_1f7951f076f20917
xmodelmesh,#hash_1f795e301226b196
xmodelmesh,#hash_1f7a523bdc9464f6
xmodelmesh,#hash_1f7be65c6626f381
xmodelmesh,#hash_1f7c61118ae2a836
xmodelmesh,#hash_1f8455f85f274fce
xmodelmesh,#hash_1f8bc85bfefab8cf
xmodelmesh,#hash_1f8e805d14d9edd0
xmodelmesh,#hash_1f8ff890c5c2b8ed
xmodelmesh,#hash_1f905037b8257891
xmodelmesh,#hash_1f948e12efecd2f0
xmodelmesh,#hash_1f9512f80873d3f1
xmodelmesh,#hash_1f981d1aa4ca9693
xmodelmesh,#hash_1f982a78c1717d35
xmodelmesh,#hash_1f9a4bf680c89931
xmodelmesh,#hash_9f9a6ac66ded5882
xmodelmesh,#hash_1f9a98f1d53ff836
xmodelmesh,#hash_9f9b77cad81387a6
xmodelmesh,#hash_1f9d3c8bd53f2f1b
xmodelmesh,#hash_1f9d50108ea3f38f
xmodelmesh,#hash_1f9eef6fac21d426
xmodelmesh,#hash_1fa0cfa3ebf0dd29
xmodelmesh,#hash_9fa48bc1d3b2a38b
xmodelmesh,#hash_1fab98ac752cb990
xmodelmesh,#hash_1facb03eff212e8f
xmodelmesh,#hash_1faf9777275fa726
xmodelmesh,#hash_1fb0c269f7ca4a37
xmodelmesh,#hash_1fb0fd43f97f94c8
xmodelmesh,#hash_9fb3111035e67538
xmodelmesh,#hash_1fb6391849f1249c
xmodelmesh,#hash_9fb8a0b71c4dddc7
xmodelmesh,#hash_1fba7727e5a37775
xmodelmesh,#hash_1fbaf6f7c39156f4
xmodelmesh,#hash_1fc0754191a168aa
xmodelmesh,#hash_1fc3ef1cf6c9a747
xmodelmesh,#hash_1fc43e9f558c44bc
xmodelmesh,#hash_1fc70c99d476099a
xmodelmesh,#hash_1fc811d1c9ba7e7b
xmodelmesh,#hash_1fc8195f356df203
xmodelmesh,#hash_1fcc331dd9b0e6c6
xmodelmesh,#hash_1fccf8d13e025539
xmodelmesh,#hash_1fcd8ab459278faf
xmodelmesh,#hash_1fd4a50b3a93756d
xmodelmesh,#hash_1fd60997baaa7ab1
xmodelmesh,#hash_1fe02796235eb1b2
xmodelmesh,#hash_1fe0f2c2605d8460
xmodelmesh,#hash_1fe53c999d3d1269
xmodelmesh,#hash_1fe812961e950ec8
xmodelmesh,#hash_1fe82a6be82c3d64
xmodelmesh,#hash_1fe94e81e5a26ccd
xmodelmesh,#hash_1fe95a8655905d70
xmodelmesh,#hash_1fe991af18bb5150
xmodelmesh,#hash_1fed5e04763d2adf
xmodelmesh,#hash_1fedd64d31638e6b
xmodelmesh,#hash_1fee2f914616262d
xmodelmesh,#hash_9ff0f3caec4bd7b3
xmodelmesh,#hash_1ff8ad650c9e14de
xmodelmesh,#hash_1ffe0bfbdec2a45e
xmodelmesh,#hash_1ffe38aedbfbcbca
xmodelmesh,#hash_9fff91273ff6bde1
xmodelmesh,#hash_1fffab07ecce668e
xmodelmesh,#hash_a00033aefbe6c114
xmodelmesh,#hash_200046f0b285c0a8
xmodelmesh,#hash_2001d4135352bb08
xmodelmesh,#hash_20069533a8e635be
xmodelmesh,#hash_2006f3e323259b32
xmodelmesh,#hash_20090b3b023ec979
xmodelmesh,#hash_200a7c1061e8fa27
xmodelmesh,#hash_20101fa1183e2d61
xmodelmesh,#hash_a010fc83829e45aa
xmodelmesh,#hash_2011b8d0c5a5e1f9
xmodelmesh,#hash_2011d219209bd576
xmodelmesh,#hash_20133b97fab5986f
xmodelmesh,#hash_2014e3eb88ac58f2
xmodelmesh,#hash_2016195435680d4d
xmodelmesh,#hash_2016b79addd377f7
xmodelmesh,#hash_a0197b02b9de60cf
xmodelmesh,#hash_201a373140a823df
xmodelmesh,#hash_201d8f34b5b95824
xmodelmesh,#hash_201fd4c7cb351044
xmodelmesh,#hash_2020b6507cf95b30
xmodelmesh,#hash_202249c84c58447f
xmodelmesh,#hash_20225c0258c644f3
xmodelmesh,#hash_a022d6388d425754
xmodelmesh,#hash_a0239706311f6e35
xmodelmesh,#hash_20264c7389437c79
xmodelmesh,#hash_202ba2f05e59a954
xmodelmesh,#hash_202f2d24d3eee4d4
xmodelmesh,#hash_20308b727201fe39
xmodelmesh,#hash_2031a662bc39b3bb
xmodelmesh,#hash_20394f238740fb51
xmodelmesh,#hash_203ac46e89546c8f
xmodelmesh,#hash_a03ce69d0d1fa48b
xmodelmesh,#hash_203f99e3b6f29b08
xmodelmesh,#hash_20402b61df90c733
xmodelmesh,#hash_2044057fbbe6990b
xmodelmesh,#hash_2048e06300574eb9
xmodelmesh,#hash_204c031962969853
xmodelmesh,#hash_204dcc294f99b4b2
xmodelmesh,#hash_204e2e7f3dee085a
xmodelmesh,#hash_20504279d8916b85
xmodelmesh,#hash_20524c2acc028b7f
xmodelmesh,#hash_20532f2bb6600f0a
xmodelmesh,#hash_20552e525d441f20
xmodelmesh,#hash_2057eca261a57046
xmodelmesh,#hash_20587f2357152aac
xmodelmesh,#hash_2059daed6493f6bc
xmodelmesh,#hash_205d00c5b0b62037
xmodelmesh,#hash_a05e0e7c28a6e798
xmodelmesh,#hash_20607b4664557687
xmodelmesh,#hash_2061085fe9becbfe
xmodelmesh,#hash_2061acb64edd2bdc
xmodelmesh,#hash_2063aa39d1f4cc1b
xmodelmesh,#hash_2064207bd7a6849d
xmodelmesh,#hash_2065516b0f45bb60
xmodelmesh,#hash_20657e336c0fc89a
xmodelmesh,#hash_a0694340af0aef2c
xmodelmesh,#hash_206a205321768908
xmodelmesh,#hash_206a49e8fbf811d7
xmodelmesh,#hash_206b48443e9a8717
xmodelmesh,#hash_206c317e311191e2
xmodelmesh,#hash_20707dd8a38c4466
xmodelmesh,#hash_20708a39d37af973
xmodelmesh,#hash_a07112309ba137d4
xmodelmesh,#hash_20718a05263ecc01
xmodelmesh,#hash_a073087a0709e230
xmodelmesh,#hash_2074908d44b2d051
xmodelmesh,#hash_207491bdf6b74714
xmodelmesh,#hash_2075a86cc126e18c
xmodelmesh,#hash_2079125138b72930
xmodelmesh,#hash_207e08dd0deaafb6
xmodelmesh,#hash_a08028ec9c338fab
xmodelmesh,#hash_20812be34071b262
xmodelmesh,#hash_20830bef281a7903
xmodelmesh,#hash_2083d57c85e4a697
xmodelmesh,#hash_2084015478ef3f68
xmodelmesh,#hash_20845f33e05717e3
xmodelmesh,#hash_208588e5454063e0
xmodelmesh,#hash_2085e47094d2f800
xmodelmesh,#hash_2085e874e6d56d8a
xmodelmesh,#hash_2086640b0857f261
xmodelmesh,#hash_2087dad35cb1928c
xmodelmesh,#hash_2089ad3acc34fd33
xmodelmesh,#hash_208a4f12a835cdb8
xmodelmesh,#hash_208bcf6345893136
xmodelmesh,#hash_208d141d857a2c68
xmodelmesh,#hash_208d5be957a2a68e
xmodelmesh,#hash_a08fac9e42e857ee
xmodelmesh,#hash_209047e6be60091e
xmodelmesh,#hash_20920c47c79da8f7
xmodelmesh,#hash_2095e16fc7602c86
xmodelmesh,#hash_a0974f2fc447be2c
xmodelmesh,#hash_209ad513e4967e59
xmodelmesh,#hash_209de3f29e89aad6
xmodelmesh,#hash_a09dfcfaeb700709
xmodelmesh,#hash_209e1ae938163d52
xmodelmesh,#hash_209fc5b969247a5a
xmodelmesh,#hash_20a175eecb708d65
xmodelmesh,#hash_20a233705f9f67db
xmodelmesh,#hash_20a3e6042cc6d74e
xmodelmesh,#hash_a0a4f944d62778a9
xmodelmesh,#hash_20a5bb2756cf7179
xmodelmesh,#hash_20a8999976280c5d
xmodelmesh,#hash_20a924b8f0745959
xmodelmesh,#hash_a0a969d258f39b0a
xmodelmesh,#hash_20a97edf39ddd942
xmodelmesh,#hash_20af3935c586ed74
xmodelmesh,#hash_20b1388a2c8f8e04
xmodelmesh,#hash_20b4cddf5aebacc2
xmodelmesh,#hash_a0bb9002283e2e5a
xmodelmesh,#hash_a0bc2b744d82c26a
xmodelmesh,#hash_20bc4cb73a099555
xmodelmesh,#hash_20bdcce8a274e417
xmodelmesh,#hash_20be0141c7a2f7e2
xmodelmesh,#hash_20bfaae0c2012ba1
xmodelmesh,#hash_20c11971d049ee8c
xmodelmesh,#hash_20c1cf5c1b22cc33
xmodelmesh,#hash_20c251b5af56a973
xmodelmesh,#hash_20c34cdc543365f4
xmodelmesh,#hash_20c493e0ccb0d91e
xmodelmesh,#hash_20c6604d982edb18
xmodelmesh,#hash_20c66f3a42a2de98
xmodelmesh,#hash_20c6ee6b54e00af6
xmodelmesh,#hash_20c9a9eeba51c466
xmodelmesh,#hash_20cb4cd5c5e8a247
xmodelmesh,#hash_20cc40c20c8c80ef
xmodelmesh,#hash_20cca77439cfc76c
xmodelmesh,#hash_20ccfcf4bfb90925
xmodelmesh,#hash_20d0ebc277cd5dbb
xmodelmesh,#hash_20d12cbc88dc7268
xmodelmesh,#hash_20d1ab4470975089
xmodelmesh,#hash_20d2dd8422eba1ca
xmodelmesh,#hash_20d47cfd9ed2cea4
xmodelmesh,#hash_a0d49067b971ef51
xmodelmesh,#hash_a0d5d9eb03adff24
xmodelmesh,#hash_20d714a71a7abaee
xmodelmesh,#hash_20d7eb59dda82796
xmodelmesh,#hash_a0d804b1e54d419f
xmodelmesh,#hash_20d988e72aace204
xmodelmesh,#hash_20dde94d7430f181
xmodelmesh,#hash_20deb5ff37d052e7
xmodelmesh,#hash_20e1da2a565ff482
xmodelmesh,#hash_20e301183afc713b
xmodelmesh,#hash_20e319d001f70f66
xmodelmesh,#hash_20e7938e2cd52cf2
xmodelmesh,#hash_a0e8d27d2ca3ca32
xmodelmesh,#hash_a0e99caddeac7ff5
xmodelmesh,#hash_20eaab79c00c2446
xmodelmesh,#hash_20eabfff6b36829c
xmodelmesh,#hash_20eac6874aaabb93
xmodelmesh,#hash_20ef6888e05398e8
xmodelmesh,#hash_a0efe24ad6de72a4
xmodelmesh,#hash_20f0c055fa06179e
xmodelmesh,#hash_a0f222d5346606af
xmodelmesh,#hash_20f319f936c41d38
xmodelmesh,#hash_20f4224bfd5b4db2
xmodelmesh,#hash_20f5e5cbbea40896
xmodelmesh,#hash_20f9f3cb2c481eb4
xmodelmesh,#hash_20faf0464c209935
xmodelmesh,#hash_a0fd28ac755263d0
xmodelmesh,#hash_a0fd2eaa034944d7
xmodelmesh,#hash_20fe5bb19a1b01c9
xmodelmesh,#hash_20ffbd9bc9bfa336
xmodelmesh,#hash_a100a38ed4b9ab35
xmodelmesh,#hash_2104e3b649e560b1
xmodelmesh,#hash_21087f6d4c1bd855
xmodelmesh,#hash_2108e4f212d135f0
xmodelmesh,#hash_210cea651214fc6f
xmodelmesh,#hash_210d7cff2de066f6
xmodelmesh,#hash_a10e5d909d3db2cd
xmodelmesh,#hash_a10ef4c5478c48a0
xmodelmesh,#hash_210ff9e8f47c7ff7
xmodelmesh,#hash_21106abbf65f7925
xmodelmesh,#hash_a1135e76934c1bb7
xmodelmesh,#hash_a11486faf837b8ea
xmodelmesh,#hash_a114941bf53c6d47
xmodelmesh,#hash_a11919fd6b31d478
xmodelmesh,#hash_211ab95c23c07cde
xmodelmesh,#hash_211c1ea10d84e712
xmodelmesh,#hash_211d4db80ad552e3
xmodelmesh,#hash_211e57be47747b31
xmodelmesh,#hash_a11e92876ee16f69
xmodelmesh,#hash_a1203d2cf8c66f16
xmodelmesh,#hash_21234c8e9980d342
xmodelmesh,#hash_2123e5a914e70fbf
xmodelmesh,#hash_a1244306c5253c9e
xmodelmesh,#hash_a125c81de3aa4a30
xmodelmesh,#hash_21264969bd974aa3
xmodelmesh,#hash_21287e5a12cf25e2
xmodelmesh,#hash_212888628a408490
xmodelmesh,#hash_a1298f3d63748183
xmodelmesh,#hash_212e32b1aa609a18
xmodelmesh,#hash_212ef3c9073e4609
xmodelmesh,#hash_a12f1377c9cc2e0b
xmodelmesh,#hash_a12f69081ed14bb0
xmodelmesh,#hash_212feeee22db63b5
xmodelmesh,#hash_212ff2c5eb128d58
xmodelmesh,#hash_2132d12b9719e5c3
xmodelmesh,#hash_213368959c99d25a
xmodelmesh,#hash_2137c2412ff4f397
xmodelmesh,#hash_2138e35608c76828
xmodelmesh,#hash_21397e439d5566aa
xmodelmesh,#hash_21410325f88d7030
xmodelmesh,#hash_a141db96b2099668
xmodelmesh,#hash_214222330a32cb81
xmodelmesh,#hash_a1432bad408af2d5
xmodelmesh,#hash_214795f314890732
xmodelmesh,#hash_2147be9305702a2e
xmodelmesh,#hash_214a2a25975707c1
xmodelmesh,#hash_214aaa0494168519
xmodelmesh,#hash_214b058b177ec4ce
xmodelmesh,#hash_214ba2c60a01c51e
xmodelmesh,#hash_214e497c18f9c745
xmodelmesh,#hash_a151dd8896d3d22a
xmodelmesh,#hash_2152aaa26a2077c5
xmodelmesh,#hash_215510e0a058a19a
xmodelmesh,#hash_21556a6f273915fa
xmodelmesh,#hash_2156b03b533a1754
xmodelmesh,#hash_2156c100a3456cbf
xmodelmesh,#hash_2157c92f86dd1f96
xmodelmesh,#hash_2157dbc1cc4a8416
xmodelmesh,#hash_215835c0925874d4
xmodelmesh,#hash_2159ba384f9ffe29
xmodelmesh,#hash_215b8a847554aa6f
xmodelmesh,#hash_215d674456b70b9d
xmodelmesh,#hash_a1601ebb4877bde6
xmodelmesh,#hash_21615d5d66a9115e
xmodelmesh,#hash_216231299fba00e2
xmodelmesh,#hash_2162f0f2e77f9048
xmodelmesh,#hash_216338ae3121392b
xmodelmesh,#hash_2164b6672fd18d9b
xmodelmesh,#hash_21664e17e03fda37
xmodelmesh,#hash_2169da6154b12e57
xmodelmesh,#hash_216b2175cd6d6f81
xmodelmesh,#hash_a16c57527bbaca4b
xmodelmesh,#hash_a16df9074b482716
xmodelmesh,#hash_a16e1231e4fafddb
xmodelmesh,#hash_2176070817bbf384
xmodelmesh,#hash_217b0a20df5bbc87
xmodelmesh,#hash_218054128766d10b
xmodelmesh,#hash_2180e1466c82ad55
xmodelmesh,#hash_218329e0f694794a
xmodelmesh,#hash_2186535bd09335ab
xmodelmesh,#hash_2188fcfc1ed48a67
xmodelmesh,#hash_a189bf667faa272d
xmodelmesh,#hash_218add74c5e07c62
xmodelmesh,#hash_218bc4e5f0793327
xmodelmesh,#hash_218bce43a6ff97f6
xmodelmesh,#hash_218fd10c4a153b6e
xmodelmesh,#hash_21900325a8bf378b
xmodelmesh,#hash_219155e6d7c88551
xmodelmesh,#hash_2192ba559fbe120b
xmodelmesh,#hash_219346011bbf3090
xmodelmesh,#hash_2196c05825698fb3
xmodelmesh,#hash_21975de600a91463
xmodelmesh,#hash_a1984eabe1d726c8
xmodelmesh,#hash_219927555556cbfc
xmodelmesh,#hash_2199513a86467533
xmodelmesh,#hash_219981abe83fadaa
xmodelmesh,#hash_219a988ca5da2d16
xmodelmesh,#hash_219af6c36fde8810
xmodelmesh,#hash_219d212ea5f2b82d
xmodelmesh,#hash_219dc851c9b410ef
xmodelmesh,#hash_21a2b6899868b1aa
xmodelmesh,#hash_21a353138701b3e9
xmodelmesh,#hash_21a51745d51b03cc
xmodelmesh,#hash_21a6093d09ed8add
xmodelmesh,#hash_21a86fd70688b79c
xmodelmesh,#hash_21a9cac3bd0958b1
xmodelmesh,#hash_21ac60144c819155
xmodelmesh,#hash_21ac6d98ea109a7b
xmodelmesh,#hash_a1ae0628ac02ea07
xmodelmesh,#hash_21b07f72c780dd5d
xmodelmesh,#hash_a1b2df6a1547f6a9
xmodelmesh,#hash_21b33a9bfacc2cf7
xmodelmesh,#hash_21b494f09b26a84b
xmodelmesh,#hash_21b896b1bf161500
xmodelmesh,#hash_21b90e80df468373
xmodelmesh,#hash_21b9f39fbecada85
xmodelmesh,#hash_a1bd59e58bda50fc
xmodelmesh,#hash_21c3b9fb2e00d47c
xmodelmesh,#hash_21c788a13aa34e25
xmodelmesh,#hash_21c8100694fe96d1
xmodelmesh,#hash_21ca8f3225422988
xmodelmesh,#hash_a1cb11f36f4f1707
xmodelmesh,#hash_21cbc33a79778452
xmodelmesh,#hash_21cc97165425df27
xmodelmesh,#hash_21cfe996a4ac31c4
xmodelmesh,#hash_21d13ee7d519332d
xmodelmesh,#hash_21d4d11948f20160
xmodelmesh,#hash_21d6e3b821b700b9
xmodelmesh,#hash_21d8fdb3c9b4d4f1
xmodelmesh,#hash_21d98b4ac13b7230
xmodelmesh,#hash_21dd3d8e7ab6de1a
xmodelmesh,#hash_a1ddaaae7dc69a99
xmodelmesh,#hash_21e1088b08c62d80
xmodelmesh,#hash_a1e2ec2281c9fc8a
xmodelmesh,#hash_a1e325c3a454fa54
xmodelmesh,#hash_21e417a899eac116
xmodelmesh,#hash_21e5fc7765e69088
xmodelmesh,#hash_21e768fcd0c50f6b
xmodelmesh,#hash_21e8cf81d5d6616a
xmodelmesh,#hash_21eac482d8516de2
xmodelmesh,#hash_21ec2a7f47ed5927
xmodelmesh,#hash_21ecbe7b3f933175
xmodelmesh,#hash_a1ecc668c6893e5c
xmodelmesh,#hash_21ef13d872a63b06
xmodelmesh,#hash_21ef407cdbb47c3c
xmodelmesh,#hash_21ef4546c020d9ba
xmodelmesh,#hash_21f2505ba6566604
xmodelmesh,#hash_a1f30c822e3e9720
xmodelmesh,#hash_21f646eb8b487fb9
xmodelmesh,#hash_21f9a88f73162d37
xmodelmesh,#hash_21fc010330776469
xmodelmesh,#hash_a1fc87cef151c407
xmodelmesh,#hash_21fe448dd33df05d
xmodelmesh,#hash_2202e81516fdb672
xmodelmesh,#hash_220596a9fc72a42e
xmodelmesh,#hash_a2079a3898316392
xmodelmesh,#hash_2208f5906f1dde39
xmodelmesh,#hash_220c13e9cabb22d4
xmodelmesh,#hash_220e38dfeb4e8550
xmodelmesh,#hash_220f38e7074f6943
xmodelmesh,#hash_220f9d7d82470738
xmodelmesh,#hash_2210a21f969f9132
xmodelmesh,#hash_22127be359883a3e
xmodelmesh,#hash_2214aac62264278c
xmodelmesh,#hash_22164259efc85d8b
xmodelmesh,#hash_2216584298f3637e
xmodelmesh,#hash_2216fe45c6a144de
xmodelmesh,#hash_22174ace357564cf
xmodelmesh,#hash_22193c4033ec29ac
xmodelmesh,#hash_2219c5447ee43a73
xmodelmesh,#hash_221bcf6c69eea7bd
xmodelmesh,#hash_221c1d62dd8d9758
xmodelmesh,#hash_221edfe44dc4c579
xmodelmesh,#hash_221f72fa6a977226
xmodelmesh,#hash_a220a8e58287d058
xmodelmesh,#hash_222302467d693508
xmodelmesh,#hash_2223f5d79186f3f6
xmodelmesh,#hash_2228a7355e3c06ae
xmodelmesh,#hash_a22d033bb7eb0edd
xmodelmesh,#hash_222e6ab0abb7f7e6
xmodelmesh,#hash_222f8ccc6efbe45a
xmodelmesh,#hash_2231743810e9698c
xmodelmesh,#hash_2231c439a2c3a3c7
xmodelmesh,#hash_223257bc741362c6
xmodelmesh,#hash_22334accb0bb4029
xmodelmesh,#hash_22363217c057ee7c
xmodelmesh,#hash_22376d62cd68f07a
xmodelmesh,#hash_2238583699b5c641
xmodelmesh,#hash_a2391550ac127d9d
xmodelmesh,#hash_223c0b52edc16520
xmodelmesh,#hash_223cb223af7b1d41
xmodelmesh,#hash_223ed9e538529373
xmodelmesh,#hash_22410234af2727bd
xmodelmesh,#hash_224217203bdb1875
xmodelmesh,#hash_a242bfa250b9dd3d
xmodelmesh,#hash_224475eb473b8271
xmodelmesh,#hash_2248850225bc0144
xmodelmesh,#hash_2248967fc5c55fb0
xmodelmesh,#hash_224da11672d1f8bc
xmodelmesh,#hash_224efda6fa0e20ce
xmodelmesh,#hash_225234f3f1195714
xmodelmesh,#hash_2252df041c29d6b3
xmodelmesh,#hash_2258def395775f77
xmodelmesh,#hash_a258fe77f7705ec0
xmodelmesh,#hash_225a3e4652e9d570
xmodelmesh,#hash_a25c3f5c77882fb4
xmodelmesh,#hash_225c9d2f811edd6a
xmodelmesh,#hash_225d5cd8459416ed
xmodelmesh,#hash_225ee459c9f761fa
xmodelmesh,#hash_a2606a6debd71f1a
xmodelmesh,#hash_2263e1ab50420dd0
xmodelmesh,#hash_2263fc3b3f9e1198
xmodelmesh,#hash_22679a54890ab65d
xmodelmesh,#hash_226827140ae00b9b
xmodelmesh,#hash_2268ec1f012a5f20
xmodelmesh,#hash_226a0c60cddcf219
xmodelmesh,#hash_226c3cbd1a0ba06d
xmodelmesh,#hash_a26c8388ebbc65ba
xmodelmesh,#hash_226cb1714eb4b347
xmodelmesh,#hash_226e657e51288d2f
xmodelmesh,#hash_226eceb9bbe23d7c
xmodelmesh,#hash_a27162b162230082
xmodelmesh,#hash_a277f3ae2dc77964
xmodelmesh,#hash_a27a14ff6010c6b9
xmodelmesh,#hash_a27b46a29038ddd1
xmodelmesh,#hash_227b481ec54ed720
xmodelmesh,#hash_227b64be130e32f7
xmodelmesh,#hash_a27c2a05a5304f67
xmodelmesh,#hash_227dab363ef96d98
xmodelmesh,#hash_227e84819b156046
xmodelmesh,#hash_227f8dcc13f3820e
xmodelmesh,#hash_227f93975cf4db3b
xmodelmesh,#hash_a28241ad6e0a2609
xmodelmesh,#hash_2284737127edce5a
xmodelmesh,#hash_2284adb5b1919904
xmodelmesh,#hash_2285f8addfff5d5b
xmodelmesh,#hash_2288479329107cac
xmodelmesh,#hash_a2893585590c0035
xmodelmesh,#hash_228a2c8a13dd4bce
xmodelmesh,#hash_228a8dce77996e0f
xmodelmesh,#hash_a28ae9bee1b6fc2c
xmodelmesh,#hash_228cebb8f5d6b655
xmodelmesh,#hash_228df49eaf4a2675
xmodelmesh,#hash_228f917692526aa8
xmodelmesh,#hash_22903ae664f3711e
xmodelmesh,#hash_22908682f6876a70
xmodelmesh,#hash_22912f012cb86623
xmodelmesh,#hash_229752b99a73844b
xmodelmesh,#hash_22980fb1b1ffd44e
xmodelmesh,#hash_229866d34b814847
xmodelmesh,#hash_a29e1af7289cfbda
xmodelmesh,#hash_a2a0efa2a7936cea
xmodelmesh,#hash_22a0fb70f1405265
xmodelmesh,#hash_22a45d294d48038e
xmodelmesh,#hash_22a4e1412292b331
xmodelmesh,#hash_a2a5f9ee07fd9cb6
xmodelmesh,#hash_22a76e866979b144
xmodelmesh,#hash_22a85c78003c04cb
xmodelmesh,#hash_22a94d32d5b8bcf5
xmodelmesh,#hash_a2ae96e4b4bd8933
xmodelmesh,#hash_22afc1bebabfc66b
xmodelmesh,#hash_22b326f811c6c0ef
xmodelmesh,#hash_a2b34c13225b2f10
xmodelmesh,#hash_22b4a707747a3d32
xmodelmesh,#hash_22b7923c93982bd3
xmodelmesh,#hash_22bfaca0d16de2fb
xmodelmesh,#hash_a2c00354d8f8722a
xmodelmesh,#hash_22c29183e8cc6080
xmodelmesh,#hash_22c3da9106fc7938
xmodelmesh,#hash_22c72728301f8eb2
xmodelmesh,#hash_a2c74291bd8792d6
xmodelmesh,#hash_22cb0723c29fef60
xmodelmesh,#hash_a2cca49024664176
xmodelmesh,#hash_22cfb17741e54d6a
xmodelmesh,#hash_a2d0a903418df4b8
xmodelmesh,#hash_22d2d502e4218c4c
xmodelmesh,#hash_22d67fde19ae3676
xmodelmesh,#hash_22d7cde7790ef06a
xmodelmesh,#hash_22daa74ff2838849
xmodelmesh,#hash_a2db274d24477127
xmodelmesh,#hash_22dbbf6190925b62
xmodelmesh,#hash_22dc429f345a66ee
xmodelmesh,#hash_22df93f225708b2e
xmodelmesh,#hash_22e2a1c2218ed9e5
xmodelmesh,#hash_22e3e40a0821819f
xmodelmesh,#hash_22e477332deab388
xmodelmesh,#hash_22e5501798291302
xmodelmesh,#hash_22e726a05a1a05e5
xmodelmesh,#hash_a2e9b15209032619
xmodelmesh,#hash_22ecab5a010a2b0b
xmodelmesh,#hash_22ee8bc7f9932c88
xmodelmesh,#hash_22eed48709a7f4c0
xmodelmesh,#hash_22f0ff7e6af8e123
xmodelmesh,#hash_22f1346d792f769e
xmodelmesh,#hash_22f85ab9893996a2
xmodelmesh,#hash_22f96cabdf98d757
xmodelmesh,#hash_22fac898715742e1
xmodelmesh,#hash_22fd2e9baaba9623
xmodelmesh,#hash_230017b2e18cc5cc
xmodelmesh,#hash_2303d7da1287daaf
xmodelmesh,#hash_23074ba3882da2a4
xmodelmesh,#hash_230ce77c90f85f59
xmodelmesh,#hash_230ef6cddaec47b9
xmodelmesh,#hash_23109871954a210a
xmodelmesh,#hash_a312c4c78f0be12a
xmodelmesh,#hash_2313d30000cfb938
xmodelmesh,#hash_2314318996e74dc7
xmodelmesh,#hash_23145363f879b6f3
xmodelmesh,#hash_a314c6fce8e34827
xmodelmesh,#hash_231507cfda7f296a
xmodelmesh,#hash_23155e042fb1db29
xmodelmesh,#hash_2316341b8d868bea
xmodelmesh,#hash_a3177fb0f03d6bac
xmodelmesh,#hash_2319272aa45dc451
xmodelmesh,#hash_2319bc83bb1909cd
xmodelmesh,#hash_231a765ebe7c3671
xmodelmesh,#hash_23213dfbf1af0185
xmodelmesh,#hash_23219a52216965d6
xmodelmesh,#hash_a323720b112085b8
xmodelmesh,#hash_232629b907dc22ae
xmodelmesh,#hash_2328d1b782328e1d
xmodelmesh,#hash_23297da22b21015a
xmodelmesh,#hash_a329bfdb24f650c0
xmodelmesh,#hash_232d5643d6b53adc
xmodelmesh,#hash_232de0f6a100003c
xmodelmesh,#hash_232de4659c1ae218
xmodelmesh,#hash_232e27c3d3d94654
xmodelmesh,#hash_232f036bf9a59e95
xmodelmesh,#hash_232ff503f718cd8f
xmodelmesh,#hash_233298ae84c11de5
xmodelmesh,#hash_2335976e926a119e
xmodelmesh,#hash_2336305482c159e5
xmodelmesh,#hash_a3363fc3715a4917
xmodelmesh,#hash_23378bb62360564e
xmodelmesh,#hash_23378d7aaf168a50
xmodelmesh,#hash_233878f4a04469df
xmodelmesh,#hash_233a27f9a20b4b33
xmodelmesh,#hash_233ca2cb805b0ef6
xmodelmesh,#hash_233f4aa619aef4c9
xmodelmesh,#hash_a34069fbd81fa43a
xmodelmesh,#hash_a343bf0fbfcec6f6
xmodelmesh,#hash_23450854a04cf969
xmodelmesh,#hash_a346c09cbe6b19fd
xmodelmesh,#hash_2346e327d3b745e3
xmodelmesh,#hash_2348407eb65e5cf6
xmodelmesh,#hash_23497fdc2970e166
xmodelmesh,#hash_234b168f04213cd4
xmodelmesh,#hash_234ce9884b39502f
xmodelmesh,#hash_a34dfa6f59d3c013
xmodelmesh,#hash_234e5b6f2eefcee6
xmodelmesh,#hash_234f0923ab5bf4b0
xmodelmesh,#hash_23524b6c5c716486
xmodelmesh,#hash_2353be66707b5e5b
xmodelmesh,#hash_2353f8f28aea1f26
xmodelmesh,#hash_235bcae3132447c6
xmodelmesh,#hash_a35d110d1a7d2f1f
xmodelmesh,#hash_235dce94c390cc1e
xmodelmesh,#hash_235e96368f0bfacf
xmodelmesh,#hash_235ee2f949811db5
xmodelmesh,#hash_235f954002459f84
xmodelmesh,#hash_2360b5d9aae2045f
xmodelmesh,#hash_2360f3694fdaa731
xmodelmesh,#hash_236333ec2d5eebd0
xmodelmesh,#hash_2364731580b3e44f
xmodelmesh,#hash_236486c2d6585f6a
xmodelmesh,#hash_236639c309846e2f
xmodelmesh,#hash_236aa3d78dfd2eb2
xmodelmesh,#hash_a36d616a03200278
xmodelmesh,#hash_236e2847c76a3991
xmodelmesh,#hash_2371668aaf694da8
xmodelmesh,#hash_237393e7004a9c86
xmodelmesh,#hash_23796e85d6422739
xmodelmesh,#hash_237991dffcdbd8ca
xmodelmesh,#hash_237b6d3286ed04be
xmodelmesh,#hash_a37ca992cbb3749e
xmodelmesh,#hash_237d04396cbef175
xmodelmesh,#hash_237dddd97b6240d0
xmodelmesh,#hash_237e627fedad46c4
xmodelmesh,#hash_2380ac216dc23552
xmodelmesh,#hash_2380ec36323aef62
xmodelmesh,#hash_23842c98b5f602b4
xmodelmesh,#hash_2384e55721fe4f89
xmodelmesh,#hash_238a7bc980d1fe34
xmodelmesh,#hash_a38cb7a54bec39b5
xmodelmesh,#hash_238d62617de6a612
xmodelmesh,#hash_2390d911d634e4b1
xmodelmesh,#hash_239144850ad990d9
xmodelmesh,#hash_2391eb6a575789eb
xmodelmesh,#hash_2396c80f65714185
xmodelmesh,#hash_2398eec26bd70370
xmodelmesh,#hash_239add734b752723
xmodelmesh,#hash_239c1b8d317873ca
xmodelmesh,#hash_239ffdc843225535
xmodelmesh,#hash_23a23b67328a3b7c
xmodelmesh,#hash_23a28b926f01ec73
xmodelmesh,#hash_23a2f16057ab5bb0
xmodelmesh,#hash_23a3f1c944d33144
xmodelmesh,#hash_23a43972ddc79ad5
xmodelmesh,#hash_23a6fb95dcf376f8
xmodelmesh,#hash_23a78f9b7e2e2196
xmodelmesh,#hash_23abdf8e7862737f
xmodelmesh,#hash_23b014107870a4e7
xmodelmesh,#hash_23b120d69765dc38
xmodelmesh,#hash_23b5b474f97747f5
xmodelmesh,#hash_23b6ed9dd54fb411
xmodelmesh,#hash_23ba7074f7dc7bfd
xmodelmesh,#hash_a3bac60f8bf79d52
xmodelmesh,#hash_23bc6fa4c3d5cb8a
xmodelmesh,#hash_23bcd7d91ae1b0ba
xmodelmesh,#hash_23bdbc6a9b76fa5b
xmodelmesh,#hash_23bdc14fd86f973a
xmodelmesh,#hash_23be6b3a9d744648
xmodelmesh,#hash_a3bed88327db7be6
xmodelmesh,#hash_23bf98dbdd5092aa
xmodelmesh,#hash_23c020f00e2e9a22
xmodelmesh,#hash_23c052ba330330f5
xmodelmesh,#hash_23c1417b768dad2d
xmodelmesh,#hash_a3c14dbe8074b6b6
xmodelmesh,#hash_23c2fbc7b39a92f5
xmodelmesh,#hash_23c5391408b77b61
xmodelmesh,#hash_23c5a18dcf495e2c
xmodelmesh,#hash_23c64170e9b83b0d
xmodelmesh,#hash_a3c905590f12008d
xmodelmesh,#hash_23cd754767d4521d
xmodelmesh,#hash_23cf336cad4249f9
xmodelmesh,#hash_23cfa6235a1ed3ab
xmodelmesh,#hash_23d1368fdaf29502
xmodelmesh,#hash_23d2e03cbc2a8b47
xmodelmesh,#hash_23d374edd0195100
xmodelmesh,#hash_23d62e8330c9d72c
xmodelmesh,#hash_23d90367b13bbbc3
xmodelmesh,#hash_23dbbb58e6dbbd0e
xmodelmesh,#hash_23dd2837fda1350e
xmodelmesh,#hash_23de087459636c7b
xmodelmesh,#hash_a3de90bd87cd4cc6
xmodelmesh,#hash_23e043bc0ef7b6c7
xmodelmesh,#hash_23e04ede085c5d35
xmodelmesh,#hash_23e340534f06ba6f
xmodelmesh,#hash_23e43f86e6bd36dd
xmodelmesh,#hash_23eb167dbf5c905d
xmodelmesh,#hash_a3f2795e8b0a04f5
xmodelmesh,#hash_23f5e5186b658081
xmodelmesh,#hash_23f6af7fa8863665
xmodelmesh,#hash_23f724d3ff7c3a30
xmodelmesh,#hash_23f8473004fb55e3
xmodelmesh,#hash_23f868de8fec8ded
xmodelmesh,#hash_23f876a2dd597898
xmodelmesh,#hash_23fd6045a624882d
xmodelmesh,#hash_240409f7dd2d525a
xmodelmesh,#hash_2408521e26f2e1c2
xmodelmesh,#hash_240a429573fe349c
xmodelmesh,#hash_a40a85869fd63b61
xmodelmesh,#hash_240b94704528b3ae
xmodelmesh,#hash_240bd63e6b8fa607
xmodelmesh,#hash_240c09ee2ad3d9fc
xmodelmesh,#hash_241122ef696fd9c2
xmodelmesh,#hash_2411f6c3623ba7b5
xmodelmesh,#hash_24148f062fdbe38d
xmodelmesh,#hash_a41589e774d979c1
xmodelmesh,#hash_24171d20d7bdf669
xmodelmesh,#hash_a41b98085d0e48a7
xmodelmesh,#hash_241cac759ae14f09
xmodelmesh,#hash_2420304829d4e868
xmodelmesh,#hash_a4219f1b9e64914b
xmodelmesh,#hash_a424eca775d50db4
xmodelmesh,#hash_a4265d61de3ccf6e
xmodelmesh,#hash_242696e36b2348e8
xmodelmesh,#hash_2426cb12ed102490
xmodelmesh,#hash_242aeae5739f05e3
xmodelmesh,#hash_243101c8aafe38c4
xmodelmesh,#hash_2431c27388087fb5
xmodelmesh,#hash_2434c8235ec855f7
xmodelmesh,#hash_24352c672c51c6a0
xmodelmesh,#hash_24366b5e5589b06b
xmodelmesh,#hash_a4380c74d2cbff3b
xmodelmesh,#hash_a438d95596922f1c
xmodelmesh,#hash_243e5009603fc89b
xmodelmesh,#hash_243e8fcfa7b11dbc
xmodelmesh,#hash_243ed76c0de9966b
xmodelmesh,#hash_a43fe1427fd8b75a
xmodelmesh,#hash_24403c1bbab5d1be
xmodelmesh,#hash_24403e40bd54c5c5
xmodelmesh,#hash_24415c08c76641c1
xmodelmesh,#hash_a441c47f578a3282
xmodelmesh,#hash_24424834d3c7034b
xmodelmesh,#hash_2444f5ba3bd5d77d
xmodelmesh,#hash_2447a705cd175cd2
xmodelmesh,#hash_a4499f2ecf68e44d
xmodelmesh,#hash_244c9dde1ad03394
xmodelmesh,#hash_244f6b3b504e5723
xmodelmesh,#hash_a44f83a08ac8f2f1
xmodelmesh,#hash_244fe588853df37c
xmodelmesh,#hash_a4517b2ed970dad9
xmodelmesh,#hash_245181c1282b8bdd
xmodelmesh,#hash_245267823c232bab
xmodelmesh,#hash_a45407603a1b01ec
xmodelmesh,#hash_2454ec6cfa63fbaf
xmodelmesh,#hash_2455d1f1f6f7b4a0
xmodelmesh,#hash_a457912d6f36fbb4
xmodelmesh,#hash_245a8f563bf7c43d
xmodelmesh,#hash_245ac0a5c22f9dfa
xmodelmesh,#hash_245b6f102f6002cf
xmodelmesh,#hash_245e8f8174dd4caf
xmodelmesh,#hash_246213db34bc63af
xmodelmesh,#hash_24636df6f715e1c7
xmodelmesh,#hash_24649744bcc974bf
xmodelmesh,#hash_2464fd5c2344ea6a
xmodelmesh,#hash_2469eb32405686df
xmodelmesh,#hash_2469f285fe2dfb78
xmodelmesh,#hash_246cd1cee549f92c
xmodelmesh,#hash_246d42970117c4c9
xmodelmesh,#hash_24732889b0d5b0a1
xmodelmesh,#hash_2473d3728ead0b4b
xmodelmesh,#hash_2474b54a5ad251b7
xmodelmesh,#hash_2474e673e15c777f
xmodelmesh,#hash_24755d3b27e8eb95
xmodelmesh,#hash_247807094c06d2b4
xmodelmesh,#hash_2478b1c554a68b32
xmodelmesh,#hash_2482a0e2ee3315ec
xmodelmesh,#hash_248361b18fa59373
xmodelmesh,#hash_248377810e808475
xmodelmesh,#hash_2487f088a915b1be
xmodelmesh,#hash_2488c519618f8aae
xmodelmesh,#hash_24893a7ed8d61366
xmodelmesh,#hash_24897cd6641ac990
xmodelmesh,#hash_24898c6e2b9f9e15
xmodelmesh,#hash_a48d0df5ab137db8
xmodelmesh,#hash_248ffc67047c3d2d
xmodelmesh,#hash_24917a86534e2c1e
xmodelmesh,#hash_24923bf12f220358
xmodelmesh,#hash_249244ad74bbcda9
xmodelmesh,#hash_2493065d9d643ccd
xmodelmesh,#hash_24932bb566fc4784
xmodelmesh,#hash_24934c71c737ad28
xmodelmesh,#hash_24983e84f018170a
xmodelmesh,#hash_a4987d6d322a72a4
xmodelmesh,#hash_249ca7ea3fe52b98
xmodelmesh,#hash_249cd728ef5e267e
xmodelmesh,#hash_249f43591106e88c
xmodelmesh,#hash_249fd75806e73d2d
xmodelmesh,#hash_24a08a5ac6496e8c
xmodelmesh,#hash_24a0e9dfcac51b7e
xmodelmesh,#hash_24a1b39515e7573e
xmodelmesh,#hash_24a1fb40fb3eeb74
xmodelmesh,#hash_24a290507c890505
xmodelmesh,#hash_24a2b939ce6daac5
xmodelmesh,#hash_a4ac3601f56bd1e4
xmodelmesh,#hash_24af25e5f047b7ce
xmodelmesh,#hash_24af31ffd7d8a9a6
xmodelmesh,#hash_24b20b261bdcbff0
xmodelmesh,#hash_a4b492ca9e2a9b6f
xmodelmesh,#hash_24b6cfdf1f049cb4
xmodelmesh,#hash_a4b7d278d37edfca
xmodelmesh,#hash_24b911413d6b6944
xmodelmesh,#hash_24ba24b7c28d0063
xmodelmesh,#hash_24ba31dd1c3efb1b
xmodelmesh,#hash_24bca4356a8e8900
xmodelmesh,#hash_a4bfb9deca0e58db
xmodelmesh,#hash_24c158d77ac000c3
xmodelmesh,#hash_24c3b054c6056ad8
xmodelmesh,#hash_24c4220cc39edcf5
xmodelmesh,#hash_24c537912447bb35
xmodelmesh,#hash_24c7126d958fc1af
xmodelmesh,#hash_24c8239801eb2685
xmodelmesh,#hash_24c83c4ed2a42b8c
xmodelmesh,#hash_24c8c9e6ecb4792e
xmodelmesh,#hash_24c8d5e0bbe03f37
xmodelmesh,#hash_24c8f4de3a1125ac
xmodelmesh,#hash_24cab5ad6c76c993
xmodelmesh,#hash_24cb706b8a2dc790
xmodelmesh,#hash_24ccca9b20e0d333
xmodelmesh,#hash_24cd42e416d4f812
xmodelmesh,#hash_24cea66610f8232b
xmodelmesh,#hash_24d317c304c98045
xmodelmesh,#hash_24d50638d8a481fb
xmodelmesh,#hash_a4d54c101295a731
xmodelmesh,#hash_24d5eac206eb6b81
xmodelmesh,#hash_24d7b05399638d32
xmodelmesh,#hash_a4d92aacf5db5e98
xmodelmesh,#hash_24da62155933b30f
xmodelmesh,#hash_24db09c5abb42cee
xmodelmesh,#hash_24db98a037beafeb
xmodelmesh,#hash_24de98421821a529
xmodelmesh,#hash_24deac467e94e542
xmodelmesh,#hash_24df80f58359c574
xmodelmesh,#hash_a4e3f099061da33f
xmodelmesh,#hash_24e5fc59dd546c04
xmodelmesh,#hash_24e6683e343d0346
xmodelmesh,#hash_24e76e706c002b4b
xmodelmesh,#hash_24e786874ad8521b
xmodelmesh,#hash_24eba364e7f5ca7b
xmodelmesh,#hash_24ed413d1d520e16
xmodelmesh,#hash_24edddf74f379a0c
xmodelmesh,#hash_24ee5447863aebe5
xmodelmesh,#hash_a4ef658a1122c962
xmodelmesh,#hash_24f014311e3356d1
xmodelmesh,#hash_24f2f4d8ca5de191
xmodelmesh,#hash_24f598f78021ef6d
xmodelmesh,#hash_24f5ef99a4d0b154
xmodelmesh,#hash_24f6cffdca46884b
xmodelmesh,#hash_24ffadbcaa657c26
xmodelmesh,#hash_250171ebdb6574ba
xmodelmesh,#hash_2503acd7e0f7a8b1
xmodelmesh,#hash_2503dde2fb9c4e44
xmodelmesh,#hash_25051b32f1d3c650
xmodelmesh,#hash_a50524050bb65dc4
xmodelmesh,#hash_a509111820248017
xmodelmesh,#hash_250b77270e2fe06a
xmodelmesh,#hash_a50f51fc9baa44ce
xmodelmesh,#hash_25114fafc09808f2
xmodelmesh,#hash_2512a2ce6d2b86e4
xmodelmesh,#hash_a516468b2ef7c349
xmodelmesh,#hash_25184a12b01c935b
xmodelmesh,#hash_2518591306f6df20
xmodelmesh,#hash_25194f007f2694bf
xmodelmesh,#hash_251dfe976e95b870
xmodelmesh,#hash_a51fd2810b0b82c5
xmodelmesh,#hash_2523462b83a7c616
xmodelmesh,#hash_25236adf6100adb7
xmodelmesh,#hash_a52475a17b98093c
xmodelmesh,#hash_2525209c70bbb4b4
xmodelmesh,#hash_2525a32e192c59f3
xmodelmesh,#hash_a528600b5be44a52
xmodelmesh,#hash_252b692b6634f37c
xmodelmesh,#hash_252b6b583283d3b4
xmodelmesh,#hash_2533b690c52100b2
xmodelmesh,#hash_253810377c2f3901
xmodelmesh,#hash_253b901d8712d2c8
xmodelmesh,#hash_253c293771f800b4
xmodelmesh,#hash_253c7cda4a9af536
xmodelmesh,#hash_253dc0b419a4fad6
xmodelmesh,#hash_253f1d372d38a255
xmodelmesh,#hash_a5403d2ac14900b6
xmodelmesh,#hash_2540d695ac9ca963
xmodelmesh,#hash_254415a8f94fc9f5
xmodelmesh,#hash_254637ce12d0a3e9
xmodelmesh,#hash_2546974cb1e33388
xmodelmesh,#hash_2546f7e634414bbc
xmodelmesh,#hash_254a3fefd6d116f3
xmodelmesh,#hash_254a9abcd6a74a89
xmodelmesh,#hash_254d5429d8f2365e
xmodelmesh,#hash_25508dd375ea6800
xmodelmesh,#hash_25526d2adb32c396
xmodelmesh,#hash_25533ba544238b75
xmodelmesh,#hash_255abe6b2fbdd8f3
xmodelmesh,#hash_255b203911b6bc49
xmodelmesh,#hash_255b96a9bf17e006
xmodelmesh,#hash_255c5c8d17f51d25
xmodelmesh,#hash_255d2c1d3d2b20b1
xmodelmesh,#hash_a55fa209f500ebe7
xmodelmesh,#hash_2560e7c373f44902
xmodelmesh,#hash_2562a5928d2bcf38
xmodelmesh,#hash_2562e0240d3b6925
xmodelmesh,#hash_2563b095de26a97a
xmodelmesh,#hash_25645305b34a5355
xmodelmesh,#hash_256697907386c684
xmodelmesh,#hash_2567248da1f2c233
xmodelmesh,#hash_256ade6cefe5bdc8
xmodelmesh,#hash_a56bedc05a17ebac
xmodelmesh,#hash_256cb53cf48b3e74
xmodelmesh,#hash_256e4769971b124c
xmodelmesh,#hash_256f461da5a8eefa
xmodelmesh,#hash_2571d33e3a27918a
xmodelmesh,#hash_a5731d15cdda14f7
xmodelmesh,#hash_25735eb6dfb66d61
xmodelmesh,#hash_2573eb6dfb5d4fc4
xmodelmesh,#hash_2574612faf0276d2
xmodelmesh,#hash_25759d1414f33433
xmodelmesh,#hash_2575ea7d2a0be8e4
xmodelmesh,#hash_257600c5457e7fb2
xmodelmesh,#hash_257708d7d535b730
xmodelmesh,#hash_a57732047fcd95b6
xmodelmesh,#hash_257acc4970ccb4df
xmodelmesh,#hash_257bd628b1d633e8
xmodelmesh,#hash_a57d4f10b8d23771
xmodelmesh,#hash_257d626c4d507abe
xmodelmesh,#hash_a57d7fd31a955cac
xmodelmesh,#hash_257f9a08e2dbddf5
xmodelmesh,#hash_a57fffdc104242eb
xmodelmesh,#hash_a580bc554d2d2fa1
xmodelmesh,#hash_258a7139790b0171
xmodelmesh,#hash_2590497b46c9ab66
xmodelmesh,#hash_2590f942f8d36f66
xmodelmesh,#hash_a5918982c44ed812
xmodelmesh,#hash_259206a3e6b0e721
xmodelmesh,#hash_2592107d0205c39a
xmodelmesh,#hash_25930b53866b4112
xmodelmesh,#hash_259356b43ea0e373
xmodelmesh,#hash_259364a806023666
xmodelmesh,#hash_2594aab2f8afd9c1
xmodelmesh,#hash_2594cb406d069fe0
xmodelmesh,#hash_25993c8341363a99
xmodelmesh,#hash_259b3a14c1ecc433
xmodelmesh,#hash_259b8e96f9b0ee6d
xmodelmesh,#hash_259f6ea241ed1c3b
xmodelmesh,#hash_259faff53ad3442b
xmodelmesh,#hash_25a029c9e97b4fe1
xmodelmesh,#hash_25a25709da27345b
xmodelmesh,#hash_25a40b829bb5829b
xmodelmesh,#hash_a5a43db6ce782e29
xmodelmesh,#hash_25a484c045f62e3c
xmodelmesh,#hash_25a56f5f11974ccd
xmodelmesh,#hash_a5a900422ccb9d6f
xmodelmesh,#hash_25a9b6e9ecba7d62
xmodelmesh,#hash_25aa57b9b5766227
xmodelmesh,#hash_25aad14b0d8d9aec
xmodelmesh,#hash_25ab12464c689faa
xmodelmesh,#hash_25abba295a542c5f
xmodelmesh,#hash_25ad410c6acacbdc
xmodelmesh,#hash_25b00078350f475d
xmodelmesh,#hash_25b2767122c4dca3
xmodelmesh,#hash_a5b32e662314979f
xmodelmesh,#hash_25b874b5b38d0752
xmodelmesh,#hash_a5b9d68e7196ebdd
xmodelmesh,#hash_25bb36177616f32e
xmodelmesh,#hash_25bd405b62f010eb
xmodelmesh,#hash_a5bdcc7e768a63e9
xmodelmesh,#hash_25bea766b174ac2d
xmodelmesh,#hash_a5bfa02bfe608c27
xmodelmesh,#hash_25c17505c28cd3a9
xmodelmesh,#hash_25c302daba972534
xmodelmesh,#hash_25c55124478c44cc
xmodelmesh,#hash_25c5effb4683211c
xmodelmesh,#hash_25c827c9124a0370
xmodelmesh,#hash_25c8e6d7e67ccc0e
xmodelmesh,#hash_25caff39931fb8f6
xmodelmesh,#hash_25cb97c695bcb9ba
xmodelmesh,#hash_a5ceeea2e0c74908
xmodelmesh,#hash_25d1db3136cb2437
xmodelmesh,#hash_25d2e2b768a3b976
xmodelmesh,#hash_25d6a76863858674
xmodelmesh,#hash_25db2bf63456760c
xmodelmesh,#hash_25dc553690449c39
xmodelmesh,#hash_25e10085e04f9e5f
xmodelmesh,#hash_25e1d9ff498fcac7
xmodelmesh,#hash_25e2b288bb5b26da
xmodelmesh,#hash_a5e41a5f5d07f981
xmodelmesh,#hash_25e48014c22b1940
xmodelmesh,#hash_25e8ab245c7e71ee
xmodelmesh,#hash_25e93906cf8ff5f1
xmodelmesh,#hash_25e9a6842d53bdf2
xmodelmesh,#hash_25ea8dfeea1630d9
xmodelmesh,#hash_25ecd117e888af53
xmodelmesh,#hash_25ee3613cf1ad14f
xmodelmesh,#hash_a5ee96f0039aea8f
xmodelmesh,#hash_25efb2a184de5281
xmodelmesh,#hash_25f1bbf6cd83ac2d
xmodelmesh,#hash_25f326ec92797e52
xmodelmesh,#hash_25f859605f8ea5a9
xmodelmesh,#hash_25f8801b4938bbe8
xmodelmesh,#hash_25f909a4e23080ea
xmodelmesh,#hash_25fe7db5e2d4459c
xmodelmesh,#hash_25feb04eb0a22a4e
xmodelmesh,#hash_26033ae419816635
xmodelmesh,#hash_2603f4514a2064b2
xmodelmesh,#hash_2604d68fd3095dca
xmodelmesh,#hash_2608c4c2fd306feb
xmodelmesh,#hash_2608cdbed74f7755
xmodelmesh,#hash_a60a3254c2398ac3
xmodelmesh,#hash_260ac4e6948f4c66
xmodelmesh,#hash_260ec4008d734d8a
xmodelmesh,#hash_2611fc91938505c6
xmodelmesh,#hash_26159d9779f9b73c
xmodelmesh,#hash_261672ad10438231
xmodelmesh,#hash_26170c97b52e64a5
xmodelmesh,#hash_26172befac6fd3eb
xmodelmesh,#hash_261876fa3901b454
xmodelmesh,#hash_a61899312376f297
xmodelmesh,#hash_261ab37bb43348e7
xmodelmesh,#hash_261b82643bd5307f
xmodelmesh,#hash_261bb4bc032c00b2
xmodelmesh,#hash_261f889723e25fab
xmodelmesh,#hash_26202eb84e3c2173
xmodelmesh,#hash_26242daab2151fd2
xmodelmesh,#hash_2625b6f8f9b75a41
xmodelmesh,#hash_262892f565f13b20
xmodelmesh,#hash_262a25f188e85dab
xmodelmesh,#hash_a62c5bb423e68a43
xmodelmesh,#hash_a62d493cb09b253b
xmodelmesh,#hash_2630bfdb3d84aa80
xmodelmesh,#hash_2634b9ab4243e0c5
xmodelmesh,#hash_26367b84d9ac528c
xmodelmesh,#hash_2638b5d948d99cf7
xmodelmesh,#hash_263afa5e7d599629
xmodelmesh,#hash_263e7d50f2c4bacb
xmodelmesh,#hash_263f1fe5de5a516a
xmodelmesh,#hash_263f2c5a0f256581
xmodelmesh,#hash_a6416f4acf4c98da
xmodelmesh,#hash_2641d52376786118
xmodelmesh,#hash_26421531b9746945
xmodelmesh,#hash_264215b4ed4cc44e
xmodelmesh,#hash_2643f69be39b5adf
xmodelmesh,#hash_264657fcd017e020
xmodelmesh,#hash_264b5ecd1c3f9b03
xmodelmesh,#hash_264b7b29970ccf4a
xmodelmesh,#hash_264caf7bcaf0ce94
xmodelmesh,#hash_264e2f5ce736fe5e
xmodelmesh,#hash_26500d3202d562cc
xmodelmesh,#hash_2652e0218b8ea58e
xmodelmesh,#hash_26532fbdf4e90c23
xmodelmesh,#hash_2653a03b110b3b16
xmodelmesh,#hash_a653d79a102754fc
xmodelmesh,#hash_265482253332d5ee
xmodelmesh,#hash_265a4b64632add11
xmodelmesh,#hash_265ea85c22509230
xmodelmesh,#hash_266087d7c8a37494
xmodelmesh,#hash_2660e860e8df2185
xmodelmesh,#hash_26645acca3a3ecc4
xmodelmesh,#hash_26659a46c5e09170
xmodelmesh,#hash_26689f2af347f713
xmodelmesh,#hash_266b58e4f30a6ee0
xmodelmesh,#hash_266f1a7a40226c03
xmodelmesh,#hash_26750b43fa17f290
xmodelmesh,#hash_267c33fee9f4b273
xmodelmesh,#hash_2680c10f2ec85725
xmodelmesh,#hash_26834b0c096c1e7d
xmodelmesh,#hash_a683feb5cc36b4d8
xmodelmesh,#hash_a684c1daf5df4c23
xmodelmesh,#hash_a6866edfa774d806
xmodelmesh,#hash_2686a416482e26ec
xmodelmesh,#hash_2689345951923c74
xmodelmesh,#hash_268cc499f5ba92d8
xmodelmesh,#hash_268d89ce1af2d845
xmodelmesh,#hash_268da86f4bf9c973
xmodelmesh,#hash_268eeea97296dd99
xmodelmesh,#hash_268f9cf9935d6b85
xmodelmesh,#hash_268fdd4787dfad92
xmodelmesh,#hash_269003d9aa0e2a6d
xmodelmesh,#hash_2691983deced2653
xmodelmesh,#hash_2692658a6c26ae71
xmodelmesh,#hash_269308d9ea0aec5b
xmodelmesh,#hash_a693faef342e8bca
xmodelmesh,#hash_26951275e84927dc
xmodelmesh,#hash_2695f80e3e249cf9
xmodelmesh,#hash_26961f01e2288967
xmodelmesh,#hash_2696b3fb16f2c951
xmodelmesh,#hash_2697ce9b9c3cc317
xmodelmesh,#hash_269a4c37ce769cef
xmodelmesh,#hash_269da14dee5260db
xmodelmesh,#hash_269f26b1027216be
xmodelmesh,#hash_269f58c2a689c63a
xmodelmesh,#hash_26a24b56bd923c25
xmodelmesh,#hash_a6a4d5739fa25d6f
xmodelmesh,#hash_26a6eb0ffde3a67b
xmodelmesh,#hash_a6aa7bb98400ecab
xmodelmesh,#hash_26ab38d42b45c1f5
xmodelmesh,#hash_26ab8f498d7e108d
xmodelmesh,#hash_26ac1060012d9a87
xmodelmesh,#hash_26ada0024fd90574
xmodelmesh,#hash_26b0b220248ec8a2
xmodelmesh,#hash_26b519df41f05502
xmodelmesh,#hash_26b5a01b03ff2652
xmodelmesh,#hash_a6b690414b45cc72
xmodelmesh,#hash_26b7128458258c4c
xmodelmesh,#hash_a6baec5e8f54eb66
xmodelmesh,#hash_26bbd8651dc95d72
xmodelmesh,#hash_26bcf3bc11a71058
xmodelmesh,#hash_26bf9a33122d9b35
xmodelmesh,#hash_26c0a1fea2b10556
xmodelmesh,#hash_26c481d555b38094
xmodelmesh,#hash_a6c5bffd6a26abf0
xmodelmesh,#hash_a6c74f591d839532
xmodelmesh,#hash_26c8082318f2affb
xmodelmesh,#hash_26c8ba559ee4a039
xmodelmesh,#hash_26c9634be8f767ca
xmodelmesh,#hash_26ca6364667b9c2f
xmodelmesh,#hash_26ce6dd6baa6a959
xmodelmesh,#hash_26d788ebe3125ab4
xmodelmesh,#hash_26d8d6a0aa44a880
xmodelmesh,#hash_26d911e817d7b356
xmodelmesh,#hash_26d9da23ec6c7037
xmodelmesh,#hash_26dc19ad1cfa4671
xmodelmesh,#hash_26dc45e5e4970031
xmodelmesh,#hash_a6dc81d14852e299
xmodelmesh,#hash_26de34d5588f9225
xmodelmesh,#hash_a6de8ef92d8ec967
xmodelmesh,#hash_26df35706967b458
xmodelmesh,#hash_a6df842605c49e0c
xmodelmesh,#hash_26df91fb7411f877
xmodelmesh,#hash_26dfc74b07bec17e
xmodelmesh,#hash_a6e0abea1545fdf2
xmodelmesh,#hash_26e688a7f9078912
xmodelmesh,#hash_26e95d710ba66d5c
xmodelmesh,#hash_26e99cdfbf45bef5
xmodelmesh,#hash_26ec024b24436d3d
xmodelmesh,#hash_26ecf90e5676a970
xmodelmesh,#hash_26ee613ea9d3e50b
xmodelmesh,#hash_26ef17567a63b06b
xmodelmesh,#hash_26effbb03036f8f9
xmodelmesh,#hash_26f344450c35cf1f
xmodelmesh,#hash_26f4dd0c946bccdb
xmodelmesh,#hash_26f9d976c050a724
xmodelmesh,#hash_26fd2b64d85dd272
xmodelmesh,#hash_26fd737e5375cec0
xmodelmesh,#hash_26fdb3f4a92fae8b
xmodelmesh,#hash_26ffeed1ac6c0d27
xmodelmesh,#hash_27028912251d6f7f
xmodelmesh,#hash_2703fc6045b54f6c
xmodelmesh,#hash_2706ac3d6a7148ff
xmodelmesh,#hash_2706e706948e1a5e
xmodelmesh,#hash_27079575ef026b72
xmodelmesh,#hash_27092ba958fdc8c7
xmodelmesh,#hash_2709b49760a23fec
xmodelmesh,#hash_270b21b2ba39df94
xmodelmesh,#hash_a7114b6ad36c2518
xmodelmesh,#hash_271161f4f1a9b892
xmodelmesh,#hash_2711a250344edd4f
xmodelmesh,#hash_27143d4d6ac8c02d
xmodelmesh,#hash_271582368ce9eaf4
xmodelmesh,#hash_27161398b41f4ad9
xmodelmesh,#hash_27181ed227a9b87f
xmodelmesh,#hash_a71c05d1c2fe8d41
xmodelmesh,#hash_2721edc8df872eaf
xmodelmesh,#hash_2722908868a6ee8f
xmodelmesh,#hash_2724720a142e414a
xmodelmesh,#hash_27250dc15dc603c0
xmodelmesh,#hash_27257b2edfe018db
xmodelmesh,#hash_2726c9dfc32565bf
xmodelmesh,#hash_27290602884348c5
xmodelmesh,#hash_a72b2b0959650ae5
xmodelmesh,#hash_a72c3f8c9aaebea5
xmodelmesh,#hash_272c97b395c3ca87
xmodelmesh,#hash_272dddf264c61bb9
xmodelmesh,#hash_a7335c89ef8ba824
xmodelmesh,#hash_2737269c13713ba0
xmodelmesh,#hash_273731fe63e72edd
xmodelmesh,#hash_2738f78cfa84dc12
xmodelmesh,#hash_273a2d443b70f261
xmodelmesh,#hash_273abbfe44c2360a
xmodelmesh,#hash_a73db5544d0c70eb
xmodelmesh,#hash_2740d5140887f9db
xmodelmesh,#hash_2741f7be94515dda
xmodelmesh,#hash_a742ed343940612d
xmodelmesh,#hash_2744974ddba87c29
xmodelmesh,#hash_a7456f35a3c3ff1f
xmodelmesh,#hash_2745bbbac233aa24
xmodelmesh,#hash_274677f32207ba05
xmodelmesh,#hash_274d8d1e210f0589
xmodelmesh,#hash_27501be7e80253ec
xmodelmesh,#hash_27534cc045b0963f
xmodelmesh,#hash_2753ba83ac07d594
xmodelmesh,#hash_27548792f209552d
xmodelmesh,#hash_2754e01d6c916cfa
xmodelmesh,#hash_a754ff5b22f615b4
xmodelmesh,#hash_27566a4bc2fd9071
xmodelmesh,#hash_a757f48dce8e76a1
xmodelmesh,#hash_27593c5c250a9beb
xmodelmesh,#hash_275b86f3356ad8bc
xmodelmesh,#hash_a75bd74f932f7710
xmodelmesh,#hash_2760185e6fbcbffc
xmodelmesh,#hash_2762853443d9c93d
xmodelmesh,#hash_276637ad56dbdfdd
xmodelmesh,#hash_a767bba41f3be81e
xmodelmesh,#hash_276c722eedd8cf26
xmodelmesh,#hash_276cd31eae4d3108
xmodelmesh,#hash_276d09aa5aec9fc0
xmodelmesh,#hash_276d532501935715
xmodelmesh,#hash_276e91d8facdb34f
xmodelmesh,#hash_a770865806777abb
xmodelmesh,#hash_2771113c4fdbc326
xmodelmesh,#hash_27718c7a0ef9ed54
xmodelmesh,#hash_2771e5d7b244b8f3
xmodelmesh,#hash_277895baa228a61c
xmodelmesh,#hash_277af083a8bb7a3d
xmodelmesh,#hash_277b845175d87a1b
xmodelmesh,#hash_277c4297230fde22
xmodelmesh,#hash_277cfc5b06b01b2c
xmodelmesh,#hash_2780225751ebe405
xmodelmesh,#hash_278629dffa43e5c1
xmodelmesh,#hash_a7869711b8528f24
xmodelmesh,#hash_a786a0fc08cb7242
xmodelmesh,#hash_278706ace56f608c
xmodelmesh,#hash_27883fe3d4cf3bad
xmodelmesh,#hash_27890ddcd81b68bf
xmodelmesh,#hash_a789cfb4f47e34c7
xmodelmesh,#hash_278a5776874ab920
xmodelmesh,#hash_a78bb0d598bc29c9
xmodelmesh,#hash_278d6187985b26b6
xmodelmesh,#hash_27903eecdf3e3b15
xmodelmesh,#hash_2790885d28e1b812
xmodelmesh,#hash_279193c181b85bb9
xmodelmesh,#hash_2792096adedba388
xmodelmesh,#hash_27921413d2513d20
xmodelmesh,#hash_a794dafbb1a64dda
xmodelmesh,#hash_2797d3cd7af142fc
xmodelmesh,#hash_a79bc83d968ed5a4
xmodelmesh,#hash_279d43a26ace680f
xmodelmesh,#hash_279e0a64b70fd8de
xmodelmesh,#hash_27a3a5a557b43db2
xmodelmesh,#hash_27a3b2d1b67c0eaa
xmodelmesh,#hash_27a6765e03c4ff61
xmodelmesh,#hash_27a9ef714c74bc68
xmodelmesh,#hash_27abb138a8ec9ceb
xmodelmesh,#hash_27afb81651ed267d
xmodelmesh,#hash_a7b06c8e57f4c499
xmodelmesh,#hash_a7b45375aa7f56bc
xmodelmesh,#hash_27b5574daec325a1
xmodelmesh,#hash_27b56ede7447ea0c
xmodelmesh,#hash_a7b6945914532938
xmodelmesh,#hash_27b812d3c6ceeb96
xmodelmesh,#hash_a7b97cb212fce5cc
xmodelmesh,#hash_27b9c8af00590d6b
xmodelmesh,#hash_27bb6ddcf6659f1c
xmodelmesh,#hash_27bbe068a0177e46
xmodelmesh,#hash_27bc546ec9ed44d2
xmodelmesh,#hash_27bd3035081bc4fc
xmodelmesh,#hash_a7bd79efa23778ac
xmodelmesh,#hash_a7bef70d2c76faf3
xmodelmesh,#hash_a7bf6f450f6cab90
xmodelmesh,#hash_27c02afec403451f
xmodelmesh,#hash_a7c1165390c09012
xmodelmesh,#hash_27c144770c6c49b9
xmodelmesh,#hash_27c177f6e66e9985
xmodelmesh,#hash_a7c477e754141b46
xmodelmesh,#hash_a7c4cc7aced740a7
xmodelmesh,#hash_a7c51c9a53791cae
xmodelmesh,#hash_27c854fe0ec7b53e
xmodelmesh,#hash_27ca82138708c364
xmodelmesh,#hash_27cae463ca9d587d
xmodelmesh,#hash_27cc8299849ddd03
xmodelmesh,#hash_a7cf3ee24ac5eb51
xmodelmesh,#hash_27cfed2ddb5741fa
xmodelmesh,#hash_27d1fab34cff87e0
xmodelmesh,#hash_27dba240bc09868f
xmodelmesh,#hash_27dba8913c8ae0f9
xmodelmesh,#hash_27dc5361b181a5e3
xmodelmesh,#hash_27dcd5925ea3aa46
xmodelmesh,#hash_27dd26ccc667fc87
xmodelmesh,#hash_27e308991704627c
xmodelmesh,#hash_27e61ee0beffca65
xmodelmesh,#hash_27e6a173819dfb3a
xmodelmesh,#hash_27e7a73ad650de34
xmodelmesh,#hash_a7e8f46c82cd4649
xmodelmesh,#hash_27ea3cead33c6133
xmodelmesh,#hash_27ec683e57240536
xmodelmesh,#hash_27ed207f62576841
xmodelmesh,#hash_27f24a39d41ddc5f
xmodelmesh,#hash_27f4164074216e74
xmodelmesh,#hash_a7f5db3a8c6f205e
xmodelmesh,#hash_27f6f79c1935be63
xmodelmesh,#hash_27f6fddc96c0cc5a
xmodelmesh,#hash_27f8f3b603f59f63
xmodelmesh,#hash_27fa3076c0f3a2a7
xmodelmesh,#hash_27fb073729037407
xmodelmesh,#hash_27fbb18294a34421
xmodelmesh,#hash_27fbebdac55188ae
xmodelmesh,#hash_27fda7610dc9bfcf
xmodelmesh,#hash_27ffd55935c79e97
xmodelmesh,#hash_a800e1b956433b8d
xmodelmesh,#hash_2803012fa7947700
xmodelmesh,#hash_2804380b907188be
xmodelmesh,#hash_28095ae455864b27
xmodelmesh,#hash_2809d07888a2bd59
xmodelmesh,#hash_280a64925a363e72
xmodelmesh,#hash_a80b9ded1f545b40
xmodelmesh,#hash_280bcae79fe38792
xmodelmesh,#hash_2811d091405cce7f
xmodelmesh,#hash_a8151fd3242536da
xmodelmesh,#hash_2815489a7ea3ebdb
xmodelmesh,#hash_a816ad4d99770715
xmodelmesh,#hash_a817a0ab378514b1
xmodelmesh,#hash_281c8796322ee69f
xmodelmesh,#hash_281d68f5d2592c75
xmodelmesh,#hash_282014231ec6b858
xmodelmesh,#hash_28225c0a12e4783c
xmodelmesh,#hash_2822befd23ac652c
xmodelmesh,#hash_a8243c57bbee6d0a
xmodelmesh,#hash_2825abce6588475d
xmodelmesh,#hash_2826bc79cf94658a
xmodelmesh,#hash_28279401aedf6a26
xmodelmesh,#hash_28282fd67ea9d01d
xmodelmesh,#hash_2828a0a39befa281
xmodelmesh,#hash_2829e9185b022a38
xmodelmesh,#hash_282a727f9567f086
xmodelmesh,#hash_282c568957fa4755
xmodelmesh,#hash_282cf18eeafb37aa
xmodelmesh,#hash_282e335e4f52c356
xmodelmesh,#hash_282fa69fd85a7016
xmodelmesh,#hash_2832fe9a9ef234cf
xmodelmesh,#hash_28346f680a87d85e
xmodelmesh,#hash_2834fb889a966d36
xmodelmesh,#hash_a837d9c9cc94d32f
xmodelmesh,#hash_28391a3b8a3eaca3
xmodelmesh,#hash_283a753e4e9fec82
xmodelmesh,#hash_283bb07ddbdbbdbd
xmodelmesh,#hash_a83e7f92b7c85d84
xmodelmesh,#hash_283eaba004ff0da0
xmodelmesh,#hash_28419dcf83c27a0a
xmodelmesh,#hash_a843b20115e75981
xmodelmesh,#hash_28459b84971af32e
xmodelmesh,#hash_2845f4399a233035
xmodelmesh,#hash_a846e84eb0352202
xmodelmesh,#hash_a84727d05ba79c51
xmodelmesh,#hash_2849d73068633919
xmodelmesh,#hash_284a7fd99c2f6cfb
xmodelmesh,#hash_284bfd3c66689e6b
xmodelmesh,#hash_284e146ff17906d1
xmodelmesh,#hash_284efd751b07eb56
xmodelmesh,#hash_28506e0620c07862
xmodelmesh,#hash_2851f6a67395b92e
xmodelmesh,#hash_28527085643f3b4a
xmodelmesh,#hash_a855537f30371c63
xmodelmesh,#hash_28568150eed1ab3b
xmodelmesh,#hash_28572961627a82f5
xmodelmesh,#hash_2857ceeb163849a5
xmodelmesh,#hash_a857e1172fa9e529
xmodelmesh,#hash_2857e69d87d49dea
xmodelmesh,#hash_285c09ebbb3141d8
xmodelmesh,#hash_285f0a9b3b746592
xmodelmesh,#hash_28610e16f91102c5
xmodelmesh,#hash_2861496cd9f1db43
xmodelmesh,#hash_2861f0828d62562a
xmodelmesh,#hash_2862f5e09d69fe5a
xmodelmesh,#hash_28650b260742ca28
xmodelmesh,#hash_286d261a55f4bf57
xmodelmesh,#hash_286daa4065850bd5
xmodelmesh,#hash_286dbc44e35e9ffc
xmodelmesh,#hash_286e8c2237e9c5de
xmodelmesh,#hash_2871213c26120a2d
xmodelmesh,#hash_28721c1d702ecb7a
xmodelmesh,#hash_28722285c7954bf1
xmodelmesh,#hash_2872edb6eb39ce4d
xmodelmesh,#hash_287659767b66a61c
xmodelmesh,#hash_2876dfca33b61a95
xmodelmesh,#hash_287a65298fbb04d8
xmodelmesh,#hash_287b2b389fe0c1c9
xmodelmesh,#hash_287b54a44b37de8d
xmodelmesh,#hash_287db1a38e0f2975
xmodelmesh,#hash_287e942e7a4f0174
xmodelmesh,#hash_288169502b52b7c7
xmodelmesh,#hash_2884d597d1f85dfc
xmodelmesh,#hash_288511097c8c9923
xmodelmesh,#hash_2885905a5d808ccf
xmodelmesh,#hash_2886e6ac7acfa3b1
xmodelmesh,#hash_2887a0fbf12c613a
xmodelmesh,#hash_288912c161d9ea8e
xmodelmesh,#hash_288a08a32915f4a6
xmodelmesh,#hash_288cc59e989bb3bd
xmodelmesh,#hash_288e17d64a43301c
xmodelmesh,#hash_288ed86c9ab4c126
xmodelmesh,#hash_288f88bc7e3d2119
xmodelmesh,#hash_28928261a971e108
xmodelmesh,#hash_a8952df3b42ce483
xmodelmesh,#hash_2898b001a8f23e82
xmodelmesh,#hash_289c0667bfafbc22
xmodelmesh,#hash_a89ee8fe7b2f4d9a
xmodelmesh,#hash_28a3b1c04a31349a
xmodelmesh,#hash_28a52fcc14294230
xmodelmesh,#hash_28a74d63e230be2b
xmodelmesh,#hash_28a893c573952828
xmodelmesh,#hash_28a97454755fc782
xmodelmesh,#hash_28aca0d1bb833d27
xmodelmesh,#hash_28acaf4fa2b015b1
xmodelmesh,#hash_a8ad8da19272d0da
xmodelmesh,#hash_a8ae4b2ee2c945b1
xmodelmesh,#hash_28ae710bd9c73504
xmodelmesh,#hash_28af1ee29ea4ba95
xmodelmesh,#hash_28af33c6e3b5a655
xmodelmesh,#hash_28b291d7181bd31a
xmodelmesh,#hash_28b379ce32f9562b
xmodelmesh,#hash_a8b37b5eb97df96f
xmodelmesh,#hash_28b5733bd0abca95
xmodelmesh,#hash_28b5b0376db05c4c
xmodelmesh,#hash_28b82e2d4cd87808
xmodelmesh,#hash_28bc9256e749bce7
xmodelmesh,#hash_28be6c9d4d5adf56
xmodelmesh,#hash_a8c07c7d887ee29c
xmodelmesh,#hash_28c098fdbc3d1025
xmodelmesh,#hash_28c47e767df1bdb2
xmodelmesh,#hash_28c511a17388109b
xmodelmesh,#hash_28c8094c05c6a773
xmodelmesh,#hash_a8cbf0fb254bc981
xmodelmesh,#hash_28ceeb9e0e1436e0
xmodelmesh,#hash_28cffa8a8a275b85
xmodelmesh,#hash_28d21a99fbed10e3
xmodelmesh,#hash_a8d3730a73880ae7
xmodelmesh,#hash_28d3f1ea8e6e632d
xmodelmesh,#hash_28d5dc74e0349bd2
xmodelmesh,#hash_28d6c9c1924a3a4b
xmodelmesh,#hash_28d7384e09a05370
xmodelmesh,#hash_28d8e9e2cd7c45b3
xmodelmesh,#hash_a8db5436f8b5b647
xmodelmesh,#hash_a8dc7973dd03cfb4
xmodelmesh,#hash_28e204e80947d60a
xmodelmesh,#hash_28e3b0a49a1e8b66
xmodelmesh,#hash_28e4bbd67a92b776
xmodelmesh,#hash_28e6a8ac122b329c
xmodelmesh,#hash_28e7e45606490472
xmodelmesh,#hash_28e7f8940b330424
xmodelmesh,#hash_28e9f9650f6bb7c2
xmodelmesh,#hash_28eb9e0904c2c50e
xmodelmesh,#hash_a8ee053571b64c7e
xmodelmesh,#hash_a8ef36f3fed33300
xmodelmesh,#hash_28efbde771e4bb07
xmodelmesh,#hash_28f49c6b033e29c0
xmodelmesh,#hash_a8f63c06d14631cd
xmodelmesh,#hash_28f949c9fceb36c4
xmodelmesh,#hash_28fceb4cc330e49b
xmodelmesh,#hash_28fdf3f88b2d99d3
xmodelmesh,#hash_a903d4847198ff23
xmodelmesh,#hash_29047fa961c138f6
xmodelmesh,#hash_2905ef62c374dcb4
xmodelmesh,#hash_2908c43b78d737d3
xmodelmesh,#hash_29096bd71679a704
xmodelmesh,#hash_290990a93b4f2d92
xmodelmesh,#hash_2909a8749df02c58
xmodelmesh,#hash_290b5c03f8ae59ec
xmodelmesh,#hash_a911a4604eaa2076
xmodelmesh,#hash_2914cb8042c1b38e
xmodelmesh,#hash_291588e1abe7d677
xmodelmesh,#hash_2915f6e44c52d25f
xmodelmesh,#hash_a916403a60782ba7
xmodelmesh,#hash_29185d8e25f94663
xmodelmesh,#hash_29193bfebbe9d8ba
xmodelmesh,#hash_291a008361388f03
xmodelmesh,#hash_291cf06d96daf08e
xmodelmesh,#hash_292230b7e20e64ec
xmodelmesh,#hash_a925934e2344c8c7
xmodelmesh,#hash_2925b389c8a28c8a
xmodelmesh,#hash_2926c57b8d4dd346
xmodelmesh,#hash_292a4b6d1c57c6c8
xmodelmesh,#hash_292ade017a6d49ed
xmodelmesh,#hash_292ae72cb89ed8fa
xmodelmesh,#hash_292b5f1c34078a24
xmodelmesh,#hash_292c5e27aac12ae1
xmodelmesh,#hash_292dd85b8f59aaa3
xmodelmesh,#hash_292ec6d7a3bbf245
xmodelmesh,#hash_29327bcb685917bb
xmodelmesh,#hash_29341f010bef4d66
xmodelmesh,#hash_293529284ef42980
xmodelmesh,#hash_293a2c4adbab83cf
xmodelmesh,#hash_a940dbe5426e3d31
xmodelmesh,#hash_294187235161970a
xmodelmesh,#hash_2944a520b6375f20
xmodelmesh,#hash_294587cfb6de0eb3
xmodelmesh,#hash_29473405f8b42eb2
xmodelmesh,#hash_a9497dc4d6697e65
xmodelmesh,#hash_2949be716aa31601
xmodelmesh,#hash_294e63653b26c0a8
xmodelmesh,#hash_295030a626067687
xmodelmesh,#hash_a9505f2609cfae7e
xmodelmesh,#hash_29558c7ab4cb7d88
xmodelmesh,#hash_29571f186cd99fb0
xmodelmesh,#hash_2958419855e072be
xmodelmesh,#hash_29602246f3d778d5
xmodelmesh,#hash_29633d39b2af1db3
xmodelmesh,#hash_296346fd3957afaf
xmodelmesh,#hash_a9644929c7aa8d85
xmodelmesh,#hash_2965c2eb1bff987c
xmodelmesh,#hash_2969d4d0604f7686
xmodelmesh,#hash_a96b8a40f69f7ce0
xmodelmesh,#hash_2974a244d0df9575
xmodelmesh,#hash_29756aa4c04f8c6b
xmodelmesh,#hash_a9791fe03cf4e78e
xmodelmesh,#hash_297c0fb4a4315069
xmodelmesh,#hash_297d6ba40e8535bb
xmodelmesh,#hash_2983ef849fdb091c
xmodelmesh,#hash_298bffdd5a630529
xmodelmesh,#hash_298d3ea20ad24df0
xmodelmesh,#hash_2990d0cd1a36b214
xmodelmesh,#hash_2991f7846cb04dbf
xmodelmesh,#hash_2992f8a0aa10c49d
xmodelmesh,#hash_299590449db24ff1
xmodelmesh,#hash_299963eed709ec9a
xmodelmesh,#hash_2999961e52cd5bb4
xmodelmesh,#hash_a99beda37ebd91ce
xmodelmesh,#hash_29a00900bfb2bed8
xmodelmesh,#hash_29a010d804abace7
xmodelmesh,#hash_29a1718af1c4bac3
xmodelmesh,#hash_a9a240593cd909f8
xmodelmesh,#hash_a9a5cf7edb0a1b9e
xmodelmesh,#hash_29a84ced1620fb45
xmodelmesh,#hash_29a91c5bada1b8c8
xmodelmesh,#hash_29a9306ebdb3023b
xmodelmesh,#hash_29ac19491490cebc
xmodelmesh,#hash_29acde857e6f63b5
xmodelmesh,#hash_29adeb6fe8550a0f
xmodelmesh,#hash_29b69ebc8c14bf8c
xmodelmesh,#hash_29b7076e0252a077
xmodelmesh,#hash_29b7cf2010c256d0
xmodelmesh,#hash_a9ba1c988939e3c1
xmodelmesh,#hash_29ba94235173faff
xmodelmesh,#hash_29bb74be9c1bac90
xmodelmesh,#hash_29bc052196359594
xmodelmesh,#hash_29bc608f4e836032
xmodelmesh,#hash_29bcebbba931119d
xmodelmesh,#hash_29bd821f87ea2f93
xmodelmesh,#hash_29c1b5c3a1c597c3
xmodelmesh,#hash_29c45bed319fde41
xmodelmesh,#hash_29c5d28efa888eff
xmodelmesh,#hash_29c700eaffbb7996
xmodelmesh,#hash_a9cc5857d413452a
xmodelmesh,#hash_29cdbef51d4f1d32
xmodelmesh,#hash_29ce916b4091336d
xmodelmesh,#hash_29cf7a3ca47c6d45
xmodelmesh,#hash_a9d0319cd7209ec0
xmodelmesh,#hash_29d48d41994260d3
xmodelmesh,#hash_29d55bbdd9aad54e
xmodelmesh,#hash_29d614704b4a54b4
xmodelmesh,#hash_29d68773042ed9f0
xmodelmesh,#hash_a9d85d9583260829
xmodelmesh,#hash_29da23d21e7e1b23
xmodelmesh,#hash_29db14a15c7a76c1
xmodelmesh,#hash_a9dd37db30538ac1
xmodelmesh,#hash_29e263949117b8af
xmodelmesh,#hash_29e35a70b68e6d74
xmodelmesh,#hash_29e37615e4118764
xmodelmesh,#hash_29e457532c21d104
xmodelmesh,#hash_29e4eae9ca953ae7
xmodelmesh,#hash_a9e64b651ac19326
xmodelmesh,#hash_29e785b7e3f8a616
xmodelmesh,#hash_a9e8dfe201dd91f7
xmodelmesh,#hash_29ecb67a8cfb13b5
xmodelmesh,#hash_29ed4576f089c2ea
xmodelmesh,#hash_29f00e543ee9ad5b
xmodelmesh,#hash_29f01cc2026e7643
xmodelmesh,#hash_29f2e63d37bb6451
xmodelmesh,#hash_29f3151669c793af
xmodelmesh,#hash_29f382a8ec7aa2a2
xmodelmesh,#hash_29f4eeac1ddf6fd4
xmodelmesh,#hash_29f7431773520e4d
xmodelmesh,#hash_a9f944c98ae4083c
xmodelmesh,#hash_29faeb2f577f14f6
xmodelmesh,#hash_29fb48b1c6f0c2e0
xmodelmesh,#hash_29fb577050daa836
xmodelmesh,#hash_29fca0692ccec5f9
xmodelmesh,#hash_29fcbd644735a252
xmodelmesh,#hash_29ff619473c376e8
xmodelmesh,#hash_2a00567c6b8ee948
xmodelmesh,#hash_2a01e8e99bd1786c
xmodelmesh,#hash_2a029289dab34934
xmodelmesh,#hash_2a08e8b7ba2dd202
xmodelmesh,#hash_2a0cde476f030ac8
xmodelmesh,#hash_2a0e1951bc7aef33
xmodelmesh,#hash_aa0e923a28ac0029
xmodelmesh,#hash_2a0f32c4f537c39a
xmodelmesh,#hash_2a1185853cf89814
xmodelmesh,#hash_2a119c0d562905c5
xmodelmesh,#hash_2a14fbcd2fcfe8bc
xmodelmesh,#hash_2a195fe8d17ffa70
xmodelmesh,#hash_2a1aa10b65a4b8f2
xmodelmesh,#hash_2a1af3d66888f39e
xmodelmesh,#hash_2a1b262cff813e32
xmodelmesh,#hash_2a1d82f39e1d5b8d
xmodelmesh,#hash_2a206548205adede
xmodelmesh,#hash_2a206f0baea1758e
xmodelmesh,#hash_2a214f63a1abe7fb
xmodelmesh,#hash_2a21575a10f211c6
xmodelmesh,#hash_2a2357165669deff
xmodelmesh,#hash_2a24734c97c3e891
xmodelmesh,#hash_2a2694bffb35883c
xmodelmesh,#hash_2a27301e93a3a701
xmodelmesh,#hash_2a287205a05ae481
xmodelmesh,#hash_2a29e06edb413a40
xmodelmesh,#hash_aa2a5ddc223d985b
xmodelmesh,#hash_2a2d2510a69102a2
xmodelmesh,#hash_2a2f5bba69d05036
xmodelmesh,#hash_aa2fbcd2372ca54e
xmodelmesh,#hash_2a31e087097cd1dd
xmodelmesh,#hash_2a32c5670a1b28b6
xmodelmesh,#hash_2a32c85c36886110
xmodelmesh,#hash_2a36c5d30f99b57c
xmodelmesh,#hash_2a377a25475fe9ed
xmodelmesh,#hash_2a394c0395df29c9
xmodelmesh,#hash_2a39665f8e8270b4
xmodelmesh,#hash_2a3adf715ceb2da7
xmodelmesh,#hash_2a3cbf3fce08c3ac
xmodelmesh,#hash_aa3e418681bfc3d7
xmodelmesh,#hash_2a3f8be323d49ad9
xmodelmesh,#hash_2a3f903fa8736baa
xmodelmesh,#hash_2a41927f65ba628e
xmodelmesh,#hash_2a445348be50372d
xmodelmesh,#hash_2a471f069a7d872c
xmodelmesh,#hash_2a47c688a74e1f6b
xmodelmesh,#hash_2a49a38873e99f63
xmodelmesh,#hash_aa49ae1eb12fe76c
xmodelmesh,#hash_aa4b02bc3fb3b71c
xmodelmesh,#hash_2a4b129f5d85c87a
xmodelmesh,#hash_aa4bc56529b2206b
xmodelmesh,#hash_2a4d48d6377b0eb2
xmodelmesh,#hash_aa4d8ba388782140
xmodelmesh,#hash_2a4e03cedfd8e8ae
xmodelmesh,#hash_2a4eae0dfce1af31
xmodelmesh,#hash_2a4f353f5ccddc68
xmodelmesh,#hash_2a52f326fa0ea3db
xmodelmesh,#hash_2a5319358cdedd47
xmodelmesh,#hash_2a534ddd7fda2869
xmodelmesh,#hash_aa5419201d4d6316
xmodelmesh,#hash_2a548414a098a33c
xmodelmesh,#hash_aa5492d5a42ba028
xmodelmesh,#hash_aa54e7b63a3a7862
xmodelmesh,#hash_2a54ff93acbbfa6b
xmodelmesh,#hash_aa5509e652e43e72
xmodelmesh,#hash_2a55372c5d93e723
xmodelmesh,#hash_2a5765988b2d0cc2
xmodelmesh,#hash_2a590329884b294d
xmodelmesh,#hash_2a5c2f592903e166
xmodelmesh,#hash_2a5dcbad1423986a
xmodelmesh,#hash_2a5df394673009cd
xmodelmesh,#hash_2a5e4cfd4360c9b3
xmodelmesh,#hash_2a5f9db8b2276db0
xmodelmesh,#hash_2a604d2028f17d86
xmodelmesh,#hash_2a6136ba980ee22a
xmodelmesh,#hash_aa62c45d4d5ff280
xmodelmesh,#hash_2a684aed13d3226b
xmodelmesh,#hash_2a68af28673d26d2
xmodelmesh,#hash_2a6dde6e39ca8364
xmodelmesh,#hash_2a7113e0af4bd430
xmodelmesh,#hash_2a72b5c9b3dee8ee
xmodelmesh,#hash_aa73a12dbabfdbb5
xmodelmesh,#hash_2a7407b8687d8cd4
xmodelmesh,#hash_2a776d7079b80b45
xmodelmesh,#hash_2a7825a39b5e8e2b
xmodelmesh,#hash_2a7832c022158ecf
xmodelmesh,#hash_2a787b5fd1c3209c
xmodelmesh,#hash_2a797aa42bbbedad
xmodelmesh,#hash_2a7a394c8b7d17e2
xmodelmesh,#hash_2a7a61a505547f24
xmodelmesh,#hash_2a7fbedf771e6f48
xmodelmesh,#hash_aa80b751f8dffeb7
xmodelmesh,#hash_2a8175e2c99ef0ec
xmodelmesh,#hash_2a82721b4b1192b6
xmodelmesh,#hash_2a8278d69868816d
xmodelmesh,#hash_aa8344b4aa556d21
xmodelmesh,#hash_aa84e8f80f00be25
xmodelmesh,#hash_2a86d4e9ad40af76
xmodelmesh,#hash_2a894d3697ef6401
xmodelmesh,#hash_2a8a688265bb097a
xmodelmesh,#hash_2a8ab485f3a418d9
xmodelmesh,#hash_2a8c18ab117ed71d
xmodelmesh,#hash_aa8f6e3e2bfce82c
xmodelmesh,#hash_2a90552b0b9d0a8e
xmodelmesh,#hash_2a94d6aaaec874a9
xmodelmesh,#hash_2a9502b46c828fd5
xmodelmesh,#hash_2a974f36cff1d0e1
xmodelmesh,#hash_2a988483ce6555e8
xmodelmesh,#hash_2a988844b9f5cd35
xmodelmesh,#hash_2a9af90fd77dba1e
xmodelmesh,#hash_2a9bfa6d9f97713e
xmodelmesh,#hash_2aa169fb37c7b8d2
xmodelmesh,#hash_2aa57e5d4f70a249
xmodelmesh,#hash_2aa5c346bf9cf05c
xmodelmesh,#hash_2aa5d6df34cb02a9
xmodelmesh,#hash_aaab40bdea61b678
xmodelmesh,#hash_2aafa04f666fd1ad
xmodelmesh,#hash_2ab07a60494987e8
xmodelmesh,#hash_2ab0bd19b5b30092
xmodelmesh,#hash_2ab0d66292638c37
xmodelmesh,#hash_aab1d7a52b11882b
xmodelmesh,#hash_2ab2b6ffba8cf3ff
xmodelmesh,#hash_2ab39a390ac3cef7
xmodelmesh,#hash_2ab5835defeb79b4
xmodelmesh,#hash_2ab8a049cd37f9ea
xmodelmesh,#hash_2abab2dd2a10be84
xmodelmesh,#hash_aabc4a53dde29209
xmodelmesh,#hash_2abed65b3568627e
xmodelmesh,#hash_2abef23c544dbe7f
xmodelmesh,#hash_2ac0c5d00ed7a55d
xmodelmesh,#hash_2ac30f158ba1b4ae
xmodelmesh,#hash_aac3d4eba2349e90
xmodelmesh,#hash_2ac7f54aa96e8fef
xmodelmesh,#hash_2ac8cd960bd64797
xmodelmesh,#hash_aac954316ac0508f
xmodelmesh,#hash_2aca140e9e768175
xmodelmesh,#hash_2aca956a72281277
xmodelmesh,#hash_2acf21ed60261811
xmodelmesh,#hash_aacffc861da88c67
xmodelmesh,#hash_2ad081ec665d763c
xmodelmesh,#hash_2ad42015ec26cb92
xmodelmesh,#hash_aad4ec6082102b71
xmodelmesh,#hash_aad6c5707e86331f
xmodelmesh,#hash_2ada27a3ac350510
xmodelmesh,#hash_aadaf3cd9aeb2c8e
xmodelmesh,#hash_aadb72aa44aa16d9
xmodelmesh,#hash_2ade553e479ddb3e
xmodelmesh,#hash_aae169ca0c78ea32
xmodelmesh,#hash_2ae31b9743bbe82f
xmodelmesh,#hash_2ae3e5111b692701
xmodelmesh,#hash_2ae3f1580c300877
xmodelmesh,#hash_2ae4bce3d5bb06a7
xmodelmesh,#hash_2ae5a712cd2066a2
xmodelmesh,#hash_2ae5b74bbddc727b
xmodelmesh,#hash_2ae974c8cb695665
xmodelmesh,#hash_2aebf160b64587d5
xmodelmesh,#hash_2aed5b40e87da2cf
xmodelmesh,#hash_2af5133f38e262be
xmodelmesh,#hash_2af5ac61ba7fae47
xmodelmesh,#hash_2af685ed243871bc
xmodelmesh,#hash_aaf728b97d90a08d
xmodelmesh,#hash_2af87edd0f3f120e
xmodelmesh,#hash_2afd81983a37fcdb
xmodelmesh,#hash_2afd879cc7ebeb61
xmodelmesh,#hash_2afee90d2d782811
xmodelmesh,#hash_ab00bf2a3848a4c7
xmodelmesh,#hash_2b00e14aeb6f34e9
xmodelmesh,#hash_2b04be210828dcba
xmodelmesh,#hash_2b0540a27328636e
xmodelmesh,#hash_2b055a4a55d3cd50
xmodelmesh,#hash_2b0887a7756426e1
xmodelmesh,#hash_2b0a1277cfeb8c15
xmodelmesh,#hash_2b0dda652e327e71
xmodelmesh,#hash_2b0e604a42304283
xmodelmesh,#hash_2b0ee7b0c78aaa57
xmodelmesh,#hash_ab0f0aba7653115c
xmodelmesh,#hash_2b1176e223fa78f0
xmodelmesh,#hash_2b148b3ba9c8698f
xmodelmesh,#hash_2b1546c774363f71
xmodelmesh,#hash_2b16e0b628c6e1ef
xmodelmesh,#hash_2b1d7f73e9d3d41d
xmodelmesh,#hash_2b1ea117d19ce2ae
xmodelmesh,#hash_2b2715cf29b8675d
xmodelmesh,#hash_2b277fd92edce5ad
xmodelmesh,#hash_2b297a1811476d6e
xmodelmesh,#hash_2b2a4bfff473af97
xmodelmesh,#hash_2b2c1348db715950
xmodelmesh,#hash_2b2d81d3c6696aa8
xmodelmesh,#hash_2b32fe575edda4e3
xmodelmesh,#hash_2b33d4e497c85bbe
xmodelmesh,#hash_2b345d0c4fe81627
xmodelmesh,#hash_2b37fc98e5a61a8f
xmodelmesh,#hash_ab3d50ddb46f146b
xmodelmesh,#hash_ab3fa628ab9eafe1
xmodelmesh,#hash_2b4331274ee30c35
xmodelmesh,#hash_ab44c02c631ef264
xmodelmesh,#hash_2b48d926466d644e
xmodelmesh,#hash_2b497a2b02bc5853
xmodelmesh,#hash_2b4b51b55f5f2566
xmodelmesh,#hash_2b4e0a8dfce72dfe
xmodelmesh,#hash_2b4efe37111da632
xmodelmesh,#hash_2b5104e4e249b15a
xmodelmesh,#hash_2b5120279aba493d
xmodelmesh,#hash_2b55941561876810
xmodelmesh,#hash_ab59197d8a7b9d60
xmodelmesh,#hash_ab5b3fbec6fba412
xmodelmesh,#hash_ab5fdbc4ac7aee35
xmodelmesh,#hash_2b60846dd7c18ec0
xmodelmesh,#hash_2b610ebc684e7581
xmodelmesh,#hash_2b6130ca9bf9f073
xmodelmesh,#hash_2b6168a2f0c1850d
xmodelmesh,#hash_2b62258f35645325
xmodelmesh,#hash_2b63e8682b4f7b97
xmodelmesh,#hash_2b67f9fdf41b890b
xmodelmesh,#hash_2b6a62d9cdaebe3f
xmodelmesh,#hash_2b6a8be3b09899ec
xmodelmesh,#hash_2b6de8e886fbf09a
xmodelmesh,#hash_2b70b78804c9ffe6
xmodelmesh,#hash_2b717c4d9994f823
xmodelmesh,#hash_2b7236722c14e7ef
xmodelmesh,#hash_2b724d6a86832a23
xmodelmesh,#hash_2b73ce08a7b61c2f
xmodelmesh,#hash_2b7857192f27f137
xmodelmesh,#hash_2b7c3379b307e1ce
xmodelmesh,#hash_2b80dc8a24f7ac90
xmodelmesh,#hash_2b83e2d692ecf863
xmodelmesh,#hash_2b8a71243fa52669
xmodelmesh,#hash_2b8b34d2cc8440be
xmodelmesh,#hash_2b9227739c9a241b
xmodelmesh,#hash_2b946858da9477cc
xmodelmesh,#hash_2b947e5b63497640
xmodelmesh,#hash_2b983e4c411fc7e5
xmodelmesh,#hash_2b9b17c808ad4cfc
xmodelmesh,#hash_2b9fc951b994e2f5
xmodelmesh,#hash_aba34e14cabb3fde
xmodelmesh,#hash_2ba4b4259e8fc3e6
xmodelmesh,#hash_aba60e40fd8d9b51
xmodelmesh,#hash_2ba8028145563969
xmodelmesh,#hash_2ba8340a66d5af53
xmodelmesh,#hash_2ba99922f1d5ae0f
xmodelmesh,#hash_2bab969ebffee0d7
xmodelmesh,#hash_2babde79c5d3ded1
xmodelmesh,#hash_2babf837632ae8c6
xmodelmesh,#hash_2bad26b0648a8c58
xmodelmesh,#hash_2bae792ba91e39a8
xmodelmesh,#hash_2baf94bd561d2e88
xmodelmesh,#hash_2bb1a94807aa6cda
xmodelmesh,#hash_2bb27f6648443932
xmodelmesh,#hash_2bb3b116a92c6dbf
xmodelmesh,#hash_abb50e5f963c8563
xmodelmesh,#hash_abbc805ab93f27f7
xmodelmesh,#hash_2bbc8a893a8c648c
xmodelmesh,#hash_2bbccd064ad51911
xmodelmesh,#hash_2bbd263dbe09a150
xmodelmesh,#hash_2bbf0ccb085a248e
xmodelmesh,#hash_abbfb0c369e97e6c
xmodelmesh,#hash_abc0589ce51040df
xmodelmesh,#hash_2bc09e31e0df5433
xmodelmesh,#hash_2bc0d86c29dbdede
xmodelmesh,#hash_2bc166dd99fab668
xmodelmesh,#hash_2bc1c403847c0725
xmodelmesh,#hash_2bc51d9d425f5506
xmodelmesh,#hash_2bc801e6f501eb68
xmodelmesh,#hash_2bc9430ce635f1db
xmodelmesh,#hash_2bc9baea74e86482
xmodelmesh,#hash_2bcdf5da614d6247
xmodelmesh,#hash_2bd36e538e064577
xmodelmesh,#hash_2bd7abeb96d31a22
xmodelmesh,#hash_2bd9914aaf5dfd67
xmodelmesh,#hash_2bdc542bc7cdce66
xmodelmesh,#hash_2bdee6607adda18c
xmodelmesh,#hash_abe0a4a819ef23a1
xmodelmesh,#hash_2be1d61c9a7cbbdc
xmodelmesh,#hash_2be3ea965a463f3e
xmodelmesh,#hash_2be43099baafc245
xmodelmesh,#hash_2be4b7ced89928f6
xmodelmesh,#hash_2be6c2ce87e3ecde
xmodelmesh,#hash_2be7fb5b53723665
xmodelmesh,#hash_abecaad698f4d1d3
xmodelmesh,#hash_abee58030d4e6951
xmodelmesh,#hash_abf086955e677e15
xmodelmesh,#hash_2bf108e230661baf
xmodelmesh,#hash_2bf28f9d41e29898
xmodelmesh,#hash_2bf576bf78c0c1d7
xmodelmesh,#hash_2bf723b3d8d1d066
xmodelmesh,#hash_2bf93f2950bdfb55
xmodelmesh,#hash_abfb1761e73a7b42
xmodelmesh,#hash_2bfc3d455397c9b0
xmodelmesh,#hash_abfcccfdc3d1d051
xmodelmesh,#hash_ac00819cdb47ab7e
xmodelmesh,#hash_2c010cc1acd7884c
xmodelmesh,#hash_2c061593f2307610
xmodelmesh,#hash_2c0689225be235a1
xmodelmesh,#hash_2c0a33e31c0a573c
xmodelmesh,#hash_2c0a7eaab4fed254
xmodelmesh,#hash_2c0bad4388a507eb
xmodelmesh,#hash_2c0e1b6b4cf6fa76
xmodelmesh,#hash_2c0e34560966285d
xmodelmesh,#hash_2c0eda7387b92db0
xmodelmesh,#hash_ac1411de756b3bda
xmodelmesh,#hash_ac1678ea4d4744a8
xmodelmesh,#hash_2c1865207532819e
xmodelmesh,#hash_2c1f25990873080f
xmodelmesh,#hash_2c20d277a5e68498
xmodelmesh,#hash_2c234d776e93662e
xmodelmesh,#hash_ac237bc64ddc3a66
xmodelmesh,#hash_2c260c9c2cb3b355
xmodelmesh,#hash_2c27eb7098aa5243
xmodelmesh,#hash_2c2919ab5f94d54d
xmodelmesh,#hash_ac2e0d8ba0c16a79
xmodelmesh,#hash_2c30ebfae61a1596
xmodelmesh,#hash_2c34fc9ac4258179
xmodelmesh,#hash_2c3560a9c86d34ec
xmodelmesh,#hash_2c38d4c970522a60
xmodelmesh,#hash_2c3a81634b0ec1c7
xmodelmesh,#hash_2c3f139ee1d02412
xmodelmesh,#hash_2c4053ebc69e994e
xmodelmesh,#hash_ac40c15ccf3a5420
xmodelmesh,#hash_ac41864d805fb217
xmodelmesh,#hash_2c42367f68055a0a
xmodelmesh,#hash_2c43fa4b57729bd6
xmodelmesh,#hash_ac44105a7f1cfa2e
xmodelmesh,#hash_2c45795a43bf5c39
xmodelmesh,#hash_2c459b18c6d146b9
xmodelmesh,#hash_ac472e260618d123
xmodelmesh,#hash_2c473a68472add38
xmodelmesh,#hash_2c48ff637949581e
xmodelmesh,#hash_2c490ac02b374681
xmodelmesh,#hash_ac4bd5a2addc3912
xmodelmesh,#hash_2c4d1232212bc91f
xmodelmesh,#hash_2c4d4980533c6171
xmodelmesh,#hash_2c4dfd8fa682ddf3
xmodelmesh,#hash_2c508a8af8a448b8
xmodelmesh,#hash_ac51c6d8801e02b3
xmodelmesh,#hash_ac51fb9479349be3
xmodelmesh,#hash_2c52f6e1c4694155
xmodelmesh,#hash_2c548d399110facc
xmodelmesh,#hash_2c549824e7d2ea47
xmodelmesh,#hash_ac579cc043505f89
xmodelmesh,#hash_2c59204b2f71bccd
xmodelmesh,#hash_ac5a94f8c3499a5e
xmodelmesh,#hash_2c5adf7f542a135a
xmodelmesh,#hash_2c5bdfab2d66ed91
xmodelmesh,#hash_2c5c908cc0ead572
xmodelmesh,#hash_2c5cd6ec6f7c6447
xmodelmesh,#hash_2c5d830f2da9dfe5
xmodelmesh,#hash_2c5ded868197fd91
xmodelmesh,#hash_ac6087ce452786a4
xmodelmesh,#hash_2c60bc0134588ab4
xmodelmesh,#hash_ac6168271b342726
xmodelmesh,#hash_2c61806c81ce1c04
xmodelmesh,#hash_ac618837a3245849
xmodelmesh,#hash_2c638dd944275696
xmodelmesh,#hash_ac638f1e6b880893
xmodelmesh,#hash_ac63a7e5152f1d25
xmodelmesh,#hash_2c63d3c1b41b6573
xmodelmesh,#hash_2c6797fe7d08fdd2
xmodelmesh,#hash_2c6abaca63cc50d3
xmodelmesh,#hash_2c6b6d25a2fbe3e6
xmodelmesh,#hash_2c6e8bc1d2c09ae2
xmodelmesh,#hash_2c72426b14212e59
xmodelmesh,#hash_2c725cf7d2b9bbff
xmodelmesh,#hash_ac773e090cee2c9e
xmodelmesh,#hash_ac7a6b838f82643a
xmodelmesh,#hash_2c7af1990bef42d6
xmodelmesh,#hash_2c7bf7d47bd09083
xmodelmesh,#hash_2c7ce7427f48a3c7
xmodelmesh,#hash_2c7ce98af17e382f
xmodelmesh,#hash_ac7d44a5d9eac7d0
xmodelmesh,#hash_2c7dd0e1185c640f
xmodelmesh,#hash_2c7e13408065c2a1
xmodelmesh,#hash_2c80d37db122899e
xmodelmesh,#hash_2c817e87a291a7d8
xmodelmesh,#hash_2c827388f32f4a2c
xmodelmesh,#hash_2c8328a134102663
xmodelmesh,#hash_2c852c6b15354704
xmodelmesh,#hash_2c85d2306c952b8d
xmodelmesh,#hash_2c8c6c82df1ddca0
xmodelmesh,#hash_2c8da86f6dbb676e
xmodelmesh,#hash_2c8db677a6c8e790
xmodelmesh,#hash_2c8e7b1d098a538d
xmodelmesh,#hash_ac8fb24692d70f3a
xmodelmesh,#hash_2c9243adefccc741
xmodelmesh,#hash_2c92988b4603ce0d
xmodelmesh,#hash_2c933fc56a70bc93
xmodelmesh,#hash_ac9378f658fffff8
xmodelmesh,#hash_2c958c9d3e1166ed
xmodelmesh,#hash_2c961e35792d642c
xmodelmesh,#hash_ac9a9e58121a2c16
xmodelmesh,#hash_2c9cb25e2eb22ee7
xmodelmesh,#hash_ac9f3e0f7270a6b0
xmodelmesh,#hash_2c9ff685e325ec9a
xmodelmesh,#hash_2ca35af7fad8cf65
xmodelmesh,#hash_2ca836c715162637
xmodelmesh,#hash_acab3fee30a373c7
xmodelmesh,#hash_2cac82926cb468c1
xmodelmesh,#hash_acaf7f56a66b764d
xmodelmesh,#hash_2cafb922e7b8a628
xmodelmesh,#hash_2cb1d06a86e47634
xmodelmesh,#hash_2cb1ebce75446649
xmodelmesh,#hash_2cb36b6d8e0d9968
xmodelmesh,#hash_2cb54d9bd141585e
xmodelmesh,#hash_2cb67d4353c45754
xmodelmesh,#hash_2cb69cbe211d9320
xmodelmesh,#hash_2cb6e278614ec6b8
xmodelmesh,#hash_2cb91ce4428031c9
xmodelmesh,#hash_2cbc96ee9f84e8dc
xmodelmesh,#hash_2cbd4786b4ee2245
xmodelmesh,#hash_2cbf1db399b303c1
xmodelmesh,#hash_acc1604f982ab383
xmodelmesh,#hash_2cc35ab39932ad79
xmodelmesh,#hash_2cc3b5861c98df6b
xmodelmesh,#hash_2cc47a4f8366e7b4
xmodelmesh,#hash_acc579856463ee16
xmodelmesh,#hash_2cc5af8af0b50cf6
xmodelmesh,#hash_2cc7e98a0e0ea8cb
xmodelmesh,#hash_2cc93d572c4cdcfa
xmodelmesh,#hash_2cca76ef1fdea3e5
xmodelmesh,#hash_2cce7434de30b54d
xmodelmesh,#hash_2cce803b74bc783a
xmodelmesh,#hash_acced8df3431bba4
xmodelmesh,#hash_2cd21eb89d16a85a
xmodelmesh,#hash_2cd5bb1b3c245e83
xmodelmesh,#hash_2cd926c99eac71b5
xmodelmesh,#hash_2cdb2809c3b72c80
xmodelmesh,#hash_acde45ba42696d77
xmodelmesh,#hash_2ce62fc63288c61c
xmodelmesh,#hash_2ce6e097c69b2a9c
xmodelmesh,#hash_2ce99d661f86343a
xmodelmesh,#hash_2cebe65504c2902d
xmodelmesh,#hash_acedb6a7a823cba9
xmodelmesh,#hash_2cef6dd0fc3b7a89
xmodelmesh,#hash_2cef8598f483af32
xmodelmesh,#hash_2cf0891e1c2040a6
xmodelmesh,#hash_acf1d857596f5518
xmodelmesh,#hash_2cf27a2bd12dc74f
xmodelmesh,#hash_2cf6b55e859bf0d9
xmodelmesh,#hash_2cfac839d680571f
xmodelmesh,#hash_2cfcebecf8dde3f9
xmodelmesh,#hash_2cfe951718a4f328
xmodelmesh,#hash_2cff686f0c55a7a8
xmodelmesh,#hash_2d049b9b6410c28e
xmodelmesh,#hash_2d05a7068951d239
xmodelmesh,#hash_2d08dd9134a05857
xmodelmesh,#hash_2d098584ca173556
xmodelmesh,#hash_2d09d47f89f713d7
xmodelmesh,#hash_2d0c454e41bc93dc
xmodelmesh,#hash_2d0c811c973d11c1
xmodelmesh,#hash_2d0d4ccb02563acf
xmodelmesh,#hash_2d0e5b4b1f5d386a
xmodelmesh,#hash_ad0e68f52cc66c6d
xmodelmesh,#hash_2d103d43fd5a66f7
xmodelmesh,#hash_2d10967b9f36d9d2
xmodelmesh,#hash_2d11a8aaf8ecfcaa
xmodelmesh,#hash_2d16160f4fe9bec1
xmodelmesh,#hash_ad1cbac334c8016f
xmodelmesh,#hash_2d1d1075a361f721
xmodelmesh,#hash_2d23bcdab95d6ab2
xmodelmesh,#hash_2d246db6c9d08581
xmodelmesh,#hash_2d25980c3f8b9909
xmodelmesh,#hash_2d2a712cd231e0aa
xmodelmesh,#hash_2d2d03094be5938c
xmodelmesh,#hash_ad2ec9e0e1545a37
xmodelmesh,#hash_2d2fd461d06c6117
xmodelmesh,#hash_2d2fd9d7f18c01d5
xmodelmesh,#hash_2d32bd566c11df07
xmodelmesh,#hash_2d33c607de8fce09
xmodelmesh,#hash_2d374c87c27d674e
xmodelmesh,#hash_2d37f75d0582b6b5
xmodelmesh,#hash_2d39300bc9797d7f
xmodelmesh,#hash_2d39900a30891a55
xmodelmesh,#hash_ad39ef3a95ca5fad
xmodelmesh,#hash_2d3e4416cf57fb5b
xmodelmesh,#hash_ad3e7d0b960fbff9
xmodelmesh,#hash_2d40d3af5bee7ec5
xmodelmesh,#hash_ad40f47e18750b93
xmodelmesh,#hash_2d41ac4362cf1976
xmodelmesh,#hash_2d41b0223fbf6bef
xmodelmesh,#hash_2d431cdfbf911f14
xmodelmesh,#hash_2d43bd4994e79e7a
xmodelmesh,#hash_2d4ae94e72a642ac
xmodelmesh,#hash_2d4c81a799948466
xmodelmesh,#hash_2d4ea01f3fc2245e
xmodelmesh,#hash_2d506452ded1542b
xmodelmesh,#hash_2d515076b85738aa
xmodelmesh,#hash_2d5181d502588943
xmodelmesh,#hash_2d5352bee0dd330a
xmodelmesh,#hash_ad5477588d1a4597
xmodelmesh,#hash_2d55e03b04dfb8b4
xmodelmesh,#hash_ad564c16ada16808
xmodelmesh,#hash_2d56a417091ec3c0
xmodelmesh,#hash_2d56b34ef697f1e9
xmodelmesh,#hash_2d570deabd782fba
xmodelmesh,#hash_2d5a3b3c40492772
xmodelmesh,#hash_2d5a7db26d1cd366
xmodelmesh,#hash_2d5f419a9a50701c
xmodelmesh,#hash_ad5f72609d75c2be
xmodelmesh,#hash_ad609cea7e165cbf
xmodelmesh,#hash_ad6239767e2eceef
xmodelmesh,#hash_2d654f688d953ad4
xmodelmesh,#hash_2d692af1ea16dfda
xmodelmesh,#hash_2d6b8a760c727366
xmodelmesh,#hash_2d6d355e417b7b81
xmodelmesh,#hash_2d6e06c20593e7f8
xmodelmesh,#hash_2d6eda51db7feffe
xmodelmesh,#hash_2d70e60912a5ecae
xmodelmesh,#hash_ad71066ebd28fe73
xmodelmesh,#hash_2d7335618102e605
xmodelmesh,#hash_2d7421fc90bc9376
xmodelmesh,#hash_2d77527757887729
xmodelmesh,#hash_ad78291ec68650c3
xmodelmesh,#hash_2d78f94c21fc9345
xmodelmesh,#hash_ad7a778d2feeb4b2
xmodelmesh,#hash_2d7ddadbbfde9b75
xmodelmesh,#hash_2d7e284c4068ec0a
xmodelmesh,#hash_2d7eb43f326dc188
xmodelmesh,#hash_2d81176116c081ac
xmodelmesh,#hash_2d8137d1838b9f3b
xmodelmesh,#hash_2d81bfedeb8c8d8e
xmodelmesh,#hash_ad8215347fde2c47
xmodelmesh,#hash_2d82819dff90993a
xmodelmesh,#hash_2d85896c175095cf
xmodelmesh,#hash_2d8a71ab01f76c4f
xmodelmesh,#hash_ad8ae2058226b416
xmodelmesh,#hash_2d8c72d5e6475c09
xmodelmesh,#hash_2d8cae25e7a798d6
xmodelmesh,#hash_2d8f8bce0987dccb
xmodelmesh,#hash_2d903dfaddceca6f
xmodelmesh,#hash_2d96486971e85ecc
xmodelmesh,#hash_ad96f9d37934c676
xmodelmesh,#hash_2d97d2da2244c945
xmodelmesh,#hash_2d987c6a1783994f
xmodelmesh,#hash_2d993739f82bab96
xmodelmesh,#hash_ad9ba3068e715c87
xmodelmesh,#hash_2d9c9ffdc2f20a72
xmodelmesh,#hash_2d9d5c30b9f184d5
xmodelmesh,#hash_2da159a06e3eaf0d
xmodelmesh,#hash_2da4330a370bfd2e
xmodelmesh,#hash_2da9045ed195c860
xmodelmesh,#hash_2da90d6981d590e0
xmodelmesh,#hash_ada9b7096354ede0
xmodelmesh,#hash_2da9f1ad9385d712
xmodelmesh,#hash_2db05cffce197de7
xmodelmesh,#hash_2db063f647830cfb
xmodelmesh,#hash_adb10da06904b444
xmodelmesh,#hash_2db2417c21f700ec
xmodelmesh,#hash_2db3c80645c76816
xmodelmesh,#hash_2db52b1dc703e5e8
xmodelmesh,#hash_adb5faaac34a6c32
xmodelmesh,#hash_2db6b644ff6633a3
xmodelmesh,#hash_2db7bb5b6cb426b9
xmodelmesh,#hash_2db83f31805af964
xmodelmesh,#hash_2db848a2cf39cb69
xmodelmesh,#hash_2dbaf6fb8d6e233c
xmodelmesh,#hash_2dbcfbae0fafd134
xmodelmesh,#hash_2dbd8f2c1cf3b556
xmodelmesh,#hash_2dbf9fee56699b5b
xmodelmesh,#hash_2dc0c05d125fa292
xmodelmesh,#hash_2dc0d533a9d36095
xmodelmesh,#hash_2dc2d1c9d65b0bbd
xmodelmesh,#hash_2dc66282921d6580
xmodelmesh,#hash_2dc7295d6572131e
xmodelmesh,#hash_2dc82051be70aefd
xmodelmesh,#hash_adcbf7864022c135
xmodelmesh,#hash_2dce99f840b33b34
xmodelmesh,#hash_2dcf4386073ad8da
xmodelmesh,#hash_2dcf76e64c4dbb1d
xmodelmesh,#hash_add2a3eaf1a40b52
xmodelmesh,#hash_2dd30d93f31e0682
xmodelmesh,#hash_2dd36224d450f9cb
xmodelmesh,#hash_2dd462988df1d71b
xmodelmesh,#hash_2dd9b6d8374d1181
xmodelmesh,#hash_2ddb1f6c67420927
xmodelmesh,#hash_ade37e764f45b7c1
xmodelmesh,#hash_2de8ed6f2f34c198
xmodelmesh,#hash_2dea33936b2e46e0
xmodelmesh,#hash_2dedfc2fdb1fb394
xmodelmesh,#hash_adf09d83acadea3b
xmodelmesh,#hash_adf4151971cd44e5
xmodelmesh,#hash_2df9b635b00fff60
xmodelmesh,#hash_2dfa078f05d4374a
xmodelmesh,#hash_2dfad0e350d20271
xmodelmesh,#hash_2e00aa91be51f1bd
xmodelmesh,#hash_ae035670402e1599
xmodelmesh,#hash_2e046238c55a1136
xmodelmesh,#hash_2e04b4cfc08d8aaa
xmodelmesh,#hash_2e06dec1b1436202
xmodelmesh,#hash_2e07045efffb0d3b
xmodelmesh,#hash_2e0dde94713015d8
xmodelmesh,#hash_2e0fa1781c274df8
xmodelmesh,#hash_2e105973ca2e3748
xmodelmesh,#hash_ae10f24fbc64daee
xmodelmesh,#hash_ae112de450e193a0
xmodelmesh,#hash_ae139ff2fc60f143
xmodelmesh,#hash_2e18b449a9313985
xmodelmesh,#hash_2e1a072a6172ce71
xmodelmesh,#hash_2e1b98b56846551b
xmodelmesh,#hash_2e1bfed6c496c32f
xmodelmesh,#hash_2e1c2cfab0a6ee81
xmodelmesh,#hash_2e1f8949f55797b9
xmodelmesh,#hash_2e1fb7952b67de0c
xmodelmesh,#hash_2e20dfb7a1d3f9dd
xmodelmesh,#hash_2e213b5c08a50172
xmodelmesh,#hash_2e21d4ebb29f5030
xmodelmesh,#hash_2e2279464cce6234
xmodelmesh,#hash_2e27869ba9992d8e
xmodelmesh,#hash_2e30277f94ca8a58
xmodelmesh,#hash_2e3060f5cb1a5fca
xmodelmesh,#hash_2e33113a77d87b8c
xmodelmesh,#hash_2e3415688e8497d4
xmodelmesh,#hash_2e3e100aa524ea46
xmodelmesh,#hash_2e3fe5d9eebde2fb
xmodelmesh,#hash_2e42cd3fbd937ecb
xmodelmesh,#hash_2e4373d7d17b3700
xmodelmesh,#hash_2e43de16d18d60da
xmodelmesh,#hash_2e45f0b69eec8de4
xmodelmesh,#hash_ae4775af7fc5742c
xmodelmesh,#hash_2e47d102e092456f
xmodelmesh,#hash_2e486328715db275
xmodelmesh,#hash_2e4877fc430ceea3
xmodelmesh,#hash_2e5217debdb340f9
xmodelmesh,#hash_2e53daee92e96dcf
xmodelmesh,#hash_2e583906a549ced1
xmodelmesh,#hash_2e5879f8320fa78c
xmodelmesh,#hash_ae5bcac51ff9408a
xmodelmesh,#hash_2e5bd8afcbeffada
xmodelmesh,#hash_2e5c70f1e8e35f90
xmodelmesh,#hash_2e5c76593eb8d3fc
xmodelmesh,#hash_2e62ddc5c9140b72
xmodelmesh,#hash_2e639edf65d2a7d9
xmodelmesh,#hash_2e68ab6062abff04
xmodelmesh,#hash_2e694026b097dd99
xmodelmesh,#hash_ae6a893b78a86b22
xmodelmesh,#hash_ae6de26fa2ee3acf
xmodelmesh,#hash_2e6e4e6f6d14e7c4
xmodelmesh,#hash_2e71386aac1f4a29
xmodelmesh,#hash_2e724538bab8f4ed
xmodelmesh,#hash_ae7730692b6440e0
xmodelmesh,#hash_2e7b5590564d46d6
xmodelmesh,#hash_2e7d72b6b79b9e70
xmodelmesh,#hash_2e7d9b86c6c22daf
xmodelmesh,#hash_2e80798b383f350f
xmodelmesh,#hash_ae815b93b8749fe5
xmodelmesh,#hash_2e82e1a7f70200ee
xmodelmesh,#hash_2e846fc342d5e48c
xmodelmesh,#hash_2e861daa48c63bf8
xmodelmesh,#hash_2e867a6b4aeaf4a2
xmodelmesh,#hash_2e888fb9cd2ea08f
xmodelmesh,#hash_2e8c83e4994984f3
xmodelmesh,#hash_2e94d7907d1e9d4f
xmodelmesh,#hash_2e989cf7d948a60e
xmodelmesh,#hash_2e98aeba8d448721
xmodelmesh,#hash_2e99730595fd6940
xmodelmesh,#hash_ae9a9c2439b70dbd
xmodelmesh,#hash_2e9b9b4e614e5f73
xmodelmesh,#hash_aeaa2df9ecdf1712
xmodelmesh,#hash_2eaa9db06f43abf3
xmodelmesh,#hash_2eae48560dddc3e1
xmodelmesh,#hash_2eaeb843f9e2ef5d
xmodelmesh,#hash_2eaf345d5ea1f4b0
xmodelmesh,#hash_aeaf59c5e4df4198
xmodelmesh,#hash_2eb0d264360e9c61
xmodelmesh,#hash_aeb37e952dee20a3
xmodelmesh,#hash_2eb8717dbc26218b
xmodelmesh,#hash_2eba099b3aba191c
xmodelmesh,#hash_2ebabe44e8d47329
xmodelmesh,#hash_2ebe494dcff03bc3
xmodelmesh,#hash_aec20dff48ea66bf
xmodelmesh,#hash_aec25ab4dd68b9e1
xmodelmesh,#hash_2ec348b50522f9d8
xmodelmesh,#hash_2ec438da4af710c3
xmodelmesh,#hash_2ec4494478941be2
xmodelmesh,#hash_2ec69a3a15610315
xmodelmesh,#hash_2ec88b2b19f3bd92
xmodelmesh,#hash_2ec9dd96b6cff45a
xmodelmesh,#hash_2ecb1487f1f49250
xmodelmesh,#hash_2ece18194a4e4202
xmodelmesh,#hash_2ed45af785c2c84d
xmodelmesh,#hash_aed65f0712ad576a
xmodelmesh,#hash_2ed66c84bcea4af8
xmodelmesh,#hash_2eda60457058164d
xmodelmesh,#hash_2edd811b715b3a11
xmodelmesh,#hash_2eddc913650b44a7
xmodelmesh,#hash_aeddd452828f64e1
xmodelmesh,#hash_2ee0a568284525b4
xmodelmesh,#hash_2ee13d8700d34ce1
xmodelmesh,#hash_2ee265013b90fbd5
xmodelmesh,#hash_2ee2d518d30431e9
xmodelmesh,#hash_2ee47152e1c78acb
xmodelmesh,#hash_2ee4c4b60b3b80d0
xmodelmesh,#hash_2ee54f32d31b064a
xmodelmesh,#hash_2ee9027bb199eb74
xmodelmesh,#hash_2eed82e746e77350
xmodelmesh,#hash_2ef018c0893a1e2c
xmodelmesh,#hash_2ef1e75faf099f1f
xmodelmesh,#hash_aef2c5902bc789af
xmodelmesh,#hash_2ef4b63d028cef3c
xmodelmesh,#hash_2ef4e9fc480c0b69
xmodelmesh,#hash_2ef6d286ab63d4f5
xmodelmesh,#hash_2ef70c7d697121df
xmodelmesh,#hash_aef74b2ad836e172
xmodelmesh,#hash_2ef9e3f8358bc740
xmodelmesh,#hash_2efb163e6d368c63
xmodelmesh,#hash_2efe622d99a6f8ab
xmodelmesh,#hash_2f000e2059b5c645
xmodelmesh,#hash_2f01578f455b79d2
xmodelmesh,#hash_2f0544c6b07035ee
xmodelmesh,#hash_af072b6e4fcea9fc
xmodelmesh,#hash_2f084ea661f0ee1f
xmodelmesh,#hash_2f103cbf2d6c8ada
xmodelmesh,#hash_2f12930fc7b23e0d
xmodelmesh,#hash_af15d43436413566
xmodelmesh,#hash_2f15dad0ed62d110
xmodelmesh,#hash_2f165a26993a9db2
xmodelmesh,#hash_2f1808d4b90bbc7c
xmodelmesh,#hash_2f199385396c08fc
xmodelmesh,#hash_2f1f32d70187ce43
xmodelmesh,#hash_2f1f61463c7e7eb8
xmodelmesh,#hash_2f1f9497b728e784
xmodelmesh,#hash_2f25c2ba7d29a9f5
xmodelmesh,#hash_af26abb8b72aaa6a
xmodelmesh,#hash_af27ea2547e8c86c
xmodelmesh,#hash_2f28883b61c3a30e
xmodelmesh,#hash_2f29a071f7f7bce3
xmodelmesh,#hash_2f2cef142e9c2f82
xmodelmesh,#hash_2f2f2f0c4646d1ba
xmodelmesh,#hash_2f335ca104f0de2f
xmodelmesh,#hash_2f338a007361c153
xmodelmesh,#hash_2f364290b4b61066
xmodelmesh,#hash_af397e5dae0fff37
xmodelmesh,#hash_2f3dad0fc7506aea
xmodelmesh,#hash_2f3e66b9994da577
xmodelmesh,#hash_2f3ea75273eeef20
xmodelmesh,#hash_2f3f52e918062d27
xmodelmesh,#hash_2f46855dcceab447
xmodelmesh,#hash_2f479b7ba09be8d8
xmodelmesh,#hash_2f49b4edf5bf3c26
xmodelmesh,#hash_2f4ab5ee9715cecb
xmodelmesh,#hash_2f4cf9bed3060b14
xmodelmesh,#hash_af4df14da5508587
xmodelmesh,#hash_2f4f0be9e13f50b2
xmodelmesh,#hash_2f53252935b8e749
xmodelmesh,#hash_2f5423d1a33c647f
xmodelmesh,#hash_2f543be5d3131e93
xmodelmesh,#hash_2f5657da42ac07d0
xmodelmesh,#hash_2f582dd919fe012e
xmodelmesh,#hash_2f5a375791b70b84
xmodelmesh,#hash_2f5cb7517701d1ea
xmodelmesh,#hash_2f5ecb263c4253dc
xmodelmesh,#hash_af6119dca6226a31
xmodelmesh,#hash_2f615f8093d56b2d
xmodelmesh,#hash_2f63faeed0de4be8
xmodelmesh,#hash_af64da22a2b624a1
xmodelmesh,#hash_2f64f68a89975f71
xmodelmesh,#hash_2f652d9b5519e1d7
xmodelmesh,#hash_af6cf7a4c447e2e2
xmodelmesh,#hash_2f7178761752d0db
xmodelmesh,#hash_2f72f22791381671
xmodelmesh,#hash_2f736cbc65478d81
xmodelmesh,#hash_2f77dd70f713a6a6
xmodelmesh,#hash_2f7ad041e8cc250c
xmodelmesh,#hash_2f7d577c68a02661
xmodelmesh,#hash_2f7eda406ffc72fd
xmodelmesh,#hash_2f7f164ec65e90d3
xmodelmesh,#hash_2f8164279a7c71b4
xmodelmesh,#hash_2f81c417dfd37c66
xmodelmesh,#hash_2f849e11830bad4e
xmodelmesh,#hash_af872d781f19262f
xmodelmesh,#hash_2f89138d5de7b3e9
xmodelmesh,#hash_af8a406099ad8f59
xmodelmesh,#hash_2f8b10e2cc8eda46
xmodelmesh,#hash_2f8bc1dbc6cebac0
xmodelmesh,#hash_af8dfcb48e1a8286
xmodelmesh,#hash_2f8e24b220c3cf47
xmodelmesh,#hash_2f96a4bd531f3746
xmodelmesh,#hash_af99b7e5280cefe3
xmodelmesh,#hash_2f9a0d134d8606e9
xmodelmesh,#hash_2f9ae263b4673834
xmodelmesh,#hash_2f9b0def2a2b0bd8
xmodelmesh,#hash_2f9b8e506f0d341f
xmodelmesh,#hash_2f9f5c766a8ecccb
xmodelmesh,#hash_afa5cb06b2aeddaa
xmodelmesh,#hash_2fa6a1b0281b3c4c
xmodelmesh,#hash_2fa6bd7773b1547b
xmodelmesh,#hash_2fa73cb1ae0873c8
xmodelmesh,#hash_afa80a6456059668
xmodelmesh,#hash_2fa96fe4de3ceb14
xmodelmesh,#hash_2fa99ede24277f4a
xmodelmesh,#hash_2faa1a6242db8ebe
xmodelmesh,#hash_2fb0f92c8d6dcc61
xmodelmesh,#hash_2fb18ec225c70c9b
xmodelmesh,#hash_2fb3320b262abe39
xmodelmesh,#hash_2fb3e11f5b4e1b4b
xmodelmesh,#hash_2fb732bee4ce0fe4
xmodelmesh,#hash_2fba275f5b3f48be
xmodelmesh,#hash_2fbaf3b548b43eb2
xmodelmesh,#hash_2fbfd315ab7ed391
xmodelmesh,#hash_2fc27640142c6f0c
xmodelmesh,#hash_afc52571da3646ca
xmodelmesh,#hash_afc791e04f2b5ed1
xmodelmesh,#hash_2fc85e60e7576a1b
xmodelmesh,#hash_afc9154ce0a2c346
xmodelmesh,#hash_2fc9699b9edaed85
xmodelmesh,#hash_2fca2ceb69b37816
xmodelmesh,#hash_2fcbd5ab9f5039d4
xmodelmesh,#hash_afcbe672cd944d63
xmodelmesh,#hash_2fcea1d02c9944aa
xmodelmesh,#hash_afd199b8f68f58e2
xmodelmesh,#hash_2fd49546d49eec1f
xmodelmesh,#hash_2fd687d8d79804bb
xmodelmesh,#hash_2fdabc14d1a19210
xmodelmesh,#hash_2fddb87611c97c95
xmodelmesh,#hash_afe0a91cf11f867c
xmodelmesh,#hash_2fe14eda20256dde
xmodelmesh,#hash_afe1af2b13eff7e4
xmodelmesh,#hash_2fe2a11e01ebc32b
xmodelmesh,#hash_2fe7a69c2e6d4f23
xmodelmesh,#hash_2fea0e23b5db4dcf
xmodelmesh,#hash_afec4865c6ca4c4f
xmodelmesh,#hash_2fed59f7c80cb95f
xmodelmesh,#hash_2fed6cc1865b9e35
xmodelmesh,#hash_2fee9bc2be1ff1a1
xmodelmesh,#hash_2ff059a55e91507e
xmodelmesh,#hash_2ff12235c7758453
xmodelmesh,#hash_aff2655a1a126097
xmodelmesh,#hash_2ff26a99fa66359f
xmodelmesh,#hash_2ff30c3cec8060e8
xmodelmesh,#hash_2ff3c64af66610b6
xmodelmesh,#hash_2ff3dbe629cdfc84
xmodelmesh,#hash_2ff72da13ed6e8a9
xmodelmesh,#hash_2ff7466277363817
xmodelmesh,#hash_2ff8632dd67a16cd
xmodelmesh,#hash_2ffd3eb0ad4eb43e
xmodelmesh,#hash_2ffd8539f2d0a99f
xmodelmesh,#hash_2fff780b4b036e24
xmodelmesh,#hash_afffb26667ed7384
xmodelmesh,#hash_3000806bc7639f6c
xmodelmesh,#hash_3001982d7c5529b4
xmodelmesh,#hash_300217590ddcb01f
xmodelmesh,#hash_30029ef1e1cab816
xmodelmesh,#hash_30032efe52206896
xmodelmesh,#hash_3005bd5d26b920d6
xmodelmesh,#hash_b008b0e6fb043142
xmodelmesh,#hash_300939a3aa860066
xmodelmesh,#hash_30098cad0499ffcd
xmodelmesh,#hash_30099086285eac1d
xmodelmesh,#hash_300a9be1cb820d63
xmodelmesh,#hash_300c648f9ffbc574
xmodelmesh,#hash_300c9e11be8473ba
xmodelmesh,#hash_301028a222377df4
xmodelmesh,#hash_b0110b08c6dfce15
xmodelmesh,#hash_301345e731771942
xmodelmesh,#hash_3014fde3296e216f
xmodelmesh,#hash_30176c6a45a84e62
xmodelmesh,#hash_3019b6bc62cf7856
xmodelmesh,#hash_b01bd41fd1b2ac7e
xmodelmesh,#hash_301ca2cdbc9209d1
xmodelmesh,#hash_301ce71429d952fe
xmodelmesh,#hash_b0209580a7893651
xmodelmesh,#hash_302186920e7f0845
xmodelmesh,#hash_30227e3eb1c06283
xmodelmesh,#hash_30236a265bd8d42b
xmodelmesh,#hash_b0254756f68392b5
xmodelmesh,#hash_b025ad74447d9d67
xmodelmesh,#hash_3026e169b56ebab0
xmodelmesh,#hash_302754f0541297c8
xmodelmesh,#hash_302807a73a97edf4
xmodelmesh,#hash_3028dd97c834e9db
xmodelmesh,#hash_3029c42a3c1fb451
xmodelmesh,#hash_302c0739c01413fe
xmodelmesh,#hash_302ddb02c651f0ee
xmodelmesh,#hash_302f310e977ee965
xmodelmesh,#hash_302f4f51b19808f9
xmodelmesh,#hash_3032be69778ef820
xmodelmesh,#hash_3032f77d42c5362a
xmodelmesh,#hash_30333ba62b156c2c
xmodelmesh,#hash_b035c1df6d41a087
xmodelmesh,#hash_303b3867f4289a02
xmodelmesh,#hash_303be8f658b9ad62
xmodelmesh,#hash_303c327096410222
xmodelmesh,#hash_30403f4a6a56bf6d
xmodelmesh,#hash_30417f4da19d4b12
xmodelmesh,#hash_b042ee0a2234d6a4
xmodelmesh,#hash_3044cd74560ed398
xmodelmesh,#hash_b0495b2d0a3bc4d3
xmodelmesh,#hash_30498cb411a7e214
xmodelmesh,#hash_304a6825a13b581d
xmodelmesh,#hash_304b9b96bd06918d
xmodelmesh,#hash_304dca57f0808ea6
xmodelmesh,#hash_305079b9139d1fe1
xmodelmesh,#hash_3051b90d40d77b15
xmodelmesh,#hash_305584e088810e33
xmodelmesh,#hash_305665bf5dd567d3
xmodelmesh,#hash_b056eb5c845ed69e
xmodelmesh,#hash_3058661e0a1f9f60
xmodelmesh,#hash_305a4022919080ef
xmodelmesh,#hash_305aa360436fa642
xmodelmesh,#hash_b05c4fc3097d22b1
xmodelmesh,#hash_306266ba842251c2
xmodelmesh,#hash_306410d30fd18ee7
xmodelmesh,#hash_3066bd4b6da418df
xmodelmesh,#hash_306b03b611e2eea0
xmodelmesh,#hash_b06c8116f53cf963
xmodelmesh,#hash_306c93c0d8bbe0e9
xmodelmesh,#hash_306dce82e96df91b
xmodelmesh,#hash_307418227a92f2e3
xmodelmesh,#hash_30742b686692e59d
xmodelmesh,#hash_3076d0f8c3c32d57
xmodelmesh,#hash_b0781f6adcd4a1dd
xmodelmesh,#hash_307a45acbace42c6
xmodelmesh,#hash_307bb735e59146f4
xmodelmesh,#hash_307c3bca70b9b6a3
xmodelmesh,#hash_308107be35d92aef
xmodelmesh,#hash_3083727e7ece6c82
xmodelmesh,#hash_30854c728456cc75
xmodelmesh,#hash_308735280354b6ed
xmodelmesh,#hash_3089326afba44888
xmodelmesh,#hash_308a588b63e801e8
xmodelmesh,#hash_308ab346c6a5cc9b
xmodelmesh,#hash_b08bd2cc41f03a0d
xmodelmesh,#hash_b08d9e97ea420a23
xmodelmesh,#hash_308febb4a5a4b610
xmodelmesh,#hash_30911d9e9e2cd445
xmodelmesh,#hash_3091def3e584803d
xmodelmesh,#hash_309797947244b06f
xmodelmesh,#hash_3097a4727bd09a5a
xmodelmesh,#hash_3097e66a39f3ed17
xmodelmesh,#hash_b09b7cba4cdafb5e
xmodelmesh,#hash_309c0f011e990cf7
xmodelmesh,#hash_309c59cbbc8cf804
xmodelmesh,#hash_309dcb574f042982
xmodelmesh,#hash_309de85239189a1f
xmodelmesh,#hash_309defe2e45d064c
xmodelmesh,#hash_30a0808d1aeca341
xmodelmesh,#hash_30a16dc198f9b24f
xmodelmesh,#hash_b0a34cebf0220f19
xmodelmesh,#hash_30a45cac37d001f7
xmodelmesh,#hash_30a464c39eea778d
xmodelmesh,#hash_30a48f74d5b362df
xmodelmesh,#hash_30a64640bf3b8e37
xmodelmesh,#hash_30a7a63bd8376e16
xmodelmesh,#hash_30a8c3d8ea867251
xmodelmesh,#hash_30a967f23e336843
xmodelmesh,#hash_30acecfe15bdf797
xmodelmesh,#hash_b0ad78c3f109b961
xmodelmesh,#hash_b0aef5afdf0f95fa
xmodelmesh,#hash_30af799b49159db2
xmodelmesh,#hash_30b130092b991fab
xmodelmesh,#hash_30b789975907f99a
xmodelmesh,#hash_30b8342c3fab7610
xmodelmesh,#hash_30b9ef82549aa9e2
xmodelmesh,#hash_30bb214d456f9e10
xmodelmesh,#hash_b0bb5c66d4d3691d
xmodelmesh,#hash_30bb671ff752f135
xmodelmesh,#hash_b0bb88cd79e84a1b
xmodelmesh,#hash_b0bd2f0d684ae8c9
xmodelmesh,#hash_30bddad5b0669301
xmodelmesh,#hash_30c0388240337946
xmodelmesh,#hash_30c08e09694dfe16
xmodelmesh,#hash_b0c18670065836b7
xmodelmesh,#hash_b0c1c6c75ee1eed2
xmodelmesh,#hash_30c56daf38be5791
xmodelmesh,#hash_30c6ceccc7494e46
xmodelmesh,#hash_b0c77a32c5b57e59
xmodelmesh,#hash_30c8cbc2e67113f0
xmodelmesh,#hash_30cacaf4692762b6
xmodelmesh,#hash_b0cb54625430a3b2
xmodelmesh,#hash_30d0411670e09bfc
xmodelmesh,#hash_30d26034abaabe37
xmodelmesh,#hash_30d4edd9d1484fab
xmodelmesh,#hash_30d52ba41dfffe16
xmodelmesh,#hash_30d577a2ac3bd005
xmodelmesh,#hash_30d9e0df9b46e18f
xmodelmesh,#hash_30dae11b3450650e
xmodelmesh,#hash_30dc27194cd1ae46
xmodelmesh,#hash_b0dc97ee85e581fb
xmodelmesh,#hash_30dd55d8130e0f6a
xmodelmesh,#hash_30dddf4caa5fd48d
xmodelmesh,#hash_b0deb873d512a6ab
xmodelmesh,#hash_b0e08a99aa4ad833
xmodelmesh,#hash_30e17bece764c7ab
xmodelmesh,#hash_30e1a54ed03f5eca
xmodelmesh,#hash_30e2994a3674400c
xmodelmesh,#hash_30e2cd5831157de7
xmodelmesh,#hash_30e7bda41dedfd50
xmodelmesh,#hash_30e819d74d53dd64
xmodelmesh,#hash_30ea44117b7267b0
xmodelmesh,#hash_30ee813b500a10c2
xmodelmesh,#hash_30f305968179ca77
xmodelmesh,#hash_30f52af1a7be98ea
xmodelmesh,#hash_30f577c0a4d88ae5
xmodelmesh,#hash_30f8dd990054ae86
xmodelmesh,#hash_30f94976e31ebcc5
xmodelmesh,#hash_b0f9a8a2d566808e
xmodelmesh,#hash_b0f9bcc3ee74efb9
xmodelmesh,#hash_b0fa28b5090a0d9d
xmodelmesh,#hash_30fed5665bbf1f4e
xmodelmesh,#hash_b0ff988a29fd502a
xmodelmesh,#hash_3105ae4491189df9
xmodelmesh,#hash_310632bb901247fc
xmodelmesh,#hash_31086ba9530e7957
xmodelmesh,#hash_b10c8382fb988d2c
xmodelmesh,#hash_3111b671322ef278
xmodelmesh,#hash_3111f053521bdeaf
xmodelmesh,#hash_3113638ea417e908
xmodelmesh,#hash_31140ed5fc7b0baf
xmodelmesh,#hash_3114cdbacd0e99ab
xmodelmesh,#hash_b11753dcc4837cb0
xmodelmesh,#hash_31179040c12d089b
xmodelmesh,#hash_3117c12d5d8e2966
xmodelmesh,#hash_311a6b340227e48b
xmodelmesh,#hash_311c4dd18d628d91
xmodelmesh,#hash_b11f889d0199cd6c
xmodelmesh,#hash_3121c4499cd31349
xmodelmesh,#hash_b124f5b415f24473
xmodelmesh,#hash_3125b4ce11082762
xmodelmesh,#hash_312ae15ff3c5e49d
xmodelmesh,#hash_312c3d08afca802f
xmodelmesh,#hash_312fd553992b78a1
xmodelmesh,#hash_31318816a6b4a953
xmodelmesh,#hash_b1322401335a9ff9
xmodelmesh,#hash_313326ff91ee90d1
xmodelmesh,#hash_b133882dda92e4f9
xmodelmesh,#hash_313401ea988a47d4
xmodelmesh,#hash_31346f6f536ece10
xmodelmesh,#hash_31370cadd029efa2
xmodelmesh,#hash_3138d507e7d19a4f
xmodelmesh,#hash_3138f66fee990070
xmodelmesh,#hash_b13f860016658982
xmodelmesh,#hash_b14083dab920310f
xmodelmesh,#hash_31417b7919ca2da5
xmodelmesh,#hash_314281eb3f7040b7
xmodelmesh,#hash_3144be2ba19abad5
xmodelmesh,#hash_b1453e832909c691
xmodelmesh,#hash_314cf40faaa64b6f
xmodelmesh,#hash_314e91488dcd00f4
xmodelmesh,#hash_315075a8d7debc45
xmodelmesh,#hash_3152374f19c92334
xmodelmesh,#hash_31524182bea1294d
xmodelmesh,#hash_315476cfca3a3a2d
xmodelmesh,#hash_3155b5fe6583d791
xmodelmesh,#hash_31580930d15cb0a5
xmodelmesh,#hash_b1597714e5dadf0e
xmodelmesh,#hash_315bc274b20ab169
xmodelmesh,#hash_315e8c18f23b78d9
xmodelmesh,#hash_3165da6140fd4d67
xmodelmesh,#hash_3165fcae95097836
xmodelmesh,#hash_31662473aae6d0c4
xmodelmesh,#hash_3167f75dcdef5ddc
xmodelmesh,#hash_3169bfbca9c535e7
xmodelmesh,#hash_316aa1d748a86d87
xmodelmesh,#hash_316b80e8ebf76a8b
xmodelmesh,#hash_316cf422ca809bff
xmodelmesh,#hash_316da32bc08c63a4
xmodelmesh,#hash_316edee99df8b07d
xmodelmesh,#hash_31704e6b29fabd35
xmodelmesh,#hash_317337d56b9e2654
xmodelmesh,#hash_317399fb0dc69d78
xmodelmesh,#hash_317d7dcd0e537f7a
xmodelmesh,#hash_b17dc69ca6ee56a6
xmodelmesh,#hash_317fea0956e1b2a7
xmodelmesh,#hash_31808946345376a3
xmodelmesh,#hash_31821449f8705f2b
xmodelmesh,#hash_318295ad37e1a5cf
xmodelmesh,#hash_3184e0fe49ed4bd9
xmodelmesh,#hash_b18b24533beaa6c2
xmodelmesh,#hash_3191365f1b872920
xmodelmesh,#hash_3193b22fb218930a
xmodelmesh,#hash_31971e1a5b5df728
xmodelmesh,#hash_b19905697c36c5cd
xmodelmesh,#hash_319d842e53d83c23
xmodelmesh,#hash_31a06773fdc51db7
xmodelmesh,#hash_b1a10eaf43a6531a
xmodelmesh,#hash_31a643855f307dfe
xmodelmesh,#hash_31a8a54131cad396
xmodelmesh,#hash_31ab36258c7fc65e
xmodelmesh,#hash_31acb89f64b9d151
xmodelmesh,#hash_31ad6324509da160
xmodelmesh,#hash_31adf8803d52ee49
xmodelmesh,#hash_31ae8f602e555d9b
xmodelmesh,#hash_b1b3927fd9c90edc
xmodelmesh,#hash_31b3d18893b5fd6f
xmodelmesh,#hash_31b3f78fe4f0c19c
xmodelmesh,#hash_31b46779891cb9db
xmodelmesh,#hash_31b83487ac453386
xmodelmesh,#hash_31b972c2ecf24aeb
xmodelmesh,#hash_31b9df54265f7bdc
xmodelmesh,#hash_31ba563e3b40266e
xmodelmesh,#hash_31bbbbfca7db00b7
xmodelmesh,#hash_31bf8642968f2201
xmodelmesh,#hash_31c09e2dcc2ce42c
xmodelmesh,#hash_b1c1cd82169d5968
xmodelmesh,#hash_31c596cbbfaa7bc5
xmodelmesh,#hash_31c5def2fc31d8b3
xmodelmesh,#hash_31c79c68b5372889
xmodelmesh,#hash_31c7de8ec2e7cf93
xmodelmesh,#hash_b1c97e7b150b718e
xmodelmesh,#hash_31cd1bebcec0f61e
xmodelmesh,#hash_b1cfe87c84b12cac
xmodelmesh,#hash_31d24116e0294e78
xmodelmesh,#hash_31d351bd397ce138
xmodelmesh,#hash_31d7934aedf2dce9
xmodelmesh,#hash_31d8384ec473e143
xmodelmesh,#hash_31d92f943f36f699
xmodelmesh,#hash_31d984e1c82351b5
xmodelmesh,#hash_31d9e5aba66cece0
xmodelmesh,#hash_31dc13424e11372b
xmodelmesh,#hash_31dc2e5006315a50
xmodelmesh,#hash_31e3953b553e38a8
xmodelmesh,#hash_31e4d9beecd14c0a
xmodelmesh,#hash_31e817311dd8a9e5
xmodelmesh,#hash_31eaabdc49592975
xmodelmesh,#hash_31eac5139b0ab70f
xmodelmesh,#hash_31ec9cc595a96736
xmodelmesh,#hash_31eecd57acd2040a
xmodelmesh,#hash_31ef46f39d940ec3
xmodelmesh,#hash_31f0297cf26c4f47
xmodelmesh,#hash_31f3ddccb4db2829
xmodelmesh,#hash_31f41757cad44396
xmodelmesh,#hash_31f68de376c2fdcd
xmodelmesh,#hash_31f9d48e094364d0
xmodelmesh,#hash_b1fc6bcbe026055c
xmodelmesh,#hash_31fd1c3cd451f715
xmodelmesh,#hash_b1fd23c8610b08e2
xmodelmesh,#hash_31fdbc3fe516c281
xmodelmesh,#hash_3203fbfee5ca17df
xmodelmesh,#hash_320839b2e02dcc1a
xmodelmesh,#hash_b20a7a64a973f510
xmodelmesh,#hash_320b10f80f43af92
xmodelmesh,#hash_320b8a93c8563003
xmodelmesh,#hash_320bb2a5a08454aa
xmodelmesh,#hash_320c18f2bfa86360
xmodelmesh,#hash_320f51d22bfed32c
xmodelmesh,#hash_32122c9358d81564
xmodelmesh,#hash_3213472179a964f0
xmodelmesh,#hash_32145075a2a45ec5
xmodelmesh,#hash_b214a4472ddd5778
xmodelmesh,#hash_3217049c35fc1293
xmodelmesh,#hash_321a2892f680ef80
xmodelmesh,#hash_321ae6ab519eb7cd
xmodelmesh,#hash_b21d1b37fadbbd16
xmodelmesh,#hash_321e46e8435980c2
xmodelmesh,#hash_321fcd1fde566411
xmodelmesh,#hash_32257df3648da114
xmodelmesh,#hash_322590303351a41b
xmodelmesh,#hash_b2276731a9fbc190
xmodelmesh,#hash_3227dfc2fe81e859
xmodelmesh,#hash_322be9add72f0b25
xmodelmesh,#hash_322fc1489d950363
xmodelmesh,#hash_3230501f0ba00819
xmodelmesh,#hash_32333643d5e3e6bd
xmodelmesh,#hash_32336ef395738efc
xmodelmesh,#hash_323486422560be53
xmodelmesh,#hash_3234efed2bc5c9b9
xmodelmesh,#hash_b236a103074e3c21
xmodelmesh,#hash_3237fd74a07cc0a9
xmodelmesh,#hash_323877e1a589240a
xmodelmesh,#hash_3239c426e12dbda9
xmodelmesh,#hash_3247e2be6e7fd10f
xmodelmesh,#hash_324a73dd4941cd7a
xmodelmesh,#hash_324bfb737eb8d604
xmodelmesh,#hash_b2511c60f13fa147
xmodelmesh,#hash_325187e21efd6c66
xmodelmesh,#hash_3251ab6fd27540ed
xmodelmesh,#hash_3252a2262c9e6391
xmodelmesh,#hash_b2546e6a0f34f29c
xmodelmesh,#hash_32576df923c8826c
xmodelmesh,#hash_b25a1a454b82bd6e
xmodelmesh,#hash_325b5f37d996bcec
xmodelmesh,#hash_325c8daf63523dc5
xmodelmesh,#hash_b25ef209bf222b8a
xmodelmesh,#hash_326008b8bbaf35a4
xmodelmesh,#hash_3263c3c4de579366
xmodelmesh,#hash_b26604413b95687a
xmodelmesh,#hash_3267084da935d678
xmodelmesh,#hash_32676c70ea352505
xmodelmesh,#hash_326918bcb0fb7590
xmodelmesh,#hash_326ab0f6b366558f
xmodelmesh,#hash_b26f0877e894ad99
xmodelmesh,#hash_3272096119782add
xmodelmesh,#hash_327249b8d1ea5179
xmodelmesh,#hash_3272f1467ffcafa9
xmodelmesh,#hash_32735b11146cf634
xmodelmesh,#hash_3274fbfc73b5c22f
xmodelmesh,#hash_b275fbbdf0dcfc37
xmodelmesh,#hash_3276255c85953327
xmodelmesh,#hash_3278ae089fef579a
xmodelmesh,#hash_327c5b3f03a43121
xmodelmesh,#hash_b27cc824ab65c264
xmodelmesh,#hash_327e02157dca5304
xmodelmesh,#hash_327f09d224ed9bf6
xmodelmesh,#hash_3281318dc1ebd5a9
xmodelmesh,#hash_32814761c40ebcc0
xmodelmesh,#hash_328239aea3c714ca
xmodelmesh,#hash_328416cc666aa716
xmodelmesh,#hash_32846c53d5150cd7
xmodelmesh,#hash_3286b12f5de8e470
xmodelmesh,#hash_32883a56efa7ad42
xmodelmesh,#hash_b2885fa39f8df184
xmodelmesh,#hash_328860be09eb4df8
xmodelmesh,#hash_328a2e55ae8ed6c2
xmodelmesh,#hash_328a526da60b4744
xmodelmesh,#hash_3294156190457411
xmodelmesh,#hash_3294d425345c0d77
xmodelmesh,#hash_3294eba5395eb2ba
xmodelmesh,#hash_329a099d36744962
xmodelmesh,#hash_329b67763661464b
xmodelmesh,#hash_329da81488d895ec
xmodelmesh,#hash_329f9dbe7f4d2e03
xmodelmesh,#hash_32a03e0132ffc870
xmodelmesh,#hash_32a1172a6b3b1220
xmodelmesh,#hash_32a1a0e1b443fbcb
xmodelmesh,#hash_32a40f3b9f74aaa6
xmodelmesh,#hash_32a9c020b66134f8
xmodelmesh,#hash_32aa29ec4dbfbb0f
xmodelmesh,#hash_b2aa42c731f815a7
xmodelmesh,#hash_32acfc89ad6eb44d
xmodelmesh,#hash_32ae1da32fcbd1d6
xmodelmesh,#hash_32b278762fe74098
xmodelmesh,#hash_32b29c6aba4460a2
xmodelmesh,#hash_32b2d42965a5ec8a
xmodelmesh,#hash_b2b656e80c8758c5
xmodelmesh,#hash_b2b76721f791c887
xmodelmesh,#hash_32ba1a0091445cea
xmodelmesh,#hash_b2bacf954168283b
xmodelmesh,#hash_32bb025ec0e64528
xmodelmesh,#hash_32bb97477b3b1031
xmodelmesh,#hash_32bf0587ef0ab5b8
xmodelmesh,#hash_32c2ea078f981b6c
xmodelmesh,#hash_32c35558dcca6207
xmodelmesh,#hash_32c528318c270fc6
xmodelmesh,#hash_32c82f507bde1b3b
xmodelmesh,#hash_32c872999051b49e
xmodelmesh,#hash_32c8caac9cbceb98
xmodelmesh,#hash_32c978d85f503575
xmodelmesh,#hash_b2cb2e76f1eea2a2
xmodelmesh,#hash_32cb329c6ab043eb
xmodelmesh,#hash_32cbbe228e9312db
xmodelmesh,#hash_32cffdf4f0082543
xmodelmesh,#hash_32d076f3089bfb1d
xmodelmesh,#hash_32d229c29ef88423
xmodelmesh,#hash_32daddb2b8668368
xmodelmesh,#hash_32dd254d69b76c41
xmodelmesh,#hash_b2ddc1eeceea8c05
xmodelmesh,#hash_32de0ace0c72e905
xmodelmesh,#hash_32e1b264b2980f0a
xmodelmesh,#hash_32e27dbac9635242
xmodelmesh,#hash_32e2e54d8c867632
xmodelmesh,#hash_32e40d4fab38b1cd
xmodelmesh,#hash_32e481f19efe9796
xmodelmesh,#hash_32e571807584e9e4
xmodelmesh,#hash_32e757f1e4abd49c
xmodelmesh,#hash_32e8f4a95fc609ce
xmodelmesh,#hash_32e960005856f328
xmodelmesh,#hash_32eac3e53e0ccc95
xmodelmesh,#hash_32ec43e698b1e5a8
xmodelmesh,#hash_32ec759511535d77
xmodelmesh,#hash_32f0596cb6dadff7
xmodelmesh,#hash_32f0c005295ba1c0
xmodelmesh,#hash_32f35628dccb90c1
xmodelmesh,#hash_32f359be6f9a0558
xmodelmesh,#hash_32f396df508ddb46
xmodelmesh,#hash_32f42122d80aacce
xmodelmesh,#hash_32f92f3ab7eb829e
xmodelmesh,#hash_32f9b4c7009c7fc5
xmodelmesh,#hash_b2fbccd0437d2514
xmodelmesh,#hash_32fc452e8a76abb5
xmodelmesh,#hash_32fc8c29908cfe1e
xmodelmesh,#hash_32fcbf0ea29a2072
xmodelmesh,#hash_32fd34c7737baa0c
xmodelmesh,#hash_32fde016dfafd2aa
xmodelmesh,#hash_32ff071ecea3dea3
xmodelmesh,#hash_33028d37e37b8f11
xmodelmesh,#hash_3305f7bd939d98c7
xmodelmesh,#hash_3308c09b550f725d
xmodelmesh,#hash_33097025eb494a20
xmodelmesh,#hash_330ac026fe2564b5
xmodelmesh,#hash_330c351caac1c284
xmodelmesh,#hash_330ef57ff5cb2d67
xmodelmesh,#hash_b319e2c5f35ac844
xmodelmesh,#hash_331e444ee28af7dd
xmodelmesh,#hash_3320508eef0ac3e3
xmodelmesh,#hash_3320650327d0bac5
xmodelmesh,#hash_3320b1f9f0ac3bcd
xmodelmesh,#hash_3321f958e95abe63
xmodelmesh,#hash_3325740a4cae9a2c
xmodelmesh,#hash_3329b6321fb3c09f
xmodelmesh,#hash_332a81c65f0f2388
xmodelmesh,#hash_332cd93018b131c9
xmodelmesh,#hash_332d61f21fd00555
xmodelmesh,#hash_332ecd419cecb3d0
xmodelmesh,#hash_33318c1c4d00ba06
xmodelmesh,#hash_333352f97868e03f
xmodelmesh,#hash_b3349ad813894bdc
xmodelmesh,#hash_333620b70bdadb6e
xmodelmesh,#hash_33378bf0db3aec59
xmodelmesh,#hash_b33902c8c460a1bf
xmodelmesh,#hash_333967453d229b35
xmodelmesh,#hash_333a2391efae5ec8
xmodelmesh,#hash_b33a95a1f97fd6d6
xmodelmesh,#hash_333f08d07c9737e4
xmodelmesh,#hash_333f21067816bd4e
xmodelmesh,#hash_3341ad373704e654
xmodelmesh,#hash_3341b22a8ea43f33
xmodelmesh,#hash_3343e4b3198d81a1
xmodelmesh,#hash_3344925d35e21ee8
xmodelmesh,#hash_b345c859bee59efa
xmodelmesh,#hash_3349aed11c06f23b
xmodelmesh,#hash_334af29a9d757d0a
xmodelmesh,#hash_335006d62721d371
xmodelmesh,#hash_33542a471944a828
xmodelmesh,#hash_3355269ba5914541
xmodelmesh,#hash_335598e376cf29fb
xmodelmesh,#hash_3356ac6eff07cf67
xmodelmesh,#hash_3356eb9473228f35
xmodelmesh,#hash_33574dad3e7fbfd7
xmodelmesh,#hash_3357bab0e7fb9e3f
xmodelmesh,#hash_b359655228442129
xmodelmesh,#hash_335b63165743e6e1
xmodelmesh,#hash_335b74dbd35141d7
xmodelmesh,#hash_335d1a9a60c5e9b1
xmodelmesh,#hash_b35f25e8783b10fd
xmodelmesh,#hash_335faf399ea0581c
xmodelmesh,#hash_3363a826a0c6ccc9
xmodelmesh,#hash_3363b36dc81bb896
xmodelmesh,#hash_33678515b6329959
xmodelmesh,#hash_3367c5bfc4ed655c
xmodelmesh,#hash_336896d34d974b41
xmodelmesh,#hash_b369ef89b7f69fa2
xmodelmesh,#hash_336afc44159f3c2f
xmodelmesh,#hash_b36b5513833949da
xmodelmesh,#hash_336b62884ec393fe
xmodelmesh,#hash_336f4732f2088ee4
xmodelmesh,#hash_3371ff7dc653b579
xmodelmesh,#hash_337299c8f7f5e178
xmodelmesh,#hash_3372e8374b72c11a
xmodelmesh,#hash_33761f815fe0ae86
xmodelmesh,#hash_3379155951018699
xmodelmesh,#hash_3379d81f208da22a
xmodelmesh,#hash_337a459eb762182a
xmodelmesh,#hash_337caa80caa57c3d
xmodelmesh,#hash_337d6a7aaee5ff1c
xmodelmesh,#hash_b37f50b8e25029f7
xmodelmesh,#hash_33805b6b2d7afae5
xmodelmesh,#hash_3381f021054abe57
xmodelmesh,#hash_3381f8bb69847c63
xmodelmesh,#hash_33845f84f11b4172
xmodelmesh,#hash_3388e43e9f2728e9
xmodelmesh,#hash_338ba8d7ac6bba81
xmodelmesh,#hash_338c38156788dc48
xmodelmesh,#hash_338d11cca7ad7b26
xmodelmesh,#hash_338e35001a05789e
xmodelmesh,#hash_338e82e97021da0b
xmodelmesh,#hash_33929bc0705de446
xmodelmesh,#hash_3394b3b17529426d
xmodelmesh,#hash_33950c464820928b
xmodelmesh,#hash_3395aeeb0628a81a
xmodelmesh,#hash_3396151ca88c9a8f
xmodelmesh,#hash_339812fd6b6dceca
xmodelmesh,#hash_3398bd5c8619146f
xmodelmesh,#hash_3398e640c8b101ed
xmodelmesh,#hash_3399821f0f32d1c7
xmodelmesh,#hash_b399da9f0105d2d1
xmodelmesh,#hash_339b1d3dc5ad2199
xmodelmesh,#hash_339b7b2c5e4119b7
xmodelmesh,#hash_339f15e1c625c297
xmodelmesh,#hash_339fb2d2f5b03306
xmodelmesh,#hash_b39fd6305e59b05f
xmodelmesh,#hash_33a28d318cec899e
xmodelmesh,#hash_33a3ba533633a256
xmodelmesh,#hash_b3a672af1085bc5d
xmodelmesh,#hash_33a712567b131ded
xmodelmesh,#hash_33a99f41c43b9efc
xmodelmesh,#hash_33aa17b1f503db5b
xmodelmesh,#hash_33aadb99f9badc8c
xmodelmesh,#hash_b3abf6dc6e248ce6
xmodelmesh,#hash_33ac39b8d5e230b1
xmodelmesh,#hash_33af6837c8884fbc
xmodelmesh,#hash_33b28b5653a496db
xmodelmesh,#hash_33b38533b55d8715
xmodelmesh,#hash_33b62675c9479443
xmodelmesh,#hash_b3b67767d84f8314
xmodelmesh,#hash_33b7935615c0d5a0
xmodelmesh,#hash_33b9541b827f9d1c
xmodelmesh,#hash_33be8085a788ec49
xmodelmesh,#hash_33bea7006b66c45a
xmodelmesh,#hash_33c03f41807f2d9b
xmodelmesh,#hash_b3c059b32b2c4f28
xmodelmesh,#hash_33c1e425dcad8cd4
xmodelmesh,#hash_33c21660c8c308e1
xmodelmesh,#hash_33c2858fe3f5e060
xmodelmesh,#hash_b3c52bc24d233a14
xmodelmesh,#hash_33c68e2d835d88af
xmodelmesh,#hash_33c69b36d0a76ed2
xmodelmesh,#hash_33c7542b79a7c60b
xmodelmesh,#hash_33caa545dde0f8a1
xmodelmesh,#hash_33cbec6cd2cdaa64
xmodelmesh,#hash_33cfd926ca2e9b2a
xmodelmesh,#hash_33d0fdc901cc079f
xmodelmesh,#hash_33d12821de6b1676
xmodelmesh,#hash_33d58e7e6a7d9a20
xmodelmesh,#hash_33d8a52a4bd69959
xmodelmesh,#hash_33d92e4971738525
xmodelmesh,#hash_33db743ae444355b
xmodelmesh,#hash_33dbbefc0f6b9d86
xmodelmesh,#hash_33dd94bafc1baa78
xmodelmesh,#hash_33e549f2ce6cddd2
xmodelmesh,#hash_33e5befceef08ca0
xmodelmesh,#hash_33e66a129e1f9da1
xmodelmesh,#hash_b3e9d554d43b298c
xmodelmesh,#hash_b3ea0cfe73e5a190
xmodelmesh,#hash_33ecd17b93ef4ffb
xmodelmesh,#hash_33ef55576a4a328f
xmodelmesh,#hash_33ef89ae888b5aef
xmodelmesh,#hash_33eff7abe5427d0a
xmodelmesh,#hash_33f445dc16d47b87
xmodelmesh,#hash_33f9c6b1682d35c5
xmodelmesh,#hash_33fac52badc2a2c2
xmodelmesh,#hash_b3fb2bb018afe2eb
xmodelmesh,#hash_33fcff4dc3319eba
xmodelmesh,#hash_33ff0fb5e45c4390
xmodelmesh,#hash_340319b9d768e80c
xmodelmesh,#hash_340681b86f5e16ef
xmodelmesh,#hash_b409a750450fa272
xmodelmesh,#hash_340ab207b3205bc7
xmodelmesh,#hash_340cf8da158c549a
xmodelmesh,#hash_340d2274bcb8274d
xmodelmesh,#hash_341086cdfcbb85cc
xmodelmesh,#hash_3412ae4154867a4f
xmodelmesh,#hash_3413e5a4e3779002
xmodelmesh,#hash_341450362d415915
xmodelmesh,#hash_3417a99563d30367
xmodelmesh,#hash_341851ae73a67ba2
xmodelmesh,#hash_b418674fd3189204
xmodelmesh,#hash_b4186bc2719e926d
xmodelmesh,#hash_341cb291cb25fce6
xmodelmesh,#hash_34239145e9f4d974
xmodelmesh,#hash_3423952df93dce8c
xmodelmesh,#hash_b42426822a7df9b3
xmodelmesh,#hash_3425893698dd6c0a
xmodelmesh,#hash_3425df71442aa4ac
xmodelmesh,#hash_3426e00f4bd7f1e3
xmodelmesh,#hash_342753f881b1c595
xmodelmesh,#hash_342a0e31e7bbe872
xmodelmesh,#hash_b42d5237a220b32a
xmodelmesh,#hash_34307eda22d8e5c4
xmodelmesh,#hash_b4316701f966f2f2
xmodelmesh,#hash_343449ad65276601
xmodelmesh,#hash_343508c628958d84
xmodelmesh,#hash_3435efbd41d3f492
xmodelmesh,#hash_3437c6c2e4a3cac0
xmodelmesh,#hash_3439655c205293aa
xmodelmesh,#hash_3439a0858460f804
xmodelmesh,#hash_3439cb45b4dc162d
xmodelmesh,#hash_343b26591533a46a
xmodelmesh,#hash_b43eada6a80c2880
xmodelmesh,#hash_343f7d5a8b7f8ce3
xmodelmesh,#hash_344134d23acccb92
xmodelmesh,#hash_344183dd1cd9b0f8
xmodelmesh,#hash_3444813f27a05563
xmodelmesh,#hash_34456ce52b87f957
xmodelmesh,#hash_3446758eed49d517
xmodelmesh,#hash_3446ec0366d47650
xmodelmesh,#hash_344701935af87df9
xmodelmesh,#hash_b4489620bcc508ae
xmodelmesh,#hash_344a7df8de472eb2
xmodelmesh,#hash_344b509474e0476a
xmodelmesh,#hash_344e3dcee68858c9
xmodelmesh,#hash_344e97e45cd4f7ac
xmodelmesh,#hash_344fffc528dd7d20
xmodelmesh,#hash_b452add64069f6f1
xmodelmesh,#hash_b454937da21ad3d8
xmodelmesh,#hash_b456035855741fd7
xmodelmesh,#hash_345605fdaaa62599
xmodelmesh,#hash_3456ab15dd209525
xmodelmesh,#hash_345a65dc1741bd68
xmodelmesh,#hash_345ba54644bd31f5
xmodelmesh,#hash_345d07cafd623599
xmodelmesh,#hash_345d43cf3a8d6001
xmodelmesh,#hash_345eb80ff352d58c
xmodelmesh,#hash_34606e832601c278
xmodelmesh,#hash_3461252f60cbe9d6
xmodelmesh,#hash_b4626d87f186b6db
xmodelmesh,#hash_346560d3dcfdda56
xmodelmesh,#hash_3467a0e6f59b60ec
xmodelmesh,#hash_34685d92c264ed7e
xmodelmesh,#hash_3469653d48465f60
xmodelmesh,#hash_346a80559b7bff95
xmodelmesh,#hash_346dce6f70ccad34
xmodelmesh,#hash_b46f762119cfc39e
xmodelmesh,#hash_346fbefd276cd309
xmodelmesh,#hash_3470a38673affe0e
xmodelmesh,#hash_347265959d6a22ff
xmodelmesh,#hash_3472be5c66d73c71
xmodelmesh,#hash_b474316c7c1eb7ec
xmodelmesh,#hash_b4749dc4c5d6e761
xmodelmesh,#hash_34752b477e78e244
xmodelmesh,#hash_347d01ab4c3791af
xmodelmesh,#hash_347e32e6eab65453
xmodelmesh,#hash_347f2a4ee390effd
xmodelmesh,#hash_34802bd4f394e1b8
xmodelmesh,#hash_b480b50bfe155301
xmodelmesh,#hash_b485e84a5b118070
xmodelmesh,#hash_348611814a9ecb45
xmodelmesh,#hash_348945236fe91477
xmodelmesh,#hash_348b5980ca1001d5
xmodelmesh,#hash_348bba229554eb80
xmodelmesh,#hash_348bbb9d57da066f
xmodelmesh,#hash_348cabb533e50332
xmodelmesh,#hash_348dfdd38d1277c2
xmodelmesh,#hash_348f429cf872f33e
xmodelmesh,#hash_348fa0bb538d14c0
xmodelmesh,#hash_34909e881046eb4f
xmodelmesh,#hash_3493aae26b4e8775
xmodelmesh,#hash_b495dcda45d6f7a3
xmodelmesh,#hash_b4960ce983f5cc0f
xmodelmesh,#hash_349659c01bf74719
xmodelmesh,#hash_3499a83cbf42dd42
xmodelmesh,#hash_349b32a587623e9b
xmodelmesh,#hash_349d18b62af04192
xmodelmesh,#hash_34a19b16498ab59c
xmodelmesh,#hash_34a3b1dab7c6900a
xmodelmesh,#hash_b4a55ae6b90daada
xmodelmesh,#hash_34a7dc698d736614
xmodelmesh,#hash_34a8527235a4be87
xmodelmesh,#hash_34a8762f54a5cb24
xmodelmesh,#hash_b4a8b17ec0a15c6d
xmodelmesh,#hash_34a918129c7a1c25
xmodelmesh,#hash_b4aa10b0f35f8e2e
xmodelmesh,#hash_34ab22439d43c22d
xmodelmesh,#hash_34ae403fa55da823
xmodelmesh,#hash_34b052593f0cd1d0
xmodelmesh,#hash_34b0f27543452146
xmodelmesh,#hash_34b2fbeddeca8884
xmodelmesh,#hash_34b484ae33ae12ee
xmodelmesh,#hash_b4b89eab3112ef14
xmodelmesh,#hash_b4b902e981478850
xmodelmesh,#hash_b4b976059ae48eeb
xmodelmesh,#hash_34bda5eb307bc33c
xmodelmesh,#hash_b4bdc255c22c01c3
xmodelmesh,#hash_34bf8fc457ac91e9
xmodelmesh,#hash_34c1978235745d2e
xmodelmesh,#hash_b4c404ea6a670fe8
xmodelmesh,#hash_b4c5887de69cd33b
xmodelmesh,#hash_34c59848807e4e9d
xmodelmesh,#hash_34c89b7bf50c60a9
xmodelmesh,#hash_34ca4181929d94f8
xmodelmesh,#hash_b4cd3776429e1bc9
xmodelmesh,#hash_34d1435d78054ce1
xmodelmesh,#hash_34d15e271f2d8267
xmodelmesh,#hash_34d1ce6eaf90e53f
xmodelmesh,#hash_34d1edc2dbba2ef8
xmodelmesh,#hash_b4d2a10ec3efdc6d
xmodelmesh,#hash_34d68499c7ca6df9
xmodelmesh,#hash_34d7478f39a9b17b
xmodelmesh,#hash_34d760ec71c1e919
xmodelmesh,#hash_b4dd3aae8aa99578
xmodelmesh,#hash_34e18614b95429a8
xmodelmesh,#hash_34e39bd3d0db0a48
xmodelmesh,#hash_34e41cf5e5981401
xmodelmesh,#hash_34e474e1e8c6686d
xmodelmesh,#hash_b4e580f6c422089a
xmodelmesh,#hash_34e6c6b4e26adc63
xmodelmesh,#hash_34e7fd658643f4d2
xmodelmesh,#hash_b4ea32f19817a78c
xmodelmesh,#hash_34eb6dd03fe8ffb6
xmodelmesh,#hash_34ebf7905a96f125
xmodelmesh,#hash_34eec41d21e6a5b5
xmodelmesh,#hash_34f028df9607d8c1
xmodelmesh,#hash_34f310404f91419b
xmodelmesh,#hash_34f55429959b5f4e
xmodelmesh,#hash_34f721d135bdd82f
xmodelmesh,#hash_34f7c6535ad5b0c1
xmodelmesh,#hash_34f84af01a4ab405
xmodelmesh,#hash_34f9cf85f132c5bd
xmodelmesh,#hash_34fc3d3e06db5a58
xmodelmesh,#hash_34fcf51a19382194
xmodelmesh,#hash_34fd0726140dd257
xmodelmesh,#hash_34fd35dbb57614f9
xmodelmesh,#hash_34fe091845b99025
xmodelmesh,#hash_34fe124867826009
xmodelmesh,#hash_b4ff86a13cb9339e
xmodelmesh,#hash_35007c6ee34e1900
xmodelmesh,#hash_b5009155ee099eef
xmodelmesh,#hash_3501d24674e83d7a
xmodelmesh,#hash_350810ef3d2b9ba5
xmodelmesh,#hash_3508fb57cece46ca
xmodelmesh,#hash_350cf56041156785
xmodelmesh,#hash_35113060561f52b2
xmodelmesh,#hash_351315c2dc5e66cb
xmodelmesh,#hash_35132b73faa224f4
xmodelmesh,#hash_35150041f710d231
xmodelmesh,#hash_35183fc15d2060e8
xmodelmesh,#hash_3518886ab31fd87f
xmodelmesh,#hash_351aa218dc32cef4
xmodelmesh,#hash_b51adb4d918bc954
xmodelmesh,#hash_351c8fe21f361a8f
xmodelmesh,#hash_351d40dfb73418b7
xmodelmesh,#hash_351dc70e80f51004
xmodelmesh,#hash_352001a4dde9981d
xmodelmesh,#hash_3522c5116ba6552c
xmodelmesh,#hash_352815cb4f492801
xmodelmesh,#hash_b5282b786c537e18
xmodelmesh,#hash_b5287d02a31ce872
xmodelmesh,#hash_352c25bb8b435176
xmodelmesh,#hash_352e1fa97bf0e583
xmodelmesh,#hash_352edd9040d1e6d4
xmodelmesh,#hash_352ff39a4160cb6e
xmodelmesh,#hash_353433cb5cda6850
xmodelmesh,#hash_35344c1f346e497a
xmodelmesh,#hash_35352b32892bbe7a
xmodelmesh,#hash_353667158a6c8eb7
xmodelmesh,#hash_b5391822d227ac5a
xmodelmesh,#hash_b53921c2f66474e9
xmodelmesh,#hash_35394e6361fa1997
xmodelmesh,#hash_353a6e03e83402bd
xmodelmesh,#hash_b53aed7be8336cfa
xmodelmesh,#hash_b53baca41585fee0
xmodelmesh,#hash_353dcdafb2838569
xmodelmesh,#hash_353dda792616d13a
xmodelmesh,#hash_3546447ab94d9e0d
xmodelmesh,#hash_354695150bb72621
xmodelmesh,#hash_b546aab7c2ad5b66
xmodelmesh,#hash_3546db014d11e09e
xmodelmesh,#hash_3549790636e134d4
xmodelmesh,#hash_35498f6a12cf5a22
xmodelmesh,#hash_354ac2254f0f350a
xmodelmesh,#hash_354b0739bfd5afba
xmodelmesh,#hash_354bfd04e08ef798
xmodelmesh,#hash_354cbc7b6ed24838
xmodelmesh,#hash_354f09452090f141
xmodelmesh,#hash_354fa9f3f4de23dc
xmodelmesh,#hash_3553535853d1ad66
xmodelmesh,#hash_35562097f5d67479
xmodelmesh,#hash_3556327a0a417305
xmodelmesh,#hash_3557bc7f431c552a
xmodelmesh,#hash_355aab5014738b72
xmodelmesh,#hash_355c95d386df96b3
xmodelmesh,#hash_355d79824111b03e
xmodelmesh,#hash_355dae415f5e6213
xmodelmesh,#hash_356046fd45f4b003
xmodelmesh,#hash_3562db218f592656
xmodelmesh,#hash_3565f320d04e5d89
xmodelmesh,#hash_35681da743e66b8d
xmodelmesh,#hash_356d6c001de4bde8
xmodelmesh,#hash_356ef2d79523ede5
xmodelmesh,#hash_35726b0477493881
xmodelmesh,#hash_3573c6227dad1ca4
xmodelmesh,#hash_35749c486ec614db
xmodelmesh,#hash_b575d027ec13f858
xmodelmesh,#hash_35798c7a0c1cc30f
xmodelmesh,#hash_b57b6538426d2698
xmodelmesh,#hash_357b9dfbb3e695b3
xmodelmesh,#hash_357c445eb03dceb3
xmodelmesh,#hash_357d36d50b043084
xmodelmesh,#hash_357d3db1f7763aba
xmodelmesh,#hash_357e5a7a0488394a
xmodelmesh,#hash_357e680f28e56d76
xmodelmesh,#hash_35806b0e0f62c902
xmodelmesh,#hash_3581104d86f92364
xmodelmesh,#hash_35825dff4ca055c9
xmodelmesh,#hash_b5849343f66d0c11
xmodelmesh,#hash_358aeb4d09c9bc68
xmodelmesh,#hash_b58b533eac9fdd4a
xmodelmesh,#hash_358ebd26780f04f6
xmodelmesh,#hash_358f2f029007c718
xmodelmesh,#hash_b5905848fc5476ab
xmodelmesh,#hash_3593b1fad24019c6
xmodelmesh,#hash_3594814d1632d13b
xmodelmesh,#hash_b5957cbb95257622
xmodelmesh,#hash_35964a784523beb2
xmodelmesh,#hash_359665a7249f196e
xmodelmesh,#hash_3596b7e296bc25b8
xmodelmesh,#hash_3597295a0560323a
xmodelmesh,#hash_35980f6e8b1ae2bb
xmodelmesh,#hash_359e2615fce1669e
xmodelmesh,#hash_359f6436db93e40e
xmodelmesh,#hash_35a14a161193ed04
xmodelmesh,#hash_35a49c4ad475aed2
xmodelmesh,#hash_35a53b1348a3d82e
xmodelmesh,#hash_35a7665dac3a3543
xmodelmesh,#hash_35a950098aeb95e5
xmodelmesh,#hash_35abfb80de3c5cee
xmodelmesh,#hash_35ae6b55b88fc3ad
xmodelmesh,#hash_35afa3bf317750ff
xmodelmesh,#hash_b5b4446071160090
xmodelmesh,#hash_35b65cfed7d10d3c
xmodelmesh,#hash_35b88695b3694b06
xmodelmesh,#hash_35b95c31b65ac60c
xmodelmesh,#hash_35baded3f785f884
xmodelmesh,#hash_b5bc6bc7288f9ec9
xmodelmesh,#hash_35bf4f74a09d1775
xmodelmesh,#hash_35bfee1be29640cb
xmodelmesh,#hash_35c24688758acd90
xmodelmesh,#hash_35c3c468953d22e7
xmodelmesh,#hash_35c4918bb08a3b30
xmodelmesh,#hash_35c568e5a3335071
xmodelmesh,#hash_35c7774009c46284
xmodelmesh,#hash_35c875df67587272
xmodelmesh,#hash_35c8d171b65bde29
xmodelmesh,#hash_35ced30bc3c8271c
xmodelmesh,#hash_35dbe7ef4628f42c
xmodelmesh,#hash_35dcdaf102b005ae
xmodelmesh,#hash_b5de3d238c164d33
xmodelmesh,#hash_35df9ac88592c5c4
xmodelmesh,#hash_35e195a8214a1f42
xmodelmesh,#hash_35e373949af911a9
xmodelmesh,#hash_b5e5b7e90c1fbdc0
xmodelmesh,#hash_b5e62061fa58b06e
xmodelmesh,#hash_35eaeccee779927a
xmodelmesh,#hash_b5eb4d1dbbd365be
xmodelmesh,#hash_b5eec8e072488a73
xmodelmesh,#hash_b5efb10049cee3f5
xmodelmesh,#hash_35f67d38d817055d
xmodelmesh,#hash_b5f73e2ab07d95e7
xmodelmesh,#hash_b5fbc6f5778b7138
xmodelmesh,#hash_b5ff2184792fdadf
xmodelmesh,#hash_35ffcc4178ff7ce5
xmodelmesh,#hash_36001eacfd8c8e59
xmodelmesh,#hash_3601de183c38b518
xmodelmesh,#hash_b60232f38fd30d15
xmodelmesh,#hash_b6042a6a506b5bde
xmodelmesh,#hash_b604a43941417c5d
xmodelmesh,#hash_36066823a4f27330
xmodelmesh,#hash_360c262820ba05c7
xmodelmesh,#hash_360c7d54d6e19da7
xmodelmesh,#hash_b60ecee2da6a2271
xmodelmesh,#hash_3618679a06d65e32
xmodelmesh,#hash_361abcd2f3c0be93
xmodelmesh,#hash_b61ae96878efe859
xmodelmesh,#hash_361bc952c5f0eace
xmodelmesh,#hash_361c47036faeff1a
xmodelmesh,#hash_b61c9eb61e9615fe
xmodelmesh,#hash_361dea4208ca8765
xmodelmesh,#hash_361e4b592a6de6bd
xmodelmesh,#hash_361e4d6bc78c7cce
xmodelmesh,#hash_3620a3cdf9df5359
xmodelmesh,#hash_36215dd350013fa8
xmodelmesh,#hash_36217455d715e625
xmodelmesh,#hash_36219dbc5243605a
xmodelmesh,#hash_b625bedecbff2061
xmodelmesh,#hash_3626959eaa8e540c
xmodelmesh,#hash_3626a63274e915da
xmodelmesh,#hash_3628c6df0279eda2
xmodelmesh,#hash_36294aab8b1d1883
xmodelmesh,#hash_362a16fa92f6bae0
xmodelmesh,#hash_362acce3751f250a
xmodelmesh,#hash_362e94dbbc3c79bc
xmodelmesh,#hash_362eda303effbb32
xmodelmesh,#hash_b62f6c8ddca6179c
xmodelmesh,#hash_362f979bae1f1698
xmodelmesh,#hash_b63865ea03e1d1ff
xmodelmesh,#hash_3638c1c9ab847b84
xmodelmesh,#hash_3639b4047b34c992
xmodelmesh,#hash_3639faaeaa1f8fbd
xmodelmesh,#hash_363a573a2b975d6e
xmodelmesh,#hash_363c0b732ed6bafc
xmodelmesh,#hash_b63dee2767fbe1c5
xmodelmesh,#hash_363e5fb235c25d6f
xmodelmesh,#hash_36400314c65f61f0
xmodelmesh,#hash_364052f1ab121849
xmodelmesh,#hash_364077efc8d50b4c
xmodelmesh,#hash_3643201262fda3a6
xmodelmesh,#hash_3644c255bcccd669
xmodelmesh,#hash_364540427de380de
xmodelmesh,#hash_36465df65bda5a93
xmodelmesh,#hash_b64662c93d3eaefe
xmodelmesh,#hash_36470bd77a283f39
xmodelmesh,#hash_364a6c66ba291441
xmodelmesh,#hash_364c6f114fb0039e
xmodelmesh,#hash_364f9b19928f8288
xmodelmesh,#hash_b651a79c53c49467
xmodelmesh,#hash_36553823fdadaa8f
xmodelmesh,#hash_3656940f84cfe2a1
xmodelmesh,#hash_b657b6222b4eb0f4
xmodelmesh,#hash_365877fafbb621fc
xmodelmesh,#hash_365a247aa60337e5
xmodelmesh,#hash_365ad5dc0f9694f2
xmodelmesh,#hash_365b327d2ede0da7
xmodelmesh,#hash_365b32d671ec3c6b
xmodelmesh,#hash_365c0a5f28b17ac8
xmodelmesh,#hash_365c3e7ca3c4fef3
xmodelmesh,#hash_365c6bcea89155e4
xmodelmesh,#hash_3664d6e370432ff8
xmodelmesh,#hash_3665388b5620f20e
xmodelmesh,#hash_b669a2f80e8a61e0
xmodelmesh,#hash_366adf182133f9d6
xmodelmesh,#hash_366d139b919d36bc
xmodelmesh,#hash_b66e8a461209fe21
xmodelmesh,#hash_367024c086ef7ec5
xmodelmesh,#hash_3670ba408ff92ba4
xmodelmesh,#hash_3670c931dd2b0e61
xmodelmesh,#hash_3673f1d4edaf2584
xmodelmesh,#hash_3673fb9f4db9f390
xmodelmesh,#hash_3674549d4c17889e
xmodelmesh,#hash_3676348b2a0039a6
xmodelmesh,#hash_3678443adc810e8a
xmodelmesh,#hash_367b3bd02932ac11
xmodelmesh,#hash_b67c790a3460b9cb
xmodelmesh,#hash_367fcebac66751ea
xmodelmesh,#hash_36811b1c9fe3963d
xmodelmesh,#hash_3682e5f79d1b58e5
xmodelmesh,#hash_3683e7cb0fc7475a
xmodelmesh,#hash_b6875f07d22566e1
xmodelmesh,#hash_3689e7d8e8a02f4e
xmodelmesh,#hash_368ad8736bce512c
xmodelmesh,#hash_368c3d35dbfe1c3f
xmodelmesh,#hash_3692bb92f74a7b75
xmodelmesh,#hash_36938206c1ee16ce
xmodelmesh,#hash_3693a7d30c36e5a6
xmodelmesh,#hash_369770308f1bd30d
xmodelmesh,#hash_b698172aa720b976
xmodelmesh,#hash_b69a94c48dfe3f2a
xmodelmesh,#hash_369aea95bb3c4845
xmodelmesh,#hash_369b47dc499e0565
xmodelmesh,#hash_b69ba732f215c86a
xmodelmesh,#hash_369c48efbcb58355
xmodelmesh,#hash_369c9fc5f96eade5
xmodelmesh,#hash_b69ccd096e6f4efe
xmodelmesh,#hash_b6a794161ef5db5d
xmodelmesh,#hash_b6a89464060398cb
xmodelmesh,#hash_36aa1f17fdc5d773
xmodelmesh,#hash_36aaea6cf720c65e
xmodelmesh,#hash_36af2a10e94c2ae8
xmodelmesh,#hash_36af5559caa94e32
xmodelmesh,#hash_b6afcb69fdf7543f
xmodelmesh,#hash_36b0c4e5d230cbc8
xmodelmesh,#hash_36b1146130008369
xmodelmesh,#hash_36b2589996126782
xmodelmesh,#hash_36b2b31cfeb533ec
xmodelmesh,#hash_36b2d156f86ae755
xmodelmesh,#hash_36b352a637d95468
xmodelmesh,#hash_36b6b1383fdcd8fd
xmodelmesh,#hash_36bb1046361d5b51
xmodelmesh,#hash_36bb66cc3e5f08d6
xmodelmesh,#hash_36be9b630b2265ad
xmodelmesh,#hash_36c207abb8fa0683
xmodelmesh,#hash_36c2f2c3dbd77d4c
xmodelmesh,#hash_36c39b5c4032052e
xmodelmesh,#hash_36c4f9f239531d3a
xmodelmesh,#hash_b6c5ba890f989347
xmodelmesh,#hash_36c6b5bbfd80c664
xmodelmesh,#hash_36c97a290229bb80
xmodelmesh,#hash_36cbe4c34eecb02d
xmodelmesh,#hash_36cf3a2f466a3890
xmodelmesh,#hash_36cfbc8aed8dfe67
xmodelmesh,#hash_36cfff9e324de759
xmodelmesh,#hash_36d1bf1d0256c1b2
xmodelmesh,#hash_b6d5867580548551
xmodelmesh,#hash_36d7d2e7cbddd828
xmodelmesh,#hash_36dc2f8d12032b31
xmodelmesh,#hash_36dd2c7db7822485
xmodelmesh,#hash_36de471ffe979861
xmodelmesh,#hash_36dfa4d023c984b4
xmodelmesh,#hash_36dfdf8efa5a395f
xmodelmesh,#hash_36e09dcbcce68d44
xmodelmesh,#hash_36e0b2c38951204e
xmodelmesh,#hash_36e669fc22cdccc7
xmodelmesh,#hash_36e87698b27bc8b8
xmodelmesh,#hash_36e97525c1f741a3
xmodelmesh,#hash_36eaaf3e5a29443f
xmodelmesh,#hash_36ecaa110c98024a
xmodelmesh,#hash_36ecae42c21bd172
xmodelmesh,#hash_36ee0ef1edd961af
xmodelmesh,#hash_36ef282e0c92958c
xmodelmesh,#hash_36f19b8d8937624f
xmodelmesh,#hash_b6f1f160d7bce583
xmodelmesh,#hash_36f7c1d4f836c6ca
xmodelmesh,#hash_36f9763140f7365e
xmodelmesh,#hash_36fd3f17ab1be607
xmodelmesh,#hash_36fd499fa86425e3
xmodelmesh,#hash_36fdcd6edb537d7a
xmodelmesh,#hash_b6fe30e3e77a0d81
xmodelmesh,#hash_36ff039150444ee4
xmodelmesh,#hash_36ff3d6cc7f2ae76
xmodelmesh,#hash_3700dd4ad21e7b7c
xmodelmesh,#hash_b703b124edd57ce3
xmodelmesh,#hash_b7070caff106219e
xmodelmesh,#hash_3709ca8ef0fe38ed
xmodelmesh,#hash_370cac27ddfa2ac2
xmodelmesh,#hash_b70d0e00e313a769
xmodelmesh,#hash_370e1f4883d04bf2
xmodelmesh,#hash_370edd8c034a673c
xmodelmesh,#hash_37109b761b57fe90
xmodelmesh,#hash_3711169819e22b30
xmodelmesh,#hash_37112bebe4a9f176
xmodelmesh,#hash_3712b22a9e424911
xmodelmesh,#hash_37138e89291e1de9
xmodelmesh,#hash_371aa0e4b1080c23
xmodelmesh,#hash_371b206355be5af5
xmodelmesh,#hash_b71f79dbdcbf6459
xmodelmesh,#hash_372100f7ed1985ef
xmodelmesh,#hash_b721ef743d75765e
xmodelmesh,#hash_b721ffc8c776cd01
xmodelmesh,#hash_37224ab94b9133d9
xmodelmesh,#hash_37235fb816620455
xmodelmesh,#hash_37236615dee2cfdc
xmodelmesh,#hash_372499ca208760db
xmodelmesh,#hash_37275b914a846596
xmodelmesh,#hash_372ad9c2f7cee524
xmodelmesh,#hash_372b178f52200011
xmodelmesh,#hash_372c934df5d430cf
xmodelmesh,#hash_372d8e2ce86b4036
xmodelmesh,#hash_373008fd384ad670
xmodelmesh,#hash_373116d9d9b2af71
xmodelmesh,#hash_37317d6b4abf7fbf
xmodelmesh,#hash_3731c4bddfe9adef
xmodelmesh,#hash_37324b94cf0ca087
xmodelmesh,#hash_3732aa1aa6eb342e
xmodelmesh,#hash_37347a6966e77602
xmodelmesh,#hash_37386a06f8fdc268
xmodelmesh,#hash_3739113456b11b16
xmodelmesh,#hash_373a38fb89143a41
xmodelmesh,#hash_373a8be223880625
xmodelmesh,#hash_373b53e8a952e630
xmodelmesh,#hash_373b756335fe3e22
xmodelmesh,#hash_373bc76f985faa49
xmodelmesh,#hash_373c24cd7c9c0ebd
xmodelmesh,#hash_373c75647286e2b3
xmodelmesh,#hash_373d1169afb392c1
xmodelmesh,#hash_373d5571c777e12b
xmodelmesh,#hash_373dac6844348566
xmodelmesh,#hash_373f3e201c899a9f
xmodelmesh,#hash_b7401cd355e5fea6
xmodelmesh,#hash_37404d9d66eba438
xmodelmesh,#hash_3742b098a0205a70
xmodelmesh,#hash_37433e31010850c1
xmodelmesh,#hash_b7447451d1de2661
xmodelmesh,#hash_3744e49ac72c5c8c
xmodelmesh,#hash_37466047ca929df1
xmodelmesh,#hash_3747c6f143c47984
xmodelmesh,#hash_37492dca26a1c571
xmodelmesh,#hash_374a156d35ae461e
xmodelmesh,#hash_374c21df847933d8
xmodelmesh,#hash_374c26875027c602
xmodelmesh,#hash_374d785c0f1516dd
xmodelmesh,#hash_374e4c0d3f00ada5
xmodelmesh,#hash_375224bf59395b8a
xmodelmesh,#hash_37551892e2f3bea6
xmodelmesh,#hash_3757b8643820ed6a
xmodelmesh,#hash_3757eacdfac42fda
xmodelmesh,#hash_375d2076466d5940
xmodelmesh,#hash_375d23fa7fc54c6d
xmodelmesh,#hash_375d40ec39ff298f
xmodelmesh,#hash_b75eba42796620a1
xmodelmesh,#hash_375ee55251e0f0b1
xmodelmesh,#hash_3761c2869757cbf0
xmodelmesh,#hash_3764457a482110f6
xmodelmesh,#hash_37650b5840edb45b
xmodelmesh,#hash_376589aa720c55a9
xmodelmesh,#hash_376836ee7deadc45
xmodelmesh,#hash_376b3293e7de021f
xmodelmesh,#hash_376b8589c86476bc
xmodelmesh,#hash_3772724ea7199bf5
xmodelmesh,#hash_3773fa66c26cf0c0
xmodelmesh,#hash_377414e766f9198e
xmodelmesh,#hash_37744e2ee8384e9a
xmodelmesh,#hash_3774ea6761ea7cb2
xmodelmesh,#hash_377c6d9ea9f1391f
xmodelmesh,#hash_377cac29917bdce7
xmodelmesh,#hash_b77e312309121a0e
xmodelmesh,#hash_377e80793648d227
xmodelmesh,#hash_377ea12a25e59897
xmodelmesh,#hash_377edf149772275f
xmodelmesh,#hash_377fac2c16215365
xmodelmesh,#hash_37804177d5feb0bc
xmodelmesh,#hash_378088891806f561
xmodelmesh,#hash_378225a2c9c1695d
xmodelmesh,#hash_3784458a7889b1d4
xmodelmesh,#hash_3785153204cb1e2f
xmodelmesh,#hash_3787e659f4ded006
xmodelmesh,#hash_3789557490753ed4
xmodelmesh,#hash_3789b1bd4c4ed514
xmodelmesh,#hash_b789e1cad56f5cff
xmodelmesh,#hash_378a86e9a9c94dee
xmodelmesh,#hash_378bf287318351b7
xmodelmesh,#hash_378d997096e4bfc0
xmodelmesh,#hash_378fa36c4cf93b2b
xmodelmesh,#hash_379249cc20c3599d
xmodelmesh,#hash_37949742928b5fe3
xmodelmesh,#hash_b79aa46b7c87d99f
xmodelmesh,#hash_379b6b07732ef16c
xmodelmesh,#hash_37a00ff2a03f6e9a
xmodelmesh,#hash_37a4d877bafeccc5
xmodelmesh,#hash_37a602ee8e1eb824
xmodelmesh,#hash_37a76665f23dace7
xmodelmesh,#hash_37a822b12aea30b9
xmodelmesh,#hash_37a88bbd130ce295
xmodelmesh,#hash_37ae662718e79dbd
xmodelmesh,#hash_b7aeaad833cf04eb
xmodelmesh,#hash_37b2ecf6e7251722
xmodelmesh,#hash_37b362d590bf5760
xmodelmesh,#hash_37b3b7e0f9051b4c
xmodelmesh,#hash_37b9500aafccfb42
xmodelmesh,#hash_37b9fee6348c0c74
xmodelmesh,#hash_37babe5aa9aa8d51
xmodelmesh,#hash_37babe72997f8647
xmodelmesh,#hash_37bfd1d2c5f02cd5
xmodelmesh,#hash_b7c1c248ba68ff3f
xmodelmesh,#hash_37c351e1f4364853
xmodelmesh,#hash_37c7ee0714f2c05a
xmodelmesh,#hash_37ce98a97016e160
xmodelmesh,#hash_37cfbb074dcf85b2
xmodelmesh,#hash_37d5f0dd3f51b483
xmodelmesh,#hash_37d6899907040b2d
xmodelmesh,#hash_37d78ab54f5541a0
xmodelmesh,#hash_37d7dfa652ea609c
xmodelmesh,#hash_37d91322a91784e9
xmodelmesh,#hash_b7da6d7e59cbeca2
xmodelmesh,#hash_37dcd900ae2a2473
xmodelmesh,#hash_37dd88f8f26e9740
xmodelmesh,#hash_37ddab22d0549df7
xmodelmesh,#hash_37de6b4f9b828787
xmodelmesh,#hash_37e6f9c24ec6c53f
xmodelmesh,#hash_37e94589f5102ca8
xmodelmesh,#hash_37eb4508f1dbdc74
xmodelmesh,#hash_37ebd7aa83ac7cc5
xmodelmesh,#hash_37ec66f1f0cc128c
xmodelmesh,#hash_b7eda62427a4abdb
xmodelmesh,#hash_37ede968b1b7d7e1
xmodelmesh,#hash_37ee827902b58b9a
xmodelmesh,#hash_37eed92b8944d742
xmodelmesh,#hash_37f0036b2d224a9e
xmodelmesh,#hash_37f0183df420a396
xmodelmesh,#hash_b7f0d8bc6d06dbc4
xmodelmesh,#hash_37f1793ff761fb11
xmodelmesh,#hash_37f2d1d6ec8772d2
xmodelmesh,#hash_37f301cf0dd86439
xmodelmesh,#hash_37f6c9a1ee542f03
xmodelmesh,#hash_37f7b30c3c6046a1
xmodelmesh,#hash_37f7d5ec9a05a414
xmodelmesh,#hash_b7f871087f94de74
xmodelmesh,#hash_37fc7ff185c893f6
xmodelmesh,#hash_b7fe057737974c59
xmodelmesh,#hash_37ff1466d1fe65d0
xmodelmesh,#hash_3805513b48b1e29a
xmodelmesh,#hash_380b7c4151c7f296
xmodelmesh,#hash_380c03d6488fc6cd
xmodelmesh,#hash_b80ef38e4ed67006
xmodelmesh,#hash_380f3d30ce1b341b
xmodelmesh,#hash_b80f48aaa282fb8c
xmodelmesh,#hash_b8107276f5955e01
xmodelmesh,#hash_38107c3b94ed15c2
xmodelmesh,#hash_381143af0e799632
xmodelmesh,#hash_3817219c8e08aefa
xmodelmesh,#hash_3817afe32cfd0a64
xmodelmesh,#hash_38188ffc863e831a
xmodelmesh,#hash_b818c64aad5a1b57
xmodelmesh,#hash_38192b666f8a0726
xmodelmesh,#hash_381af8b2341b646e
xmodelmesh,#hash_381bcd670f7349fa
xmodelmesh,#hash_381e115f8ad59a4c
xmodelmesh,#hash_382196fe1c634530
xmodelmesh,#hash_b821af56fd914c3d
xmodelmesh,#hash_3821c69a79a62c4f
xmodelmesh,#hash_38229c5e7a2a453c
xmodelmesh,#hash_38230b067797a83e
xmodelmesh,#hash_382316228d53aeed
xmodelmesh,#hash_b8241805480082fc
xmodelmesh,#hash_3825aa357b3ad93c
xmodelmesh,#hash_382601d714221001
xmodelmesh,#hash_38263ffe9ab1d5a1
xmodelmesh,#hash_3827446a04d19eae
xmodelmesh,#hash_382771ae4ac36614
xmodelmesh,#hash_b828f35b52ce4da2
xmodelmesh,#hash_3829e843fbd6895c
xmodelmesh,#hash_382bd3bb4dd10810
xmodelmesh,#hash_382cec925630991e
xmodelmesh,#hash_b8300b1ef7306aab
xmodelmesh,#hash_3830d0fa556afe7c
xmodelmesh,#hash_3835312ff4b99f1e
xmodelmesh,#hash_b83554e46c895b60
xmodelmesh,#hash_38365d6841700bab
xmodelmesh,#hash_b8376136054b16c3
xmodelmesh,#hash_3837f56d76d7129d
xmodelmesh,#hash_b83b5bdae0ffe919
xmodelmesh,#hash_383c1c2ab665073e
xmodelmesh,#hash_b83cee14ae7e8fcc
xmodelmesh,#hash_383dfa4df17fe9b1
xmodelmesh,#hash_383e2bf7ba1c1274
xmodelmesh,#hash_383ea490ca179a9f
xmodelmesh,#hash_b83f7c1d48464aa8
xmodelmesh,#hash_383ff76e3d22947a
xmodelmesh,#hash_38414b300519825f
xmodelmesh,#hash_3841aabbcf404358
xmodelmesh,#hash_38438a5ec55e4db8
xmodelmesh,#hash_b84718c8536604b4
xmodelmesh,#hash_38478dfe8733c410
xmodelmesh,#hash_3848b9784e7d6f87
xmodelmesh,#hash_b84c27935dc7800f
xmodelmesh,#hash_3851af2f3eecd363
xmodelmesh,#hash_38522c6be854033f
xmodelmesh,#hash_3852d604738535f4
xmodelmesh,#hash_3852faf3962f09e6
xmodelmesh,#hash_385641d692dbb8ea
xmodelmesh,#hash_3856c06bb202098b
xmodelmesh,#hash_385978edfcfef218
xmodelmesh,#hash_3859933e270187a1
xmodelmesh,#hash_385e69cc09c84aa9
xmodelmesh,#hash_b85e848c2612e6ba
xmodelmesh,#hash_385ec87421d42a6f
xmodelmesh,#hash_38621a68a23acd52
xmodelmesh,#hash_38628138aadbe58f
xmodelmesh,#hash_38648a5dd50acfb8
xmodelmesh,#hash_38658012fefa99e8
xmodelmesh,#hash_38679fd71c5b3c5b
xmodelmesh,#hash_386c14e01da7406d
xmodelmesh,#hash_386fb54035a974e4
xmodelmesh,#hash_3871968ae6788c4b
xmodelmesh,#hash_387309c2bcfae648
xmodelmesh,#hash_38730bdf709b989d
xmodelmesh,#hash_38756c1df3fc3816
xmodelmesh,#hash_b876b9901ebea001
xmodelmesh,#hash_3876ff57ec3e8875
xmodelmesh,#hash_38771e773d0519d7
xmodelmesh,#hash_3877813f1a62b1ea
xmodelmesh,#hash_b8781d9729c8a714
xmodelmesh,#hash_b87929b873afec14
xmodelmesh,#hash_3879ff4f770b848c
xmodelmesh,#hash_b87ba4378e0b8afe
xmodelmesh,#hash_387bf4c358d1ab24
xmodelmesh,#hash_387d0b212b9f1ec6
xmodelmesh,#hash_3883ff7cbb74e52f
xmodelmesh,#hash_388505be0c0d32ef
xmodelmesh,#hash_38855ab0fc2ca74e
xmodelmesh,#hash_b887adcfeea6a236
xmodelmesh,#hash_388812957d86d396
xmodelmesh,#hash_388886d26e6ada9c
xmodelmesh,#hash_388b1bd0fa434681
xmodelmesh,#hash_388ed81d9a0eafeb
xmodelmesh,#hash_b8918cbb2c53fcf8
xmodelmesh,#hash_3898dfe884f5d7b4
xmodelmesh,#hash_b89b195979766d46
xmodelmesh,#hash_389e34900ecf6cf0
xmodelmesh,#hash_38a2c21527c2e980
xmodelmesh,#hash_38a2dd5d91a68344
xmodelmesh,#hash_b8a448b7791b1b74
xmodelmesh,#hash_38a4eabd58c8d4f4
xmodelmesh,#hash_38a5a8c0afaa6750
xmodelmesh,#hash_b8a76b045aba515f
xmodelmesh,#hash_38b0223704a34999
xmodelmesh,#hash_38b11a2ec7e21a36
xmodelmesh,#hash_38b3b840d60335d9
xmodelmesh,#hash_38b49d0af45c7590
xmodelmesh,#hash_b8b4dc174ff77c34
xmodelmesh,#hash_38b65b81ef0e76ec
xmodelmesh,#hash_38b762381f706aed
xmodelmesh,#hash_38b9925b70b22bfc
xmodelmesh,#hash_38becef82ca38ad2
xmodelmesh,#hash_38c5b50656b806fa
xmodelmesh,#hash_38c66157032c3240
xmodelmesh,#hash_38cd1d1bf7a8c35b
xmodelmesh,#hash_38d49e88cf15f686
xmodelmesh,#hash_38d5ec17d6dc5c95
xmodelmesh,#hash_38d64405ac84bacf
xmodelmesh,#hash_38d995f56850f0ff
xmodelmesh,#hash_38db633e01abfc13
xmodelmesh,#hash_38dd25f3e7309968
xmodelmesh,#hash_38e0a5b1f766dd5a
xmodelmesh,#hash_38e46e1a3fba08f4
xmodelmesh,#hash_38e4d0dad6ef5d48
xmodelmesh,#hash_38e4e7d2a8f668d7
xmodelmesh,#hash_38e67d9aea496719
xmodelmesh,#hash_38e843906cd82f60
xmodelmesh,#hash_38ed900f22c1cc67
xmodelmesh,#hash_b8ef3c3c71de103d
xmodelmesh,#hash_b8f16ebcb2c0946e
xmodelmesh,#hash_38f30550df1f59a8
xmodelmesh,#hash_38f3dd06606c1ebe
xmodelmesh,#hash_38f7b9a72f1dd808
xmodelmesh,#hash_38f876b119146f76
xmodelmesh,#hash_b8f88a4cb9adfb3d
xmodelmesh,#hash_38f8ad369786815e
xmodelmesh,#hash_38fa6cd550d8de70
xmodelmesh,#hash_38fc10b2b04b81f3
xmodelmesh,#hash_38fcbf218437b094
xmodelmesh,#hash_38fdc7c9d84fb944
xmodelmesh,#hash_38ffaf1321684922
xmodelmesh,#hash_39005dd450fd5959
xmodelmesh,#hash_39044c347620a57c
xmodelmesh,#hash_3906a53814978359
xmodelmesh,#hash_3909519fa870df2e
xmodelmesh,#hash_390952d34357f068
xmodelmesh,#hash_390a1e2774314db5
xmodelmesh,#hash_390bb9b4c730a2a1
xmodelmesh,#hash_390e02e1b16f3ee8
xmodelmesh,#hash_390eb1d2ede14a29
xmodelmesh,#hash_391042bf4363b12d
xmodelmesh,#hash_3910fb066c2fe237
xmodelmesh,#hash_391144124ec0f2c0
xmodelmesh,#hash_391227ef0e7048cc
xmodelmesh,#hash_b912708c52b9addc
xmodelmesh,#hash_b91335ffd8b94d76
xmodelmesh,#hash_3913f674f33f304e
xmodelmesh,#hash_391666587d396a34
xmodelmesh,#hash_3916d1484ab2ddda
xmodelmesh,#hash_39172647fa7e12bb
xmodelmesh,#hash_39181fd389765557
xmodelmesh,#hash_3919088635cc75af
xmodelmesh,#hash_39197df35c2322fc
xmodelmesh,#hash_3919d3b0690c76ff
xmodelmesh,#hash_391b8a2a101f65d4
xmodelmesh,#hash_391b9fc1049eac99
xmodelmesh,#hash_391c4a408a884d9b
xmodelmesh,#hash_391fef6c731d965b
xmodelmesh,#hash_39208f24162e600e
xmodelmesh,#hash_3921069d9e45fa44
xmodelmesh,#hash_3922e819ee834586
xmodelmesh,#hash_3924b5e5bc7589bd
xmodelmesh,#hash_3925acf8f9c2949a
xmodelmesh,#hash_392993d443ba0759
xmodelmesh,#hash_3929a059e011b7e9
xmodelmesh,#hash_b92a94240528c152
xmodelmesh,#hash_b92b0a9b817a16be
xmodelmesh,#hash_392b7732a36ca972
xmodelmesh,#hash_392dcb2584abefab
xmodelmesh,#hash_392e471315da2df3
xmodelmesh,#hash_392ec3cbf0dba185
xmodelmesh,#hash_392ee8b1c0c7caad
xmodelmesh,#hash_393019a7c8f6860c
xmodelmesh,#hash_39303a4e7841ac15
xmodelmesh,#hash_3930654059412906
xmodelmesh,#hash_3933f95ae131cae2
xmodelmesh,#hash_3934341a7bae4729
xmodelmesh,#hash_39379aa502e6bbf5
xmodelmesh,#hash_3937d6de5b0b8abc
xmodelmesh,#hash_393a1f23bcd57f53
xmodelmesh,#hash_393a70c0eb398ec2
xmodelmesh,#hash_393b6dbfaa4d94e7
xmodelmesh,#hash_393e0936b17b8de1
xmodelmesh,#hash_393f33969bf165af
xmodelmesh,#hash_393f736b5f70ada6
xmodelmesh,#hash_3940670808fbb239
xmodelmesh,#hash_394079840b5b3bc1
xmodelmesh,#hash_39489ff9c57e075e
xmodelmesh,#hash_b94b098e90614bf1
xmodelmesh,#hash_394cd90b732204b1
xmodelmesh,#hash_394e0844d3af6b70
xmodelmesh,#hash_b94e66b889515b49
xmodelmesh,#hash_3951bc96df7a6335
xmodelmesh,#hash_395300a2b520ab70
xmodelmesh,#hash_3954b946612851bf
xmodelmesh,#hash_395a346259cc355a
xmodelmesh,#hash_395a793d7bc3bfb8
xmodelmesh,#hash_395c0e432bccf5ca
xmodelmesh,#hash_395d2f5ecc894451
xmodelmesh,#hash_395f364d8c5179ef
xmodelmesh,#hash_3965205870bedfbd
xmodelmesh,#hash_3965bf265f9584f0
xmodelmesh,#hash_39693d26854c8133
xmodelmesh,#hash_3969b8adcc3250df
xmodelmesh,#hash_b96b4b2cf83f183e
xmodelmesh,#hash_b96b5609766f1111
xmodelmesh,#hash_b96b7d09e9cd6cdf
xmodelmesh,#hash_396ba402889c142d
xmodelmesh,#hash_396cd9df40307bd2
xmodelmesh,#hash_396ea265f25dc5ea
xmodelmesh,#hash_39745daea693244e
xmodelmesh,#hash_397535b6a0e50870
xmodelmesh,#hash_397591f1142f55b2
xmodelmesh,#hash_3975e55f89558fac
xmodelmesh,#hash_3976bca355168e9f
xmodelmesh,#hash_397a1becea607640
xmodelmesh,#hash_397b7d0e63942d98
xmodelmesh,#hash_397c899ae996b8bc
xmodelmesh,#hash_397e8329247b6b6f
xmodelmesh,#hash_397ebf81653f7c2e
xmodelmesh,#hash_397ff53db4d62ea8
xmodelmesh,#hash_3980e5859c475fbd
xmodelmesh,#hash_3981a851798f3dae
xmodelmesh,#hash_3981ca2fbf291a01
xmodelmesh,#hash_398353450d5066e1
xmodelmesh,#hash_39844d20eff694d8
xmodelmesh,#hash_3985522e02902a0f
xmodelmesh,#hash_39865c51dac914b8
xmodelmesh,#hash_b98887b129339c5f
xmodelmesh,#hash_b989e741d8c678f1
xmodelmesh,#hash_398a453f278d6434
xmodelmesh,#hash_398c836fda8c6826
xmodelmesh,#hash_398cd5b091023e75
xmodelmesh,#hash_398d5b904c295753
xmodelmesh,#hash_b98df427222cb335
xmodelmesh,#hash_398e4cbff34ba8c9
xmodelmesh,#hash_398fd65a09288ad2
xmodelmesh,#hash_b9907b7e7896d31e
xmodelmesh,#hash_b9965bb52b5bd6c4
xmodelmesh,#hash_3997ca6dca318773
xmodelmesh,#hash_399a7f2d296f31ee
xmodelmesh,#hash_399b8f8fc988851b
xmodelmesh,#hash_399baab24f5ff7bb
xmodelmesh,#hash_399c66e057817dba
xmodelmesh,#hash_399dd64aa45635d2
xmodelmesh,#hash_b99ec4ca9eb5a31a
xmodelmesh,#hash_39a0eaae09d86d60
xmodelmesh,#hash_39a13ae73c4aff79
xmodelmesh,#hash_39a19bbcb0c2210f
xmodelmesh,#hash_39a21ba8a3e19954
xmodelmesh,#hash_39a44fc9c05ea883
xmodelmesh,#hash_39a8248c1dcf10e3
xmodelmesh,#hash_39a9068bdde5eb94
xmodelmesh,#hash_39aac7a3e6d381e8
xmodelmesh,#hash_39abf1ea471edf93
xmodelmesh,#hash_39ac5493625d756f
xmodelmesh,#hash_39ac55af8e62cd06
xmodelmesh,#hash_b9ae7408c5b4dcf1
xmodelmesh,#hash_39b171906c2f6a88
xmodelmesh,#hash_39b3ac1222cc6747
xmodelmesh,#hash_39b45c616a912d18
xmodelmesh,#hash_39b8314d25c24a28
xmodelmesh,#hash_39b90645c2055fbb
xmodelmesh,#hash_39bad4d9672edb86
xmodelmesh,#hash_39c4877b8a4be2cb
xmodelmesh,#hash_39c4c2674b8054fc
xmodelmesh,#hash_39c68847914ee903
xmodelmesh,#hash_39c6993a375a18da
xmodelmesh,#hash_39c8f44f08fa9415
xmodelmesh,#hash_39c90ab14bae3c74
xmodelmesh,#hash_39c9b86137b07663
xmodelmesh,#hash_39ca4835bcf92107
xmodelmesh,#hash_39cae3981b1854df
xmodelmesh,#hash_39cafa5cadce00b8
xmodelmesh,#hash_b9cc20b2a36817b9
xmodelmesh,#hash_b9cdf3e3f99eb83b
xmodelmesh,#hash_39ce96bda0c325fb
xmodelmesh,#hash_39d1faeed693d667
xmodelmesh,#hash_39d389c743de3e86
xmodelmesh,#hash_39d46ad896f6d7a4
xmodelmesh,#hash_39d4e6eb4c914d26
xmodelmesh,#hash_b9d5d00a3dfe5850
xmodelmesh,#hash_39d7671bc6ab957d
xmodelmesh,#hash_39d89a693fde9696
xmodelmesh,#hash_39d89c88959694a2
xmodelmesh,#hash_39d92073c9188e9e
xmodelmesh,#hash_39dac02a9dcc10f7
xmodelmesh,#hash_39dad7d6acf80724
xmodelmesh,#hash_b9dc1239a5e3d9a0
xmodelmesh,#hash_39df3d6535fd8050
xmodelmesh,#hash_39e3010581bab29a
xmodelmesh,#hash_b9e320a889731ee5
xmodelmesh,#hash_39e3a1d8210c695a
xmodelmesh,#hash_39e7023981d57ec4
xmodelmesh,#hash_39e86f94104d83d1
xmodelmesh,#hash_39ea53aec8d4e67c
xmodelmesh,#hash_b9ebc00a05ed78d7
xmodelmesh,#hash_39ed5058a14059b3
xmodelmesh,#hash_39edb67e550f3159
xmodelmesh,#hash_39f02fb3a6cc4132
xmodelmesh,#hash_b9f051bb3cf7ace0
xmodelmesh,#hash_b9f57ae503dd539a
xmodelmesh,#hash_39f5fa89d65c105f
xmodelmesh,#hash_39f80782150d1476
xmodelmesh,#hash_39fa65b32c0b916f
xmodelmesh,#hash_b9fbbffdc9f86669
xmodelmesh,#hash_b9fbc9523b9ec364
xmodelmesh,#hash_b9feb4f1565e5bdc
xmodelmesh,#hash_3a008e2cede4e299
xmodelmesh,#hash_3a0158a341d070a0
xmodelmesh,#hash_3a02c3c06bf68715
xmodelmesh,#hash_ba035c443aff4c33
xmodelmesh,#hash_ba045b7a55f675c8
xmodelmesh,#hash_3a07ac6e77d8218e
xmodelmesh,#hash_3a0844e39e7268f1
xmodelmesh,#hash_3a08783990ffd241
xmodelmesh,#hash_ba09277bc460f985
xmodelmesh,#hash_3a0a45c21703f0c6
xmodelmesh,#hash_3a0b5698c46e427c
xmodelmesh,#hash_3a0c092499cde4fc
xmodelmesh,#hash_ba0d7ea7514780cc
xmodelmesh,#hash_ba0f29a75af274ad
xmodelmesh,#hash_ba111d8da07c1549
xmodelmesh,#hash_ba1bdfdcd6c2ea26
xmodelmesh,#hash_ba1c7119bd535a59
xmodelmesh,#hash_3a20237040e184ec
xmodelmesh,#hash_3a2051e73c33738c
xmodelmesh,#hash_ba225e433f8d2c4f
xmodelmesh,#hash_3a242d5403a739ec
xmodelmesh,#hash_ba25349a285c5f20
xmodelmesh,#hash_3a254865a2a83f5f
xmodelmesh,#hash_3a2683cfcad0344c
xmodelmesh,#hash_3a271bc85927aeef
xmodelmesh,#hash_ba28101b445cd221
xmodelmesh,#hash_3a2872a6e022816a
xmodelmesh,#hash_3a2e51102fb85579
xmodelmesh,#hash_3a2f6312d5942cce
xmodelmesh,#hash_3a3097e9bb86072f
xmodelmesh,#hash_3a346cdc25e4c8ea
xmodelmesh,#hash_3a34d31695235861
xmodelmesh,#hash_3a351598daa471f0
xmodelmesh,#hash_3a35b33a8d890a33
xmodelmesh,#hash_3a3795552b884e8b
xmodelmesh,#hash_3a38152815be003e
xmodelmesh,#hash_3a3974cf9d979a56
xmodelmesh,#hash_3a39f5935274dfeb
xmodelmesh,#hash_3a3be192929e7f3b
xmodelmesh,#hash_3a3e81a68d6bcb27
xmodelmesh,#hash_3a409f08dcc6a62f
xmodelmesh,#hash_3a45551469f4cf5f
xmodelmesh,#hash_3a4635ff944bc5e7
xmodelmesh,#hash_ba47913e3c33000a
xmodelmesh,#hash_3a4dc8983264fc4a
xmodelmesh,#hash_3a4e3bfcc69985a7
xmodelmesh,#hash_3a4f34b3e5c37314
xmodelmesh,#hash_3a4f76446f5e7216
xmodelmesh,#hash_ba4f8930e963800d
xmodelmesh,#hash_3a53013741d5b831
xmodelmesh,#hash_ba54db6a338f636e
xmodelmesh,#hash_ba55844ebf679a53
xmodelmesh,#hash_ba572ff7783f9d87
xmodelmesh,#hash_3a5af4cc4f2fb0d3
xmodelmesh,#hash_3a6103dcaf762aae
xmodelmesh,#hash_3a62890e96f33c99
xmodelmesh,#hash_3a65ba08f41690fd
xmodelmesh,#hash_3a68ae9a55cf3a2b
xmodelmesh,#hash_3a6ac83dc9255693
xmodelmesh,#hash_3a6bb0650ecf98f5
xmodelmesh,#hash_3a6d95b42dd71911
xmodelmesh,#hash_3a700c04140bd3e3
xmodelmesh,#hash_ba7478733baaa9b7
xmodelmesh,#hash_3a7661264a9910a0
xmodelmesh,#hash_ba773923d2243e64
xmodelmesh,#hash_3a781c22e16736fa
xmodelmesh,#hash_3a79decc97a75d83
xmodelmesh,#hash_3a7b8d08e8e8a734
xmodelmesh,#hash_3a7c9727148cd513
xmodelmesh,#hash_3a7f4bd263381b1c
xmodelmesh,#hash_3a7f87c8bd599ae9
xmodelmesh,#hash_3a82b41ee2d01ed1
xmodelmesh,#hash_3a83dbbd8ad373c8
xmodelmesh,#hash_3a87116df67c4c78
xmodelmesh,#hash_3a8865698c66c65f
xmodelmesh,#hash_3a89cae29769fa6d
xmodelmesh,#hash_3a8acb88db02fc38
xmodelmesh,#hash_3a91977cfd8c08b9
xmodelmesh,#hash_3a986d7e43cbcfd2
xmodelmesh,#hash_3a9b44cb48138b61
xmodelmesh,#hash_3a9cf4e05cb64f52
xmodelmesh,#hash_3a9e11d815251c86
xmodelmesh,#hash_3aa17cac0a99f636
xmodelmesh,#hash_3aa24622b7a9175d
xmodelmesh,#hash_3aa294cc3cc2439d
xmodelmesh,#hash_3aa41df55c425a38
xmodelmesh,#hash_3aa60b3d2fca271d
xmodelmesh,#hash_baa627dc46ae5c21
xmodelmesh,#hash_3aa75ddbcacf07dc
xmodelmesh,#hash_3aaa95e3225c2a06
xmodelmesh,#hash_3aab1c790ed027bc
xmodelmesh,#hash_3aad5f6568c459f6
xmodelmesh,#hash_3aadbe6dfbc77646
xmodelmesh,#hash_3aaf6024b7061edf
xmodelmesh,#hash_3ab00846a0225c97
xmodelmesh,#hash_3ab2aa69e36e84f0
xmodelmesh,#hash_bab2ca893deae806
xmodelmesh,#hash_bab314c0addc51a0
xmodelmesh,#hash_3ab346af0edb4936
xmodelmesh,#hash_3ab53d84fcc84f43
xmodelmesh,#hash_3ab7c3fdb52083df
xmodelmesh,#hash_bab8b6e7714b0fb2
xmodelmesh,#hash_3ab9618ed0a99261
xmodelmesh,#hash_3abb3638909133bb
xmodelmesh,#hash_3abba620b5bc1d77
xmodelmesh,#hash_3abc03404e4704d7
xmodelmesh,#hash_3abd1cec09e7ed53
xmodelmesh,#hash_3abf0e4ce7df7855
xmodelmesh,#hash_bac254d63a33ee9b
xmodelmesh,#hash_bac6bd6bf1899e79
xmodelmesh,#hash_3ac774879bf83d01
xmodelmesh,#hash_3ac8c6517ad77a85
xmodelmesh,#hash_3ac9e61dad9f139d
xmodelmesh,#hash_3ace2224214d5b5b
xmodelmesh,#hash_3ad61fc746df2738
xmodelmesh,#hash_3ad9426576758373
xmodelmesh,#hash_3adb24b9f9040362
xmodelmesh,#hash_3adbf7f9a98a75e9
xmodelmesh,#hash_3adcc6c43d84122b
xmodelmesh,#hash_3adf1e7588f05c56
xmodelmesh,#hash_3ae2d047fbc8e8fa
xmodelmesh,#hash_3ae808334c99befd
xmodelmesh,#hash_3ae847d485643ac2
xmodelmesh,#hash_3ae92278ac60c1e1
xmodelmesh,#hash_3aebed4402029f08
xmodelmesh,#hash_3aec6a39cfb68135
xmodelmesh,#hash_3aec8c9a1e63ac89
xmodelmesh,#hash_3aef62253a649ee8
xmodelmesh,#hash_3aefca25cf2c7591
xmodelmesh,#hash_baf4043acdd713a7
xmodelmesh,#hash_3af55cd863f7b093
xmodelmesh,#hash_3af6010332523f81
xmodelmesh,#hash_3af6624f51af98c7
xmodelmesh,#hash_3afbf116ff9bf81a
xmodelmesh,#hash_3b00e894748ec058
xmodelmesh,#hash_3b0181a390c44769
xmodelmesh,#hash_3b039dd3a960a902
xmodelmesh,#hash_bb0867b8c9f5f3ab
xmodelmesh,#hash_3b08f4952454105e
xmodelmesh,#hash_3b0935850467aeec
xmodelmesh,#hash_3b0a383e3b10c507
xmodelmesh,#hash_3b0be59454714748
xmodelmesh,#hash_3b0c3622742beed2
xmodelmesh,#hash_3b0d168f03a6739c
xmodelmesh,#hash_3b0d61e51ce99d8f
xmodelmesh,#hash_3b10fde0d6a421d8
xmodelmesh,#hash_3b115792e28c294b
xmodelmesh,#hash_3b11afb6e19be281
xmodelmesh,#hash_3b11d68585e43f9d
xmodelmesh,#hash_3b11d7e597c1f121
xmodelmesh,#hash_3b12b4a85ab3a241
xmodelmesh,#hash_3b13b60204f45e54
xmodelmesh,#hash_3b1613d2ad11dc3a
xmodelmesh,#hash_3b184f7ccee5d524
xmodelmesh,#hash_3b18922e1b867ece
xmodelmesh,#hash_3b1a41fdfe0b792a
xmodelmesh,#hash_3b1a534bbe0dbbfc
xmodelmesh,#hash_bb1b90df0ffc978e
xmodelmesh,#hash_3b1cbf1d0cf3fc79
xmodelmesh,#hash_3b1fd3329272e6b8
xmodelmesh,#hash_3b21eb8ffe6dc989
xmodelmesh,#hash_3b261d9c9ad807a4
xmodelmesh,#hash_3b275df9a762ffbe
xmodelmesh,#hash_3b2a1cef200a2165
xmodelmesh,#hash_3b2a5f04cde999bc
xmodelmesh,#hash_3b2bba16e62a4e37
xmodelmesh,#hash_3b2e42a03fc615e3
xmodelmesh,#hash_3b2ea9c217321510
xmodelmesh,#hash_3b316a22187965db
xmodelmesh,#hash_3b321217597f6929
xmodelmesh,#hash_3b32984baa955153
xmodelmesh,#hash_3b3361d20272ddab
xmodelmesh,#hash_3b3407aef043eda2
xmodelmesh,#hash_bb340c534647d672
xmodelmesh,#hash_3b34b8c616bb655f
xmodelmesh,#hash_3b388cda4d2e66e3
xmodelmesh,#hash_bb394625392f31a6
xmodelmesh,#hash_3b3acc101013c846
xmodelmesh,#hash_3b3bbcb587d21c17
xmodelmesh,#hash_bb3c0a1479f42251
xmodelmesh,#hash_3b400d6c45c50d2f
xmodelmesh,#hash_3b41e0f7d7ec3aca
xmodelmesh,#hash_3b42c221cfa553e6
xmodelmesh,#hash_3b452af06f9dbe05
xmodelmesh,#hash_3b4982a23f69773a
xmodelmesh,#hash_3b4bccb889650063
xmodelmesh,#hash_bb4d1184310b200a
xmodelmesh,#hash_3b4ec3c7d63c4e2b
xmodelmesh,#hash_3b4fa3f6336747ca
xmodelmesh,#hash_3b526d49fb95fefb
xmodelmesh,#hash_3b529569b00a538f
xmodelmesh,#hash_3b545c1a3d4e8297
xmodelmesh,#hash_3b5a3aac9337cf6f
xmodelmesh,#hash_bb5c1998775a1b9a
xmodelmesh,#hash_3b5c3b63a26eda6f
xmodelmesh,#hash_3b5d62b1cb09bde8
xmodelmesh,#hash_3b61bbfd5bb3c1e1
xmodelmesh,#hash_3b62ca456366804f
xmodelmesh,#hash_3b62f6a0293fc6bb
xmodelmesh,#hash_bb67d709414453b5
xmodelmesh,#hash_3b68750b1b8cd635
xmodelmesh,#hash_3b6dc57bf6ec9a28
xmodelmesh,#hash_bb6de6784bf140e2
xmodelmesh,#hash_3b6f1bb80404db56
xmodelmesh,#hash_3b72b10d8094793f
xmodelmesh,#hash_3b7390ec915738ef
xmodelmesh,#hash_bb74ed734870b289
xmodelmesh,#hash_3b76ef902758a68e
xmodelmesh,#hash_3b7914ca3f52ce9f
xmodelmesh,#hash_3b7a7b11179c8070
xmodelmesh,#hash_bb7c5bc0792b9149
xmodelmesh,#hash_3b7d19fe3b2d053a
xmodelmesh,#hash_3b7d5b0e487bf736
xmodelmesh,#hash_3b7d983dbd6375ed
xmodelmesh,#hash_3b7e713d5c6939d2
xmodelmesh,#hash_3b8001532ada13c3
xmodelmesh,#hash_3b80698f83bfeae0
xmodelmesh,#hash_bb8128967c00bbc6
xmodelmesh,#hash_3b8172030f42fdc0
xmodelmesh,#hash_bb89541d6a40351e
xmodelmesh,#hash_3b8ecd4b1acf58fd
xmodelmesh,#hash_bb93442bdb8aa0f8
xmodelmesh,#hash_3b95b1886e9e289a
xmodelmesh,#hash_3b97364d52dd62a8
xmodelmesh,#hash_3b9bf9e55c734f65
xmodelmesh,#hash_3b9c058295646d3b
xmodelmesh,#hash_3b9de77ff9b6ebb3
xmodelmesh,#hash_3ba035fea662f18e
xmodelmesh,#hash_3ba4bd3ffc8ea1e5
xmodelmesh,#hash_bba6008d98996755
xmodelmesh,#hash_3ba82b2abddd5b7f
xmodelmesh,#hash_bba86d3f288a5475
xmodelmesh,#hash_bbadacd108f88723
xmodelmesh,#hash_3badb072d7230875
xmodelmesh,#hash_3badcda4f5171a72
xmodelmesh,#hash_3bae02d066f72250
xmodelmesh,#hash_3bae3888068b8326
xmodelmesh,#hash_3bae60b1c1111773
xmodelmesh,#hash_3bafde64d3f35a8e
xmodelmesh,#hash_3bb0cf4e3456bacf
xmodelmesh,#hash_3bb14cad709677c5
xmodelmesh,#hash_3bb20049623eaa92
xmodelmesh,#hash_bbb388049a85a96a
xmodelmesh,#hash_3bb55676bc4f6824
xmodelmesh,#hash_bbb88293df6b3dfb
xmodelmesh,#hash_3bb8da9a391203f7
xmodelmesh,#hash_3bbd290b104a75e3
xmodelmesh,#hash_bbbd668b521907ed
xmodelmesh,#hash_bbbf843aaa2e9f95
xmodelmesh,#hash_3bc069cce29c8a6d
xmodelmesh,#hash_3bc10feda25ada47
xmodelmesh,#hash_3bc300f9327d579d
xmodelmesh,#hash_3bc404e5d197417c
xmodelmesh,#hash_3bc482108291983a
xmodelmesh,#hash_3bc52fa39cf30a04
xmodelmesh,#hash_bbc5ec24b8550a5e
xmodelmesh,#hash_3bc608096d69beb5
xmodelmesh,#hash_3bc808730f41d988
xmodelmesh,#hash_3bc9ad239df24d99
xmodelmesh,#hash_bbcd7a226947a9de
xmodelmesh,#hash_3bce04dd50f25e9c
xmodelmesh,#hash_3bd16cf9e036ffca
xmodelmesh,#hash_3bd2be209e3b4c54
xmodelmesh,#hash_3bd3166870fceb19
xmodelmesh,#hash_3bd318a08d6e31aa
xmodelmesh,#hash_3bd78e912f42f8a4
xmodelmesh,#hash_3bda305fbc3b486c
xmodelmesh,#hash_3bdc4cab54c0969d
xmodelmesh,#hash_3bdf883413beea37
xmodelmesh,#hash_3be0136174c33ec5
xmodelmesh,#hash_3be0e8618e4c5f43
xmodelmesh,#hash_3be17fad30f84e5e
xmodelmesh,#hash_3be22b2bce4dcf1a
xmodelmesh,#hash_3be2522c0186bc2c
xmodelmesh,#hash_3be66c640626e113
xmodelmesh,#hash_3be6e6a78fb17e70
xmodelmesh,#hash_3be7c82838a0967c
xmodelmesh,#hash_3be9e9f19e8b72cf
xmodelmesh,#hash_3beb5aad97f8c617
xmodelmesh,#hash_3beb9080a20c16d8
xmodelmesh,#hash_3becfe2bda58276d
xmodelmesh,#hash_bbf0af44e081ff20
xmodelmesh,#hash_3bf760dc2afb4f83
xmodelmesh,#hash_3bf9773644a680fe
xmodelmesh,#hash_3c00f78469b37626
xmodelmesh,#hash_3c02bf4533067901
xmodelmesh,#hash_bc03323de381ea12
xmodelmesh,#hash_bc086bb498b5753c
xmodelmesh,#hash_bc0bdc22b102fff6
xmodelmesh,#hash_3c0d39acf17ba364
xmodelmesh,#hash_3c0e335cb4c12b8d
xmodelmesh,#hash_3c0e9aa2262053fe
xmodelmesh,#hash_3c0ec390d577f927
xmodelmesh,#hash_3c11af3039225921
xmodelmesh,#hash_3c14b36676b9cc32
xmodelmesh,#hash_3c165e3022219bcd
xmodelmesh,#hash_3c17a87c0e2b83cf
xmodelmesh,#hash_3c17fe99512df5d0
xmodelmesh,#hash_bc18f9f99e4e15c5
xmodelmesh,#hash_3c1917810a3ca2e6
xmodelmesh,#hash_3c19a1023dce1168
xmodelmesh,#hash_3c1a01d0b8dda096
xmodelmesh,#hash_3c1a14977e86934f
xmodelmesh,#hash_3c1d781e806833e8
xmodelmesh,#hash_3c22d1e64a97afac
xmodelmesh,#hash_3c28c7622347d914
xmodelmesh,#hash_3c29871f7694c7c5
xmodelmesh,#hash_3c2ada5d79f21fd0
xmodelmesh,#hash_3c2c44f086fb572a
xmodelmesh,#hash_3c302a133e368fbd
xmodelmesh,#hash_3c3128c9cfdb7d7d
xmodelmesh,#hash_bc326eedec28fe12
xmodelmesh,#hash_3c33cedef4086a91
xmodelmesh,#hash_3c33f40d528a3d42
xmodelmesh,#hash_3c34fdb5c079cb83
xmodelmesh,#hash_3c35798cb9765682
xmodelmesh,#hash_3c3661ca1806ce46
xmodelmesh,#hash_3c3681568f8b4df8
xmodelmesh,#hash_bc38feb669bbd218
xmodelmesh,#hash_3c3dcb5539f04b7f
xmodelmesh,#hash_3c3dcff68b531245
xmodelmesh,#hash_3c433714887f276a
xmodelmesh,#hash_bc45225eb7a7baf9
xmodelmesh,#hash_bc45b3c6b6ec3a0f
xmodelmesh,#hash_3c4b4afc6df7fd78
xmodelmesh,#hash_3c4b8940513769f5
xmodelmesh,#hash_3c4c1f32dd824198
xmodelmesh,#hash_3c4c7156c15b2d15
xmodelmesh,#hash_3c4ea594beb069cd
xmodelmesh,#hash_3c51e47fe7eff6e5
xmodelmesh,#hash_3c53198fd30d0e40
xmodelmesh,#hash_3c53bbfcd672a40a
xmodelmesh,#hash_3c55ccf98a0c6937
xmodelmesh,#hash_3c58e04ba87df310
xmodelmesh,#hash_3c5a11ea55e9e8ed
xmodelmesh,#hash_3c5a8aa028ef5713
xmodelmesh,#hash_3c5b0a603bc5f585
xmodelmesh,#hash_3c5c79a92f5f0cc2
xmodelmesh,#hash_bc6050f5b165ae5d
xmodelmesh,#hash_bc6395f980b05541
xmodelmesh,#hash_3c66c67451486d14
xmodelmesh,#hash_3c67a7eed334c1ba
xmodelmesh,#hash_3c69bda0702a12ea
xmodelmesh,#hash_3c69eda6cc18a923
xmodelmesh,#hash_3c6cdb2719851345
xmodelmesh,#hash_3c771a031d2ede03
xmodelmesh,#hash_3c777ce3012723da
xmodelmesh,#hash_bc781c443143cae3
xmodelmesh,#hash_3c78d577d8c270b9
xmodelmesh,#hash_3c7c7524ad2951f7
xmodelmesh,#hash_3c7d2f556059d0e7
xmodelmesh,#hash_3c7d978c8ddc41a2
xmodelmesh,#hash_bc7db6d4d89895c4
xmodelmesh,#hash_3c7e9104658adaeb
xmodelmesh,#hash_3c82a5ec5706e54f
xmodelmesh,#hash_3c837edd67083b4f
xmodelmesh,#hash_3c839b9dba4ce032
xmodelmesh,#hash_3c83a5a2f459156d
xmodelmesh,#hash_3c8653e2870974c0
xmodelmesh,#hash_bc8954635513ecfd
xmodelmesh,#hash_3c8c7c68cebcf6e2
xmodelmesh,#hash_3c8d78074cc5e837
xmodelmesh,#hash_3c909ec6812cdeb0
xmodelmesh,#hash_3c922c996df4093f
xmodelmesh,#hash_3c927ffa10134522
xmodelmesh,#hash_3c92898718f005bd
xmodelmesh,#hash_3c935a559ea642a1
xmodelmesh,#hash_bc93bc07945cbb4f
xmodelmesh,#hash_3c93effb08d94829
xmodelmesh,#hash_3c949dc3b0dc7e86
xmodelmesh,#hash_3c94d40251337050
xmodelmesh,#hash_bc96642063a545a9
xmodelmesh,#hash_3c980ece74fb0066
xmodelmesh,#hash_3c9a5e1ad0e2f890
xmodelmesh,#hash_3c9a78aec6f462a8
xmodelmesh,#hash_3c9d19fc4c51367b
xmodelmesh,#hash_3c9f37fbd480a6ff
xmodelmesh,#hash_3c9fe2d94010d9e7
xmodelmesh,#hash_bca0c78a6552f2c8
xmodelmesh,#hash_3ca1fa99684a1723
xmodelmesh,#hash_3ca30ffed3bfb3b4
xmodelmesh,#hash_3ca42300cddccf60
xmodelmesh,#hash_3ca4af6b19729bb8
xmodelmesh,#hash_3caab6532c50a044
xmodelmesh,#hash_3cace79aa226d431
xmodelmesh,#hash_3cafd16dcb831a08
xmodelmesh,#hash_3cb0f6c21b3bf219
xmodelmesh,#hash_3cb348b6a805bfda
xmodelmesh,#hash_bcb3c86138334c76
xmodelmesh,#hash_bcb876250d65e1df
xmodelmesh,#hash_bcb91698a1b4c533
xmodelmesh,#hash_bcba925c30d125f8
xmodelmesh,#hash_3cbbbf7e6bd274d5
xmodelmesh,#hash_3cbdb8526fd5c926
xmodelmesh,#hash_3cbefac2eaeeeb58
xmodelmesh,#hash_3cc1e31a5fd93e52
xmodelmesh,#hash_bcc299e285c69015
xmodelmesh,#hash_3cc3c1bf96e0b404
xmodelmesh,#hash_3cc5f20b0327fa2b
xmodelmesh,#hash_3cc5fbdf4e970274
xmodelmesh,#hash_3cc6a7c668f0def5
xmodelmesh,#hash_3cc6b298ecd22eb7
xmodelmesh,#hash_3cc90c644be84787
xmodelmesh,#hash_3cd4e2540c3205e5
xmodelmesh,#hash_3cd65dd7a8895f59
xmodelmesh,#hash_3cd8fe6e408d6742
xmodelmesh,#hash_bcdb0dee1d7098c3
xmodelmesh,#hash_3cdc390782ccc160
xmodelmesh,#hash_3cdc39ae6eadac86
xmodelmesh,#hash_3cde820256592f13
xmodelmesh,#hash_bcdec38f48f19ae7
xmodelmesh,#hash_3cdf233a14731546
xmodelmesh,#hash_bce15c3b5b5f0a53
xmodelmesh,#hash_3ce276be9f1088a0
xmodelmesh,#hash_3ce3b95561a26858
xmodelmesh,#hash_3ce3dfe2bf498a7d
xmodelmesh,#hash_3ce40885fd2c1353
xmodelmesh,#hash_3cea88c9ce59de13
xmodelmesh,#hash_3ceb13ca9f5f624b
xmodelmesh,#hash_3ced39613eb3b59c
xmodelmesh,#hash_3cedc66ed72ca6ad
xmodelmesh,#hash_3cee6b192b01c803
xmodelmesh,#hash_3ceff90cd3ed8b0f
xmodelmesh,#hash_3cf00fc2158c8cd9
xmodelmesh,#hash_bcf093e37dd40ef0
xmodelmesh,#hash_3cf11eaae332d694
xmodelmesh,#hash_3cf2521847dd6e2e
xmodelmesh,#hash_3cf6fa063a69984c
xmodelmesh,#hash_3cf7b3f699b59a0c
xmodelmesh,#hash_bcfa94089dc06939
xmodelmesh,#hash_3cfc6a8238f0912b
xmodelmesh,#hash_3cfdef69562eabd3
xmodelmesh,#hash_3cfe87eda94a2a62
xmodelmesh,#hash_3d00136d6a4c06ec
xmodelmesh,#hash_bd0145d46e0c3084
xmodelmesh,#hash_3d02d9f02368b5cd
xmodelmesh,#hash_3d0321a562dd2fd5
xmodelmesh,#hash_3d0648a07697c868
xmodelmesh,#hash_bd0807573564a6ef
xmodelmesh,#hash_3d0a7261e4926c95
xmodelmesh,#hash_3d0ca00a8d0f8ff6
xmodelmesh,#hash_3d0ec50918b379a6
xmodelmesh,#hash_3d10ed68d6800af7
xmodelmesh,#hash_3d12a3f03ff3d54b
xmodelmesh,#hash_3d12f0b863c0326e
xmodelmesh,#hash_3d137330579d639b
xmodelmesh,#hash_3d15876c31979c6b
xmodelmesh,#hash_3d1663e3110e679a
xmodelmesh,#hash_3d1918c24a92536d
xmodelmesh,#hash_bd19d6e2c8d27631
xmodelmesh,#hash_3d20bf9a966b31c3
xmodelmesh,#hash_3d216c7903261ad7
xmodelmesh,#hash_3d2278471b0a7c51
xmodelmesh,#hash_3d23eb04e6c140bc
xmodelmesh,#hash_3d249b3cb39b5fd4
xmodelmesh,#hash_3d25b06be3682099
xmodelmesh,#hash_3d26719bbb408b4b
xmodelmesh,#hash_3d27601ea26c2771
xmodelmesh,#hash_3d2b16084cd1a610
xmodelmesh,#hash_3d2c3af7e47c1ded
xmodelmesh,#hash_3d303d77c77087a4
xmodelmesh,#hash_3d304a8be3ebe276
xmodelmesh,#hash_3d35cd9012e0eb9c
xmodelmesh,#hash_3d36e4f1ba09485d
xmodelmesh,#hash_3d36fbc47c217cbe
xmodelmesh,#hash_3d3742459ada3f3c
xmodelmesh,#hash_3d380b3977a7cad5
xmodelmesh,#hash_3d38173ee2780f77
xmodelmesh,#hash_3d39d6a11662a8fb
xmodelmesh,#hash_bd3bb2ec9be3c5d6
xmodelmesh,#hash_3d3d986c7acbb2fe
xmodelmesh,#hash_bd3eda99e8e39e8e
xmodelmesh,#hash_3d3f70df0dffe019
xmodelmesh,#hash_3d4753f8b17f7e10
xmodelmesh,#hash_3d488bdd977c868c
xmodelmesh,#hash_3d4c568268e8b49a
xmodelmesh,#hash_3d4e7697c71161dd
xmodelmesh,#hash_bd508834fc78ccaf
xmodelmesh,#hash_3d51ed7610cc04cf
xmodelmesh,#hash_3d557e8a8b3a18a3
xmodelmesh,#hash_3d561c13ba77312b
xmodelmesh,#hash_3d5757a15f854faa
xmodelmesh,#hash_3d575847cd9a1a72
xmodelmesh,#hash_3d58ae49d88cc241
xmodelmesh,#hash_3d5c12139228313b
xmodelmesh,#hash_3d5c616ec4855003
xmodelmesh,#hash_3d5c74e17d4b9cde
xmodelmesh,#hash_3d5d9408d2c71a12
xmodelmesh,#hash_3d60d18e93c42324
xmodelmesh,#hash_3d632643408b4af4
xmodelmesh,#hash_3d658862af8994e5
xmodelmesh,#hash_3d65b541d312d118
xmodelmesh,#hash_3d681811fda54846
xmodelmesh,#hash_3d6a1a93033d6719
xmodelmesh,#hash_3d6b19a0ce71fc8f
xmodelmesh,#hash_bd6ba11344a88ea4
xmodelmesh,#hash_3d6ce16e9feec215
xmodelmesh,#hash_3d6cf1110fb2032d
xmodelmesh,#hash_3d72b6de53f3afc2
xmodelmesh,#hash_bd79f5d06c769830
xmodelmesh,#hash_3d7a3dfdea52cbdf
xmodelmesh,#hash_3d7b1ec3b8aa75d6
xmodelmesh,#hash_bd7b9a0e68662a29
xmodelmesh,#hash_3d7caddbdb6e8532
xmodelmesh,#hash_bd7d57fdb98db2f3
xmodelmesh,#hash_3d7da79d104965f5
xmodelmesh,#hash_3d7ff02ee7d05566
xmodelmesh,#hash_3d868881481b41ef
xmodelmesh,#hash_3d895cb87b90101c
xmodelmesh,#hash_3d89cb1caf26f1f0
xmodelmesh,#hash_3d8a192c6e3b2d6e
xmodelmesh,#hash_bd905b615fef86be
xmodelmesh,#hash_3d9312995e155551
xmodelmesh,#hash_bd967a756ad6ef43
xmodelmesh,#hash_3d977d4e09225344
xmodelmesh,#hash_bd989546152ad34a
xmodelmesh,#hash_3d990ccc47029ff0
xmodelmesh,#hash_bd9a873e610e058f
xmodelmesh,#hash_3d9af3e48106d7b2
xmodelmesh,#hash_3d9b85b95f58616b
xmodelmesh,#hash_bd9c58f6da267f0b
xmodelmesh,#hash_bd9c791098a39303
xmodelmesh,#hash_3d9d01ab76fc617c
xmodelmesh,#hash_3d9e799fded1c249
xmodelmesh,#hash_3d9fdb94077de5db
xmodelmesh,#hash_3da01e86f3747ed5
xmodelmesh,#hash_3da111ed7823e38a
xmodelmesh,#hash_3da2023e66b3686c
xmodelmesh,#hash_bda5319f9b4e6cfc
xmodelmesh,#hash_3da6d61fe1fe3f0d
xmodelmesh,#hash_3da6f3926248898c
xmodelmesh,#hash_bdae046640398923
xmodelmesh,#hash_bdaf1d1007a6bcfb
xmodelmesh,#hash_3db1d1413a5e5354
xmodelmesh,#hash_3db20c2b7cc7f105
xmodelmesh,#hash_3db36776ac11cf92
xmodelmesh,#hash_3db41b76b15a55bb
xmodelmesh,#hash_3db5c73c71cfc10f
xmodelmesh,#hash_3db8843da7501888
xmodelmesh,#hash_3db9570c7a24d267
xmodelmesh,#hash_3dba7535490abbc3
xmodelmesh,#hash_3dbc899e090ec52b
xmodelmesh,#hash_bdbcf95cbf6c5288
xmodelmesh,#hash_bdbda39ecd19d06b
xmodelmesh,#hash_3dc185b79ff3e38e
xmodelmesh,#hash_3dc1fffb539c62d7
xmodelmesh,#hash_3dc2b119b7de357a
xmodelmesh,#hash_3dc2d53c933de069
xmodelmesh,#hash_3dc6e30c6739fa93
xmodelmesh,#hash_3dc6e41c29145d85
xmodelmesh,#hash_3dc75d4b7754d957
xmodelmesh,#hash_bdcb9d4ecaa9182b
xmodelmesh,#hash_3dcfb40a487c2bff
xmodelmesh,#hash_3dd08c5b2cb48584
xmodelmesh,#hash_bdd0b3ed2950ac61
xmodelmesh,#hash_3dd1782e19497315
xmodelmesh,#hash_3dd202a44d2027bf
xmodelmesh,#hash_3dd28fa89952f52a
xmodelmesh,#hash_3dd8f38c0c22d325
xmodelmesh,#hash_3dda6d2bfbb62b9c
xmodelmesh,#hash_3ddbd98a97dc8b7d
xmodelmesh,#hash_3ddf5be78ce7fa48
xmodelmesh,#hash_3ddff0774913d3b2
xmodelmesh,#hash_3de164ae8561b7cf
xmodelmesh,#hash_3de183587349b4df
xmodelmesh,#hash_bde22ccee4a31d26
xmodelmesh,#hash_3de23896330d715c
xmodelmesh,#hash_3de31b3eae545a0a
xmodelmesh,#hash_bde56d67efcdcc81
xmodelmesh,#hash_3de6792c544f870d
xmodelmesh,#hash_3de6fe9c871412db
xmodelmesh,#hash_3deb74a57c00a95e
xmodelmesh,#hash_3dec656b5a2d5cee
xmodelmesh,#hash_bded3b2274ac7c84
xmodelmesh,#hash_3deeaa7ea507fe6c
xmodelmesh,#hash_3deebe9c0a64eacf
xmodelmesh,#hash_3defc471c4cc404f
xmodelmesh,#hash_3df119ccc59c0143
xmodelmesh,#hash_3df22c86362d7984
xmodelmesh,#hash_3df298cd4c4c4b54
xmodelmesh,#hash_bdf4079e46f46a4e
xmodelmesh,#hash_3df409087356b4dd
xmodelmesh,#hash_bdf6d05ac03f33c6
xmodelmesh,#hash_3df798fe75d394fa
xmodelmesh,#hash_3df863c83a4f6cba
xmodelmesh,#hash_3dfb76f214950d69
xmodelmesh,#hash_3dfdf018a5b15bea
xmodelmesh,#hash_3dfdf1aa60f3c91e
xmodelmesh,#hash_3dfe114ceff2174b
xmodelmesh,#hash_3dfec976bd039aec
xmodelmesh,#hash_3dfeca59fd4ec865
xmodelmesh,#hash_be00b2a0c3b0afb0
xmodelmesh,#hash_3e02641b50df4a9d
xmodelmesh,#hash_3e02d96bad222b3f
xmodelmesh,#hash_3e03afbf84ec8f4e
xmodelmesh,#hash_3e048ac4dfe631e9
xmodelmesh,#hash_be09f24ab4e9d681
xmodelmesh,#hash_3e0b003d8c23f3dc
xmodelmesh,#hash_3e0cba9576b4de31
xmodelmesh,#hash_3e10ee0e4af017a9
xmodelmesh,#hash_3e11fc31e7aad926
xmodelmesh,#hash_3e15cbf9a0f927b3
xmodelmesh,#hash_3e15f0d74157f550
xmodelmesh,#hash_3e166007deeba0cc
xmodelmesh,#hash_3e172f93baa22054
xmodelmesh,#hash_3e1906db27e22833
xmodelmesh,#hash_3e20bdc744b3e51c
xmodelmesh,#hash_3e20ebee43c3b48b
xmodelmesh,#hash_3e210123fe60c3b4
xmodelmesh,#hash_be22a141f7510483
xmodelmesh,#hash_be22c33dd8e72168
xmodelmesh,#hash_3e22d1aa6f144522
xmodelmesh,#hash_3e230facfe09f556
xmodelmesh,#hash_3e23ea2292b956f8
xmodelmesh,#hash_3e257c744aa083c1
xmodelmesh,#hash_3e27302452b53dcc
xmodelmesh,#hash_3e2782ffbda10a80
xmodelmesh,#hash_3e2795de8466a007
xmodelmesh,#hash_3e286f39318226b4
xmodelmesh,#hash_be2a98cea4bf02f1
xmodelmesh,#hash_3e2c0a4c04af031c
xmodelmesh,#hash_be2ef7cbdbba00ae
xmodelmesh,#hash_be2f873e0d8b94b0
xmodelmesh,#hash_3e30caad14a07cc2
xmodelmesh,#hash_be316ddeeefeceef
xmodelmesh,#hash_3e3176b084b8e963
xmodelmesh,#hash_3e31c932a70c362c
xmodelmesh,#hash_3e351bdda9b974eb
xmodelmesh,#hash_3e383c7720731c35
xmodelmesh,#hash_3e386cc24e57e571
xmodelmesh,#hash_be3d4d54db63948c
xmodelmesh,#hash_3e3ff4f5dd747abb
xmodelmesh,#hash_3e471f00d38c9c51
xmodelmesh,#hash_3e474f40fac94af8
xmodelmesh,#hash_3e4866dcfbcebc04
xmodelmesh,#hash_3e489a3a55be61b8
xmodelmesh,#hash_3e4970d72c06a3f8
xmodelmesh,#hash_be4b191c531ff85f
xmodelmesh,#hash_be4be4369a0d6fcb
xmodelmesh,#hash_3e4df2dd19464bd3
xmodelmesh,#hash_3e51079406e73ef5
xmodelmesh,#hash_3e524d4a4e7dd5f0
xmodelmesh,#hash_3e529720cbf5f467
xmodelmesh,#hash_3e5315cf3b0e8a46
xmodelmesh,#hash_3e536ff8b01d02b7
xmodelmesh,#hash_3e554bbe15106ceb
xmodelmesh,#hash_3e5614c81d6cda38
xmodelmesh,#hash_3e57d3c7d598b801
xmodelmesh,#hash_3e58959bfd3ff43f
xmodelmesh,#hash_3e58d193cc3d5442
xmodelmesh,#hash_3e596f30281a5082
xmodelmesh,#hash_3e59dd9e5f14c0bb
xmodelmesh,#hash_be5a394a22969c78
xmodelmesh,#hash_3e5ae6a2cd09b86f
xmodelmesh,#hash_be5bfeb39bc246ca
xmodelmesh,#hash_3e5c168054eb7006
xmodelmesh,#hash_3e5d5fe8d8701415
xmodelmesh,#hash_3e5f13ce46468923
xmodelmesh,#hash_3e61cd008538fe10
xmodelmesh,#hash_3e645fff16fb981a
xmodelmesh,#hash_3e6781be6367808f
xmodelmesh,#hash_be6a063115586308
xmodelmesh,#hash_be72658ec438a01d
xmodelmesh,#hash_be72f3a2d204b8cc
xmodelmesh,#hash_3e74211a44381cd6
xmodelmesh,#hash_3e76b10da3b7d84a
xmodelmesh,#hash_3e77f0ccfcfdacb7
xmodelmesh,#hash_3e792000166866d2
xmodelmesh,#hash_3e79a57df3788a1e
xmodelmesh,#hash_3e7d90ab5f743f3c
xmodelmesh,#hash_3e7f9b07eb9c1882
xmodelmesh,#hash_3e8062d50e9b0c7d
xmodelmesh,#hash_3e809667b1b1b283
xmodelmesh,#hash_3e80d7237bd49eb8
xmodelmesh,#hash_3e815c172e08df8a
xmodelmesh,#hash_3e831bd407e21092
xmodelmesh,#hash_3e834c972076a06f
xmodelmesh,#hash_3e83780fb5133a4b
xmodelmesh,#hash_3e89195d29dee9ee
xmodelmesh,#hash_3e895dab5fadc569
xmodelmesh,#hash_3e8e05e9ef9b8d93
xmodelmesh,#hash_3e8f38a82856f574
xmodelmesh,#hash_3e943dd0b2a27efd
xmodelmesh,#hash_3e947c63702c933a
xmodelmesh,#hash_3e9c21e042f74c36
xmodelmesh,#hash_3e9f3e67dca97f10
xmodelmesh,#hash_3e9f84a91b15e843
xmodelmesh,#hash_3ea04cea36a09e6e
xmodelmesh,#hash_bea5627e890cbe3d
xmodelmesh,#hash_3ea63b9752a09e95
xmodelmesh,#hash_3ea85f0bf6b46229
xmodelmesh,#hash_3ea95fb8b9fe69e9
xmodelmesh,#hash_3ea9bef6e2d89f7b
xmodelmesh,#hash_3ea9c9564f6a157d
xmodelmesh,#hash_beaa2e98507cd64a
xmodelmesh,#hash_3eab6a9d824162d7
xmodelmesh,#hash_3eabc954ecdf8ff0
xmodelmesh,#hash_3eabe47f19faa044
xmodelmesh,#hash_3eade4c008a3fb94
xmodelmesh,#hash_beafcb59f5de1389
xmodelmesh,#hash_3eb10980a4ac1bd3
xmodelmesh,#hash_3eb5d2d479dd93d3
xmodelmesh,#hash_3eb758194292bc2f
xmodelmesh,#hash_3eb993df0e592030
xmodelmesh,#hash_bebb7d05f7004c3b
xmodelmesh,#hash_3ebf0c0ca817b50f
xmodelmesh,#hash_3ebf5f217a3137c8
xmodelmesh,#hash_3ec042d2354a8ec2
xmodelmesh,#hash_3ec16e713ea854ba
xmodelmesh,#hash_3ec28536b2f9845c
xmodelmesh,#hash_3ec43a7f1c4bd78b
xmodelmesh,#hash_3ec60f44d3450436
xmodelmesh,#hash_3ec83d8149f0f6e7
xmodelmesh,#hash_3ec96a506a54777d
xmodelmesh,#hash_3ecda33a5510dc98
xmodelmesh,#hash_3ece2af39700fb3f
xmodelmesh,#hash_3ece7677880724bb
xmodelmesh,#hash_3ecfb024e92164e1
xmodelmesh,#hash_3ecff59f9c2d3ced
xmodelmesh,#hash_3ed0df6df1738fe1
xmodelmesh,#hash_bed110788203e9fd
xmodelmesh,#hash_3ed3d7b72e9f16f2
xmodelmesh,#hash_3ed44889ea364468
xmodelmesh,#hash_3ed867848ddfde34
xmodelmesh,#hash_3edbae81c3f89bd8
xmodelmesh,#hash_3edbaef6c2c976ba
xmodelmesh,#hash_3ede5ff97ee54ffa
xmodelmesh,#hash_bedf46c45d28725c
xmodelmesh,#hash_3edfebb3dd0c4f45
xmodelmesh,#hash_3ee1c4859baf8898
xmodelmesh,#hash_3ee1d3e6aa6bb49e
xmodelmesh,#hash_3ee38461dad2ed81
xmodelmesh,#hash_3ee76cdbee9017dc
xmodelmesh,#hash_3ee806e8621aee05
xmodelmesh,#hash_bee99f981c9b380b
xmodelmesh,#hash_3ee9f6734150e2ff
xmodelmesh,#hash_3eea51e88c6d21b8
xmodelmesh,#hash_3ef4c795ea982e43
xmodelmesh,#hash_3ef4cc7e5e3ab903
xmodelmesh,#hash_3ef9979004856509
xmodelmesh,#hash_3ef9f907a3b8c9ad
xmodelmesh,#hash_3efb2eb4b064b61c
xmodelmesh,#hash_3efbfe6cbccaf8ed
xmodelmesh,#hash_3efebbe6fc1b6698
xmodelmesh,#hash_3f017bbc5d8697ec
xmodelmesh,#hash_3f02d8ed75a1221b
xmodelmesh,#hash_bf032fbd699d3781
xmodelmesh,#hash_3f092c9ffef4711b
xmodelmesh,#hash_3f1002a908f4e1cb
xmodelmesh,#hash_3f132d739e809995
xmodelmesh,#hash_3f1546c5ff3950d4
xmodelmesh,#hash_3f15c5793f58df88
xmodelmesh,#hash_3f176a8fb7f316d3
xmodelmesh,#hash_3f1d5cedddaf7983
xmodelmesh,#hash_3f1fc3335c99d886
xmodelmesh,#hash_3f214a16cf6d94cd
xmodelmesh,#hash_3f22787dcca0e66b
xmodelmesh,#hash_bf23e1ebabb283c5
xmodelmesh,#hash_3f23ed51fae2d368
xmodelmesh,#hash_3f250c8b86622132
xmodelmesh,#hash_3f2d86c8bf3386ec
xmodelmesh,#hash_3f3423844d08d78d
xmodelmesh,#hash_3f34529f9e79b6f6
xmodelmesh,#hash_3f347b82fe1d4941
xmodelmesh,#hash_3f34ea8da945f37e
xmodelmesh,#hash_3f3963d9ded35ecc
xmodelmesh,#hash_3f3ba3a0ee4d31c6
xmodelmesh,#hash_3f3cd056fb660758
xmodelmesh,#hash_3f3e07eac7260e20
xmodelmesh,#hash_3f3f346cdf7dad12
xmodelmesh,#hash_3f3f638c1d90fe28
xmodelmesh,#hash_3f4580c0d8e07e6b
xmodelmesh,#hash_bf4646c7f540d877
xmodelmesh,#hash_3f46a2eeefccc9f0
xmodelmesh,#hash_3f48fec285ddcfd8
xmodelmesh,#hash_3f4f3ce3a5d2e47c
xmodelmesh,#hash_3f4f58eb9f94977f
xmodelmesh,#hash_3f4faa37709eb277
xmodelmesh,#hash_3f502bcbda884b4b
xmodelmesh,#hash_3f5066e949ce16cb
xmodelmesh,#hash_3f52960c01359172
xmodelmesh,#hash_3f5388a5486a67e2
xmodelmesh,#hash_bf55ec979ebb9c52
xmodelmesh,#hash_3f597fb55c3d8076
xmodelmesh,#hash_bf5df0c4e109f41a
xmodelmesh,#hash_3f5e517df524b7de
xmodelmesh,#hash_3f61da385eb701ed
xmodelmesh,#hash_3f61ea388d646204
xmodelmesh,#hash_3f63a43e478f86cf
xmodelmesh,#hash_3f63abdd49fa6f36
xmodelmesh,#hash_3f6459cc2b65c0ad
xmodelmesh,#hash_bf67e936a490e9b2
xmodelmesh,#hash_3f69fef590e707c4
xmodelmesh,#hash_3f6cd0fa72093c96
xmodelmesh,#hash_3f7147390adbc840
xmodelmesh,#hash_3f71ae4e2bd28327
xmodelmesh,#hash_3f73d1f151f059c2
xmodelmesh,#hash_3f74f28dbc3366dd
xmodelmesh,#hash_3f74f61915cbc08f
xmodelmesh,#hash_bf765e962ae7798e
xmodelmesh,#hash_bf77407c59871ce0
xmodelmesh,#hash_3f7816eb0a52f034
xmodelmesh,#hash_3f7823b3a6df9058
xmodelmesh,#hash_3f79a94e585b4ac4
xmodelmesh,#hash_3f7a71cf8ea4e0e0
xmodelmesh,#hash_3f7a75cc3661fdfd
xmodelmesh,#hash_bf7aaa78be64ae8d
xmodelmesh,#hash_bf7bad1fc23bd862
xmodelmesh,#hash_3f7ced05dde4ce55
xmodelmesh,#hash_3f7e530cedb184c7
xmodelmesh,#hash_3f7f3667a29839fe
xmodelmesh,#hash_3f803a217401c1aa
xmodelmesh,#hash_bf84841adebe1d8e
xmodelmesh,#hash_3f8952f248bb677a
xmodelmesh,#hash_3f8bbc099adfbfef
xmodelmesh,#hash_bf8d29a1c076fca5
xmodelmesh,#hash_bf8ddaa0932f6708
xmodelmesh,#hash_bf8e9deeb121605f
xmodelmesh,#hash_3f95c689f9d59275
xmodelmesh,#hash_3f9a08dd06350ebb
xmodelmesh,#hash_3f9cd20b92fe418c
xmodelmesh,#hash_3f9ce642db37055b
xmodelmesh,#hash_3f9d894e1ee832ed
xmodelmesh,#hash_bf9e22c5b3d6789c
xmodelmesh,#hash_3f9fd2ff7def8d79
xmodelmesh,#hash_3fa10c2f3c2a1605
xmodelmesh,#hash_3fa13bef10e089c1
xmodelmesh,#hash_bfa145f9f9c25ad2
xmodelmesh,#hash_3fa5f69fc0f6da4c
xmodelmesh,#hash_3fad67b747fd342a
xmodelmesh,#hash_bfaf7a4db9642217
xmodelmesh,#hash_3fb08c60c6f7101b
xmodelmesh,#hash_3fb1ef048efe14e0
xmodelmesh,#hash_3fb29116624e58c4
xmodelmesh,#hash_3fb2c20dbbcbc9df
xmodelmesh,#hash_3fb2dee2467e428e
xmodelmesh,#hash_3fb4fd4d82a08f1d
xmodelmesh,#hash_3fb555e0fa5bcd01
xmodelmesh,#hash_3fb861a6a23c7e90
xmodelmesh,#hash_bfb9df84e70a26fb
xmodelmesh,#hash_3fbadd5623c597ec
xmodelmesh,#hash_3fbbe41b0730c31b
xmodelmesh,#hash_3fbd77881f5d3484
xmodelmesh,#hash_3fbe148d7fde0230
xmodelmesh,#hash_bfc00da84d3aef14
xmodelmesh,#hash_bfc0d2036c457f8a
xmodelmesh,#hash_3fc1cd8c115ddeb4
xmodelmesh,#hash_3fc2c09ae21499de
xmodelmesh,#hash_3fc77c1aba256b79
xmodelmesh,#hash_3fc8b9d11860904d
xmodelmesh,#hash_bfcad54536c1b91c
xmodelmesh,#hash_3fccd7a7e475e78b
xmodelmesh,#hash_bfd7c0c5cd43e689
xmodelmesh,#hash_3fd806ce9c1287f5
xmodelmesh,#hash_bfd84c2b4969edf5
xmodelmesh,#hash_3fda046d5b1bc243
xmodelmesh,#hash_3fdb4e60a8be45b6
xmodelmesh,#hash_3fdcc1448845979e
xmodelmesh,#hash_3fddbd9626b484f9
xmodelmesh,#hash_3fdeda589234a6b1
xmodelmesh,#hash_3fdee098732f124a
xmodelmesh,#hash_3fe272df335b6f9b
xmodelmesh,#hash_3fe273cdb7fe837c
xmodelmesh,#hash_3fe358c7ecc38a9e
xmodelmesh,#hash_3fe389cc718c4c68
xmodelmesh,#hash_3fe4a69d346b5035
xmodelmesh,#hash_3fe6adb97741fd9a
xmodelmesh,#hash_3fe98d15905989a9
xmodelmesh,#hash_bfea5582c41402bc
xmodelmesh,#hash_bfeba751832ad3bd
xmodelmesh,#hash_3fecf91e66beae25
xmodelmesh,#hash_3fedd79f61ddd11e
xmodelmesh,#hash_3fede4a8d8d84722
xmodelmesh,#hash_3fee60cccc511e53
xmodelmesh,#hash_3feeed1d20c2d611
xmodelmesh,#hash_3fefa918785847b6
xmodelmesh,#hash_3ff19cd7922e046e
xmodelmesh,#hash_3ff1d5a028f08339
xmodelmesh,#hash_3ff2122e68659288
xmodelmesh,#hash_3ff214ce1f6fe79a
xmodelmesh,#hash_3ff3a120ccc60a86
xmodelmesh,#hash_3ff4fe9729286de4
xmodelmesh,#hash_3ff5141c0d9ffa33
xmodelmesh,#hash_3ff7e2a4c82e0803
xmodelmesh,#hash_3ffbcc0ef415f714
xmodelmesh,#hash_3ffe51f209577775
xmodelmesh,#hash_40000b32f98f6f60
xmodelmesh,#hash_4001b5622d4dd821
xmodelmesh,#hash_c003619659f143dd
xmodelmesh,#hash_4004e55ebcc3c463
xmodelmesh,#hash_c0050a4bf1b047f2
xmodelmesh,#hash_4005c73c95474ef9
xmodelmesh,#hash_40070395eb43724f
xmodelmesh,#hash_c0087bd5aec52409
xmodelmesh,#hash_c009dd9d72fb4193
xmodelmesh,#hash_400a7fe5e595025f
xmodelmesh,#hash_400c8744080094ab
xmodelmesh,#hash_400dcb3a3c249a3d
xmodelmesh,#hash_401485f33c67c162
xmodelmesh,#hash_4015207573844e83
xmodelmesh,#hash_4017ab35ad01f539
xmodelmesh,#hash_4018cddce5cd9e21
xmodelmesh,#hash_401a334eef84f2c0
xmodelmesh,#hash_c01f08a206b89882
xmodelmesh,#hash_4020009582d9f1bc
xmodelmesh,#hash_402017ec835ca740
xmodelmesh,#hash_402229a42a6195ab
xmodelmesh,#hash_40222b371d63bd6e
xmodelmesh,#hash_402827536bc7f36d
xmodelmesh,#hash_402b148b961958c8
xmodelmesh,#hash_402ca56a22b1e15a
xmodelmesh,#hash_c02dbbe33650cf87
xmodelmesh,#hash_c02e0e4e6ecd34ee
xmodelmesh,#hash_4030bfd40b285451
xmodelmesh,#hash_4031c05d1e220d7b
xmodelmesh,#hash_c03726cd7a8a6102
xmodelmesh,#hash_c03cc46781216434
xmodelmesh,#hash_403cc8f0af8b4436
xmodelmesh,#hash_403d99a09ba37862
xmodelmesh,#hash_403e563f5b824d84
xmodelmesh,#hash_403f9feaba440e3e
xmodelmesh,#hash_403fb2ad782fda5d
xmodelmesh,#hash_404010a3bb7eacd8
xmodelmesh,#hash_4043fe60c8e62982
xmodelmesh,#hash_4045412e79bfca45
xmodelmesh,#hash_4047c0c404fe665a
xmodelmesh,#hash_4047f7da62e6d605
xmodelmesh,#hash_4049551c247ccc2a
xmodelmesh,#hash_404b0c1335cb87c8
xmodelmesh,#hash_c04fb8e782f84843
xmodelmesh,#hash_4050436f8a850b42
xmodelmesh,#hash_40521267ede68074
xmodelmesh,#hash_4055391e909bf1e4
xmodelmesh,#hash_405587c96455287b
xmodelmesh,#hash_405996cb55f5b5ef
xmodelmesh,#hash_405ab6ec80d3948d
xmodelmesh,#hash_405b8f8c4e032d37
xmodelmesh,#hash_405ce95c2130597d
xmodelmesh,#hash_4061ed79e14aebc9
xmodelmesh,#hash_c062cfc0c4af421a
xmodelmesh,#hash_c064000bdc880017
xmodelmesh,#hash_406467a9f0f1e80f
xmodelmesh,#hash_40649db3130bd304
xmodelmesh,#hash_4065851ab5ccaa51
xmodelmesh,#hash_4065c0fb240d53b6
xmodelmesh,#hash_40670c7aa458a5a0
xmodelmesh,#hash_406af0c4267d7901
xmodelmesh,#hash_406d28fd91ee0bd8
xmodelmesh,#hash_c071451b272513c0
xmodelmesh,#hash_40719691a34ee76a
xmodelmesh,#hash_407259b5015ddb14
xmodelmesh,#hash_4072e1fa0f399e1c
xmodelmesh,#hash_c073266d84e3c86e
xmodelmesh,#hash_40734beb521307a9
xmodelmesh,#hash_40757c1cf0e47c07
xmodelmesh,#hash_4075ff95bcf9e5bf
xmodelmesh,#hash_4076c1a7b5041f98
xmodelmesh,#hash_407a42248af91083
xmodelmesh,#hash_407ac0d191cf2017
xmodelmesh,#hash_407bf1894d865a0e
xmodelmesh,#hash_c0806234429b62e4
xmodelmesh,#hash_4081544824eee9bb
xmodelmesh,#hash_4085153ccecad33f
xmodelmesh,#hash_40860a1cdc80a3a3
xmodelmesh,#hash_408753247a625653
xmodelmesh,#hash_40882c5c5a7891cc
xmodelmesh,#hash_c0894fb70a9af80b
xmodelmesh,#hash_408c2b3a86880fc5
xmodelmesh,#hash_408de984ae3ea088
xmodelmesh,#hash_408ea99baeaf39b0
xmodelmesh,#hash_c08ff2fb209b3d3b
xmodelmesh,#hash_c0908dfcc4a7841b
xmodelmesh,#hash_4090a5c49715096d
xmodelmesh,#hash_c095794dbab1238a
xmodelmesh,#hash_4097351d67eb98c7
xmodelmesh,#hash_4097474ab7f11456
xmodelmesh,#hash_40979a643e0041b4
xmodelmesh,#hash_4097c81526c1f26a
xmodelmesh,#hash_409943366e06538b
xmodelmesh,#hash_409953cc9f8c0708
xmodelmesh,#hash_409984f40bdc2938
xmodelmesh,#hash_409a31d99c695184
xmodelmesh,#hash_c09af70c8cb74fd3
xmodelmesh,#hash_409c423a506884cf
xmodelmesh,#hash_409c5e209c653ef1
xmodelmesh,#hash_409c692d56a782ea
xmodelmesh,#hash_409df99f1231d78d
xmodelmesh,#hash_409fbd234d5cfda5
xmodelmesh,#hash_40a416dd4cb3c2d4
xmodelmesh,#hash_40a41fe469416810
xmodelmesh,#hash_40a5eab356b6c984
xmodelmesh,#hash_c0a6ddc742a2c93c
xmodelmesh,#hash_40a73d5f892c3241
xmodelmesh,#hash_40a77b61c42fdf91
xmodelmesh,#hash_c0a7ff1acf421034
xmodelmesh,#hash_40a920722d69f5b8
xmodelmesh,#hash_40a9566eaee2f94c
xmodelmesh,#hash_c0abdffc8317d7ad
xmodelmesh,#hash_40af63192ce8c05d
xmodelmesh,#hash_40af9d31a5c9d4cc
xmodelmesh,#hash_c0afa5d9fe6b8685
xmodelmesh,#hash_40b06cc7969d7799
xmodelmesh,#hash_40b34e2757e83369
xmodelmesh,#hash_40b5dad6a660160d
xmodelmesh,#hash_40b71b1497577cdc
xmodelmesh,#hash_40b72aacaedf3ffd
xmodelmesh,#hash_40bd063f020648fa
xmodelmesh,#hash_40c1b3114947f0e9
xmodelmesh,#hash_40c54062cc36b008
xmodelmesh,#hash_40cd43f5a309968b
xmodelmesh,#hash_40cd7fd3259d49eb
xmodelmesh,#hash_40d1b98ebccc9842
xmodelmesh,#hash_40d3c0103f98a75e
xmodelmesh,#hash_40d5cc7763b5e20a
xmodelmesh,#hash_40d613c3a7aa4d93
xmodelmesh,#hash_40d81025db9bdce5
xmodelmesh,#hash_40d8d00e7c481db3
xmodelmesh,#hash_c0d950f309c167c7
xmodelmesh,#hash_40da04ffaa3f73f8
xmodelmesh,#hash_40df85a82a0a68ee
xmodelmesh,#hash_40e626f96e7c5544
xmodelmesh,#hash_40e9ab10f4d3e617
xmodelmesh,#hash_40f2ff53f58458e9
xmodelmesh,#hash_40f3f4558099e323
xmodelmesh,#hash_c0f6937fa7f060d7
xmodelmesh,#hash_c0f69aae49c7e1dd
xmodelmesh,#hash_40f7a61c7a046aba
xmodelmesh,#hash_40f99a65041762a0
xmodelmesh,#hash_40f9ba768b24380b
xmodelmesh,#hash_c0fcc103a5b61e67
xmodelmesh,#hash_40fe5134a5c5e9db
xmodelmesh,#hash_40fe53a2f254e5e4
xmodelmesh,#hash_c0fe7f544bbea97f
xmodelmesh,#hash_4100ced2d343924c
xmodelmesh,#hash_c106442396d893a7
xmodelmesh,#hash_41080b352ea59e4f
xmodelmesh,#hash_41081b0caaa3e3cb
xmodelmesh,#hash_4109729c895c79e4
xmodelmesh,#hash_410a82a436d1be0b
xmodelmesh,#hash_410e0e5e5f153af8
xmodelmesh,#hash_411a51ab5869cca1
xmodelmesh,#hash_411cff6fe31b9892
xmodelmesh,#hash_c11fa3901c08710f
xmodelmesh,#hash_411ff333ec3fd86c
xmodelmesh,#hash_4121395b5ef5acc1
xmodelmesh,#hash_c12403b14ae36e57
xmodelmesh,#hash_41315656a5034eab
xmodelmesh,#hash_4131946d6230187e
xmodelmesh,#hash_4131ee232470fc81
xmodelmesh,#hash_c13345a127e891a7
xmodelmesh,#hash_c134252662547c86
xmodelmesh,#hash_413448c503f48a5d
xmodelmesh,#hash_c1347b700e272f22
xmodelmesh,#hash_4135aeec8dbff014
xmodelmesh,#hash_4138ba9620c917f8
xmodelmesh,#hash_413a5d25f59fa782
xmodelmesh,#hash_413c8b5e000a201f
xmodelmesh,#hash_413e8be7a3909795
xmodelmesh,#hash_4141b5e24d22a962
xmodelmesh,#hash_41438959c6763306
xmodelmesh,#hash_41446a25758d097b
xmodelmesh,#hash_4146afadfce43915
xmodelmesh,#hash_4149f673b13863e4
xmodelmesh,#hash_414e3b37135b6ee5
xmodelmesh,#hash_414f6ad6314f02b7
xmodelmesh,#hash_414feb9d90aadf5d
xmodelmesh,#hash_4153c94b246a8f82
xmodelmesh,#hash_4154cb9e3f458fd4
xmodelmesh,#hash_4157b622886ac74d
xmodelmesh,#hash_4158a3b597cdf748
xmodelmesh,#hash_415947e335cd6e4b
xmodelmesh,#hash_415a867ae509f85a
xmodelmesh,#hash_415b44a4e32a8a71
xmodelmesh,#hash_c15b562dc421b326
xmodelmesh,#hash_415f3c0b7a953f53
xmodelmesh,#hash_415f455ad2a878c8
xmodelmesh,#hash_4160ed05808d9434
xmodelmesh,#hash_416143a91b9af9df
xmodelmesh,#hash_4163d41c40d84c2d
xmodelmesh,#hash_41645e3fb57ae845
xmodelmesh,#hash_4164dfc16400aa86
xmodelmesh,#hash_4167886692190a60
xmodelmesh,#hash_416887489b8c6843
xmodelmesh,#hash_c169350c2a11a176
xmodelmesh,#hash_416b48d8905c2dee
xmodelmesh,#hash_c16b6a39aed36276
xmodelmesh,#hash_416c113952825faa
xmodelmesh,#hash_416ec4bfd276a59b
xmodelmesh,#hash_416ed7e18421dccf
xmodelmesh,#hash_c16f7b56bdb9f96e
xmodelmesh,#hash_416fa1432802362a
xmodelmesh,#hash_4172b611dc185986
xmodelmesh,#hash_4176362ba429b61c
xmodelmesh,#hash_4177b0dbb6093af5
xmodelmesh,#hash_4178401c5bfcb5dd
xmodelmesh,#hash_4178d46f112e73e1
xmodelmesh,#hash_c179d51d77ff6010
xmodelmesh,#hash_417f0da898a6bd67
xmodelmesh,#hash_41811e1a6f6e45da
xmodelmesh,#hash_c181a89713d64b46
xmodelmesh,#hash_4181cccbebf8af94
xmodelmesh,#hash_4181d3bcac1897d2
xmodelmesh,#hash_4183759f127ce8de
xmodelmesh,#hash_4184cdfc0a0705f0
xmodelmesh,#hash_c187c987eefd1b5d
xmodelmesh,#hash_4189cc5b8e49f2bf
xmodelmesh,#hash_4189e10fe0e86e5e
xmodelmesh,#hash_418d2909fe5edf4c
xmodelmesh,#hash_418f14a12c41e89a
xmodelmesh,#hash_c19059ee8880fdb0
xmodelmesh,#hash_419372dfd0707a6c
xmodelmesh,#hash_4194f5d1b43305f3
xmodelmesh,#hash_41969b936407dc8a
xmodelmesh,#hash_c1996ca49a32b8ab
xmodelmesh,#hash_419971c0d0ce9cfa
xmodelmesh,#hash_4199f42cdb0842a9
xmodelmesh,#hash_419a89b41490e156
xmodelmesh,#hash_419f6070c5ea0b09
xmodelmesh,#hash_c19fb2319a07303f
xmodelmesh,#hash_41a081bb78a40359
xmodelmesh,#hash_41a0edcc24c017aa
xmodelmesh,#hash_41a156a4fc7b1518
xmodelmesh,#hash_c1a1d8844683a149
xmodelmesh,#hash_41a49aeb7d674719
xmodelmesh,#hash_41a553f9d2dbcd57
xmodelmesh,#hash_41a6a11dc9d8d136
xmodelmesh,#hash_41a6caf0f270de94
xmodelmesh,#hash_41a84207a27fb188
xmodelmesh,#hash_41a917ead5dc2668
xmodelmesh,#hash_41aa854e52a484be
xmodelmesh,#hash_41ab74b49fd6a05c
xmodelmesh,#hash_c1ab7c1277e123ac
xmodelmesh,#hash_41abaaca8b7e66c1
xmodelmesh,#hash_41ac548eb5e369bc
xmodelmesh,#hash_41ae9230be9974fa
xmodelmesh,#hash_c1b0d61721862d78
xmodelmesh,#hash_41b0e869376a980b
xmodelmesh,#hash_41b1b51a2b685a30
xmodelmesh,#hash_41b1f2fd5f9553a8
xmodelmesh,#hash_c1b36516193f91e4
xmodelmesh,#hash_c1b3f9ccb3672418
xmodelmesh,#hash_41b516fda1af896c
xmodelmesh,#hash_41b56f1846e2742d
xmodelmesh,#hash_41b6b6c908ce17f9
xmodelmesh,#hash_41b78fb6f71b94d5
xmodelmesh,#hash_41be3a16f1d87ad9
xmodelmesh,#hash_41be517a4771ab07
xmodelmesh,#hash_41be70e51df5ea8e
xmodelmesh,#hash_c1be9fad16f6f4eb
xmodelmesh,#hash_41bed73182c35c5a
xmodelmesh,#hash_41c0be60a53ce5c3
xmodelmesh,#hash_41c8713bd6e53c8e
xmodelmesh,#hash_41cea32c5963dde0
xmodelmesh,#hash_c1cf4b7475be146a
xmodelmesh,#hash_41d2f83e09e84467
xmodelmesh,#hash_41d43bce382031f1
xmodelmesh,#hash_41def1455d7daa88
xmodelmesh,#hash_41df2e35fbbc069a
xmodelmesh,#hash_41e2e78f90229d1a
xmodelmesh,#hash_41e36b44a86babdc
xmodelmesh,#hash_41e9922bea6b6e8d
xmodelmesh,#hash_41ead575bd9105df
xmodelmesh,#hash_41eb2a4701569439
xmodelmesh,#hash_41eb8f1d85313ab5
xmodelmesh,#hash_41ec0d55c95eb29a
xmodelmesh,#hash_c1ee1a5fa4d1beb2
xmodelmesh,#hash_41ef14b637d599b0
xmodelmesh,#hash_41efa3d4e6b3bfab
xmodelmesh,#hash_41f002eb6f18ab21
xmodelmesh,#hash_41f3a1344ffd4249
xmodelmesh,#hash_41f63a61b02137d6
xmodelmesh,#hash_41f8926cc7574fb6
xmodelmesh,#hash_41fb148c4410981d
xmodelmesh,#hash_41fbb788b8b7a77e
xmodelmesh,#hash_c1fcd5c72c19813e
xmodelmesh,#hash_c1fefdba9722200a
xmodelmesh,#hash_41ffda3895876ff6
xmodelmesh,#hash_4205aa100ef1da32
xmodelmesh,#hash_4206906ed7911df3
xmodelmesh,#hash_c206cecd992bf09b
xmodelmesh,#hash_4208a5f88eb4a3a6
xmodelmesh,#hash_4208bcb2f64c928c
xmodelmesh,#hash_4208bea2386504a2
xmodelmesh,#hash_420d409d6e61fc0c
xmodelmesh,#hash_42111b38e1d05135
xmodelmesh,#hash_42130cb762d6488f
xmodelmesh,#hash_4213b3d58d01a9cc
xmodelmesh,#hash_42142ea502da0a00
xmodelmesh,#hash_4214b322eca259f9
xmodelmesh,#hash_42155049b0856bb4
xmodelmesh,#hash_c216400f87f03526
xmodelmesh,#hash_4216e369a36d9e1a
xmodelmesh,#hash_421b688af24f97a0
xmodelmesh,#hash_421c56a2c46bf066
xmodelmesh,#hash_421cdfc78818ba03
xmodelmesh,#hash_421e27cd6f2cebc4
xmodelmesh,#hash_c21f831b522f904a
xmodelmesh,#hash_c21fb8a6c0b769b8
xmodelmesh,#hash_42217d90e48eaebd
xmodelmesh,#hash_42234d06a99b8785
xmodelmesh,#hash_4224041ae80e444b
xmodelmesh,#hash_4226ec83ab58c7a0
xmodelmesh,#hash_c228d2543bab8fb9
xmodelmesh,#hash_422bd030f1f5566d
xmodelmesh,#hash_422c4015ee7f96dd
xmodelmesh,#hash_423049d430f1a1c0
xmodelmesh,#hash_42322837b29bad12
xmodelmesh,#hash_42325add5c33981d
xmodelmesh,#hash_4235b5ac371df052
xmodelmesh,#hash_c236f9f36219292b
xmodelmesh,#hash_423717194e4c2322
xmodelmesh,#hash_4238346421712e9d
xmodelmesh,#hash_4238bf4521dcf164
xmodelmesh,#hash_423974abf1135681
xmodelmesh,#hash_c23a72d51d89954b
xmodelmesh,#hash_423b0f72f8ddc609
xmodelmesh,#hash_423c1f43a28330ff
xmodelmesh,#hash_423d4c8efa8e5351
xmodelmesh,#hash_4241323ff93302ef
xmodelmesh,#hash_c24289da2d5674ac
xmodelmesh,#hash_4248cbcc791e7811
xmodelmesh,#hash_424a304be01c3016
xmodelmesh,#hash_424a49a0ac521f73
xmodelmesh,#hash_424a864ab510b562
xmodelmesh,#hash_424b3b7124cf5cd5
xmodelmesh,#hash_424e622c245cdd6d
xmodelmesh,#hash_424eac954389ddc4
xmodelmesh,#hash_424f396dc203ae4e
xmodelmesh,#hash_4250c66d7ac5b50e
xmodelmesh,#hash_425508fb15783ff1
xmodelmesh,#hash_42553cae525c7860
xmodelmesh,#hash_c256829652ad21ba
xmodelmesh,#hash_425711dde1a5c5d0
xmodelmesh,#hash_4257b3bae8b9ab7d
xmodelmesh,#hash_4257d46311eb3490
xmodelmesh,#hash_4257fbb58489d375
xmodelmesh,#hash_c259b6892b4cab7f
xmodelmesh,#hash_425b88f3da54e524
xmodelmesh,#hash_42602523555051a4
xmodelmesh,#hash_42602eb25f3c5b2c
xmodelmesh,#hash_4261667e915ad276
xmodelmesh,#hash_42632b3d0bc6c478
xmodelmesh,#hash_c2636fb0ddc28b5f
xmodelmesh,#hash_426817f4926bd0a7
xmodelmesh,#hash_426ab576d1cd217c
xmodelmesh,#hash_426d9052229cd42b
xmodelmesh,#hash_4270f36310c408bd
xmodelmesh,#hash_c27136d1e7ed19db
xmodelmesh,#hash_42715ee67078bed2
xmodelmesh,#hash_c272c96ac587bf36
xmodelmesh,#hash_427319cc9e0bfe69
xmodelmesh,#hash_4273353a214a868a
xmodelmesh,#hash_42741b352c4a7825
xmodelmesh,#hash_42753877841bc0ea
xmodelmesh,#hash_427560286e9197a2
xmodelmesh,#hash_42765df897be1e01
xmodelmesh,#hash_427821d4793f48a1
xmodelmesh,#hash_42797262987a00b1
xmodelmesh,#hash_427b2cb105e2b358
xmodelmesh,#hash_427b47cc85644716
xmodelmesh,#hash_c27d3d6a6fda1eff
xmodelmesh,#hash_427d841672effca9
xmodelmesh,#hash_4280be9b71aa2ae2
xmodelmesh,#hash_4281036a194ed91c
xmodelmesh,#hash_4282e17bd0bb00aa
xmodelmesh,#hash_42845b2807d41687
xmodelmesh,#hash_428603bcd8f52397
xmodelmesh,#hash_428a3f800de9c2a7
xmodelmesh,#hash_428c2ad9ded49919
xmodelmesh,#hash_428d4be534384a23
xmodelmesh,#hash_428dfc997012520f
xmodelmesh,#hash_c28e4d699a1aca78
xmodelmesh,#hash_4291eed68bb5d206
xmodelmesh,#hash_4293bec64ac90cb5
xmodelmesh,#hash_429adfc7edf93968
xmodelmesh,#hash_429dd6d6fb4b06bc
xmodelmesh,#hash_429e02b8617abd09
xmodelmesh,#hash_429e3463c2962bdd
xmodelmesh,#hash_42a0f60970d2c179
xmodelmesh,#hash_42a299cb350a2518
xmodelmesh,#hash_42a848f33a6affd3
xmodelmesh,#hash_42a851e98a18c7da
xmodelmesh,#hash_42a8f40e8e8316ea
xmodelmesh,#hash_42a97574ee043285
xmodelmesh,#hash_42aeed3438b968b9
xmodelmesh,#hash_c2afc53d806e6c02
xmodelmesh,#hash_42b334326f827fe9
xmodelmesh,#hash_c2b4d9ea4350dadd
xmodelmesh,#hash_42b68b9d6f07ea29
xmodelmesh,#hash_42b78e301145cbe9
xmodelmesh,#hash_c2b8fa331aeb9b03
xmodelmesh,#hash_42bbf141a861cfa8
xmodelmesh,#hash_42bdc81a127fd360
xmodelmesh,#hash_42be291ca87a1836
xmodelmesh,#hash_42c48ebeb636337e
xmodelmesh,#hash_42c4ef2026e683b2
xmodelmesh,#hash_42c5145e151c1b42
xmodelmesh,#hash_42c6612bc234a1f9
xmodelmesh,#hash_c2c7fbb172aae7cd
xmodelmesh,#hash_42c909471ac9a1ef
xmodelmesh,#hash_42c928c307aa2161
xmodelmesh,#hash_42c95b0a801177b1
xmodelmesh,#hash_42c9e73a7aebae9d
xmodelmesh,#hash_42cd61644267990e
xmodelmesh,#hash_42cd77104b648463
xmodelmesh,#hash_42cf0901f8a57998
xmodelmesh,#hash_42d1059bd871ce8f
xmodelmesh,#hash_42d118e12284de2e
xmodelmesh,#hash_42d4cd669c09b3b2
xmodelmesh,#hash_42d517d23b6401b6
xmodelmesh,#hash_42d67505d09ca15c
xmodelmesh,#hash_42d7ac3e85891ae9
xmodelmesh,#hash_c2d8ea8063f9c87e
xmodelmesh,#hash_42db10d96cd45069
xmodelmesh,#hash_42dd2ba97bf187f7
xmodelmesh,#hash_c2ddab7b3e251039
xmodelmesh,#hash_c2dfddb52a8a7637
xmodelmesh,#hash_42e05c76c21fed3a
xmodelmesh,#hash_42e11d0f3be1eed1
xmodelmesh,#hash_42e171a345428e2c
xmodelmesh,#hash_42e1cc8ce2bfe2eb
xmodelmesh,#hash_42e1d5f1cf7a7cc1
xmodelmesh,#hash_42e302ae6f7d09e0
xmodelmesh,#hash_c2e315c922b81239
xmodelmesh,#hash_c2e359f1e5bf3169
xmodelmesh,#hash_42e3fee4499e5d22
xmodelmesh,#hash_42e42c882a461a64
xmodelmesh,#hash_42e49d844f21233b
xmodelmesh,#hash_42e4f1b652801424
xmodelmesh,#hash_c2e503fbdfadfcf7
xmodelmesh,#hash_42e54d7671a112f5
xmodelmesh,#hash_c2e6616ed0c0f618
xmodelmesh,#hash_42e7abc626e77bf6
xmodelmesh,#hash_42e84e48fe1d12d2
xmodelmesh,#hash_42e907248bb05811
xmodelmesh,#hash_42ea0a1f219518da
xmodelmesh,#hash_42eb17a178fc8900
xmodelmesh,#hash_42eb56c246061f86
xmodelmesh,#hash_c2ebf759ad3f6fc1
xmodelmesh,#hash_c2edb55c1764ab55
xmodelmesh,#hash_c2efd623324139ce
xmodelmesh,#hash_c2f580cf1545ab0e
xmodelmesh,#hash_42f597cd459e0c7f
xmodelmesh,#hash_c2f5d9f7ed25b7b6
xmodelmesh,#hash_c2f9947237b8caa3
xmodelmesh,#hash_42fb883b3a01b9d0
xmodelmesh,#hash_c2fd46337067a037
xmodelmesh,#hash_42fdd9bd6152bd5e
xmodelmesh,#hash_42ffd8181f307e31
xmodelmesh,#hash_4300f53cb553570a
xmodelmesh,#hash_4302c24675328e2f
xmodelmesh,#hash_4304041674ff698b
xmodelmesh,#hash_c30468ac67388f45
xmodelmesh,#hash_4304b9297e956400
xmodelmesh,#hash_4307ddbc83316fb5
xmodelmesh,#hash_43088d4df74869e9
xmodelmesh,#hash_c309cabfbeae95b7
xmodelmesh,#hash_c30ba58478ba7c5b
xmodelmesh,#hash_430ca4ddfdd45401
xmodelmesh,#hash_c30cd6e0b6a88899
xmodelmesh,#hash_c30d1d64ff25062d
xmodelmesh,#hash_43108790efef263e
xmodelmesh,#hash_c3143901f9c78ec9
xmodelmesh,#hash_4318e2c40d94788f
xmodelmesh,#hash_431b398145acfdfa
xmodelmesh,#hash_4321921beb86dd2e
xmodelmesh,#hash_43224b417abe56b1
xmodelmesh,#hash_43265a53abd7e47f
xmodelmesh,#hash_43266ce030097e2e
xmodelmesh,#hash_43284f475aa51d55
xmodelmesh,#hash_432bf62bad0c2f0e
xmodelmesh,#hash_432ccaa015ff94ab
xmodelmesh,#hash_432e5e72559de35c
xmodelmesh,#hash_43314d35b2a17186
xmodelmesh,#hash_4332c42c9e95f554
xmodelmesh,#hash_c333fab48ac41bc6
xmodelmesh,#hash_433ab9bd9fdb8f32
xmodelmesh,#hash_433abc21ab64e1a5
xmodelmesh,#hash_433da31f81b68c92
xmodelmesh,#hash_433e676b162f9f75
xmodelmesh,#hash_c340195ce8be5543
xmodelmesh,#hash_4341af26a690a3a6
xmodelmesh,#hash_4342035842775b20
xmodelmesh,#hash_43421554ea448f06
xmodelmesh,#hash_434357643e743926
xmodelmesh,#hash_4344e848a0cbf53a
xmodelmesh,#hash_4347eb4653ee71b1
xmodelmesh,#hash_43496643b5e92bc8
xmodelmesh,#hash_434bf3b3b63fcc87
xmodelmesh,#hash_43507fa46cbbbcbc
xmodelmesh,#hash_c352b6ee885bc367
xmodelmesh,#hash_4354d39349fdfd53
xmodelmesh,#hash_c355f93472abe884
xmodelmesh,#hash_c3571efab04a24f1
xmodelmesh,#hash_43576b9b1f35495c
xmodelmesh,#hash_435ae22d7555d355
xmodelmesh,#hash_435bc51921389859
xmodelmesh,#hash_435e93324c0edad1
xmodelmesh,#hash_435f280a5bc2fb64
xmodelmesh,#hash_4362cbdc2d641c32
xmodelmesh,#hash_c3632d3d350c0517
xmodelmesh,#hash_436435a634d34538
xmodelmesh,#hash_4365572b7799f745
xmodelmesh,#hash_436738165852a384
xmodelmesh,#hash_436a1497027c9859
xmodelmesh,#hash_436c5652d486977e
xmodelmesh,#hash_436e88d43552781a
xmodelmesh,#hash_436eef3cf9ad192b
xmodelmesh,#hash_437101336a966221
xmodelmesh,#hash_437177efd289af64
xmodelmesh,#hash_437434ae58bb22a9
xmodelmesh,#hash_4374eb154aaf2383
xmodelmesh,#hash_4376884d9dd892f9
xmodelmesh,#hash_437785e0a37e4a37
xmodelmesh,#hash_437dac3e202d2694
xmodelmesh,#hash_4381201347255b56
xmodelmesh,#hash_43815d1f9293cf70
xmodelmesh,#hash_c38317e9706e6e9d
xmodelmesh,#hash_4385f68f95795f9e
xmodelmesh,#hash_4387393842043a73
xmodelmesh,#hash_c38bb0fb2008133d
xmodelmesh,#hash_438dc3f547734195
xmodelmesh,#hash_c3904aa0fadc95bb
xmodelmesh,#hash_4392e999b3dfac3c
xmodelmesh,#hash_c394e2ddc515b091
xmodelmesh,#hash_439723d09c0c4667
xmodelmesh,#hash_43985d432f92b160
xmodelmesh,#hash_439a33384e2a0890
xmodelmesh,#hash_c39c662bc76a77d3
xmodelmesh,#hash_439c9e45c18862a9
xmodelmesh,#hash_43a0aa2ac874853e
xmodelmesh,#hash_43a33d56eb178533
xmodelmesh,#hash_43a44187e66b134c
xmodelmesh,#hash_43a8bfe89fa85423
xmodelmesh,#hash_43a9ac66337516d0
xmodelmesh,#hash_43aa6319f60e6ecb
xmodelmesh,#hash_43acf109bd771451
xmodelmesh,#hash_43af1e391633c8ab
xmodelmesh,#hash_c3af78c793b9700f
xmodelmesh,#hash_43b20374e650a97e
xmodelmesh,#hash_43b2a3d80476988b
xmodelmesh,#hash_c3b35868911a955f
xmodelmesh,#hash_c3b3aa4988d49598
xmodelmesh,#hash_43b3c0c142012c4f
xmodelmesh,#hash_c3b4d78227987281
xmodelmesh,#hash_43b5e3343bfe3add
xmodelmesh,#hash_43b6045b72cd5214
xmodelmesh,#hash_43be1d372f22a637
xmodelmesh,#hash_43c0c06505c47d69
xmodelmesh,#hash_43c18b2f36e17236
xmodelmesh,#hash_43c20a8487986040
xmodelmesh,#hash_43c2a72f1d0c639f
xmodelmesh,#hash_43c4bf797667d332
xmodelmesh,#hash_43c5355e41723cd9
xmodelmesh,#hash_43c803ed9f04f006
xmodelmesh,#hash_43cbabd074545348
xmodelmesh,#hash_43cd245958553ef2
xmodelmesh,#hash_43ce011d30bffd6d
xmodelmesh,#hash_43d0b410f2288323
xmodelmesh,#hash_c3d1b73d30628b22
xmodelmesh,#hash_43d2c6511c21907f
xmodelmesh,#hash_43d412af01618b50
xmodelmesh,#hash_43d6a36490d3c662
xmodelmesh,#hash_c3d9664be523661d
xmodelmesh,#hash_43d96bdef4a91c25
xmodelmesh,#hash_43d9ef9e02f0e88c
xmodelmesh,#hash_43dabb803cacf76b
xmodelmesh,#hash_c3dc4583b9080eb7
xmodelmesh,#hash_43de056b957d5a7e
xmodelmesh,#hash_43df882d0bb153e8
xmodelmesh,#hash_43e4452eea0d7321
xmodelmesh,#hash_c3e51bb0c345b053
xmodelmesh,#hash_43e6fba3a193f7da
xmodelmesh,#hash_43e7ac8021e858cf
xmodelmesh,#hash_43e931624a022238
xmodelmesh,#hash_43ecbfa4e6206c32
xmodelmesh,#hash_43ee5f10c053e7c4
xmodelmesh,#hash_c3f14334dbc72a27
xmodelmesh,#hash_43f39d7bbed41471
xmodelmesh,#hash_c3f39ef70942ca5b
xmodelmesh,#hash_43f40517b78c9453
xmodelmesh,#hash_43f5aeb8d655d1f5
xmodelmesh,#hash_43f5ec301fa37054
xmodelmesh,#hash_c3f723aed757ef32
xmodelmesh,#hash_c3fbc7815a239863
xmodelmesh,#hash_43fecf5fbc3fc37c
xmodelmesh,#hash_43ff7717d22a75e7
xmodelmesh,#hash_44014078bc0e1b7f
xmodelmesh,#hash_440311c50cd357ba
xmodelmesh,#hash_4404f7b299e7a315
xmodelmesh,#hash_4405f03f283098ba
xmodelmesh,#hash_c406f533dc17ca08
xmodelmesh,#hash_440b04fc0ec52893
xmodelmesh,#hash_c40c8be88cd94a39
xmodelmesh,#hash_c41019c48f854f4f
xmodelmesh,#hash_4412e40f1ae76b9e
xmodelmesh,#hash_4416370b523fffdd
xmodelmesh,#hash_c4172810990bdb54
xmodelmesh,#hash_4417e9c7cf4e7fc6
xmodelmesh,#hash_4419f5dc96ccaee3
xmodelmesh,#hash_441bb8cd94010e41
xmodelmesh,#hash_441d8dcec4fc7365
xmodelmesh,#hash_c41da90fe1047114
xmodelmesh,#hash_441e53c6e44b1dcb
xmodelmesh,#hash_44209f9b80c60a9f
xmodelmesh,#hash_4422fb649bd7257c
xmodelmesh,#hash_44232ecfe82003f4
xmodelmesh,#hash_4423403942728859
xmodelmesh,#hash_c423cb0af787b3b4
xmodelmesh,#hash_4423cdd17393a164
xmodelmesh,#hash_44242c82b7eeadec
xmodelmesh,#hash_4425cb8e9a1c5334
xmodelmesh,#hash_4425f3ea8c57e760
xmodelmesh,#hash_4426016556ee020f
xmodelmesh,#hash_44288831c52abcb8
xmodelmesh,#hash_c42939d2d771b24a
xmodelmesh,#hash_c42cfadbd35b7b2f
xmodelmesh,#hash_442e0074445ed082
xmodelmesh,#hash_442e41adb2b83880
xmodelmesh,#hash_442f6788e3b819c0
xmodelmesh,#hash_c436beb662ef4133
xmodelmesh,#hash_44374948ef336c12
xmodelmesh,#hash_4439499668b071cf
xmodelmesh,#hash_44397887f08f4e2f
xmodelmesh,#hash_443df25c2a03c79b
xmodelmesh,#hash_443e0c5c61c432a4
xmodelmesh,#hash_444202a69359e909
xmodelmesh,#hash_44436ee84819a599
xmodelmesh,#hash_44451ea57ccc6589
xmodelmesh,#hash_4445786854c6382f
xmodelmesh,#hash_44458dcd68278cec
xmodelmesh,#hash_444728e47761778b
xmodelmesh,#hash_444a102394942646
xmodelmesh,#hash_444b7563ac7b40d0
xmodelmesh,#hash_444b9f4c6ca66333
xmodelmesh,#hash_444e4837ec1a7d41
xmodelmesh,#hash_44511fd919b743fa
xmodelmesh,#hash_4452c86795566836
xmodelmesh,#hash_445413df5abf8027
xmodelmesh,#hash_445727a13216b630
xmodelmesh,#hash_4457c211eaa2ed3b
xmodelmesh,#hash_445c8234ac771541
xmodelmesh,#hash_44614c59d55815b5
xmodelmesh,#hash_4464cf2e4a632089
xmodelmesh,#hash_446785dbb9e9c160
xmodelmesh,#hash_4468a2d3bcee5f38
xmodelmesh,#hash_446a33912a24b703
xmodelmesh,#hash_446ed021a9708c54
xmodelmesh,#hash_c470232d1b24b4c5
xmodelmesh,#hash_447165a32add91f8
xmodelmesh,#hash_4471a6812b955632
xmodelmesh,#hash_4471d389550b32f2
xmodelmesh,#hash_4475ee9e4a97a773
xmodelmesh,#hash_44776468149846cf
xmodelmesh,#hash_447b36f4739f3579
xmodelmesh,#hash_447b9f8d945674c3
xmodelmesh,#hash_447cfc273ff1ee65
xmodelmesh,#hash_447e404f49016739
xmodelmesh,#hash_44838ac8df5a162e
xmodelmesh,#hash_c4843619848de365
xmodelmesh,#hash_44846d6f22768214
xmodelmesh,#hash_4484ab550216a791
xmodelmesh,#hash_c485580ae96eee1e
xmodelmesh,#hash_c4858f83da879f63
xmodelmesh,#hash_44870347466b4bce
xmodelmesh,#hash_c48912cc758dab84
xmodelmesh,#hash_44895e287f767437
xmodelmesh,#hash_448d337187cb1420
xmodelmesh,#hash_448ed02c46a52827
xmodelmesh,#hash_449124d9013d4a00
xmodelmesh,#hash_44912cbccad33b98
xmodelmesh,#hash_449251fa1379c850
xmodelmesh,#hash_44935f64f99219cc
xmodelmesh,#hash_449473c674573463
xmodelmesh,#hash_4495578c78d725e3
xmodelmesh,#hash_449659ea672c43b4
xmodelmesh,#hash_4497a9ea6169e914
xmodelmesh,#hash_c4994436b8a08e5d
xmodelmesh,#hash_449bb130c82afbb1
xmodelmesh,#hash_449d24bcb8b5808a
xmodelmesh,#hash_44a1a6910eebb287
xmodelmesh,#hash_c4a2fbf13b1a7695
xmodelmesh,#hash_44a3e6e8bc50c7e2
xmodelmesh,#hash_44a86dfb43a33ab9
xmodelmesh,#hash_44a9a38767351d8f
xmodelmesh,#hash_44aae8f401d8b88f
xmodelmesh,#hash_44ab966e4d1d7d28
xmodelmesh,#hash_44ac67026701df4b
xmodelmesh,#hash_44b05ab99106a29e
xmodelmesh,#hash_c4b4e611034df4ad
xmodelmesh,#hash_44bb25f1a262a85f
xmodelmesh,#hash_44bc9ccc66e937ed
xmodelmesh,#hash_44bf8f0e474404cc
xmodelmesh,#hash_44c19a92818b426b
xmodelmesh,#hash_44c2c7d179e41552
xmodelmesh,#hash_44c41404bf56c9bb
xmodelmesh,#hash_44c520e4b2a65983
xmodelmesh,#hash_c4c99fead7c73a26
xmodelmesh,#hash_44cbd132579723e2
xmodelmesh,#hash_44d0f0bb53e3a395
xmodelmesh,#hash_c4d244a6a28333f8
xmodelmesh,#hash_44d4cb31ac966169
xmodelmesh,#hash_44d55ec5261ae80f
xmodelmesh,#hash_44d79184a77ec051
xmodelmesh,#hash_44d996c8382fc6aa
xmodelmesh,#hash_44da37ef83d88a7a
xmodelmesh,#hash_44dc34f929588031
xmodelmesh,#hash_c4dc3d10aec5db21
xmodelmesh,#hash_44dd8d03cd03bd22
xmodelmesh,#hash_44ddbc4893813613
xmodelmesh,#hash_c4e06b6c6165011f
xmodelmesh,#hash_44e109b87f41d6a9
xmodelmesh,#hash_44e1ffc56c013978
xmodelmesh,#hash_44e2d9b3e0e6dc1d
xmodelmesh,#hash_44e3abba215c0265
xmodelmesh,#hash_c4e4b85486ec91d2
xmodelmesh,#hash_44ef53a52fd84f3f
xmodelmesh,#hash_44efa1a3ee52d6fe
xmodelmesh,#hash_44f148b8cd8d1c9b
xmodelmesh,#hash_44f1e2e2b1b44e0b
xmodelmesh,#hash_c4f21ed2ddbf459d
xmodelmesh,#hash_44f25080e1fbfc59
xmodelmesh,#hash_c4f36d27707f92a8
xmodelmesh,#hash_44f4b45f6d5941bc
xmodelmesh,#hash_c4f4f552c896db5b
xmodelmesh,#hash_44f8030f83c6a87d
xmodelmesh,#hash_44f8f1646596cb4d
xmodelmesh,#hash_44fb0b3a8475ac1f
xmodelmesh,#hash_44fc7e0df6b58bac
xmodelmesh,#hash_44ff128d3f24c41e
xmodelmesh,#hash_45003e2f5f91d112
xmodelmesh,#hash_4500568d5f005ec0
xmodelmesh,#hash_450178b94cdd6d34
xmodelmesh,#hash_c5018ce34d5d2ffd
xmodelmesh,#hash_4503b86a7ef6ba67
xmodelmesh,#hash_45057a53b9126b0f
xmodelmesh,#hash_45060c77b933549b
xmodelmesh,#hash_4509022f2033f8da
xmodelmesh,#hash_450d2dff2a6f4c3e
xmodelmesh,#hash_450d7f2dd0dc9a8e
xmodelmesh,#hash_450de86a5e76dd8c
xmodelmesh,#hash_450eedf011b3b545
xmodelmesh,#hash_450ff414dff04493
xmodelmesh,#hash_451030781e3054e4
xmodelmesh,#hash_4511381cd27a5ba9
xmodelmesh,#hash_451304cd8767e805
xmodelmesh,#hash_451440f8b3e30ad4
xmodelmesh,#hash_45183588679bea77
xmodelmesh,#hash_45192b9679e50121
xmodelmesh,#hash_451d973ed929868c
xmodelmesh,#hash_451f01e7915031dc
xmodelmesh,#hash_c51fa65a543e2cfa
xmodelmesh,#hash_c5216055df5501fd
xmodelmesh,#hash_45228547d2d7dbe0
xmodelmesh,#hash_452429d40649490a
xmodelmesh,#hash_45268efe92d913da
xmodelmesh,#hash_c526c4263557c0fb
xmodelmesh,#hash_45293b3e193de40e
xmodelmesh,#hash_452aac005e1f7071
xmodelmesh,#hash_452b19d278bf6da0
xmodelmesh,#hash_452ed15522bbb16a
xmodelmesh,#hash_452f3705b6cc32a7
xmodelmesh,#hash_453c288ba233ee0a
xmodelmesh,#hash_453c29c923433264
xmodelmesh,#hash_453cdd471de4c0bc
xmodelmesh,#hash_4540b2a8e60120f2
xmodelmesh,#hash_4541faa7e3e10289
xmodelmesh,#hash_4542eb61b7b3567b
xmodelmesh,#hash_4544359bdb610285
xmodelmesh,#hash_45444ed7f9fd10b5
xmodelmesh,#hash_c54456c67a8302f0
xmodelmesh,#hash_45445c0ffb787ff7
xmodelmesh,#hash_c544b5a95d87e289
xmodelmesh,#hash_454b2d57c1d48cb4
xmodelmesh,#hash_454d907d75cf0581
xmodelmesh,#hash_454dcf840a07cb35
xmodelmesh,#hash_455129f8779087c8
xmodelmesh,#hash_4552eb39320a5a20
xmodelmesh,#hash_455318b912878994
xmodelmesh,#hash_45533c22e135da8f
xmodelmesh,#hash_4553462f8e135580
xmodelmesh,#hash_4554600e1142d7fa
xmodelmesh,#hash_4559bf74c5e0d1e7
xmodelmesh,#hash_455b225520c336d3
xmodelmesh,#hash_c55c9ee7622fed69
xmodelmesh,#hash_c55d69ecc5f7712b
xmodelmesh,#hash_455e6e78698161ec
xmodelmesh,#hash_c55f5a0deeef1488
xmodelmesh,#hash_4568d83409638865
xmodelmesh,#hash_c569398c9a2b0192
xmodelmesh,#hash_45699f5dbfd29662
xmodelmesh,#hash_456b5239f16d305a
xmodelmesh,#hash_456dd64a38b21d70
xmodelmesh,#hash_456ec04f32f27ecf
xmodelmesh,#hash_456ff4efdf3a93e6
xmodelmesh,#hash_4570ecc106a27afe
xmodelmesh,#hash_457599096623d1d4
xmodelmesh,#hash_4575ad577cdc3f54
xmodelmesh,#hash_4576ff4b5561ab19
xmodelmesh,#hash_45789fb1c2d7173c
xmodelmesh,#hash_4579de69509b6f76
xmodelmesh,#hash_457a91d52dbae623
xmodelmesh,#hash_457adad7c82705c4
xmodelmesh,#hash_457c8e2ae9abe430
xmodelmesh,#hash_c57e8fdb400e550f
xmodelmesh,#hash_457f78638da4c4f6
xmodelmesh,#hash_45869adec7997334
xmodelmesh,#hash_4586de0d46086fe5
xmodelmesh,#hash_458a6b8d1dd22cb3
xmodelmesh,#hash_458b762fdd4c613a
xmodelmesh,#hash_458bbee6e5b8a5ca
xmodelmesh,#hash_c58ea975c89edceb
xmodelmesh,#hash_458f1abbf3bab75f
xmodelmesh,#hash_45905230f45a0ce1
xmodelmesh,#hash_459238c81ef39895
xmodelmesh,#hash_4592483182855e0b
xmodelmesh,#hash_4593af23adc2f405
xmodelmesh,#hash_4593b084fcf08b10
xmodelmesh,#hash_45965cc031d732a9
xmodelmesh,#hash_4596f2d77c93f71c
xmodelmesh,#hash_c5989b685a295cbb
xmodelmesh,#hash_c59b09e9f0f2606b
xmodelmesh,#hash_459b4819b0ad2e6a
xmodelmesh,#hash_459cbdf2115a5c75
xmodelmesh,#hash_45a03a4c437f6f44
xmodelmesh,#hash_45a2dd4566d22623
xmodelmesh,#hash_45a3ac075e251c1c
xmodelmesh,#hash_45a47090f096d4be
xmodelmesh,#hash_45a510859cf037ec
xmodelmesh,#hash_45a788a05dc39b44
xmodelmesh,#hash_45aa36a82a5a0f4d
xmodelmesh,#hash_c5aa7247c7a5b03b
xmodelmesh,#hash_45ac8c58891b46c0
xmodelmesh,#hash_45adde0442d48bd4
xmodelmesh,#hash_c5b032ec932a543c
xmodelmesh,#hash_45b0e78edf71e289
xmodelmesh,#hash_45b2bc3939e8e770
xmodelmesh,#hash_45b3686e5f10e466
xmodelmesh,#hash_45baf6564c0360be
xmodelmesh,#hash_45c09a9c8d513e76
xmodelmesh,#hash_45c549fea6beafb7
xmodelmesh,#hash_45c75a5160f38f17
xmodelmesh,#hash_45c8f92d0d5f91e9
xmodelmesh,#hash_c5cf45e3592a903c
xmodelmesh,#hash_45cf80613cde8242
xmodelmesh,#hash_45d1237bd3d0c9a6
xmodelmesh,#hash_45d1564ce5560bef
xmodelmesh,#hash_45d28f9931c2f0d6
xmodelmesh,#hash_45d3eb88a3904756
xmodelmesh,#hash_45d434fb603c23a1
xmodelmesh,#hash_45d4e216a3c0562c
xmodelmesh,#hash_c5d4f577cc7f0d46
xmodelmesh,#hash_45d925a04b8f7b4b
xmodelmesh,#hash_45dd9d62d61ddef4
xmodelmesh,#hash_45dfa32e1bef81f6
xmodelmesh,#hash_c5e03c1842d280bf
xmodelmesh,#hash_45e07e0c1a95c374
xmodelmesh,#hash_45e1822b6d0a4de0
xmodelmesh,#hash_45e291e739ba63dd
xmodelmesh,#hash_45e639cfd3647833
xmodelmesh,#hash_45e8f2eb475c1d24
xmodelmesh,#hash_45e9b1d019ac7f51
xmodelmesh,#hash_c5ea4a88e66ce5ba
xmodelmesh,#hash_45eadd3684e9e12c
xmodelmesh,#hash_c5f2800c93dc65d2
xmodelmesh,#hash_c5f60c4ec62af075
xmodelmesh,#hash_c5f723d3325b5d8b
xmodelmesh,#hash_45f93a31e8bc4c7f
xmodelmesh,#hash_45fadb8714030b08
xmodelmesh,#hash_45fbbb440c2dd130
xmodelmesh,#hash_45fbed7820b101a1
xmodelmesh,#hash_c5fe5e1ea346d3c8
xmodelmesh,#hash_45ff03cb2df531fe
xmodelmesh,#hash_45ff0cf62b3080dd
xmodelmesh,#hash_4600027c2477748e
xmodelmesh,#hash_460047ff16b5eb69
xmodelmesh,#hash_4603533773fdeb34
xmodelmesh,#hash_4604f096623bc89b
xmodelmesh,#hash_4609352f1058da09
xmodelmesh,#hash_4609b1dbb3ab5644
xmodelmesh,#hash_4609e7c922900669
xmodelmesh,#hash_460bf24aa293d07c
xmodelmesh,#hash_460d004ddc81e3f3
xmodelmesh,#hash_460ec5ce6e30445e
xmodelmesh,#hash_4611a33606ef88cc
xmodelmesh,#hash_4612aa7b15378859
xmodelmesh,#hash_c61521fce4c685b2
xmodelmesh,#hash_4616f760b0094fd5
xmodelmesh,#hash_46182f13df45975b
xmodelmesh,#hash_4619d11883a1ca3a
xmodelmesh,#hash_461c26b7ddb10b02
xmodelmesh,#hash_4622b34b278a5f4c
xmodelmesh,#hash_462371092b68973e
xmodelmesh,#hash_4623d9e4bcffb86d
xmodelmesh,#hash_462459246c6febee
xmodelmesh,#hash_4627e8341ddc42bf
xmodelmesh,#hash_c62db86e67ab5b37
xmodelmesh,#hash_462ed3216277b5af
xmodelmesh,#hash_462f696b1fb6c57a
xmodelmesh,#hash_4631e49d871ea068
xmodelmesh,#hash_463328c41f0c5205
xmodelmesh,#hash_46337691a79cf6d7
xmodelmesh,#hash_c63439e19a18bbd1
xmodelmesh,#hash_46352455cf1db3ec
xmodelmesh,#hash_4635b35d0288f911
xmodelmesh,#hash_463606311050465a
xmodelmesh,#hash_463661d6169de469
xmodelmesh,#hash_4637205e08ac7804
xmodelmesh,#hash_c6381668a1812743
xmodelmesh,#hash_4639810c7ac7090b
xmodelmesh,#hash_463ad11de5957fcb
xmodelmesh,#hash_463bb1c42c2b7db2
xmodelmesh,#hash_463bd988c8cdf870
xmodelmesh,#hash_463d21f52ba9636a
xmodelmesh,#hash_463d826d852b03ec
xmodelmesh,#hash_463d9a8dcda2b270
xmodelmesh,#hash_c63e5d9490c5d732
xmodelmesh,#hash_c6409a76f2918791
xmodelmesh,#hash_4641e39facc912de
xmodelmesh,#hash_4641eb267cab3e79
xmodelmesh,#hash_464264867fb3cea1
xmodelmesh,#hash_46436ffc4e2ca59a
xmodelmesh,#hash_464447df0272ba55
xmodelmesh,#hash_4644d96d040dd640
xmodelmesh,#hash_c64699fb914819bb
xmodelmesh,#hash_4646eab79564cde4
xmodelmesh,#hash_4648d76d6ebf4576
xmodelmesh,#hash_464c57ae22564c23
xmodelmesh,#hash_464cd9499c9a99ca
xmodelmesh,#hash_465282fd43637f57
xmodelmesh,#hash_4653b2e82199d2e8
xmodelmesh,#hash_4653c177b6bfa4ac
xmodelmesh,#hash_4654b0065103e7d4
xmodelmesh,#hash_c657137a063319f2
xmodelmesh,#hash_4658cc85d22cc511
xmodelmesh,#hash_465922a84c2683e7
xmodelmesh,#hash_465b8e05155a8e87
xmodelmesh,#hash_465e0e5a07a481e5
xmodelmesh,#hash_465e5316e70ef19f
xmodelmesh,#hash_465ea1b908ca5261
xmodelmesh,#hash_465ee418223a1679
xmodelmesh,#hash_465f62b4237f4afe
xmodelmesh,#hash_46607e35aa32b985
xmodelmesh,#hash_c6636856b4f99119
xmodelmesh,#hash_c66439515af2288a
xmodelmesh,#hash_46649311d4b0bf9a
xmodelmesh,#hash_c666d05fb56e6b59
xmodelmesh,#hash_4667740e37ed5c40
xmodelmesh,#hash_c66824d354a1ca6f
xmodelmesh,#hash_4669ec2149db590f
xmodelmesh,#hash_c66c50c4c03f7c37
xmodelmesh,#hash_466d977dbb08f4cf
xmodelmesh,#hash_466e91ca0ae8d2e5
xmodelmesh,#hash_4672bbd618adea75
xmodelmesh,#hash_46736c1a74cfc7b8
xmodelmesh,#hash_46753017c6d560e6
xmodelmesh,#hash_4675d247942401f5
xmodelmesh,#hash_4677f7e5d6cd5e96
xmodelmesh,#hash_c67ac23569e3eb28
xmodelmesh,#hash_c67bcba14eebadae
xmodelmesh,#hash_467c96ba03c3151c
xmodelmesh,#hash_467fb1ad5c3bc54d
xmodelmesh,#hash_4685c3dc4481d20d
xmodelmesh,#hash_468613286f781a14
xmodelmesh,#hash_4686fd3b7b3bfb93
xmodelmesh,#hash_468c1347180337c8
xmodelmesh,#hash_468ea8354795f43c
xmodelmesh,#hash_469045414e8e4ab7
xmodelmesh,#hash_46955b390d426829
xmodelmesh,#hash_46980e6fb7b33d47
xmodelmesh,#hash_469945784502b27e
xmodelmesh,#hash_46994d902e9bd0a7
xmodelmesh,#hash_469a8038a72dc5fb
xmodelmesh,#hash_469b66a2a7be9533
xmodelmesh,#hash_c69f76a7813dd63c
xmodelmesh,#hash_46a0660f47e2a02d
xmodelmesh,#hash_46a2c07efa21dabf
xmodelmesh,#hash_c6a72f326e42e1c9
xmodelmesh,#hash_46a9492721e24ea7
xmodelmesh,#hash_46a94dab994b1ce6
xmodelmesh,#hash_c6a9d42153f99c67
xmodelmesh,#hash_46aa59ceb89eb030
xmodelmesh,#hash_46aaed8e0787747e
xmodelmesh,#hash_46ad41a4671eaf2c
xmodelmesh,#hash_c6b12b12a50c8935
xmodelmesh,#hash_c6b14aa68b3f02a4
xmodelmesh,#hash_46b15e5c2e0a7358
xmodelmesh,#hash_46b1ecbc6c3fd961
xmodelmesh,#hash_46b334b65a446fb6
xmodelmesh,#hash_46b752488deb35b6
xmodelmesh,#hash_46ba9ff86cc67871
xmodelmesh,#hash_46bdf9550182f9a2
xmodelmesh,#hash_c6bf3b97880c299b
xmodelmesh,#hash_46c101945a1fcc57
xmodelmesh,#hash_46c555d3c18f2b16
xmodelmesh,#hash_46c6c830595d1add
xmodelmesh,#hash_46c6ecc52ff3f685
xmodelmesh,#hash_46c71963837cac3c
xmodelmesh,#hash_46cae2a6a0889295
xmodelmesh,#hash_c6cb9ca87eaf68d4
xmodelmesh,#hash_46cd0e4dc487b842
xmodelmesh,#hash_c6d0a0c87c7916ab
xmodelmesh,#hash_46d0f22c2904be5a
xmodelmesh,#hash_46d1dfc6cfa4320b
xmodelmesh,#hash_46d32be10abb6a28
xmodelmesh,#hash_46d5822ec88670a8
xmodelmesh,#hash_46d5b1c21667ddff
xmodelmesh,#hash_c6d6a2e6fda22e71
xmodelmesh,#hash_c6d769b14c782821
xmodelmesh,#hash_c6db96a10ba6fddd
xmodelmesh,#hash_c6dcdcadb110dc0b
xmodelmesh,#hash_46de6955337b8097
xmodelmesh,#hash_46e05a7e0fd7b685
xmodelmesh,#hash_46e15409bade939e
xmodelmesh,#hash_46e1ea3f1042804a
xmodelmesh,#hash_c6e25d7f53a484ab
xmodelmesh,#hash_46e45cbc1bd252cc
xmodelmesh,#hash_46e548fa9c691ce8
xmodelmesh,#hash_46e78c21332ac67d
xmodelmesh,#hash_46e8803d86fe1861
xmodelmesh,#hash_46e8bb3aafa005d5
xmodelmesh,#hash_c6e98299c4f0631c
xmodelmesh,#hash_46eb08027ae32dd4
xmodelmesh,#hash_46eb7235804c94b9
xmodelmesh,#hash_c6ebb4f9eb2594fc
xmodelmesh,#hash_46edcd39b2ae83db
xmodelmesh,#hash_46f1791ac234a4ea
xmodelmesh,#hash_46f2e5e6f4f93b5c
xmodelmesh,#hash_46fae2aea9d81523
xmodelmesh,#hash_46faea61b3b600f4
xmodelmesh,#hash_46fbb45ed4e68f3c
xmodelmesh,#hash_c6ffbb534f113186
xmodelmesh,#hash_470260363be01152
xmodelmesh,#hash_470506a2c48e714f
xmodelmesh,#hash_4705ad789439e001
xmodelmesh,#hash_c707870a9e2c3d18
xmodelmesh,#hash_c70972533c789015
xmodelmesh,#hash_470de1b791d82a6a
xmodelmesh,#hash_4712f05ce4a7ae65
xmodelmesh,#hash_471715f17a0c1153
xmodelmesh,#hash_4717d7e7fcf3460e
xmodelmesh,#hash_4717eb611268ed8c
xmodelmesh,#hash_471c76bcaf614130
xmodelmesh,#hash_c71cac5399ba5d9a
xmodelmesh,#hash_471da9e79af771cb
xmodelmesh,#hash_471e7deab1d0eef5
xmodelmesh,#hash_4721045789944d50
xmodelmesh,#hash_c721491532292b23
xmodelmesh,#hash_4721510ce86f42a6
xmodelmesh,#hash_4722168e883f0a43
xmodelmesh,#hash_47231c78c06816d1
xmodelmesh,#hash_c7243c30f5d2cac7
xmodelmesh,#hash_c7265559a26b07f9
xmodelmesh,#hash_4727b8aedbc83b26
xmodelmesh,#hash_4727fbafe78f4dc4
xmodelmesh,#hash_c7299b66417c43f3
xmodelmesh,#hash_c72a0af6173553c6
xmodelmesh,#hash_472a7fb0e57ddf72
xmodelmesh,#hash_472b62696f02793e
xmodelmesh,#hash_472d0c64fa5575b5
xmodelmesh,#hash_47308e3308f22de7
xmodelmesh,#hash_473171c6967e983c
xmodelmesh,#hash_4734cf41847071df
xmodelmesh,#hash_4735bb50e1deb004
xmodelmesh,#hash_4736a41454f634ce
xmodelmesh,#hash_4738bf42f092c4b5
xmodelmesh,#hash_473a90d06e5da267
xmodelmesh,#hash_473ca0a601646812
xmodelmesh,#hash_c73cd987b01b23d3
xmodelmesh,#hash_473d2cdc71b53ce2
xmodelmesh,#hash_473d4cc4e2857eac
xmodelmesh,#hash_4741a2a04db0d813
xmodelmesh,#hash_4743d05d60a8ce41
xmodelmesh,#hash_4747419986400ee4
xmodelmesh,#hash_4747dfec42b8c412
xmodelmesh,#hash_474a020a624d3e8a
xmodelmesh,#hash_474df1ef0e4e33d5
xmodelmesh,#hash_c74f28a215aefc10
xmodelmesh,#hash_4753fbcebb24d5cd
xmodelmesh,#hash_4756863349d597d9
xmodelmesh,#hash_4756b1846af99529
xmodelmesh,#hash_475ac75802d25394
xmodelmesh,#hash_475c3b92d5029fd2
xmodelmesh,#hash_475d083eb281b42b
xmodelmesh,#hash_c75ecf8e231d52f8
xmodelmesh,#hash_47602e6ffe3c43ac
xmodelmesh,#hash_4763729e57685f16
xmodelmesh,#hash_4763e9d405221dad
xmodelmesh,#hash_4765dda4d6d06f6c
xmodelmesh,#hash_47662d880628515b
xmodelmesh,#hash_c76634988c676be4
xmodelmesh,#hash_476907f0e2288e73
xmodelmesh,#hash_476bb08f9748d54f
xmodelmesh,#hash_476bd9017c2a5651
xmodelmesh,#hash_c76c647ab8a6493d
xmodelmesh,#hash_476f8e776f564858
xmodelmesh,#hash_c770bcfc31cdc417
xmodelmesh,#hash_47718048faff2cf1
xmodelmesh,#hash_4773ddb22e7b63a8
xmodelmesh,#hash_c776e28b4bbb6e1e
xmodelmesh,#hash_4776fafd3e3801c0
xmodelmesh,#hash_4777f768fdd95ea7
xmodelmesh,#hash_477915d2ce66d4cb
xmodelmesh,#hash_c7797150dab73ba0
xmodelmesh,#hash_477cad8c0713ee5f
xmodelmesh,#hash_477d1663ad2c5c15
xmodelmesh,#hash_c77d43ad37950c92
xmodelmesh,#hash_47806c10ffd6040f
xmodelmesh,#hash_4780700560a98881
xmodelmesh,#hash_47845c951421e9fd
xmodelmesh,#hash_47870d365cdfe121
xmodelmesh,#hash_47892d3153fddcef
xmodelmesh,#hash_c78b611ad92d7c43
xmodelmesh,#hash_c78c4d3d31c8e5fb
xmodelmesh,#hash_479187670277e2eb
xmodelmesh,#hash_c794f956201762eb
xmodelmesh,#hash_4795a3f70f1c410e
xmodelmesh,#hash_47968d483199dfec
xmodelmesh,#hash_4798a4ad1c1014ec
xmodelmesh,#hash_4799c4324a404613
xmodelmesh,#hash_479a33e15808202d
xmodelmesh,#hash_479c7c6db14291ff
xmodelmesh,#hash_479db2b19b58f97d
xmodelmesh,#hash_479f9be201a3d2ee
xmodelmesh,#hash_47a27f4823f67417
xmodelmesh,#hash_47a37501ceb605cc
xmodelmesh,#hash_47a54b639ef3f1fe
xmodelmesh,#hash_47a708af48082a99
xmodelmesh,#hash_47a86d7d911e3d76
xmodelmesh,#hash_47aa6c4357faa8de
xmodelmesh,#hash_47ae8ee63a114eab
xmodelmesh,#hash_47af8e37469b71ac
xmodelmesh,#hash_47af978467774ea5
xmodelmesh,#hash_47afdc1b2fd1f114
xmodelmesh,#hash_47b0bb88e867d0b2
xmodelmesh,#hash_47b2e1d9a2bf8547
xmodelmesh,#hash_47b6d7d7344b72e5
xmodelmesh,#hash_47b7499b50160ba9
xmodelmesh,#hash_c7b9cee26de145e4
xmodelmesh,#hash_47bdb64c049895f9
xmodelmesh,#hash_47befd69c3877a80
xmodelmesh,#hash_47c05db6bccd4dae
xmodelmesh,#hash_47c167870e734d12
xmodelmesh,#hash_47c29efc574bc65c
xmodelmesh,#hash_47c39f86751367af
xmodelmesh,#hash_c7c4d625e9d98f63
xmodelmesh,#hash_c7c5378df74e0689
xmodelmesh,#hash_47c92973e1cd9e51
xmodelmesh,#hash_47ca21e2f0a90e72
xmodelmesh,#hash_47cab03c5a9b8466
xmodelmesh,#hash_47cc92b9c2dca79b
xmodelmesh,#hash_47cd5ff625714114
xmodelmesh,#hash_47ce1fc625faf1bb
xmodelmesh,#hash_47cee824dfc55031
xmodelmesh,#hash_47cfc0b2b9706c46
xmodelmesh,#hash_47d11dd86dfcfefc
xmodelmesh,#hash_c7d36a18e9b07103
xmodelmesh,#hash_47d53bcfd4d3068f
xmodelmesh,#hash_47d75ff8a0278ca5
xmodelmesh,#hash_47d9746663d8868f
xmodelmesh,#hash_47dbd7be61fdd732
xmodelmesh,#hash_47dcef6fe3463218
xmodelmesh,#hash_47dedb2fd4b21882
xmodelmesh,#hash_47defa93b7213365
xmodelmesh,#hash_47e0698602b3672d
xmodelmesh,#hash_47e19c1741761c98
xmodelmesh,#hash_47e34cd4b4c09fff
xmodelmesh,#hash_47e508d999cad7e6
xmodelmesh,#hash_47e70f1043b9ac3d
xmodelmesh,#hash_47e74333efde0eab
xmodelmesh,#hash_47e8320d2e0a54b4
xmodelmesh,#hash_c7e9658e297e895d
xmodelmesh,#hash_47e9fb340711b6b1
xmodelmesh,#hash_47eae9b011ff7a1d
xmodelmesh,#hash_c7eaf553bd6fc171
xmodelmesh,#hash_47edef9206959c84
xmodelmesh,#hash_47eea7764da476cb
xmodelmesh,#hash_47eebd07d4d18c69
xmodelmesh,#hash_47f046d0afd78793
xmodelmesh,#hash_47f060725b28896f
xmodelmesh,#hash_47f08d4a2e90d5a2
xmodelmesh,#hash_47f0c21c8bef19bc
xmodelmesh,#hash_47f0d0ff749ec561
xmodelmesh,#hash_47f21ca68958b681
xmodelmesh,#hash_47fc3810da80b977
xmodelmesh,#hash_47fe4d8c95a4546b
xmodelmesh,#hash_47ffd4f27df45dfb
xmodelmesh,#hash_c8011aaf927bce1b
xmodelmesh,#hash_480245efca4cd981
xmodelmesh,#hash_c803b59f88183465
xmodelmesh,#hash_48046ce142994731
xmodelmesh,#hash_4808a993c879693e
xmodelmesh,#hash_c80dcd9a74c75e9b
xmodelmesh,#hash_481189163e8ca158
xmodelmesh,#hash_4812fdd1b13e75e7
xmodelmesh,#hash_4815583a35fe5b03
xmodelmesh,#hash_481608b27c2fe90c
xmodelmesh,#hash_c81758cd66586be6
xmodelmesh,#hash_481841058a7a79e6
xmodelmesh,#hash_48197cc85910e448
xmodelmesh,#hash_481b9d11f46841b9
xmodelmesh,#hash_481d5b315d3f7653
xmodelmesh,#hash_481dbd901680edae
xmodelmesh,#hash_481fbb5df00ee45e
xmodelmesh,#hash_482000c752bdafc8
xmodelmesh,#hash_482205c9b505c3fb
xmodelmesh,#hash_4824f833187a8f34
xmodelmesh,#hash_4826fdd1a061f0ad
xmodelmesh,#hash_482870e5608fbf1a
xmodelmesh,#hash_482b93ae0b68d23d
xmodelmesh,#hash_482d2120aa6514f9
xmodelmesh,#hash_c82e758f77d9cda7
xmodelmesh,#hash_482f28dc3d274b40
xmodelmesh,#hash_482fc3211c21be23
xmodelmesh,#hash_482fe80201938e47
xmodelmesh,#hash_4833ca58a0008632
xmodelmesh,#hash_483427c130bead44
xmodelmesh,#hash_48379c37b55599bc
xmodelmesh,#hash_483ca58755baadc6
xmodelmesh,#hash_483eb1a193171263
xmodelmesh,#hash_48403b722feca237
xmodelmesh,#hash_4844d4a394a4566f
xmodelmesh,#hash_48450e12b0d77562
xmodelmesh,#hash_c846240a064da611
xmodelmesh,#hash_48472856a019c85d
xmodelmesh,#hash_484a4836789c5e95
xmodelmesh,#hash_c84b992fd06c93f6
xmodelmesh,#hash_484d6c99c7679e15
xmodelmesh,#hash_4851c31389b363ea
xmodelmesh,#hash_4851e712f948b3e8
xmodelmesh,#hash_4854801acd1941d3
xmodelmesh,#hash_48551bedf113af4a
xmodelmesh,#hash_485710eb00626d87
xmodelmesh,#hash_485c3d5c9eb526dc
xmodelmesh,#hash_4860579ef7ebe260
xmodelmesh,#hash_c8609df89c74029a
xmodelmesh,#hash_4860b4c2f93d4e04
xmodelmesh,#hash_4863d22f011f7eae
xmodelmesh,#hash_48642245d58f8cd3
xmodelmesh,#hash_48645a3c9944faab
xmodelmesh,#hash_c8679e977326aba3
xmodelmesh,#hash_48691cd3c99403f8
xmodelmesh,#hash_48698a686b4846e8
xmodelmesh,#hash_487058ff15c3ce26
xmodelmesh,#hash_48724c5f31747aad
xmodelmesh,#hash_c8742d86207010a7
xmodelmesh,#hash_c8767cfb18f6a3d6
xmodelmesh,#hash_4878c5d895c316d5
xmodelmesh,#hash_4879639dc20f19cc
xmodelmesh,#hash_c87a22d281d30c6a
xmodelmesh,#hash_c87aec3ef4691896
xmodelmesh,#hash_487c6bedb1825c8c
xmodelmesh,#hash_487c6f1133025465
xmodelmesh,#hash_487dea2ebd3ae94c
xmodelmesh,#hash_487e223461b334d7
xmodelmesh,#hash_c881f429c2cd9a82
xmodelmesh,#hash_488517d374d50620
xmodelmesh,#hash_488521d54a0331fb
xmodelmesh,#hash_4888032fa8bebaf4
xmodelmesh,#hash_488a970380f5eca2
xmodelmesh,#hash_488ea7e3b9c5800a
xmodelmesh,#hash_488fb549fcae83b6
xmodelmesh,#hash_c89028978d3247f7
xmodelmesh,#hash_489180f96402b9ba
xmodelmesh,#hash_489255394f88ab78
xmodelmesh,#hash_48955313618c2395
xmodelmesh,#hash_4895f22e0f9de9fa
xmodelmesh,#hash_c8961d8c7ddb7cd7
xmodelmesh,#hash_4896527aedbb0b5d
xmodelmesh,#hash_48972c15fb8a1d7d
xmodelmesh,#hash_48978b8b661233d9
xmodelmesh,#hash_48978e5bae1bdc75
xmodelmesh,#hash_48995da241aa7662
xmodelmesh,#hash_48999d400bd2b15f
xmodelmesh,#hash_489a730c5bc6c802
xmodelmesh,#hash_c89b93fc2d8bded2
xmodelmesh,#hash_489bc28380e3fa65
xmodelmesh,#hash_c89f85ca2ca2b8a4
xmodelmesh,#hash_489fb6d2d478df31
xmodelmesh,#hash_48a12cc93994a504
xmodelmesh,#hash_48a2dabc6f91ccbe
xmodelmesh,#hash_48a3449987285287
xmodelmesh,#hash_48a8754cb412e5b0
xmodelmesh,#hash_48aaf68b911e12e0
xmodelmesh,#hash_48af4628609960c4
xmodelmesh,#hash_48b0b9b840c6b582
xmodelmesh,#hash_48b1bde31de25c91
xmodelmesh,#hash_48b2955e54cbe9ce
xmodelmesh,#hash_48b3490f1f481a1c
xmodelmesh,#hash_48b377738e7beaac
xmodelmesh,#hash_c8b871f0bef5c656
xmodelmesh,#hash_48bae7f901dd0d62
xmodelmesh,#hash_48bd7042d51471cd
xmodelmesh,#hash_c8bdad1968651c76
xmodelmesh,#hash_48bed0a80fcdc84d
xmodelmesh,#hash_48c0bd4c3ae528bf
xmodelmesh,#hash_48c14c2e31751a48
xmodelmesh,#hash_48c23953fd8e3d44
xmodelmesh,#hash_c8c23e1bdce1c6e5
xmodelmesh,#hash_48c382752f037704
xmodelmesh,#hash_48c41f7bb9d7a6f3
xmodelmesh,#hash_48c42456bd8b889a
xmodelmesh,#hash_48c4aaf9c6df918c
xmodelmesh,#hash_c8c54c02582ad8b4
xmodelmesh,#hash_48c5fe53b5ae077e
xmodelmesh,#hash_c8c61ebb6423f962
xmodelmesh,#hash_48ccdc5d72f32fc4
xmodelmesh,#hash_48ce4bed441a69ec
xmodelmesh,#hash_48cf65971b2c4a0e
xmodelmesh,#hash_48d1a62af321bb7a
xmodelmesh,#hash_48d5406b604175ff
xmodelmesh,#hash_48d64a6b10a0018a
xmodelmesh,#hash_48d7143f4047cab1
xmodelmesh,#hash_48d7f8b17ccdccd5
xmodelmesh,#hash_48d8937aeeabaf88
xmodelmesh,#hash_c8da059e95234de2
xmodelmesh,#hash_48da1451d4794d5f
xmodelmesh,#hash_48dc4735a0ab134a
xmodelmesh,#hash_48de6db71d8047cf
xmodelmesh,#hash_48de814f55ede6a5
xmodelmesh,#hash_c8dfb1219cc289cd
xmodelmesh,#hash_48e092619532865c
xmodelmesh,#hash_48e248ab8874906d
xmodelmesh,#hash_48e2e3e2c223107a
xmodelmesh,#hash_48e39cc37e40913d
xmodelmesh,#hash_48e71d4c60847854
xmodelmesh,#hash_48e7d7fbe4a98613
xmodelmesh,#hash_48ea3ce4c8395970
xmodelmesh,#hash_48eaa0f778f87390
xmodelmesh,#hash_48eb6e5b8e71b01d
xmodelmesh,#hash_c8ec103e66990bb2
xmodelmesh,#hash_48f2a2d654161e98
xmodelmesh,#hash_48f335d8f39dd09a
xmodelmesh,#hash_48f38bed31ea8a76
xmodelmesh,#hash_48f46626cdeed4ea
xmodelmesh,#hash_48f6bb08fb61404a
xmodelmesh,#hash_48f7e5944c3a7349
xmodelmesh,#hash_48f87bf6a2720989
xmodelmesh,#hash_c8fa4aa819c745a4
xmodelmesh,#hash_c8fb2135af97e895
xmodelmesh,#hash_48fbbfd39c976987
xmodelmesh,#hash_48fcccbd5a6fb460
xmodelmesh,#hash_48fd0a07d9b8bab9
xmodelmesh,#hash_48fe28f9cf17be04
xmodelmesh,#hash_c8ff58cc1814e3a9
xmodelmesh,#hash_48ff7bab05f2b951
xmodelmesh,#hash_c901b4a3bc6d6322
xmodelmesh,#hash_4901ec886ca2a78a
xmodelmesh,#hash_49028b3f88ebd034
xmodelmesh,#hash_4902c8fb3156781a
xmodelmesh,#hash_490471b747429ce5
xmodelmesh,#hash_490597da5a573423
xmodelmesh,#hash_490ba2cdea01d6c6
xmodelmesh,#hash_c90f30acac197df7
xmodelmesh,#hash_c911aec2985d5fec
xmodelmesh,#hash_49136526c5e15e5a
xmodelmesh,#hash_49141343d66c3fc1
xmodelmesh,#hash_4915d6a2ea42e130
xmodelmesh,#hash_4915debaa83f8b50
xmodelmesh,#hash_49161390d73dcbde
xmodelmesh,#hash_4917097850aaa659
xmodelmesh,#hash_4918dda679797e10
xmodelmesh,#hash_491a076faea22fad
xmodelmesh,#hash_491a182a46dab280
xmodelmesh,#hash_491a1c9c128d55a2
xmodelmesh,#hash_491a8439f5a0bab7
xmodelmesh,#hash_491b94cd35ddeb14
xmodelmesh,#hash_491ba6ad4461e166
xmodelmesh,#hash_491c1a930460710c
xmodelmesh,#hash_491c9d4cf16c3347
xmodelmesh,#hash_491ccfa47c3cb27e
xmodelmesh,#hash_491d8228ae422019
xmodelmesh,#hash_491f47c43904cba2
xmodelmesh,#hash_49228bc248a543cd
xmodelmesh,#hash_49287c3ada797350
xmodelmesh,#hash_492dfae6d2d3fe89
xmodelmesh,#hash_493478be33e9930e
xmodelmesh,#hash_493645c1c9d6b2c7
xmodelmesh,#hash_49372ad7d8b4c645
xmodelmesh,#hash_c93aa68103dd3484
xmodelmesh,#hash_c93af0936be4ccba
xmodelmesh,#hash_49400195819e2799
xmodelmesh,#hash_494229f9deeb5e63
xmodelmesh,#hash_49426409f4d2e403
xmodelmesh,#hash_4943a6659d1a3824
xmodelmesh,#hash_4943bcd00c3f3ec1
xmodelmesh,#hash_4946a55a2d086aa6
xmodelmesh,#hash_4948855cdeffcb73
xmodelmesh,#hash_c94b46650308b254
xmodelmesh,#hash_494c26190d91587a
xmodelmesh,#hash_c94ce1334e09a8e0
xmodelmesh,#hash_494ceae6cad75f44
xmodelmesh,#hash_494d12fd31eebd7a
xmodelmesh,#hash_c94d2eebeb91b877
xmodelmesh,#hash_494da77df921e011
xmodelmesh,#hash_494ecc7e4b44dc11
xmodelmesh,#hash_494f95eb37913b9d
xmodelmesh,#hash_495258e46b18c09f
xmodelmesh,#hash_c9555a041b64c7f9
xmodelmesh,#hash_49559a6713999067
xmodelmesh,#hash_4956a8087beccfd6
xmodelmesh,#hash_49574bc2c8b70381
xmodelmesh,#hash_49596b6bab5ef0f2
xmodelmesh,#hash_495b10cb32aa6a8b
xmodelmesh,#hash_495b141910206f0f
xmodelmesh,#hash_495ce939d4d17dbf
xmodelmesh,#hash_495d7830d75f71b8
xmodelmesh,#hash_495da3da0e807a8b
xmodelmesh,#hash_495e14dc63710877
xmodelmesh,#hash_495ff97347f40091
xmodelmesh,#hash_496185f9753b9601
xmodelmesh,#hash_49641ee588ed4031
xmodelmesh,#hash_4964c0e632ad025d
xmodelmesh,#hash_496502ad216069aa
xmodelmesh,#hash_c965494a7c92b0ab
xmodelmesh,#hash_496808beae2b00db
xmodelmesh,#hash_4969088d043035bd
xmodelmesh,#hash_496bacf2d15b6ecb
xmodelmesh,#hash_496d6505683d1e9c
xmodelmesh,#hash_496e45a8c8bb0b0f
xmodelmesh,#hash_496eebb611c56820
xmodelmesh,#hash_49700e339b38dea1
xmodelmesh,#hash_4971fb775941a551
xmodelmesh,#hash_497522e3e51cba60
xmodelmesh,#hash_c975be67488d2101
xmodelmesh,#hash_c9775045b132558d
xmodelmesh,#hash_4977901240bd719f
xmodelmesh,#hash_c97916dc29ec4459
xmodelmesh,#hash_497be6a63ba6ce51
xmodelmesh,#hash_497de238b7f64f3e
xmodelmesh,#hash_c97e0d3518c681ee
xmodelmesh,#hash_497e11105b53dbf1
xmodelmesh,#hash_497eb428c2e09f14
xmodelmesh,#hash_498462e98e36e391
xmodelmesh,#hash_c98782ef82f47059
xmodelmesh,#hash_c989c263039edc6d
xmodelmesh,#hash_498c77abe71bf59e
xmodelmesh,#hash_498cfe93ad492baa
xmodelmesh,#hash_498d4f0bb0874687
xmodelmesh,#hash_498d9082eebb5cc9
xmodelmesh,#hash_498f7e30ad3083a7
xmodelmesh,#hash_4990b1ed562892a1
xmodelmesh,#hash_49912f9400fe099b
xmodelmesh,#hash_499238bb478da6cf
xmodelmesh,#hash_c9994b2a051ce0c1
xmodelmesh,#hash_c99962969807598c
xmodelmesh,#hash_499a2ad9d636c2e4
xmodelmesh,#hash_499af9566d21d20d
xmodelmesh,#hash_499b660989a1c814
xmodelmesh,#hash_c99e89921117c572
xmodelmesh,#hash_49a04144212c1a02
xmodelmesh,#hash_49a15c7a7e3ab10a
xmodelmesh,#hash_49aa01a936e389af
xmodelmesh,#hash_49ab53f14a1c6b98
xmodelmesh,#hash_49aedf572449aaff
xmodelmesh,#hash_49aee77758df0af8
xmodelmesh,#hash_49b2213a1c6a2cb4
xmodelmesh,#hash_49b3ed12fc1fd84c
xmodelmesh,#hash_49b4b0c24240492b
xmodelmesh,#hash_49b51e5fea2c6f1b
xmodelmesh,#hash_49b5ecae7b69e4c5
xmodelmesh,#hash_49b7969ddcb04a1a
xmodelmesh,#hash_c9b7f8e6b7ae6026
xmodelmesh,#hash_49b80071103ed275
xmodelmesh,#hash_49b8a8b7ae75fe1f
xmodelmesh,#hash_c9b9bf8edd3deff5
xmodelmesh,#hash_49bb8b9f8cc3b8fe
xmodelmesh,#hash_49be34f96df2edb3
xmodelmesh,#hash_49be485967bdf578
xmodelmesh,#hash_c9bee2757ba53784
xmodelmesh,#hash_c9bfa029083a235f
xmodelmesh,#hash_49c5b04f3e8cfb29
xmodelmesh,#hash_49c84c2bfd553480
xmodelmesh,#hash_49cd41b3605ee7be
xmodelmesh,#hash_49ce45b2ae2f2679
xmodelmesh,#hash_49cefdbf414cb2bc
xmodelmesh,#hash_c9d0c75580e6f374
xmodelmesh,#hash_49d283fbc4ec45ea
xmodelmesh,#hash_49d3bf3be2defdd8
xmodelmesh,#hash_49d44007ecab8991
xmodelmesh,#hash_49db80931f0f5463
xmodelmesh,#hash_c9dd4ad410f2efa1
xmodelmesh,#hash_49de2e502a804e76
xmodelmesh,#hash_49dfd17a3a8e84c3
xmodelmesh,#hash_49e0a63264a3594b
xmodelmesh,#hash_49e265660e034c5f
xmodelmesh,#hash_49e2c686aeaea73b
xmodelmesh,#hash_49e6523c6be21526
xmodelmesh,#hash_49e6c575d6a33d82
xmodelmesh,#hash_49e7b5c66a5c7493
xmodelmesh,#hash_49e81a0ea21a6fb1
xmodelmesh,#hash_49e93be658d374cb
xmodelmesh,#hash_49ecf460ba12e3ef
xmodelmesh,#hash_49ed70f389d20cd7
xmodelmesh,#hash_49f1010553ee65c0
xmodelmesh,#hash_49f431e53a9e3b1c
xmodelmesh,#hash_49f58eab93d3e2e8
xmodelmesh,#hash_49f812fc973eba3e
xmodelmesh,#hash_49f95d4aae6453a2
xmodelmesh,#hash_49f98565ff692792
xmodelmesh,#hash_49fef2c24b1f48fe
xmodelmesh,#hash_ca0048a17fd9b9bc
xmodelmesh,#hash_4a00fe3ea8d66bd8
xmodelmesh,#hash_4a0476c9b31998d8
xmodelmesh,#hash_4a04ce9b4db37094
xmodelmesh,#hash_4a0a6c84d5081a19
xmodelmesh,#hash_4a0ad90d400fc67a
xmodelmesh,#hash_4a0b8624ddaf65ed
xmodelmesh,#hash_4a0c385d6f3cc194
xmodelmesh,#hash_4a0d9a8f6f541490
xmodelmesh,#hash_4a0deb751e93f173
xmodelmesh,#hash_4a0dfd6ab1a8b995
xmodelmesh,#hash_ca106c3e1223bb66
xmodelmesh,#hash_4a17b48723b9b23f
xmodelmesh,#hash_ca1aff772ec583c4
xmodelmesh,#hash_4a1ee9e09f2b8cea
xmodelmesh,#hash_4a1f3c4a5a7125cc
xmodelmesh,#hash_4a1f5e59ac90d063
xmodelmesh,#hash_ca22a4775416b82d
xmodelmesh,#hash_4a2636e2ff30464c
xmodelmesh,#hash_4a266184d8bc0a83
xmodelmesh,#hash_4a2811e11e378e76
xmodelmesh,#hash_4a2e85cb298b3fe2
xmodelmesh,#hash_4a2e9b99023e17db
xmodelmesh,#hash_4a2fdc4264f33313
xmodelmesh,#hash_4a310bc2567dc9fd
xmodelmesh,#hash_4a31b1cc99989da8
xmodelmesh,#hash_4a32419f92278ae2
xmodelmesh,#hash_4a3342d19ef5990a
xmodelmesh,#hash_4a35e2da4d81b0d3
xmodelmesh,#hash_4a361ed4d84b169f
xmodelmesh,#hash_4a392646f6378c09
xmodelmesh,#hash_4a39a13a84949d94
xmodelmesh,#hash_4a3a1c84621e9b23
xmodelmesh,#hash_4a3b5eb79b18f42a
xmodelmesh,#hash_4a3ea60260f09b0a
xmodelmesh,#hash_ca41322e800c1409
xmodelmesh,#hash_4a45bd1f29c52454
xmodelmesh,#hash_4a499797bcc38f69
xmodelmesh,#hash_4a4b36dba81b7a17
xmodelmesh,#hash_ca50c803c27e335f
xmodelmesh,#hash_4a51a26fc1840ef3
xmodelmesh,#hash_ca51fda0ad2ebbf4
xmodelmesh,#hash_4a53cbb7faf44817
xmodelmesh,#hash_4a54489a86bc0a8e
xmodelmesh,#hash_4a54fd0c230f6ac8
xmodelmesh,#hash_4a56f056ad5d633c
xmodelmesh,#hash_4a5845d2bdb3ec95
xmodelmesh,#hash_ca587bdf7bba0e46
xmodelmesh,#hash_4a60c1e306355042
xmodelmesh,#hash_4a6226c6a31a247f
xmodelmesh,#hash_4a631c55ef5184a9
xmodelmesh,#hash_4a655d785f471655
xmodelmesh,#hash_4a65907c96ac530c
xmodelmesh,#hash_4a65b685218cc4c5
xmodelmesh,#hash_4a6687d32d00c391
xmodelmesh,#hash_4a6ad5fb0821c44f
xmodelmesh,#hash_4a6b37c1b6418963
xmodelmesh,#hash_4a6c823b309f7b3c
xmodelmesh,#hash_4a6e8ef650993730
xmodelmesh,#hash_ca73cfdee365bfe4
xmodelmesh,#hash_4a763588813c66c3
xmodelmesh,#hash_4a779a95fd6beab1
xmodelmesh,#hash_4a7bb24c9c742528
xmodelmesh,#hash_ca7fa4df636e0f46
xmodelmesh,#hash_4a810eb6c5421da5
xmodelmesh,#hash_4a815f8a9bdd9743
xmodelmesh,#hash_4a82324c6ac1937b
xmodelmesh,#hash_4a82fb3a1b22e7f0
xmodelmesh,#hash_4a8417de2c2df126
xmodelmesh,#hash_4a84cb3f4b28b945
xmodelmesh,#hash_4a85afb360943d99
xmodelmesh,#hash_4a85e4609c9a78f1
xmodelmesh,#hash_ca86ac889ddc0ab8
xmodelmesh,#hash_4a87db94f3a4dafe
xmodelmesh,#hash_4a87f7400e7154ac
xmodelmesh,#hash_4a880d9025adda8b
xmodelmesh,#hash_4a883c9b25663ed4
xmodelmesh,#hash_4a8bbc9d2d500785
xmodelmesh,#hash_4a8d4b3c87d60a07
xmodelmesh,#hash_4a8fd96167506dda
xmodelmesh,#hash_ca93418596a62e2d
xmodelmesh,#hash_4a970aea43f440eb
xmodelmesh,#hash_ca9735b7df958e2a
xmodelmesh,#hash_4a977dd119f7a441
xmodelmesh,#hash_4a9b95bd04f0f9bf
xmodelmesh,#hash_4a9e2f86a025a230
xmodelmesh,#hash_4aa3f3e231baba1b
xmodelmesh,#hash_4aa44f9ee7d72f77
xmodelmesh,#hash_4aa4be77b25900db
xmodelmesh,#hash_caa5cc8ddd6de002
xmodelmesh,#hash_caa6ea7968f24e86
xmodelmesh,#hash_4aa70e0d71b7aa73
xmodelmesh,#hash_4aa775e044c13aaf
xmodelmesh,#hash_4aa9becd5eb7b04a
xmodelmesh,#hash_caab6775aa26ce59
xmodelmesh,#hash_4aae01917d00f55d
xmodelmesh,#hash_4aae8335cb5d9adf
xmodelmesh,#hash_4ab2a901858f8b96
xmodelmesh,#hash_cab2e410eb7303d9
xmodelmesh,#hash_4ab62e01b13814b8
xmodelmesh,#hash_4ab728353d30ace8
xmodelmesh,#hash_4ab7406f2e7265d7
xmodelmesh,#hash_cab9ba314102c181
xmodelmesh,#hash_4abcaaa5d5fb9d02
xmodelmesh,#hash_4abcc32e58739d20
xmodelmesh,#hash_4abf7f9f9a121d0c
xmodelmesh,#hash_4ac1040f18be37c2
xmodelmesh,#hash_4ac1041fb8ff51a8
xmodelmesh,#hash_4ac44854f9bab411
xmodelmesh,#hash_4ac98b0178b437cd
xmodelmesh,#hash_4ac9ab10d38fb6ca
xmodelmesh,#hash_4acad42920fd7273
xmodelmesh,#hash_4acc37ed44123434
xmodelmesh,#hash_4acc6fa8ece0e046
xmodelmesh,#hash_4acfa2c76a267e35
xmodelmesh,#hash_cad0317239963504
xmodelmesh,#hash_4ad0eaa6aec247ab
xmodelmesh,#hash_4ad1b0cd6049a51b
xmodelmesh,#hash_4ad44a4c99c12881
xmodelmesh,#hash_4ad5021dfbded2a3
xmodelmesh,#hash_4ad52635d8777838
xmodelmesh,#hash_cad599bddf33d184
xmodelmesh,#hash_4ad627b34d701f45
xmodelmesh,#hash_cad6b2082b3248c9
xmodelmesh,#hash_cad9aa58a24fbfef
xmodelmesh,#hash_4adae7cb2e2c4fff
xmodelmesh,#hash_4adc57139b6c14b2
xmodelmesh,#hash_4add824c5aae9c26
xmodelmesh,#hash_4addd29598b6e10e
xmodelmesh,#hash_4adfad2a1f883181
xmodelmesh,#hash_4adfe22ce3be5ee7
xmodelmesh,#hash_4ae01fa4533fe9f1
xmodelmesh,#hash_4ae189343892f989
xmodelmesh,#hash_4ae1f635a79b8390
xmodelmesh,#hash_4ae37e81701f2cd5
xmodelmesh,#hash_4ae44d6f63981284
xmodelmesh,#hash_4ae7150d6171b89b
xmodelmesh,#hash_4ae85dcfa3daf3bf
xmodelmesh,#hash_4aeac03c1ec964f3
xmodelmesh,#hash_4aeafd3496f1eeec
xmodelmesh,#hash_4aecb669e87012d1
xmodelmesh,#hash_caef4998ffdeb251
xmodelmesh,#hash_caf030f17850c5ce
xmodelmesh,#hash_4af1492a7f439111
xmodelmesh,#hash_4af1ef80e91529de
xmodelmesh,#hash_caf23172dd9997af
xmodelmesh,#hash_4af3e4845f0f17fd
xmodelmesh,#hash_4af49fe8e1d014d9
xmodelmesh,#hash_4afa4d052ecbf340
xmodelmesh,#hash_4afb97a84590c250
xmodelmesh,#hash_4afd533bf1a5fd99
xmodelmesh,#hash_4b006cf2e7602c33
xmodelmesh,#hash_4b03768364340689
xmodelmesh,#hash_cb0392a2cfc81502
xmodelmesh,#hash_4b05bfa30405a5f2
xmodelmesh,#hash_cb06031a725e708b
xmodelmesh,#hash_4b07dd32ad3e5762
xmodelmesh,#hash_4b0b40eed2f5c8c2
xmodelmesh,#hash_4b0c30a50457fe52
xmodelmesh,#hash_4b102a7b1991ac68
xmodelmesh,#hash_4b11bbc1dc76ba08
xmodelmesh,#hash_4b173764252eafae
xmodelmesh,#hash_4b17a51d4ee5c83e
xmodelmesh,#hash_4b186f44b84f54c1
xmodelmesh,#hash_4b18dc13104a41ec
xmodelmesh,#hash_4b1976ffd6cbc055
xmodelmesh,#hash_cb1b77d734e00eba
xmodelmesh,#hash_4b215084e52d890f
xmodelmesh,#hash_4b239f6828bb3c74
xmodelmesh,#hash_4b24f8f47f714ac7
xmodelmesh,#hash_cb26c0bbb63db516
xmodelmesh,#hash_4b277837e3a880c9
xmodelmesh,#hash_4b2812b1e48926be
xmodelmesh,#hash_4b285dd4b0ef6abe
xmodelmesh,#hash_cb2c16194d8383bd
xmodelmesh,#hash_4b2ecb60b2c72c6c
xmodelmesh,#hash_4b30030c4608f8e3
xmodelmesh,#hash_4b3201cf5e44e9af
xmodelmesh,#hash_4b32e9849a47e315
xmodelmesh,#hash_4b362da67b2e8731
xmodelmesh,#hash_cb36db7a2e45a243
xmodelmesh,#hash_cb37e5294e8d8b96
xmodelmesh,#hash_4b3e276e3389177e
xmodelmesh,#hash_cb3f9adfad6db229
xmodelmesh,#hash_4b407405bfab1c00
xmodelmesh,#hash_4b41eb35427b9578
xmodelmesh,#hash_4b44048cd4112e26
xmodelmesh,#hash_4b45ce12299e2047
xmodelmesh,#hash_4b468a87e35e7945
xmodelmesh,#hash_cb4bd9464b9386d4
xmodelmesh,#hash_4b4c471ba4cec1fe
xmodelmesh,#hash_4b4cb182e63180d9
xmodelmesh,#hash_4b4cdc4f04b74a47
xmodelmesh,#hash_4b4f5fff9e6583ac
xmodelmesh,#hash_4b4f7281827a352b
xmodelmesh,#hash_4b528d7fa0b43536
xmodelmesh,#hash_4b57476d21ce36d6
xmodelmesh,#hash_4b576673a71eb375
xmodelmesh,#hash_4b59322e8c2c4042
xmodelmesh,#hash_4b5a4768cabd1b2f
xmodelmesh,#hash_4b5addb19a99bf0a
xmodelmesh,#hash_4b5b17e7f0d137f4
xmodelmesh,#hash_4b5cacd797b41eb9
xmodelmesh,#hash_4b5de2ed2d73e9f3
xmodelmesh,#hash_cb5e7ff402fd4c96
xmodelmesh,#hash_4b607f5e41e4fbf2
xmodelmesh,#hash_4b608ab1af578447
xmodelmesh,#hash_4b60b3a4f1d49ccc
xmodelmesh,#hash_4b62ba75dd0a0bfa
xmodelmesh,#hash_cb6312314dedf09d
xmodelmesh,#hash_4b652dc1ee3d0dd1
xmodelmesh,#hash_4b657e67f4a2a1a6
xmodelmesh,#hash_4b68f5095c253653
xmodelmesh,#hash_4b698a53f8441b87
xmodelmesh,#hash_4b6af9dd526add57
xmodelmesh,#hash_cb6e1697eac6ceae
xmodelmesh,#hash_4b701fc7fb9c14cd
xmodelmesh,#hash_4b719363b3199d1a
xmodelmesh,#hash_4b71c8f36db3cc1e
xmodelmesh,#hash_4b75e31cbc93f4ec
xmodelmesh,#hash_4b7669a8fdf64a52
xmodelmesh,#hash_4b76d71325466f9f
xmodelmesh,#hash_cb7787953c22e1af
xmodelmesh,#hash_4b77bac3b337230a
xmodelmesh,#hash_4b792f06f841a330
xmodelmesh,#hash_4b795d8c83dc85d2
xmodelmesh,#hash_4b7aac5fca82ecc2
xmodelmesh,#hash_4b7c0f6a865b08a0
xmodelmesh,#hash_4b7c5739eb959765
xmodelmesh,#hash_4b7cd6291b82c812
xmodelmesh,#hash_cb7e553789d1f729
xmodelmesh,#hash_4b7f4dfe338bc9dd
xmodelmesh,#hash_4b807b988ffdafa0
xmodelmesh,#hash_4b82966b38a1ef08
xmodelmesh,#hash_4b82e3e782af72b8
xmodelmesh,#hash_4b831cb2dd4115bc
xmodelmesh,#hash_4b8c8547032a08d9
xmodelmesh,#hash_4b8edc7b8b76032e
xmodelmesh,#hash_4b8f18e00dc21e8e
xmodelmesh,#hash_4b902fc2b6a497aa
xmodelmesh,#hash_4b91fa06ab7d1ca8
xmodelmesh,#hash_cb94bc09c786730c
xmodelmesh,#hash_4b9b304328360101
xmodelmesh,#hash_4ba1741e194b7ad1
xmodelmesh,#hash_4ba4d24a057a21a1
xmodelmesh,#hash_4ba596e333f706bd
xmodelmesh,#hash_cba8d20d96f107e5
xmodelmesh,#hash_4ba93c9d9af5805d
xmodelmesh,#hash_cbad32acf85ac2fd
xmodelmesh,#hash_cbb0639e81ce7dfd
xmodelmesh,#hash_4bb1c09999b87572
xmodelmesh,#hash_4bb21939998907a9
xmodelmesh,#hash_4bb222b26e59779d
xmodelmesh,#hash_4bb3936a56f50146
xmodelmesh,#hash_4bb47c86008dce24
xmodelmesh,#hash_4bb7107e86915d4c
xmodelmesh,#hash_4bb8a7560a7b8035
xmodelmesh,#hash_cbb98adac8b62c3e
xmodelmesh,#hash_4bb9d771181ade8c
xmodelmesh,#hash_4bba13fad1ac93a7
xmodelmesh,#hash_cbbb69945c16ff93
xmodelmesh,#hash_4bbeef3034fc7564
xmodelmesh,#hash_4bbf4219fe1665f4
xmodelmesh,#hash_cbbf5e39ec9fae3a
xmodelmesh,#hash_4bc019f2d3e9c72e
xmodelmesh,#hash_4bc05d6bffe1ff81
xmodelmesh,#hash_4bc09cdd1dde6532
xmodelmesh,#hash_cbc0a063892fef50
xmodelmesh,#hash_4bc5418c568d064d
xmodelmesh,#hash_4bcb4271fa88c2d4
xmodelmesh,#hash_cbcb76908021b545
xmodelmesh,#hash_4bd005d16c46bef2
xmodelmesh,#hash_4bd6df243195c39a
xmodelmesh,#hash_4bd9cf7059f4b84b
xmodelmesh,#hash_4bde9bacb0b1f751
xmodelmesh,#hash_cbdfd3f89f36e9f8
xmodelmesh,#hash_4be55db0d4395936
xmodelmesh,#hash_4be5861cdfdc5001
xmodelmesh,#hash_cbe73f8373383acf
xmodelmesh,#hash_cbe7beadb6b6cf9c
xmodelmesh,#hash_4beadb123f40b95c
xmodelmesh,#hash_cbeb40058c2aacbb
xmodelmesh,#hash_cbec97353f2e995e
xmodelmesh,#hash_4bed220812f51f22
xmodelmesh,#hash_4bee4c854cfdb7c1
xmodelmesh,#hash_4bf20775a5f05b5b
xmodelmesh,#hash_4bf2d20e7403e1af
xmodelmesh,#hash_4bf3b5cde4618f0c
xmodelmesh,#hash_4bf3bf6a0aef79cf
xmodelmesh,#hash_cbf7cf6902a0c4a8
xmodelmesh,#hash_cbf8cc813bf214db
xmodelmesh,#hash_4bf959c77f32750d
xmodelmesh,#hash_4bfa3db1f236166e
xmodelmesh,#hash_cbfbb88227295410
xmodelmesh,#hash_4bfbc22234f0ff01
xmodelmesh,#hash_4bfc87a44bbe0b51
xmodelmesh,#hash_4bfdc8725a840cf7
xmodelmesh,#hash_4bfe28a15ac2db32
xmodelmesh,#hash_4bfe78f97a5fdfe5
xmodelmesh,#hash_4c04c08734d99993
xmodelmesh,#hash_4c05efca1334dfe3
xmodelmesh,#hash_4c060a0d2dd52286
xmodelmesh,#hash_4c060a9950df4764
xmodelmesh,#hash_4c07510893ef0e7f
xmodelmesh,#hash_4c0a588a40fca3ed
xmodelmesh,#hash_cc0b58df2e6c4fc3
xmodelmesh,#hash_4c138b67716ef609
xmodelmesh,#hash_4c14cd9a184e33dc
xmodelmesh,#hash_4c1c341df9ffd916
xmodelmesh,#hash_4c1e36110c83f4d4
xmodelmesh,#hash_cc222c3771664b79
xmodelmesh,#hash_4c224559701c8fda
xmodelmesh,#hash_cc22728fcd48e0d2
xmodelmesh,#hash_4c237f4218e68de3
xmodelmesh,#hash_cc273c94647301eb
xmodelmesh,#hash_4c284e29ced01667
xmodelmesh,#hash_cc29fec4fb58aca9
xmodelmesh,#hash_4c2b5e200663ce46
xmodelmesh,#hash_4c2d85da6a35db3a
xmodelmesh,#hash_cc2de025940cdd81
xmodelmesh,#hash_4c2e352f010fde34
xmodelmesh,#hash_4c2e6aab3cd354f3
xmodelmesh,#hash_cc3081aaac5596cd
xmodelmesh,#hash_4c3777716631b712
xmodelmesh,#hash_4c38505bf837898c
xmodelmesh,#hash_4c38d7f7baa79d4f
xmodelmesh,#hash_4c392de38f113e0c
xmodelmesh,#hash_4c3ced468dfc00ff
xmodelmesh,#hash_4c3f33aadc2d7cd3
xmodelmesh,#hash_4c3f5268e0dcf603
xmodelmesh,#hash_4c41e9bfbe004e3d
xmodelmesh,#hash_4c4926d7e96456ea
xmodelmesh,#hash_4c4ae1468baabc5c
xmodelmesh,#hash_cc4c40f6806f6088
xmodelmesh,#hash_cc4e5c49eef39b00
xmodelmesh,#hash_4c4f69ee8cebfbfc
xmodelmesh,#hash_4c50050654c0065e
xmodelmesh,#hash_cc51623daf6c6359
xmodelmesh,#hash_4c5258ba3d3b2b03
xmodelmesh,#hash_4c547c0eecc92a6b
xmodelmesh,#hash_4c56d5d9aff16ad2
xmodelmesh,#hash_4c58671e2f34d807
xmodelmesh,#hash_cc5f402b14912f41
xmodelmesh,#hash_4c631bb2beb8d271
xmodelmesh,#hash_cc64e37dc7a0e0a1
xmodelmesh,#hash_4c65aca2317a7d96
xmodelmesh,#hash_4c66af92f177635a
xmodelmesh,#hash_4c69784b2b48c6b0
xmodelmesh,#hash_4c6a8182ad42eba6
xmodelmesh,#hash_4c6b75f613f3b918
xmodelmesh,#hash_4c6d28387f5fb0a8
xmodelmesh,#hash_4c6d440e21bbd462
xmodelmesh,#hash_cc6e073c7673f145
xmodelmesh,#hash_4c7075edd649e55a
xmodelmesh,#hash_4c70a3c493f76e89
xmodelmesh,#hash_4c7f8c04eee60358
xmodelmesh,#hash_4c80dd2e360328db
xmodelmesh,#hash_4c8100bd2e534399
xmodelmesh,#hash_cc838d15a0be4f58
xmodelmesh,#hash_4c8396f41391a7af
xmodelmesh,#hash_4c84ca6969842e55
xmodelmesh,#hash_4c86f6f859c10f33
xmodelmesh,#hash_4c8b46e1f01359a5
xmodelmesh,#hash_4c8b92dfd133f832
xmodelmesh,#hash_4c8d0c55b1a0159a
xmodelmesh,#hash_4c9044acccd0a97d
xmodelmesh,#hash_4c907f3229e0a12e
xmodelmesh,#hash_4c921986b7cc860f
xmodelmesh,#hash_4c938a34a36965fa
xmodelmesh,#hash_4c93f398a4d770af
xmodelmesh,#hash_cc94c94f1781a3d2
xmodelmesh,#hash_4c94f6930d61e717
xmodelmesh,#hash_4c950da384f8373d
xmodelmesh,#hash_4c956e871f2b2073
xmodelmesh,#hash_cc95a0532215b4c5
xmodelmesh,#hash_4c95bd3f58a0e0f3
xmodelmesh,#hash_4c96c5ef24b01f09
xmodelmesh,#hash_4c97c265de2ac929
xmodelmesh,#hash_4c9b918872c8238c
xmodelmesh,#hash_4c9c316a46c9f0a4
xmodelmesh,#hash_cc9cddc602f0bc37
xmodelmesh,#hash_4c9de60c36005a70
xmodelmesh,#hash_4c9dfdeedfe0376d
xmodelmesh,#hash_4ca053b282175b53
xmodelmesh,#hash_4ca07a7472c29fff
xmodelmesh,#hash_4ca5cfacc8f349d8
xmodelmesh,#hash_cca5df302073f1c0
xmodelmesh,#hash_4ca9c705d71e2153
xmodelmesh,#hash_4caa6e821257b9e5
xmodelmesh,#hash_4cabba620d413163
xmodelmesh,#hash_4cac6cafe758e42d
xmodelmesh,#hash_4cb1813f0ad89fad
xmodelmesh,#hash_4cb3ed255e664796
xmodelmesh,#hash_4cb41d30ffd88b37
xmodelmesh,#hash_4cb4d97560c672b9
xmodelmesh,#hash_4cb4e8600ef2ed47
xmodelmesh,#hash_4cb5caf3b5355ae3
xmodelmesh,#hash_4cb64d581d96ff3c
xmodelmesh,#hash_4cb77d762cb885e4
xmodelmesh,#hash_4cbb34367b031e33
xmodelmesh,#hash_4cbc05c035a66d33
xmodelmesh,#hash_4cbf3467f12b7f16
xmodelmesh,#hash_4cc25702e27bb764
xmodelmesh,#hash_4cc2cd20a8d5256e
xmodelmesh,#hash_4cc71b59adc5e1cb
xmodelmesh,#hash_4cc807c21ed1f6ad
xmodelmesh,#hash_4cca748625246a3a
xmodelmesh,#hash_4ccb3c43f5d35d9a
xmodelmesh,#hash_4ccd2839058c82aa
xmodelmesh,#hash_4ccd894bccf714da
xmodelmesh,#hash_4ccdb584405451d7
xmodelmesh,#hash_4cd1040f7dba95a2
xmodelmesh,#hash_4cd261b6807958a6
xmodelmesh,#hash_4cd49c77be491b13
xmodelmesh,#hash_4cd54caa78cf1910
xmodelmesh,#hash_4cd680e8bdc1fc85
xmodelmesh,#hash_4cd8f52234667bf1
xmodelmesh,#hash_4cdc26c839c74178
xmodelmesh,#hash_4cde7fb910c2da9a
xmodelmesh,#hash_4cded4cba99afeea
xmodelmesh,#hash_4ce0c15519d1380a
xmodelmesh,#hash_4ce3502306e1031e
xmodelmesh,#hash_4ce3635cf9726573
xmodelmesh,#hash_4ce3870f5eca6329
xmodelmesh,#hash_4ce3cb42d754fbfd
xmodelmesh,#hash_4ce3e0b553b51a30
xmodelmesh,#hash_4ce6c50aff4d82c9
xmodelmesh,#hash_4ced4524e53304fd
xmodelmesh,#hash_4cee11ae30ddba95
xmodelmesh,#hash_4cf1a540dc0034ff
xmodelmesh,#hash_4cf3b6add0bd2785
xmodelmesh,#hash_4cf3fb283f48540b
xmodelmesh,#hash_4cf6839d263233de
xmodelmesh,#hash_4cf9df8d149f2abb
xmodelmesh,#hash_4cfbdc91e44f6363
xmodelmesh,#hash_4cfbea8d12039e35
xmodelmesh,#hash_4d0128d283acfe3e
xmodelmesh,#hash_4d0228cdb76c0b9e
xmodelmesh,#hash_4d0235c959fea9e6
xmodelmesh,#hash_4d03500068541b7f
xmodelmesh,#hash_4d04fa3b8e6f73c6
xmodelmesh,#hash_4d050fbe56673591
xmodelmesh,#hash_4d09a5de87fb440a
xmodelmesh,#hash_4d0afd1ce0ecd3e1
xmodelmesh,#hash_cd11dc0f24da29f1
xmodelmesh,#hash_cd157d534ae978c2
xmodelmesh,#hash_4d1636de0cbda6d6
xmodelmesh,#hash_cd16631c10586955
xmodelmesh,#hash_4d17000878310afa
xmodelmesh,#hash_4d17459b59697d42
xmodelmesh,#hash_4d185c4fd53728c5
xmodelmesh,#hash_4d1b7b1548616487
xmodelmesh,#hash_4d1be22e065f0108
xmodelmesh,#hash_4d1ced3fa23fdeb7
xmodelmesh,#hash_4d1d069ec046fda5
xmodelmesh,#hash_cd1de133dc630bf2
xmodelmesh,#hash_4d20a4d7555fda6b
xmodelmesh,#hash_4d22b994b50f277c
xmodelmesh,#hash_cd25afceb91e1626
xmodelmesh,#hash_cd25b2b5515f4caf
xmodelmesh,#hash_4d26cb9d7c418c8d
xmodelmesh,#hash_4d28f6e8c4e73759
xmodelmesh,#hash_4d2a87d809273570
xmodelmesh,#hash_4d2ae0ba244118f9
xmodelmesh,#hash_4d2bf51f2bfe2a58
xmodelmesh,#hash_4d2de8003a61a6b5
xmodelmesh,#hash_4d2e4a1ddb318fb4
xmodelmesh,#hash_cd2f97589e9d31a1
xmodelmesh,#hash_4d32c551969d94af
xmodelmesh,#hash_4d336000e1235257
xmodelmesh,#hash_4d35743a91218669
xmodelmesh,#hash_4d365054766a627e
xmodelmesh,#hash_4d36c84dc7ef56bf
xmodelmesh,#hash_cd36d78e791a3420
xmodelmesh,#hash_4d3780c05da3088e
xmodelmesh,#hash_4d3910c58f9aa8fc
xmodelmesh,#hash_4d3980d3c3161f64
xmodelmesh,#hash_cd3bedd60f28b337
xmodelmesh,#hash_4d3cdff6cac1acf5
xmodelmesh,#hash_4d3edcfaf0d35987
xmodelmesh,#hash_cd3efe32c920cb71
xmodelmesh,#hash_4d40230aa085c8d7
xmodelmesh,#hash_4d432aac2574c584
xmodelmesh,#hash_4d45e9abc14f7117
xmodelmesh,#hash_4d486931fbfc2260
xmodelmesh,#hash_4d49c271edbd0cfb
xmodelmesh,#hash_cd49ea4b28b809fc
xmodelmesh,#hash_4d4b4d31e2222965
xmodelmesh,#hash_cd4cc42c347ee9f9
xmodelmesh,#hash_4d4d66a9bf685189
xmodelmesh,#hash_4d4e5e683f972bec
xmodelmesh,#hash_4d4e9ed4868d2668
xmodelmesh,#hash_4d4ea2411b9380b5
xmodelmesh,#hash_4d4eabbfb9ba8a7c
xmodelmesh,#hash_4d50a92e4fcb599a
xmodelmesh,#hash_4d5160c002f1ff5a
xmodelmesh,#hash_4d565976534e30e2
xmodelmesh,#hash_4d56959b74fbcd11
xmodelmesh,#hash_4d57b74ddd941eb7
xmodelmesh,#hash_4d593531e1dcab89
xmodelmesh,#hash_4d593e905753e243
xmodelmesh,#hash_4d595302f3ace8e3
xmodelmesh,#hash_4d5e060df609831d
xmodelmesh,#hash_4d5fba191323d59b
xmodelmesh,#hash_4d6328fd0269a044
xmodelmesh,#hash_4d659c2cb2075fb2
xmodelmesh,#hash_4d687caf5a2a520e
xmodelmesh,#hash_4d6d3c3f121c2409
xmodelmesh,#hash_cd6d7ad1544e554f
xmodelmesh,#hash_4d6f2e2eee753cb7
xmodelmesh,#hash_4d706d66fa7a3b62
xmodelmesh,#hash_4d741ebb7cb10dde
xmodelmesh,#hash_4d749481148264f0
xmodelmesh,#hash_4d7905738135a1db
xmodelmesh,#hash_4d79dbc3cfeeeda6
xmodelmesh,#hash_4d79fe21ff69c76c
xmodelmesh,#hash_4d7bfb4d033d1642
xmodelmesh,#hash_4d7c874fe5abe2a6
xmodelmesh,#hash_4d82b76688394f33
xmodelmesh,#hash_4d83558b83c40f05
xmodelmesh,#hash_4d86532c5e398ad7
xmodelmesh,#hash_4d87881e4baed678
xmodelmesh,#hash_cd89a1807f38f54f
xmodelmesh,#hash_4d8af8bbf605b2a4
xmodelmesh,#hash_4d8c6563fa26fe0e
xmodelmesh,#hash_4d8db270550c50a8
xmodelmesh,#hash_4d8e37df9ca18cb0
xmodelmesh,#hash_4d91b57c4d68ae49
xmodelmesh,#hash_4d924533c3320012
xmodelmesh,#hash_cd934d9b9f288d89
xmodelmesh,#hash_4d946d27b12f01e6
xmodelmesh,#hash_4d9703cee062b5e4
xmodelmesh,#hash_4d9985309eeabb90
xmodelmesh,#hash_4d9ad9be1f6071b5
xmodelmesh,#hash_cd9d257b9dca389d
xmodelmesh,#hash_4d9d4eaf810951f5
xmodelmesh,#hash_cd9e78154aea2918
xmodelmesh,#hash_4da20e136e0bdd2d
xmodelmesh,#hash_4da4c4c2beb74beb
xmodelmesh,#hash_4dab8aa63447a7b3
xmodelmesh,#hash_4dadb03e909402a9
xmodelmesh,#hash_4db2ccccead41499
xmodelmesh,#hash_4db45caeb467119c
xmodelmesh,#hash_4db65b4d9d7866c3
xmodelmesh,#hash_4db7a64f51270b05
xmodelmesh,#hash_4db810802e7a0156
xmodelmesh,#hash_4db998f49ef81b17
xmodelmesh,#hash_4dba07be15d3a9f1
xmodelmesh,#hash_cdbac474f05beed1
xmodelmesh,#hash_4dbb93c4a06d44ed
xmodelmesh,#hash_4dbb93f683f812bb
xmodelmesh,#hash_cdbd4b139afd39b9
xmodelmesh,#hash_cdbdcb11ac7ed14e
xmodelmesh,#hash_4dbeba8eb13c2312
xmodelmesh,#hash_4dbf06b908eaa563
xmodelmesh,#hash_4dc036f87a4587e9
xmodelmesh,#hash_cdc09e6507dc90c3
xmodelmesh,#hash_4dc1aadd6bc3d7c3
xmodelmesh,#hash_4dc278ad62f6823e
xmodelmesh,#hash_4dc2996050ef9c5b
xmodelmesh,#hash_4dc39541a2127855
xmodelmesh,#hash_4dc53f5c05528484
xmodelmesh,#hash_4dc68e0894a680b4
xmodelmesh,#hash_4dc85f8f5db9cff9
xmodelmesh,#hash_4dc8f930d501e27b
xmodelmesh,#hash_4dcefab9a27ea241
xmodelmesh,#hash_4dd0f9c656ac80d6
xmodelmesh,#hash_4dd105e0300a3a20
xmodelmesh,#hash_4dd2af482aea02f1
xmodelmesh,#hash_4dd5e182851e865b
xmodelmesh,#hash_4dd6a1130e8ec4d9
xmodelmesh,#hash_4dd9258c5a9f944f
xmodelmesh,#hash_4dd97320d3cc32e5
xmodelmesh,#hash_4ddb922e5b928d66
xmodelmesh,#hash_4ddf7d0b7121cadb
xmodelmesh,#hash_4de29c47803d1fe4
xmodelmesh,#hash_4de34f43fb98a207
xmodelmesh,#hash_4de56f6c5f19acff
xmodelmesh,#hash_4de6cb674c956b55
xmodelmesh,#hash_4de75b6d243dc30b
xmodelmesh,#hash_4dec7cb0219f1f64
xmodelmesh,#hash_cdef8bd4baf55738
xmodelmesh,#hash_4deff77f39bcec79
xmodelmesh,#hash_4df25b0ebbbc5a83
xmodelmesh,#hash_4df4835f84e53edb
xmodelmesh,#hash_4dfb233dbe1b5fd0
xmodelmesh,#hash_4dfe68f027d7f274
xmodelmesh,#hash_4dfe872b7c2f952b
xmodelmesh,#hash_cdffe6921c5f6177
xmodelmesh,#hash_4e0171438f6b9a7c
xmodelmesh,#hash_4e0975e3893e642e
xmodelmesh,#hash_4e0a1a83c5d1d810
xmodelmesh,#hash_4e0c3c26942415e2
xmodelmesh,#hash_ce0f2829d9ae13ee
xmodelmesh,#hash_ce1115022fb95d0d
xmodelmesh,#hash_4e11992f99df87d5
xmodelmesh,#hash_4e12d11832a56e99
xmodelmesh,#hash_4e130d11fbf78d99
xmodelmesh,#hash_4e1499e204e7d15b
xmodelmesh,#hash_4e16a51505afca53
xmodelmesh,#hash_4e173bcdd3e2836d
xmodelmesh,#hash_4e1939d3d22df03c
xmodelmesh,#hash_ce1acc91637a323b
xmodelmesh,#hash_ce1e86e6e61dd199
xmodelmesh,#hash_4e1fefb6a974f0db
xmodelmesh,#hash_4e22d1cf9707450a
xmodelmesh,#hash_ce251c64784c43a8
xmodelmesh,#hash_4e263f698413a759
xmodelmesh,#hash_4e27d02a5e15e673
xmodelmesh,#hash_4e288c33a8ba0e94
xmodelmesh,#hash_ce291556552c0049
xmodelmesh,#hash_4e2a40eaf5351766
xmodelmesh,#hash_ce2c144268a21926
xmodelmesh,#hash_4e2c5b685095136b
xmodelmesh,#hash_ce2eae53e46cfe78
xmodelmesh,#hash_4e31547d95cd16d2
xmodelmesh,#hash_ce3305156237df38
xmodelmesh,#hash_4e3520411e4fd66b
xmodelmesh,#hash_ce361da917f8cbd7
xmodelmesh,#hash_4e3631d1c1278adb
xmodelmesh,#hash_4e375d58f74ce72f
xmodelmesh,#hash_4e39407c657420bc
xmodelmesh,#hash_4e39af6992c47693
xmodelmesh,#hash_4e3eb7796f11356f
xmodelmesh,#hash_4e3f0a19282e866b
xmodelmesh,#hash_ce441fa47c263e40
xmodelmesh,#hash_4e4930880c3f0a92
xmodelmesh,#hash_ce4b60afd83e4cb7
xmodelmesh,#hash_4e4f22fc10b883ea
xmodelmesh,#hash_4e4f2df59faadd39
xmodelmesh,#hash_4e51bde32f2c7c1c
xmodelmesh,#hash_ce536a89afed2646
xmodelmesh,#hash_4e53d21dc8952ec0
xmodelmesh,#hash_ce54eb7d584eeb50
xmodelmesh,#hash_4e5571ad7dc97558
xmodelmesh,#hash_4e566aaf308fb007
xmodelmesh,#hash_4e571b0b64f734f5
xmodelmesh,#hash_4e5a0bb868229f21
xmodelmesh,#hash_ce5ab244f42413cb
xmodelmesh,#hash_ce5d14d9005cd638
xmodelmesh,#hash_4e5ddeea130d68d7
xmodelmesh,#hash_4e5ee75acd411118
xmodelmesh,#hash_4e5ef94cde8524a9
xmodelmesh,#hash_4e60576b78bb1fe7
xmodelmesh,#hash_4e61b6b236fffc1a
xmodelmesh,#hash_4e6587bf54a19c61
xmodelmesh,#hash_4e6b2a419898ab7c
xmodelmesh,#hash_4e6ccd2ef77d010b
xmodelmesh,#hash_4e6d07a3c2390be0
xmodelmesh,#hash_4e6e75de0e0aefcf
xmodelmesh,#hash_ce7187728cfd447c
xmodelmesh,#hash_4e7353411bb7cddc
xmodelmesh,#hash_4e76ca9e5134c197
xmodelmesh,#hash_ce77a191793047e9
xmodelmesh,#hash_4e79b292a6607cd4
xmodelmesh,#hash_4e7b20b82447700d
xmodelmesh,#hash_ce7c3e70e90601b0
xmodelmesh,#hash_4e7e77f555f059b5
xmodelmesh,#hash_4e7eed12c86873af
xmodelmesh,#hash_4e7fb91a2d6249bf
xmodelmesh,#hash_ce80d9b41a86bfe8
xmodelmesh,#hash_4e83e63a25a6ceef
xmodelmesh,#hash_ce846ac6b9d15dd0
xmodelmesh,#hash_ce84c05f7b053513
xmodelmesh,#hash_4e84c386ef43a656
xmodelmesh,#hash_4e8a56661d11c8e0
xmodelmesh,#hash_4e8ca77c25cc805f
xmodelmesh,#hash_4e8cc80cd5cc1215
xmodelmesh,#hash_4e8e44401a5c1d13
xmodelmesh,#hash_ce8e6bd0bf0bb45b
xmodelmesh,#hash_4e8f28dfaab89b10
xmodelmesh,#hash_4e91abb2a8235d43
xmodelmesh,#hash_4e932923a39519f8
xmodelmesh,#hash_4e934c9c9630d20f
xmodelmesh,#hash_4e938f7ca7ddc9f5
xmodelmesh,#hash_4e93d4dc107081d3
xmodelmesh,#hash_4e9489fba0ca4075
xmodelmesh,#hash_ce94e2b9464a077e
xmodelmesh,#hash_4e95cff1b4204081
xmodelmesh,#hash_4e9787ff705470cc
xmodelmesh,#hash_ce980b570c0db5d8
xmodelmesh,#hash_ce9822ab3ff6e9e9
xmodelmesh,#hash_4e9a61730bfe0d3d
xmodelmesh,#hash_4ea18dea058ad9c7
xmodelmesh,#hash_4ea1b0fd4c0e5257
xmodelmesh,#hash_4ea38b313d268de7
xmodelmesh,#hash_cea59200e29049df
xmodelmesh,#hash_cea6ed0b9ada559a
xmodelmesh,#hash_ceadadc263c6fb36
xmodelmesh,#hash_4eaefa6f424a854f
xmodelmesh,#hash_4eb005d3ac844f5e
xmodelmesh,#hash_ceb0649ab78b79bd
xmodelmesh,#hash_4eb22c9236f1ef9e
xmodelmesh,#hash_4ebbfafbd063669c
xmodelmesh,#hash_4ebca18e541f18db
xmodelmesh,#hash_4ebcd7ec5f668d28
xmodelmesh,#hash_4ebcee460f943665
xmodelmesh,#hash_cebe2dbdd2fa0a38
xmodelmesh,#hash_cec185b876e9229d
xmodelmesh,#hash_4ec1982687747cea
xmodelmesh,#hash_4ec2ec782d2aa8b0
xmodelmesh,#hash_4ec63d7c71870c17
xmodelmesh,#hash_cecbe28e766f8122
xmodelmesh,#hash_4ecc22b3806cf347
xmodelmesh,#hash_cece166d90ed975c
xmodelmesh,#hash_4ece96513ffc2cc6
xmodelmesh,#hash_4ecfbae745914747
xmodelmesh,#hash_4ed19cef7708067a
xmodelmesh,#hash_ced90f91738ddc09
xmodelmesh,#hash_4ed97b51c8398e0e
xmodelmesh,#hash_4eda28735479bd8f
xmodelmesh,#hash_4edb3b3babad8d37
xmodelmesh,#hash_4edcf3a29a94f0cc
xmodelmesh,#hash_4ee33c8eb6d44bd7
xmodelmesh,#hash_4ee3765b3789b256
xmodelmesh,#hash_4ee49254de538615
xmodelmesh,#hash_4ee67cbf54562c01
xmodelmesh,#hash_4eebf06a2a4cc18e
xmodelmesh,#hash_4eec4af902cf8446
xmodelmesh,#hash_4eec4f25615db4c9
xmodelmesh,#hash_4eecddb494230da4
xmodelmesh,#hash_4eef9d8daf2a66e1
xmodelmesh,#hash_4ef06c74797231b4
xmodelmesh,#hash_4ef13dea0b6e22e5
xmodelmesh,#hash_4ef14505ccafdb06
xmodelmesh,#hash_4ef304921320d120
xmodelmesh,#hash_4ef4644962ebd172
xmodelmesh,#hash_4ef724afa1f26c1f
xmodelmesh,#hash_4efcdef25a667d32
xmodelmesh,#hash_4efeb98004a33a85
xmodelmesh,#hash_4effa2b5dca688e5
xmodelmesh,#hash_4efff62e5f22c08a
xmodelmesh,#hash_4f024016861c84e1
xmodelmesh,#hash_4f031d69f4c50312
xmodelmesh,#hash_4f0401db6d0ba90f
xmodelmesh,#hash_cf0519d590d1cceb
xmodelmesh,#hash_4f0540644dde935a
xmodelmesh,#hash_4f057eb822d147a0
xmodelmesh,#hash_4f097b927fc96f8c
xmodelmesh,#hash_4f0d7bd302504ab5
xmodelmesh,#hash_4f1041334ee04830
xmodelmesh,#hash_4f126c7c769d2330
xmodelmesh,#hash_4f14496acda64617
xmodelmesh,#hash_4f14a7d746f7f9e7
xmodelmesh,#hash_cf152b08c3d90756
xmodelmesh,#hash_4f17b676a6173f77
xmodelmesh,#hash_4f193960071ee580
xmodelmesh,#hash_cf193f43932a4cb7
xmodelmesh,#hash_4f1a87122ae5b90c
xmodelmesh,#hash_cf1b470cd69c1545
xmodelmesh,#hash_4f1b8d7350c22fa6
xmodelmesh,#hash_4f2032ad88ae8d8d
xmodelmesh,#hash_4f208864466c1258
xmodelmesh,#hash_4f21ec17cd557a29
xmodelmesh,#hash_4f221823bf8158d8
xmodelmesh,#hash_4f22f00441dfbab4
xmodelmesh,#hash_cf247a0e98b9c542
xmodelmesh,#hash_4f24d6b96323d9bf
xmodelmesh,#hash_4f24fda065e920db
xmodelmesh,#hash_4f266b3cb23c22aa
xmodelmesh,#hash_4f2832f201f9034e
xmodelmesh,#hash_4f2852050975f68f
xmodelmesh,#hash_4f287c2e9e12e307
xmodelmesh,#hash_cf2bc71a48c4f7a6
xmodelmesh,#hash_4f2c310820285c74
xmodelmesh,#hash_4f2cc30777d9f1c1
xmodelmesh,#hash_4f3013707c1f8a63
xmodelmesh,#hash_cf328bb82cff7659
xmodelmesh,#hash_4f32e1f3256b8243
xmodelmesh,#hash_4f3705491581d578
xmodelmesh,#hash_4f380d81026a66c7
xmodelmesh,#hash_cf3978a68b30ac8b
xmodelmesh,#hash_4f3ddc6017f6d810
xmodelmesh,#hash_4f3ee72243b1f16b
xmodelmesh,#hash_4f3fd68d0228eee6
xmodelmesh,#hash_4f41732bdf7f17ad
xmodelmesh,#hash_4f43155aff632e48
xmodelmesh,#hash_4f460528d8aef00a
xmodelmesh,#hash_4f47a66cc925de07
xmodelmesh,#hash_4f49e6191d059b7e
xmodelmesh,#hash_4f4bef3ecebf6cf9
xmodelmesh,#hash_4f4c365671ad5123
xmodelmesh,#hash_cf4cc6ad453bdbf8
xmodelmesh,#hash_4f4d73fd5bddb195
xmodelmesh,#hash_cf4e8661a8c036fe
xmodelmesh,#hash_4f4f23a671cf7df0
xmodelmesh,#hash_cf50e9e932b8abc0
xmodelmesh,#hash_4f52b463dff288be
xmodelmesh,#hash_4f537f862d0f2687
xmodelmesh,#hash_4f555da440f71472
xmodelmesh,#hash_4f5605148c32336c
xmodelmesh,#hash_4f577bd86f872dab
xmodelmesh,#hash_4f5e69adb4c2e7ec
xmodelmesh,#hash_4f5e6b9e528867d5
xmodelmesh,#hash_4f5e9f05f321a63f
xmodelmesh,#hash_4f5ef4e2e53c63e8
xmodelmesh,#hash_4f5efa249a98f54c
xmodelmesh,#hash_4f608c173974c581
xmodelmesh,#hash_4f6297fa62b2666a
xmodelmesh,#hash_4f658079066d0895
xmodelmesh,#hash_4f693167aee6e49a
xmodelmesh,#hash_4f69ba3a5c92ce72
xmodelmesh,#hash_4f6ce4f0190042ea
xmodelmesh,#hash_4f6f4baa1fbc3e6e
xmodelmesh,#hash_4f6fc2d76776061e
xmodelmesh,#hash_cf7343ab9fc69a58
xmodelmesh,#hash_4f7380531423f06b
xmodelmesh,#hash_4f74cb3480850dcc
xmodelmesh,#hash_4f784207b7a59436
xmodelmesh,#hash_cf78f8eea20227bb
xmodelmesh,#hash_cf7c3b6b2e3f43b2
xmodelmesh,#hash_4f7c71c80732cc33
xmodelmesh,#hash_cf7e84437ff98586
xmodelmesh,#hash_cf8303ad66333612
xmodelmesh,#hash_4f85428c735f9ee9
xmodelmesh,#hash_cf855c8c04978e37
xmodelmesh,#hash_4f8760fe68aa32d7
xmodelmesh,#hash_4f8b6abf9e7a9306
xmodelmesh,#hash_cf8d02422516c934
xmodelmesh,#hash_4f8dab6fb243ae5e
xmodelmesh,#hash_4f8df731398a7594
xmodelmesh,#hash_cf8f5ddcff535821
xmodelmesh,#hash_4f909a939dfcab42
xmodelmesh,#hash_4f9429d24eb8de27
xmodelmesh,#hash_cf953a5d2d793732
xmodelmesh,#hash_4f9580ec12a64ddf
xmodelmesh,#hash_4f9586efa4b0726d
xmodelmesh,#hash_4fa0859bd557fc85
xmodelmesh,#hash_4fa1fa4b047c5c80
xmodelmesh,#hash_4fa63f92d921bb3d
xmodelmesh,#hash_4fa831b351180502
xmodelmesh,#hash_4facba172ae0aaf7
xmodelmesh,#hash_4fad8ed34d2484ef
xmodelmesh,#hash_4fb1dfa076eef38d
xmodelmesh,#hash_4fb3cf5ea4ba96a3
xmodelmesh,#hash_4fb5d681555a14f3
xmodelmesh,#hash_4fb82af07c94475a
xmodelmesh,#hash_4fc5037fdbf6f403
xmodelmesh,#hash_4fc6ddb4cd50328b
xmodelmesh,#hash_4fc6faad3b71b096
xmodelmesh,#hash_4fc7b050677620c4
xmodelmesh,#hash_4fc881e34f1bde01
xmodelmesh,#hash_4fcbc7064b00ec39
xmodelmesh,#hash_4fcc593598a51062
xmodelmesh,#hash_4fce7b4ae1eec23e
xmodelmesh,#hash_4fcff59a08ea6a40
xmodelmesh,#hash_4fd2bd5da99c3684
xmodelmesh,#hash_4fd3081218f464fc
xmodelmesh,#hash_cfd54d546638901c
xmodelmesh,#hash_4fd9486999a85ea1
xmodelmesh,#hash_cfd9f5a0e736370b
xmodelmesh,#hash_4fda19dd97c14df3
xmodelmesh,#hash_4fdcdbdb0273f027
xmodelmesh,#hash_4fde006879510129
xmodelmesh,#hash_4fe4828dd54b7ecd
xmodelmesh,#hash_cfe5c648b8df409d
xmodelmesh,#hash_4fe744300ccd7d70
xmodelmesh,#hash_4fe83e693af01db7
xmodelmesh,#hash_4fea21c3a90ab50c
xmodelmesh,#hash_cfeacf3379de8252
xmodelmesh,#hash_4feea720e069f2d9
xmodelmesh,#hash_4fef963254cc9414
xmodelmesh,#hash_4ff2eaa004deb70b
xmodelmesh,#hash_cff5db7544835eae
xmodelmesh,#hash_4ff754cf6b360eb6
xmodelmesh,#hash_4ff7a2094e3b66c2
xmodelmesh,#hash_4ff7d6a1ff04dc40
xmodelmesh,#hash_4ffa521d7f589067
xmodelmesh,#hash_cffe2c560b6d7146
xmodelmesh,#hash_50004f1dd6569245
xmodelmesh,#hash_500821bf8bd15100
xmodelmesh,#hash_500b4ea8ac20c2cf
xmodelmesh,#hash_500c70bc90e31fc8
xmodelmesh,#hash_500cf03afb6979f6
xmodelmesh,#hash_5014412de45e65b5
xmodelmesh,#hash_5017b670eb04eae4
xmodelmesh,#hash_501a8909f26676e7
xmodelmesh,#hash_501ea223492a2cbe
xmodelmesh,#hash_50219c112c7bc142
xmodelmesh,#hash_d0220b4890f091c3
xmodelmesh,#hash_5024411974b735fe
xmodelmesh,#hash_502572e933bb4c86
xmodelmesh,#hash_50285de1ff0dd5da
xmodelmesh,#hash_502920041b59512c
xmodelmesh,#hash_d02bd77031cec2d1
xmodelmesh,#hash_502d9691d2755ba3
xmodelmesh,#hash_502f867c2d8de11f
xmodelmesh,#hash_503027a4b13460c5
xmodelmesh,#hash_50304fb69f02dd58
xmodelmesh,#hash_503243831ab49bae
xmodelmesh,#hash_5032ebb4f1755467
xmodelmesh,#hash_5034d88d5980fac4
xmodelmesh,#hash_5036ed626e5ca281
xmodelmesh,#hash_5037745337554858
xmodelmesh,#hash_503b8431e2371554
xmodelmesh,#hash_503d2feaa9f26e7f
xmodelmesh,#hash_503ecc1b3c0e6ebd
xmodelmesh,#hash_5040f93475b52b1d
xmodelmesh,#hash_5041ea9e730d228e
xmodelmesh,#hash_d043c01a430eea4e
xmodelmesh,#hash_5044d9ade62d55dd
xmodelmesh,#hash_50453633675b649c
xmodelmesh,#hash_5045bc35a3ec18e5
xmodelmesh,#hash_d045d0c8d53249bb
xmodelmesh,#hash_5047dc16f48e1648
xmodelmesh,#hash_504c26f94dfa856e
xmodelmesh,#hash_504db95a0774fde7
xmodelmesh,#hash_504e954ae87e2ee8
xmodelmesh,#hash_504e9d4f3f10662d
xmodelmesh,#hash_504f58f8932df9c9
xmodelmesh,#hash_505154fb5db21519
xmodelmesh,#hash_5053ada357afacf4
xmodelmesh,#hash_505479ba25ba1231
xmodelmesh,#hash_d0548e5d26d6e8f1
xmodelmesh,#hash_505a9f7af20e5c52
xmodelmesh,#hash_d05cf4050117d431
xmodelmesh,#hash_505e3b1d3465a25b
xmodelmesh,#hash_505fdfc88fe99aca
xmodelmesh,#hash_506032a6a2d7ced6
xmodelmesh,#hash_d063d76d1dda9c00
xmodelmesh,#hash_5067578d1104e5a4
xmodelmesh,#hash_5067f59a93e5d9e0
xmodelmesh,#hash_5068481c2f971269
xmodelmesh,#hash_5069b180c0d51362
xmodelmesh,#hash_506a09c20c2c14bb
xmodelmesh,#hash_506b1ef711802fa4
xmodelmesh,#hash_506b44a30357cc62
xmodelmesh,#hash_d06bc871d080cebc
xmodelmesh,#hash_506c533df1205c77
xmodelmesh,#hash_506db259d7d2cd33
xmodelmesh,#hash_d06e30ff8963a115
xmodelmesh,#hash_d06f6790b9d20462
xmodelmesh,#hash_506f9592e974525a
xmodelmesh,#hash_506faf3ee37265ed
xmodelmesh,#hash_5070b5f1cc27185d
xmodelmesh,#hash_5071412e22e44343
xmodelmesh,#hash_507339d8895a7f3b
xmodelmesh,#hash_d074f4191451c61d
xmodelmesh,#hash_5078f1bec4cb2d14
xmodelmesh,#hash_d079ed2a236e21e1
xmodelmesh,#hash_507a9000309d33ec
xmodelmesh,#hash_507b13f15a8ecfd9
xmodelmesh,#hash_507cb486bf3e857d
xmodelmesh,#hash_507ceec8cf73d865
xmodelmesh,#hash_507f02905ed5266c
xmodelmesh,#hash_5081b0bb7c284932
xmodelmesh,#hash_d0828839e0b80d33
xmodelmesh,#hash_50874f04ca97c9ee
xmodelmesh,#hash_508923af2b00f530
xmodelmesh,#hash_50896a52029da764
xmodelmesh,#hash_50897c3a7159429e
xmodelmesh,#hash_508b2d9fe4989888
xmodelmesh,#hash_d08b74f43d0a096c
xmodelmesh,#hash_508b8201d01a36e6
xmodelmesh,#hash_d08d04644266a863
xmodelmesh,#hash_508d48405ae0f69c
xmodelmesh,#hash_50920efdc64b97db
xmodelmesh,#hash_5093452d2f481223
xmodelmesh,#hash_5093b9d3434f59c9
xmodelmesh,#hash_50948f4aad3595f9
xmodelmesh,#hash_5096801348860852
xmodelmesh,#hash_5096f86c990a6150
xmodelmesh,#hash_50987b6878c59339
xmodelmesh,#hash_5099b6e8af90dc64
xmodelmesh,#hash_509a06d528fe17c2
xmodelmesh,#hash_d09b2dc1a74fce3d
xmodelmesh,#hash_509bbe622422042a
xmodelmesh,#hash_509c17fa8f1c3f46
xmodelmesh,#hash_509c8d98c99c7ef5
xmodelmesh,#hash_509e49bc07607b23
xmodelmesh,#hash_50a106740d513758
xmodelmesh,#hash_50a130e4d910af94
xmodelmesh,#hash_50a15b0c63367699
xmodelmesh,#hash_50a6a09b78760257
xmodelmesh,#hash_50a7429e07f553d9
xmodelmesh,#hash_50a745925d4b4f77
xmodelmesh,#hash_50a7e38427906d4e
xmodelmesh,#hash_50a801e044989e85
xmodelmesh,#hash_50aa6f1cb31f7612
xmodelmesh,#hash_50ac88a0f88678fd
xmodelmesh,#hash_50b0b0f6e79d0b42
xmodelmesh,#hash_50b130cc8e8acd25
xmodelmesh,#hash_50b343238d594ec8
xmodelmesh,#hash_50b3b3f02b1776e0
xmodelmesh,#hash_50b461a5c002d689
xmodelmesh,#hash_50b462ffd85d11fc
xmodelmesh,#hash_50b80419e644eba5
xmodelmesh,#hash_50b8d244a3c6edd8
xmodelmesh,#hash_50b90a2f5eab0cf8
xmodelmesh,#hash_50ba0b06758b21fa
xmodelmesh,#hash_50ba4e7a86d39463
xmodelmesh,#hash_50bb41f8dc2163ee
xmodelmesh,#hash_d0be5bfd3a713663
xmodelmesh,#hash_d0c031a5c1e135f0
xmodelmesh,#hash_50c25670cc2b5921
xmodelmesh,#hash_50c34c91d98ab98a
xmodelmesh,#hash_50c40b4f1da8148b
xmodelmesh,#hash_50c471558e058a2c
xmodelmesh,#hash_d0c5d27065838d8b
xmodelmesh,#hash_d0c96d002e2513df
xmodelmesh,#hash_d0c996b09bd9fc9f
xmodelmesh,#hash_d0ca5dcd16230b65
xmodelmesh,#hash_50cab8cde159cd56
xmodelmesh,#hash_50cedd90c673b24d
xmodelmesh,#hash_50d10442fedf755c
xmodelmesh,#hash_50d22a56ff6117ff
xmodelmesh,#hash_50d76730d0fa39f8
xmodelmesh,#hash_50d859e3eb2ca3bd
xmodelmesh,#hash_50d889bd066fc879
xmodelmesh,#hash_d0da17139ab34c23
xmodelmesh,#hash_50dbd24edb3be9a4
xmodelmesh,#hash_50dbd991cb87dac0
xmodelmesh,#hash_50dea78872d69179
xmodelmesh,#hash_50e00d61c2ef70f3
xmodelmesh,#hash_50e0db74f0840b6c
xmodelmesh,#hash_50e29f50c42d1397
xmodelmesh,#hash_50e6d93b02b0e88d
xmodelmesh,#hash_d0e7c6af642d4a76
xmodelmesh,#hash_50e7de7ce0071af8
xmodelmesh,#hash_50e81519d11d220a
xmodelmesh,#hash_50e8e34c0dd01772
xmodelmesh,#hash_50f0021ec5c341ae
xmodelmesh,#hash_d0f060a9cbcb895a
xmodelmesh,#hash_50f10ec2a6023891
xmodelmesh,#hash_50f6ebdc8c0f42e2
xmodelmesh,#hash_50f7b5d058d9b4da
xmodelmesh,#hash_50fbdb711b68c50b
xmodelmesh,#hash_50fd90e794657e39
xmodelmesh,#hash_510034af37e64f15
xmodelmesh,#hash_d1014dc7707f62c1
xmodelmesh,#hash_d1019f1e12025c07
xmodelmesh,#hash_d10421f5083dba90
xmodelmesh,#hash_51043742737cb110
xmodelmesh,#hash_5105544094a093dc
xmodelmesh,#hash_d10704701c28e15a
xmodelmesh,#hash_5107f047ed94d44a
xmodelmesh,#hash_510a3ac57b20c0fd
xmodelmesh,#hash_5111183ebba04f1a
xmodelmesh,#hash_51112bd33849358e
xmodelmesh,#hash_51132fc5f579b653
xmodelmesh,#hash_51149844c83cceb0
xmodelmesh,#hash_d1197726a3ddc5fa
xmodelmesh,#hash_511a93f2cea57ed5
xmodelmesh,#hash_d11bb8da3daf0574
xmodelmesh,#hash_511c381ef9ece9e0
xmodelmesh,#hash_d11cecdeca0dfb96
xmodelmesh,#hash_511f9dbea597a02e
xmodelmesh,#hash_d120511c6d373cf1
xmodelmesh,#hash_5121f0ce9b6beed7
xmodelmesh,#hash_512a3711cea3457f
xmodelmesh,#hash_512a869c8d4638df
xmodelmesh,#hash_512d56ea31f3419b
xmodelmesh,#hash_512e74090c88dc63
xmodelmesh,#hash_512f5d9b90e33474
xmodelmesh,#hash_51309a78ba5b3c4a
xmodelmesh,#hash_5132da54cec78e19
xmodelmesh,#hash_513576b780b17bb1
xmodelmesh,#hash_5135c6d34c35774a
xmodelmesh,#hash_513cec74fb511866
xmodelmesh,#hash_513eb39fc6962bcc
xmodelmesh,#hash_513ed4cd85b6cd29
xmodelmesh,#hash_513ee50f122253ce
xmodelmesh,#hash_513f8656db4f2d14
xmodelmesh,#hash_d13faaf9d3aa03ac
xmodelmesh,#hash_514069aab581241f
xmodelmesh,#hash_5141640be28fecfd
xmodelmesh,#hash_d141f37ddf03ab41
xmodelmesh,#hash_d1420eb94ad18e34
xmodelmesh,#hash_51471ad5e45d6fd3
xmodelmesh,#hash_514847f5b3cf3289
xmodelmesh,#hash_d149ecf7feaaea9a
xmodelmesh,#hash_514abd58472fa02c
xmodelmesh,#hash_514beaa52935a948
xmodelmesh,#hash_d14eaa84a2221f26
xmodelmesh,#hash_51552e2aabe9bf48
xmodelmesh,#hash_d15ec7089e1b7471
xmodelmesh,#hash_d1606f7326b10393
xmodelmesh,#hash_516489bb0a4fdcf0
xmodelmesh,#hash_5165b4d91f8f684d
xmodelmesh,#hash_51664362bdfcf0ad
xmodelmesh,#hash_d1693ac6364e448b
xmodelmesh,#hash_51697b9bd2b51dac
xmodelmesh,#hash_516a2d3d84f95622
xmodelmesh,#hash_d16ac235d91668ee
xmodelmesh,#hash_516ae06d277485f4
xmodelmesh,#hash_516b677379930fcc
xmodelmesh,#hash_d16cdb273d2429b3
xmodelmesh,#hash_516d27c147945df0
xmodelmesh,#hash_516f0a9626ecea89
xmodelmesh,#hash_5171713ed8ba5ed4
xmodelmesh,#hash_d172830aab060bd7
xmodelmesh,#hash_d17339cf45d55dea
xmodelmesh,#hash_5173e53883d21c10
xmodelmesh,#hash_d174492bec431456
xmodelmesh,#hash_d1784b7958b94e01
xmodelmesh,#hash_5178c2da502243d9
xmodelmesh,#hash_51792bee452ece56
xmodelmesh,#hash_517a59b700897027
xmodelmesh,#hash_517bfa95d449b22a
xmodelmesh,#hash_517eeb75e0095a3b
xmodelmesh,#hash_517f7238c9ae120a
xmodelmesh,#hash_5183d93daa86c887
xmodelmesh,#hash_51847d87c4331444
xmodelmesh,#hash_518a259c66b65944
xmodelmesh,#hash_518b0181b3813211
xmodelmesh,#hash_518bdbbf009fb718
xmodelmesh,#hash_518c3d0ad51c3fb7
xmodelmesh,#hash_518ca00c8c4bab2b
xmodelmesh,#hash_518f20d54b083062
xmodelmesh,#hash_51933352e3d034e3
xmodelmesh,#hash_5194019ef9bb0e3d
xmodelmesh,#hash_519645563239628f
xmodelmesh,#hash_51966810465b6d49
xmodelmesh,#hash_5197744de1bd7e91
xmodelmesh,#hash_5198a6b3deceaea7
xmodelmesh,#hash_d19c1357c20e75ff
xmodelmesh,#hash_51a02157b773bb35
xmodelmesh,#hash_51a06a96e4331825
xmodelmesh,#hash_51a0b695772d6037
xmodelmesh,#hash_51a2c41974c6b990
xmodelmesh,#hash_51a3a8c0d2ec482f
xmodelmesh,#hash_51a72dc5ba19cf7c
xmodelmesh,#hash_51a7bcdb445e9f69
xmodelmesh,#hash_51a9ebcbe7b794be
xmodelmesh,#hash_51aa28438d80e627
xmodelmesh,#hash_51ac4555bec619a4
xmodelmesh,#hash_51ace0972b8c2d95
xmodelmesh,#hash_51af0c95d75050ba
xmodelmesh,#hash_51b0d8f8b80bf9f9
xmodelmesh,#hash_51b1484e6c95a084
xmodelmesh,#hash_51b3230e8b4d4519
xmodelmesh,#hash_51b4e8eb0e6a2bd9
xmodelmesh,#hash_51b6f4717981773a
xmodelmesh,#hash_51b8bf7f66cff84e
xmodelmesh,#hash_51b8f670a9dcdc33
xmodelmesh,#hash_51b994afeed93695
xmodelmesh,#hash_51b9ed073135817a
xmodelmesh,#hash_51badc510ebdbbf6
xmodelmesh,#hash_51bb39c671af6e58
xmodelmesh,#hash_51bcf0b8724a84ef
xmodelmesh,#hash_51bef3fa045dd2ca
xmodelmesh,#hash_51c0f32306fad19e
xmodelmesh,#hash_51c763a23d011c21
xmodelmesh,#hash_51c77733dd4b4f3f
xmodelmesh,#hash_51c94c9d36a2f1fe
xmodelmesh,#hash_51c982d80c072a3f
xmodelmesh,#hash_51cb94230f6297c6
xmodelmesh,#hash_51cba62e9ddf5053
xmodelmesh,#hash_51cc75067044754d
xmodelmesh,#hash_51cf17a0b7e321c6
xmodelmesh,#hash_51cf87cedc1dbc28
xmodelmesh,#hash_51d2eeca91c94906
xmodelmesh,#hash_51d543bda1545ab3
xmodelmesh,#hash_51d59e18abeec8c9
xmodelmesh,#hash_51d6b84d8780f95b
xmodelmesh,#hash_51d6d69b447e009a
xmodelmesh,#hash_51d7601bb89eb5e0
xmodelmesh,#hash_51d7677a24d7af20
xmodelmesh,#hash_51d946fefeed8a1a
xmodelmesh,#hash_51dad007f3eae960
xmodelmesh,#hash_d1db175011e3f51b
xmodelmesh,#hash_51dc51bb6159134b
xmodelmesh,#hash_51dd1662093d2301
xmodelmesh,#hash_51de54c10274586f
xmodelmesh,#hash_51dee0c435188641
xmodelmesh,#hash_d1e1d5dc53b59f03
xmodelmesh,#hash_51e33421b6457bd7
xmodelmesh,#hash_51e5ae477f442dcb
xmodelmesh,#hash_51e8703f468c890a
xmodelmesh,#hash_51e9e29db5e37571
xmodelmesh,#hash_51ebb772b839f77b
xmodelmesh,#hash_51ebbc42232ab66f
xmodelmesh,#hash_51ef6b6d9b1dacff
xmodelmesh,#hash_d1f01d0933741c7a
xmodelmesh,#hash_51f1b544528a9028
xmodelmesh,#hash_51f224ab2bd3764f
xmodelmesh,#hash_51f29a0979e11c69
xmodelmesh,#hash_51f44264160bc6b8
xmodelmesh,#hash_51fb108a40ef3a69
xmodelmesh,#hash_520049cdaee70def
xmodelmesh,#hash_52009525f5529d84
xmodelmesh,#hash_5204a39732259098
xmodelmesh,#hash_5204aa5423e5ca6f
xmodelmesh,#hash_5208ea15999b8ca2
xmodelmesh,#hash_d20d3ea0f92a7432
xmodelmesh,#hash_52150329355447f0
xmodelmesh,#hash_521554142842b638
xmodelmesh,#hash_5216e658a338c794
xmodelmesh,#hash_52172c290f1f7bd8
xmodelmesh,#hash_521833127e6c7082
xmodelmesh,#hash_521860e8da546a25
xmodelmesh,#hash_5218a573faba4ef3
xmodelmesh,#hash_521ce16ebca9af0b
xmodelmesh,#hash_521f0e6ccbf74059
xmodelmesh,#hash_d221fb2327799501
xmodelmesh,#hash_5222659f6e5128a3
xmodelmesh,#hash_5227759531fdf4b0
xmodelmesh,#hash_522855e608cf6e60
xmodelmesh,#hash_52286c1b401cf29b
xmodelmesh,#hash_5229ca01c1723324
xmodelmesh,#hash_d22a8a8b2eda4489
xmodelmesh,#hash_522ac6a02ffcf234
xmodelmesh,#hash_522b47282827bbe6
xmodelmesh,#hash_d22b7f9b9abd7ced
xmodelmesh,#hash_522bee856e578e50
xmodelmesh,#hash_d22c64bd1a7d0a8a
xmodelmesh,#hash_522d730bf7e35fc3
xmodelmesh,#hash_522e0efbba620500
xmodelmesh,#hash_522f351607916874
xmodelmesh,#hash_5231e9c2dc221fd1
xmodelmesh,#hash_d237cb582c6b57c9
xmodelmesh,#hash_d2382ce6621b41ad
xmodelmesh,#hash_523a1aa02f53cf7b
xmodelmesh,#hash_523b87e0db828464
xmodelmesh,#hash_523c3eee4656a7f1
xmodelmesh,#hash_523c6acd2717bc68
xmodelmesh,#hash_523c905e955110ac
xmodelmesh,#hash_523d7ccf0cb85b8f
xmodelmesh,#hash_523eb5bff70c269f
xmodelmesh,#hash_d23fa9453cb1fcf2
xmodelmesh,#hash_d244dfdfbfd888cb
xmodelmesh,#hash_5245883557790e6f
xmodelmesh,#hash_5245f632ec01e718
xmodelmesh,#hash_524609eb937ade8c
xmodelmesh,#hash_52468718114973dd
xmodelmesh,#hash_5248130abb089014
xmodelmesh,#hash_524b178bfb833fbd
xmodelmesh,#hash_524da041a413d6c9
xmodelmesh,#hash_5250c45f96aea36d
xmodelmesh,#hash_525234a2f1344c17
xmodelmesh,#hash_5253813c91ce5b1f
xmodelmesh,#hash_525498feb55009ae
xmodelmesh,#hash_525561b48682e4fc
xmodelmesh,#hash_5256a0660be188b3
xmodelmesh,#hash_52593ad76c4ecac1
xmodelmesh,#hash_525a9e42040a3851
xmodelmesh,#hash_525b8bee249eb65d
xmodelmesh,#hash_5260b5ef7addf075
xmodelmesh,#hash_d2617bf68830adad
xmodelmesh,#hash_5265b74a1439eb4e
xmodelmesh,#hash_52661f49e431cbdf
xmodelmesh,#hash_526680b6f927afba
xmodelmesh,#hash_d26691381da5cde4
xmodelmesh,#hash_d266a9beee58ab0b
xmodelmesh,#hash_52684e71acf734ac
xmodelmesh,#hash_526a51f30a3a75d5
xmodelmesh,#hash_526b035d474ce293
xmodelmesh,#hash_52760e335490c15f
xmodelmesh,#hash_52775f85ca4d1b1f
xmodelmesh,#hash_527ab71d58c14a67
xmodelmesh,#hash_527b042e2372d0a5
xmodelmesh,#hash_527c487e5496e23b
xmodelmesh,#hash_527f991fd50464d7
xmodelmesh,#hash_5282dc93959abfb9
xmodelmesh,#hash_52838834f558296e
xmodelmesh,#hash_5283a483e507b913
xmodelmesh,#hash_52863c72f97c683f
xmodelmesh,#hash_52869f8ab247de74
xmodelmesh,#hash_d287c4a9598c1bf7
xmodelmesh,#hash_52881659cb9ed52c
xmodelmesh,#hash_d2904f2cd7def9cc
xmodelmesh,#hash_52906cecf1805b59
xmodelmesh,#hash_52945246a3d0bea9
xmodelmesh,#hash_52977343254e534b
xmodelmesh,#hash_529787310101ae59
xmodelmesh,#hash_5297a27557a43007
xmodelmesh,#hash_52985d3ee01de934
xmodelmesh,#hash_52996dc3ff422574
xmodelmesh,#hash_d29daab3b9606164
xmodelmesh,#hash_52a056f556a3e029
xmodelmesh,#hash_52a1e4a405a8618c
xmodelmesh,#hash_52a4351a010e808c
xmodelmesh,#hash_52a559f28f26a698
xmodelmesh,#hash_d2a6a4369e1134e6
xmodelmesh,#hash_52a7729044e39082
xmodelmesh,#hash_52a9491c7f8dc820
xmodelmesh,#hash_52aa0407ac8b01a2
xmodelmesh,#hash_52ac892080be10e5
xmodelmesh,#hash_52ac8d82123aaef5
xmodelmesh,#hash_d2ac93ae1b869086
xmodelmesh,#hash_52acddf491940410
xmodelmesh,#hash_52afd6a3027d69b0
xmodelmesh,#hash_52b0d1d91e70067d
xmodelmesh,#hash_52b4c117191cb7bb
xmodelmesh,#hash_52b4e53b690aa13a
xmodelmesh,#hash_52b63c15762111d8
xmodelmesh,#hash_52b7aa0a2881fc8f
xmodelmesh,#hash_d2b95303749f93f0
xmodelmesh,#hash_52bd768ed96f4d6a
xmodelmesh,#hash_52bdd52332c53d2c
xmodelmesh,#hash_52be1850a16e4837
xmodelmesh,#hash_52bf14771e89c5c5
xmodelmesh,#hash_52bfa219f8f84eb2
xmodelmesh,#hash_52c2c109d413d563
xmodelmesh,#hash_52c3f4397a11cbcd
xmodelmesh,#hash_d2ca0230b1939bd9
xmodelmesh,#hash_52caf14f98858d80
xmodelmesh,#hash_52cb375d39e1a736
xmodelmesh,#hash_52d00d612a5b1768
xmodelmesh,#hash_d2d4161c6a46183b
xmodelmesh,#hash_52d4b255d001a54e
xmodelmesh,#hash_52d5aa1aeee50b54
xmodelmesh,#hash_52d5ff9197e7d86b
xmodelmesh,#hash_52d84d493caf0805
xmodelmesh,#hash_52d8cff073958ff6
xmodelmesh,#hash_52de0de572399bfd
xmodelmesh,#hash_52de611998465adc
xmodelmesh,#hash_52dfc1a8dd4df7e6
xmodelmesh,#hash_52e07dc4b4655606
xmodelmesh,#hash_52e0c9d1e506ad23
xmodelmesh,#hash_52e1e991b3a2e162
xmodelmesh,#hash_52e39437c60039dc
xmodelmesh,#hash_52e6600742ed2d86
xmodelmesh,#hash_52e91eb747d6c379
xmodelmesh,#hash_52eaf972e5084ec6
xmodelmesh,#hash_52f085b99c24e63d
xmodelmesh,#hash_52f0ab8ec6749282
xmodelmesh,#hash_52f0d90373d663d4
xmodelmesh,#hash_d2f17f5b07e60131
xmodelmesh,#hash_d2f4e47157754183
xmodelmesh,#hash_52f826e9759a8b32
xmodelmesh,#hash_52f8e288dce8dd33
xmodelmesh,#hash_d2fa2c2fb610cae5
xmodelmesh,#hash_52fb163106b7a3f7
xmodelmesh,#hash_5300774e9ed6d665
xmodelmesh,#hash_d3044e7bae0ea8b1
xmodelmesh,#hash_53067acd80baba0b
xmodelmesh,#hash_53083161653f6b70
xmodelmesh,#hash_53094e4a87c6f6f1
xmodelmesh,#hash_d3123d80a9004911
xmodelmesh,#hash_53147c5338431654
xmodelmesh,#hash_5315e0c04680be6d
xmodelmesh,#hash_53161a6039907d43
xmodelmesh,#hash_53187bf88cb070de
xmodelmesh,#hash_531929f7b0fa4525
xmodelmesh,#hash_5319fa7212069f16
xmodelmesh,#hash_531a349849942356
xmodelmesh,#hash_531b550f1fc529f9
xmodelmesh,#hash_531bd4a40dab8dd7
xmodelmesh,#hash_53202abffc6b79cb
xmodelmesh,#hash_532069f317eddd6b
xmodelmesh,#hash_53241f86e6e98afa
xmodelmesh,#hash_532a31a9bf26da45
xmodelmesh,#hash_532b00a16ec23acc
xmodelmesh,#hash_532e78204415ac49
xmodelmesh,#hash_d32f0417436843b2
xmodelmesh,#hash_d331d3b3c1b5a191
xmodelmesh,#hash_533202839739852a
xmodelmesh,#hash_533255b75517cea2
xmodelmesh,#hash_53375c10b1382f8f
xmodelmesh,#hash_533854e061095e98
xmodelmesh,#hash_d338826907a598e5
xmodelmesh,#hash_d33924f9815b2900
xmodelmesh,#hash_533a901e681651dc
xmodelmesh,#hash_533d29089d98cec9
xmodelmesh,#hash_533ef6883c1abd7f
xmodelmesh,#hash_d33fe0d3b77ef1d4
xmodelmesh,#hash_53414795010818ee
xmodelmesh,#hash_53426e07b27732cd
xmodelmesh,#hash_d342c1f5d3695b56
xmodelmesh,#hash_d34654b72adb1920
xmodelmesh,#hash_d346db2d0c9af821
xmodelmesh,#hash_534e563f26b31919
xmodelmesh,#hash_5354edd17d504af2
xmodelmesh,#hash_53574325ed1e31b7
xmodelmesh,#hash_535a27521555beb5
xmodelmesh,#hash_535aa9e77f6d3b53
xmodelmesh,#hash_535c775c0726e133
xmodelmesh,#hash_535fb4d37f8b671d
xmodelmesh,#hash_53607fe7e77ba7d6
xmodelmesh,#hash_5363414bf7eef4bc
xmodelmesh,#hash_5364ef031d5ba354
xmodelmesh,#hash_53677836abc700ed
xmodelmesh,#hash_5369f9957c265ea2
xmodelmesh,#hash_536bb36433dba86e
xmodelmesh,#hash_d36db5d0343a65e5
xmodelmesh,#hash_536de1598bb66d0a
xmodelmesh,#hash_536f9d87ac486e8c
xmodelmesh,#hash_53706624475832f8
xmodelmesh,#hash_5372fa061815bdeb
xmodelmesh,#hash_5374559e6ebddd1a
xmodelmesh,#hash_5376b68002accc3e
xmodelmesh,#hash_537819e90a554907
xmodelmesh,#hash_5379701366ce4cbe
xmodelmesh,#hash_537fba0bc016ee2e
xmodelmesh,#hash_538743d1e7d59ea3
xmodelmesh,#hash_d388119bd1a3eb19
xmodelmesh,#hash_d388679a099f3bec
xmodelmesh,#hash_5388e6d46b9a422d
xmodelmesh,#hash_5388f71b92d7db11
xmodelmesh,#hash_538b79d30df18f9d
xmodelmesh,#hash_538e619cf34028e2
xmodelmesh,#hash_d38f0d80e5ae4f41
xmodelmesh,#hash_5390d6e1bc442521
xmodelmesh,#hash_53911c1adac5933f
xmodelmesh,#hash_53920b922a150fde
xmodelmesh,#hash_53921e225df3e819
xmodelmesh,#hash_53948cf77e024318
xmodelmesh,#hash_539880ecf29e69a3
xmodelmesh,#hash_5399257371ed6d8d
xmodelmesh,#hash_539bd269cf5f0336
xmodelmesh,#hash_539bd70118a6e5c3
xmodelmesh,#hash_539ed0236ca38744
xmodelmesh,#hash_539eff810d857463
xmodelmesh,#hash_53a248432d19528a
xmodelmesh,#hash_53a55e876e395d5e
xmodelmesh,#hash_53a65f6007defe43
xmodelmesh,#hash_53ac2e90cd7cd44e
xmodelmesh,#hash_53ac5ff6dc59417f
xmodelmesh,#hash_53ac62deb6e86397
xmodelmesh,#hash_53b35bdc5ec1f2fe
xmodelmesh,#hash_53b4b4bad83cffbb
xmodelmesh,#hash_53b4ff0aeef7031c
xmodelmesh,#hash_53b59ff43cdfab56
xmodelmesh,#hash_53b6b1da709d538c
xmodelmesh,#hash_53b73de6c6985bf4
xmodelmesh,#hash_53b7420ed60ffcb0
xmodelmesh,#hash_53b818f30047a8df
xmodelmesh,#hash_d3ba0b6759b10eda
xmodelmesh,#hash_d3bb04e33f9e3277
xmodelmesh,#hash_53bc7cf241a83c53
xmodelmesh,#hash_d3c1a4bf9466f347
xmodelmesh,#hash_53c1b93e9bd939e7
xmodelmesh,#hash_53c322b78ee9b9cc
xmodelmesh,#hash_d3c4ed05b4a365d7
xmodelmesh,#hash_d3c64a155ad868b7
xmodelmesh,#hash_53c7e8b1b29b4acb
xmodelmesh,#hash_d3c80942346afe25
xmodelmesh,#hash_d3c96d595939406f
xmodelmesh,#hash_53cd0ee976eaeaa6
xmodelmesh,#hash_53cec0742b50bb8a
xmodelmesh,#hash_53cf2f215f30dc33
xmodelmesh,#hash_53cf3a43b8d83039
xmodelmesh,#hash_53cfaa1af3f77b3b
xmodelmesh,#hash_53d22270e24b0438
xmodelmesh,#hash_53d49a7754a82c85
xmodelmesh,#hash_53d55d3061e921b2
xmodelmesh,#hash_53d8757ea9430dab
xmodelmesh,#hash_53d8fed4dd1ae113
xmodelmesh,#hash_53db32df545ec118
xmodelmesh,#hash_53df04849e379f84
xmodelmesh,#hash_d3dfd460390f9716
xmodelmesh,#hash_53e16f1eb9581d73
xmodelmesh,#hash_53e1b9f27ae2d948
xmodelmesh,#hash_53e3c3263841e544
xmodelmesh,#hash_53e4472f4b3ce173
xmodelmesh,#hash_53e47bbbcd5d85fa
xmodelmesh,#hash_53e63f39b86a1748
xmodelmesh,#hash_d3e69345e0c4eddd
xmodelmesh,#hash_53e8481c3711fa24
xmodelmesh,#hash_53ea049674d44954
xmodelmesh,#hash_53eb4920ea8e7c98
xmodelmesh,#hash_53eb505046bc27cc
xmodelmesh,#hash_53f0e7bb0bccdb1f
xmodelmesh,#hash_53f17638ed573e89
xmodelmesh,#hash_d3f3139148a18ba9
xmodelmesh,#hash_53f4d7d8b638986c
xmodelmesh,#hash_53f651b17f6bef4c
xmodelmesh,#hash_d3f6ba6506c2af2d
xmodelmesh,#hash_53f6e33e9c73d471
xmodelmesh,#hash_53f9a99d8ee30ad9
xmodelmesh,#hash_53fa4bec21aa6679
xmodelmesh,#hash_d3fea129cad6b097
xmodelmesh,#hash_540163c7b9aa93f2
xmodelmesh,#hash_d401f7c8d1bcde9b
xmodelmesh,#hash_5402675a202a1012
xmodelmesh,#hash_5402c42b5444ba02
xmodelmesh,#hash_5405033b3ef9e1d2
xmodelmesh,#hash_540740d331c9dda2
xmodelmesh,#hash_54098424e724a0d9
xmodelmesh,#hash_540ce03bda85a4d6
xmodelmesh,#hash_540f597e4ea33f19
xmodelmesh,#hash_541011773a08e258
xmodelmesh,#hash_5414331b519dce14
xmodelmesh,#hash_54165d6fe34503be
xmodelmesh,#hash_541786b2855eab06
xmodelmesh,#hash_5418111247449b04
xmodelmesh,#hash_541881f3e06a90d0
xmodelmesh,#hash_541884d77c53f33f
xmodelmesh,#hash_541c1074150afff3
xmodelmesh,#hash_541d52e7484b8fba
xmodelmesh,#hash_541f92be15c0a8b4
xmodelmesh,#hash_54224fdf002fc5c4
xmodelmesh,#hash_d42928c72c28d7ef
xmodelmesh,#hash_542942b5e1257a52
xmodelmesh,#hash_542ac0f571229267
xmodelmesh,#hash_542ac5db2b2782c4
xmodelmesh,#hash_542ae1fa0be9b539
xmodelmesh,#hash_542aebdb30a4b1fb
xmodelmesh,#hash_542bf16e08128201
xmodelmesh,#hash_542f6d32afe61fda
xmodelmesh,#hash_542f7d0ed5d80c43
xmodelmesh,#hash_542f8bba6a74e068
xmodelmesh,#hash_542f9188f87bb0c9
xmodelmesh,#hash_54312bc5ddab22b4
xmodelmesh,#hash_5435d43eca38493f
xmodelmesh,#hash_5438e4cdb797ae95
xmodelmesh,#hash_543929cc75a782f0
xmodelmesh,#hash_543bf511a9e5c6bb
xmodelmesh,#hash_543e1540a3267665
xmodelmesh,#hash_543e713d89b44c70
xmodelmesh,#hash_543eeeebae3529c6
xmodelmesh,#hash_d43fcaca688f9b6c
xmodelmesh,#hash_54409caf522f0c1a
xmodelmesh,#hash_5440b755c1fad20a
xmodelmesh,#hash_d441a8884f24088b
xmodelmesh,#hash_5441ae70d9d1dc9c
xmodelmesh,#hash_544613eb33fa1c85
xmodelmesh,#hash_5446697e742e42bb
xmodelmesh,#hash_544b6039a58d6833
xmodelmesh,#hash_544d2960d85f7770
xmodelmesh,#hash_544d99221d88afd5
xmodelmesh,#hash_d44dd9da667a4b46
xmodelmesh,#hash_544e8bf1e732c1e1
xmodelmesh,#hash_545123412ad1eb41
xmodelmesh,#hash_545249df203505ba
xmodelmesh,#hash_5452547c78a89a38
xmodelmesh,#hash_5453b6fee2a4e2ce
xmodelmesh,#hash_545b5a733c19ce84
xmodelmesh,#hash_545e050d09dcb384
xmodelmesh,#hash_5461190567b2d888
xmodelmesh,#hash_d462a642f58cdead
xmodelmesh,#hash_5464eadbff6758f2
xmodelmesh,#hash_5464f7b1ae8e60f7
xmodelmesh,#hash_5466aa26e027372b
xmodelmesh,#hash_546a0a372c730104
xmodelmesh,#hash_546a5d3c36c91417
xmodelmesh,#hash_546acf1022010790
xmodelmesh,#hash_546b0feed80a0492
xmodelmesh,#hash_546c4b2bee2541bc
xmodelmesh,#hash_546e334b9996adb3
xmodelmesh,#hash_d46fb5cd709448ed
xmodelmesh,#hash_d471bca7a60c2001
xmodelmesh,#hash_d4721dfed7cfee8e
xmodelmesh,#hash_5472c7d4ab8d7abe
xmodelmesh,#hash_54779c5408959e5f
xmodelmesh,#hash_d4797d3782e5cc3f
xmodelmesh,#hash_5479d4a462f301ea
xmodelmesh,#hash_547ad7fbeb12e0ab
xmodelmesh,#hash_d47b6b1b9ab7cc33
xmodelmesh,#hash_547babd91d250ae9
xmodelmesh,#hash_547bc65a3677dea8
xmodelmesh,#hash_547d9295398cbce6
xmodelmesh,#hash_547e539b1a46cf03
xmodelmesh,#hash_54815db517bc90da
xmodelmesh,#hash_54839d0db840590d
xmodelmesh,#hash_5484cbea1f5615b0
xmodelmesh,#hash_548571bcb3b1ac4e
xmodelmesh,#hash_5485b8dfb8f3a7a9
xmodelmesh,#hash_54872f481795565f
xmodelmesh,#hash_54889c7600caf2d3
xmodelmesh,#hash_d48928a4da5b4682
xmodelmesh,#hash_548a1e5ece9c6b74
xmodelmesh,#hash_d48dd93b58e9ba08
xmodelmesh,#hash_548ef908115daf5d
xmodelmesh,#hash_5490ac6d544d32a1
xmodelmesh,#hash_54917b477b18a1ec
xmodelmesh,#hash_54935b3bf2e3f5fb
xmodelmesh,#hash_5493b41ffff9da36
xmodelmesh,#hash_5494b979281afe7f
xmodelmesh,#hash_d4952e07cd17b573
xmodelmesh,#hash_d497fae60a7da14d
xmodelmesh,#hash_549f65dafa7d584f
xmodelmesh,#hash_549f8e0d96e018f8
xmodelmesh,#hash_549fc687a10f6615
xmodelmesh,#hash_549fe189a86d094f
xmodelmesh,#hash_54a0d88d98ab44c9
xmodelmesh,#hash_54a168079492e6a4
xmodelmesh,#hash_d4a2435c023321d0
xmodelmesh,#hash_54a2d68481ec87b3
xmodelmesh,#hash_54a51183f856c2fc
xmodelmesh,#hash_54a9ed2cc4530525
xmodelmesh,#hash_54aa47b0de7506c6
xmodelmesh,#hash_54aa9fafd3b8ee47
xmodelmesh,#hash_54ada7c196e1c2c3
xmodelmesh,#hash_54ae48ced77bc977
xmodelmesh,#hash_54aec93f3a0e2d5b
xmodelmesh,#hash_d4b02f403ba7acf2
xmodelmesh,#hash_54b23cb3aa97e190
xmodelmesh,#hash_54b933b37fb7b4e3
xmodelmesh,#hash_54bc75e2267889b6
xmodelmesh,#hash_54bf0cb8bc0b139d
xmodelmesh,#hash_54c18e45f3946789
xmodelmesh,#hash_54c1d14e7861ea44
xmodelmesh,#hash_54c8e2368d3cc6c9
xmodelmesh,#hash_54ca3eba6e5c5f2b
xmodelmesh,#hash_54ca55db1e491caf
xmodelmesh,#hash_54cd521f1c4d6d32
xmodelmesh,#hash_54cd73e7b090394d
xmodelmesh,#hash_54ce65ed6477204c
xmodelmesh,#hash_d4d006788cd7bcc9
xmodelmesh,#hash_54d15d17fa9d7f97
xmodelmesh,#hash_54d4755a99f412a6
xmodelmesh,#hash_54d71c172322802d
xmodelmesh,#hash_54d9072997fd3f4a
xmodelmesh,#hash_54d93c06595562c9
xmodelmesh,#hash_54da1cbd79d819c9
xmodelmesh,#hash_54da2049918a4374
xmodelmesh,#hash_d4da5577540c0fdb
xmodelmesh,#hash_54daf441384fe7a6
xmodelmesh,#hash_54db8cd08b9d744d
xmodelmesh,#hash_54dbacb10caaf035
xmodelmesh,#hash_d4ddf7e321534f15
xmodelmesh,#hash_54de9603a1888c4d
xmodelmesh,#hash_54e07d36f53f7c5b
xmodelmesh,#hash_54e29cc976f11da0
xmodelmesh,#hash_54e3155dcbfb9025
xmodelmesh,#hash_54e3edee831871b0
xmodelmesh,#hash_d4e3ef965c5de15e
xmodelmesh,#hash_54e46ab321cebd30
xmodelmesh,#hash_d4e48271f9376218
xmodelmesh,#hash_54e556fd1a58986b
xmodelmesh,#hash_d4e5c83d39647b05
xmodelmesh,#hash_54e64e19227dac1c
xmodelmesh,#hash_54e7a513c6d792c6
xmodelmesh,#hash_54e7ef68bf6c2b55
xmodelmesh,#hash_54eddb724985110c
xmodelmesh,#hash_54ede07f0adc075e
xmodelmesh,#hash_54f0ddc84b1062f2
xmodelmesh,#hash_54f0f5e14dd75e6c
xmodelmesh,#hash_d4f18c6a473841d3
xmodelmesh,#hash_54f47b7432033a6f
xmodelmesh,#hash_54f6ccd24548429f
xmodelmesh,#hash_54f728f900ad5fab
xmodelmesh,#hash_54f972fa12da052a
xmodelmesh,#hash_d4f9ee978b1d2404
xmodelmesh,#hash_54fb052bdfce95bf
xmodelmesh,#hash_54fcd4498c02e036
xmodelmesh,#hash_54fe17a3c6d25712
xmodelmesh,#hash_54fe75d683e89c86
xmodelmesh,#hash_d4ff9a6bd46b9554
xmodelmesh,#hash_550766af6750290a
xmodelmesh,#hash_550798b212c7c9dd
xmodelmesh,#hash_d50b080b79e6f26a
xmodelmesh,#hash_550ba97beadf50e2
xmodelmesh,#hash_550bf70a26a1c34e
xmodelmesh,#hash_550c70c8d09b62ee
xmodelmesh,#hash_d50e35082141de8e
xmodelmesh,#hash_550ed0d64ec04df1
xmodelmesh,#hash_55116032641f423a
xmodelmesh,#hash_55126a75d7283aac
xmodelmesh,#hash_55126b314c56cbb2
xmodelmesh,#hash_5512e2e06d564404
xmodelmesh,#hash_55132fb63d07aba8
xmodelmesh,#hash_55156d254cf53066
xmodelmesh,#hash_5515c8ae905d42ac
xmodelmesh,#hash_d51827d7606364c7
xmodelmesh,#hash_551989f80ff6b054
xmodelmesh,#hash_d519b599121d2515
xmodelmesh,#hash_551d47625c063254
xmodelmesh,#hash_551edc8fcf922727
xmodelmesh,#hash_d51f71a39d8f11e9
xmodelmesh,#hash_551f86b0fd42a176
xmodelmesh,#hash_552001266b84239c
xmodelmesh,#hash_55214a7bc4709913
xmodelmesh,#hash_5521ddf2deaf32d4
xmodelmesh,#hash_552203cc4055648d
xmodelmesh,#hash_5523ba48c51dcdbb
xmodelmesh,#hash_552402bff738efe0
xmodelmesh,#hash_5524543f579b86d9
xmodelmesh,#hash_5524726280488641
xmodelmesh,#hash_5525425a54841fe1
xmodelmesh,#hash_55255c3b5c6dc8e4
xmodelmesh,#hash_55266bbe45a2511d
xmodelmesh,#hash_d526abfd2f1ba089
xmodelmesh,#hash_d528882b40801945
xmodelmesh,#hash_5529c204a676cd16
xmodelmesh,#hash_552b2e76636f20de
xmodelmesh,#hash_552ba70461ce472b
xmodelmesh,#hash_552c755d9b8e3ee9
xmodelmesh,#hash_552e5efad34e4a8a
xmodelmesh,#hash_552ec88c804a137f
xmodelmesh,#hash_552fd57a0eabd9b3
xmodelmesh,#hash_55306fcd16a7a2fd
xmodelmesh,#hash_553489c659bbbf92
xmodelmesh,#hash_55355a82eb9f6af8
xmodelmesh,#hash_5536c2eb99a22a1f
xmodelmesh,#hash_5537b857b4a6174d
xmodelmesh,#hash_553902f8c00cb16e
xmodelmesh,#hash_554069db073c511f
xmodelmesh,#hash_55412b58d5ef40a4
xmodelmesh,#hash_5546b7e9c3e2196e
xmodelmesh,#hash_554912e1a76819a6
xmodelmesh,#hash_5549d78e178f5bcd
xmodelmesh,#hash_554a26529303b55b
xmodelmesh,#hash_554a7de0261e4c44
xmodelmesh,#hash_554beb3f7f7bbcd9
xmodelmesh,#hash_554c2c8c180c78a9
xmodelmesh,#hash_554d568200da9b29
xmodelmesh,#hash_554da31baa60e825
xmodelmesh,#hash_554efbd2136cd50a
xmodelmesh,#hash_554ff4b2f0ddfe02
xmodelmesh,#hash_5553967f57e42d6e
xmodelmesh,#hash_5554f7d16e27298b
xmodelmesh,#hash_5555dda25723836d
xmodelmesh,#hash_55574c02904c5ec3
xmodelmesh,#hash_d557ecb05e61ce48
xmodelmesh,#hash_5558583fc874a9b5
xmodelmesh,#hash_555b1bf09a75e6f8
xmodelmesh,#hash_d55b3440f6579cb9
xmodelmesh,#hash_555b529579b556f2
xmodelmesh,#hash_d55c1a147cc402e9
xmodelmesh,#hash_d55dc4cc0da30e16
xmodelmesh,#hash_555ed6e8ce7f7ebf
xmodelmesh,#hash_d561765e901e7cd2
xmodelmesh,#hash_5561a94c825853e2
xmodelmesh,#hash_55659c59baa9aa76
xmodelmesh,#hash_556a38f372a1ad53
xmodelmesh,#hash_556ba64a329e2af4
xmodelmesh,#hash_556c193628544191
xmodelmesh,#hash_556efed75b1ad68d
xmodelmesh,#hash_556faa8453df467f
xmodelmesh,#hash_5573bd7ddce21c4a
xmodelmesh,#hash_557633fee271a999
xmodelmesh,#hash_5576bd61ba66e10c
xmodelmesh,#hash_5576d5405afa5cb9
xmodelmesh,#hash_55774e8a326623c1
xmodelmesh,#hash_557f462c55b5405e
xmodelmesh,#hash_5581ec03672011a4
xmodelmesh,#hash_d582088c5ead9ff4
xmodelmesh,#hash_5582d98c9b5fac73
xmodelmesh,#hash_55848b93f9762416
xmodelmesh,#hash_55867f835bb52bf8
xmodelmesh,#hash_558f2fa3a3e20338
xmodelmesh,#hash_558fa7f7991d1283
xmodelmesh,#hash_d593af48598e6fe1
xmodelmesh,#hash_5594a72c036ce8f0
xmodelmesh,#hash_55988a5064df128d
xmodelmesh,#hash_5599e881ab0cd467
xmodelmesh,#hash_559b2d65ecc5029a
xmodelmesh,#hash_559ca3f8c98210ee
xmodelmesh,#hash_559fb754712bbe00
xmodelmesh,#hash_d59fe4646d03d9bd
xmodelmesh,#hash_55a5f2d01919740b
xmodelmesh,#hash_55b0cad1c076cfa5
xmodelmesh,#hash_55b1aa9f1390d711
xmodelmesh,#hash_55b1c043464d52b9
xmodelmesh,#hash_55b2e908a6bcafd8
xmodelmesh,#hash_55b48b0331baf8e0
xmodelmesh,#hash_55b505a3ba923bf1
xmodelmesh,#hash_55b558a3485e934f
xmodelmesh,#hash_55b89c049602504d
xmodelmesh,#hash_55b8b7dec5262ef3
xmodelmesh,#hash_55bbecc93b9bcf8c
xmodelmesh,#hash_55bce6011aa88fa4
xmodelmesh,#hash_55bf1009c988b244
xmodelmesh,#hash_55c25830bc119879
xmodelmesh,#hash_55c2ae2ed77faf0d
xmodelmesh,#hash_55c8eab633e816cb
xmodelmesh,#hash_55c916cae8117ac7
xmodelmesh,#hash_55c9985c84f4d36b
xmodelmesh,#hash_55cc335c1465dc7f
xmodelmesh,#hash_55cc624945a8c459
xmodelmesh,#hash_55cc7c533e9997d6
xmodelmesh,#hash_55cd0ab5f5ebe903
xmodelmesh,#hash_d5cd5fab07d1f431
xmodelmesh,#hash_55cefab700e447e0
xmodelmesh,#hash_55d2d6a2dbb99bfe
xmodelmesh,#hash_55d5af0f2e26b24f
xmodelmesh,#hash_55d95b48f6b06bea
xmodelmesh,#hash_55dae7ac793a912d
xmodelmesh,#hash_d5dc8f3c6436682f
xmodelmesh,#hash_d5dce35b13a1c2ac
xmodelmesh,#hash_d5dd424b1f0eb88b
xmodelmesh,#hash_55e32ea891e484c4
xmodelmesh,#hash_55e5bdc3ea8a4fe6
xmodelmesh,#hash_d5e8791aff21797b
xmodelmesh,#hash_55f00fe8c65aa665
xmodelmesh,#hash_d5f459ec29fc79e7
xmodelmesh,#hash_55f5f78b1882d527
xmodelmesh,#hash_55f62c01e947a003
xmodelmesh,#hash_55f855c550065926
xmodelmesh,#hash_55fee610b9cf1734
xmodelmesh,#hash_55ff34ff91d8676a
xmodelmesh,#hash_56098b70ed875c1c
xmodelmesh,#hash_560a25f62a4f73de
xmodelmesh,#hash_d60b6d9262f4b4d4
xmodelmesh,#hash_560e35af433ba39f
xmodelmesh,#hash_560e3cbe87efcd6e
xmodelmesh,#hash_561053d33e6147d4
xmodelmesh,#hash_56182134e0f9f967
xmodelmesh,#hash_561844c0092b6cff
xmodelmesh,#hash_561937394e9e3c63
xmodelmesh,#hash_561970c0bbd9d91d
xmodelmesh,#hash_56197689bae6490b
xmodelmesh,#hash_561bf7e972e12663
xmodelmesh,#hash_561f09f01c3be20b
xmodelmesh,#hash_562022ea50e9b26a
xmodelmesh,#hash_562139ad0fa82f93
xmodelmesh,#hash_56229205e9288ed4
xmodelmesh,#hash_d625d93c173104de
xmodelmesh,#hash_56279c3c46fb36db
xmodelmesh,#hash_562ac6ecf2caaadf
xmodelmesh,#hash_562c0edcb5ffb4ea
xmodelmesh,#hash_5633c23c27d7e5ff
xmodelmesh,#hash_563430cf00f4b51e
xmodelmesh,#hash_56346b04bc861600
xmodelmesh,#hash_5634c61c7ef0f422
xmodelmesh,#hash_563725f0c2352d96
xmodelmesh,#hash_563a6fe3ec6159eb
xmodelmesh,#hash_563cf7453c21d9c2
xmodelmesh,#hash_563d1e3b5c16764c
xmodelmesh,#hash_563f9a55359ad7c4
xmodelmesh,#hash_5640ed006daf7400
xmodelmesh,#hash_564291cd6e045c60
xmodelmesh,#hash_56432e55eb17053b
xmodelmesh,#hash_56477e9e96966c39
xmodelmesh,#hash_564aa665d613f80a
xmodelmesh,#hash_564b1729702cc9f9
xmodelmesh,#hash_564db203002f5c3e
xmodelmesh,#hash_d64fa90402208066
xmodelmesh,#hash_564fd4cfb58f6a16
xmodelmesh,#hash_565114a078742468
xmodelmesh,#hash_565175f8ec9fce97
xmodelmesh,#hash_565227fd0f0e8037
xmodelmesh,#hash_565239e63d63c87b
xmodelmesh,#hash_565417902f33e3c0
xmodelmesh,#hash_5656d88bdb207ae2
xmodelmesh,#hash_d65803541ed47aef
xmodelmesh,#hash_d658d679d25914eb
xmodelmesh,#hash_565b1e671c061d95
xmodelmesh,#hash_d661a4436c725073
xmodelmesh,#hash_5662749cd76fe156
xmodelmesh,#hash_56636f19e227d2e5
xmodelmesh,#hash_5663a8fc5b049746
xmodelmesh,#hash_56640c5feb9c6024
xmodelmesh,#hash_d6656b42a55f1af9
xmodelmesh,#hash_566ddb7aa6c57113
xmodelmesh,#hash_5674095b869edcf7
xmodelmesh,#hash_56789acd4d9a3021
xmodelmesh,#hash_5678ae332f3bc28d
xmodelmesh,#hash_56792ad852dc6fdc
xmodelmesh,#hash_56798a2b16b319f7
xmodelmesh,#hash_5679ed29186d1bc9
xmodelmesh,#hash_d67c30edee30a90d
xmodelmesh,#hash_568024a1f0e30c91
xmodelmesh,#hash_5684ad30771b50b7
xmodelmesh,#hash_5686161568ca86b4
xmodelmesh,#hash_5689d953c8a4f6dc
xmodelmesh,#hash_5689eaa077a7cc91
xmodelmesh,#hash_568d10bc4925edd4
xmodelmesh,#hash_568de67f1783d53e
xmodelmesh,#hash_568dfcd1a6c876f1
xmodelmesh,#hash_568ffdd37a3f836c
xmodelmesh,#hash_d6903ee77eb152a3
xmodelmesh,#hash_5693523ada071d77
xmodelmesh,#hash_5693ca5fb9563224
xmodelmesh,#hash_569714555981540c
xmodelmesh,#hash_569774c564dd5326
xmodelmesh,#hash_d698746a674a94e6
xmodelmesh,#hash_569cb82d60163e47
xmodelmesh,#hash_569dffbca028cdfc
xmodelmesh,#hash_56a20e2db545c975
xmodelmesh,#hash_56a402289ed1bf2e
xmodelmesh,#hash_56a64dfc60d0b547
xmodelmesh,#hash_d6a8eef15d8abe60
xmodelmesh,#hash_56aa12eee46bf1e3
xmodelmesh,#hash_56adba299fe72262
xmodelmesh,#hash_d6ae49adf8173c76
xmodelmesh,#hash_56aec88b33e3c6bc
xmodelmesh,#hash_56b0ccd4aa3e7e42
xmodelmesh,#hash_d6b4996b7fc36f7b
xmodelmesh,#hash_d6b510beb61158b5
xmodelmesh,#hash_56b5826257d54b38
xmodelmesh,#hash_d6b87785d96e2ebe
xmodelmesh,#hash_56b95d295f4c07d3
xmodelmesh,#hash_56bb11966b71b564
xmodelmesh,#hash_56bbd4d70b2a8aef
xmodelmesh,#hash_56bf695739728d07
xmodelmesh,#hash_56c1a9d21421dbd2
xmodelmesh,#hash_56c23b4d8b5e9927
xmodelmesh,#hash_56c434cc3a8c9294
xmodelmesh,#hash_d6c53f47fb0d26b7
xmodelmesh,#hash_56c5f12a1233e6e4
xmodelmesh,#hash_56c61a83bbce00f4
xmodelmesh,#hash_d6c71dc5cc2d7a96
xmodelmesh,#hash_56c7577a07f923a3
xmodelmesh,#hash_d6c9931653fb4fb2
xmodelmesh,#hash_56c999ad7ef7be4b
xmodelmesh,#hash_56c99f61c5df6736
xmodelmesh,#hash_56c9dc291a5c13d4
xmodelmesh,#hash_d6ca5cb2526dc40e
xmodelmesh,#hash_56cd50f2accc092b
xmodelmesh,#hash_d6cda400821e71f6
xmodelmesh,#hash_56cdf01d26513e35
xmodelmesh,#hash_56ce1bb573e9c18b
xmodelmesh,#hash_d6d1ba1b943dfb9d
xmodelmesh,#hash_56d1d1b8204aa99a
xmodelmesh,#hash_d6d5c10d0183a41b
xmodelmesh,#hash_56d8f5a4b99f6c24
xmodelmesh,#hash_56d9904c366e7b8c
xmodelmesh,#hash_56daa8284649c1e2
xmodelmesh,#hash_56dab3bd0c2b6198
xmodelmesh,#hash_56dccb3cb607b835
xmodelmesh,#hash_d6dddd9e4076048e
xmodelmesh,#hash_d6de339db1903dcd
xmodelmesh,#hash_56df2b8e2af94fe3
xmodelmesh,#hash_56e0d60856b4d019
xmodelmesh,#hash_d6e2b09af78d75de
xmodelmesh,#hash_56e31120cabee08f
xmodelmesh,#hash_56e35b13a66b29e5
xmodelmesh,#hash_56e3bab5b5f8df72
xmodelmesh,#hash_56e809ed5b3481ae
xmodelmesh,#hash_56e8c3d5f042ab8a
xmodelmesh,#hash_d6e9b41881e9af4c
xmodelmesh,#hash_56ebdb21ae02a98b
xmodelmesh,#hash_56ed359e717f2118
xmodelmesh,#hash_56ee6177e2919fd0
xmodelmesh,#hash_d6f09c0bfa67d358
xmodelmesh,#hash_d6f18381b749977c
xmodelmesh,#hash_d6f5000fcaa2359a
xmodelmesh,#hash_56f557c4ff12f62b
xmodelmesh,#hash_d6f823bdc200d8ad
xmodelmesh,#hash_56fbbc132252eca8
xmodelmesh,#hash_56fdfdc2453ffb60
xmodelmesh,#hash_56fec025a77f7f6d
xmodelmesh,#hash_5700f470be6f26c1
xmodelmesh,#hash_5702d5e5f38e2133
xmodelmesh,#hash_5703fd7ad1123309
xmodelmesh,#hash_57093173a387c934
xmodelmesh,#hash_d70a3c36e3c3db7f
xmodelmesh,#hash_d70b142a81c59906
xmodelmesh,#hash_570f1886437c51df
xmodelmesh,#hash_570ff3e5fb39d3f9
xmodelmesh,#hash_5710775c4428c1d6
xmodelmesh,#hash_57109d0f7bee809a
xmodelmesh,#hash_5717a82a65312ae5
xmodelmesh,#hash_d717c470445043e5
xmodelmesh,#hash_5719ddb2edfc662a
xmodelmesh,#hash_571adc0b8f46d4d4
xmodelmesh,#hash_571cf7137dcd96e7
xmodelmesh,#hash_571d3771700def47
xmodelmesh,#hash_d71d61ea07efae11
xmodelmesh,#hash_d71ddacf86786f09
xmodelmesh,#hash_571e8dc3992b84b1
xmodelmesh,#hash_d720059d0b4709f3
xmodelmesh,#hash_5720078666d99f51
xmodelmesh,#hash_572130f5796af626
xmodelmesh,#hash_d721bb8a4b645615
xmodelmesh,#hash_d721f1cac69d8381
xmodelmesh,#hash_d7234f14954ca1ec
xmodelmesh,#hash_d723cba2c47dfd46
xmodelmesh,#hash_5725bd853090af38
xmodelmesh,#hash_5729e0b1b4d94c8a
xmodelmesh,#hash_572a8236a3ff8def
xmodelmesh,#hash_572b9f9c69294ccd
xmodelmesh,#hash_572e5b82ef3905ac
xmodelmesh,#hash_d72e5fd94782aae4
xmodelmesh,#hash_57308195bbcb8447
xmodelmesh,#hash_5734cd91a0a891f3
xmodelmesh,#hash_d73547dc01ad6ea1
xmodelmesh,#hash_5735c0fda8ae0d2c
xmodelmesh,#hash_5736847b2884cc79
xmodelmesh,#hash_573706cee986c322
xmodelmesh,#hash_d738b931d87389c4
xmodelmesh,#hash_d73a62787c8ca74a
xmodelmesh,#hash_d73d3bd0ca9b1e25
xmodelmesh,#hash_d73f38e77b8c001c
xmodelmesh,#hash_573fcfa19d102c49
xmodelmesh,#hash_573feac29539d596
xmodelmesh,#hash_d74040f43f8892f3
xmodelmesh,#hash_57421f49ae072842
xmodelmesh,#hash_5743ef61d298b69d
xmodelmesh,#hash_d74420f23263159a
xmodelmesh,#hash_57464a6a8614dfd8
xmodelmesh,#hash_57464b790a2a45a6
xmodelmesh,#hash_57475a11333c8338
xmodelmesh,#hash_5748490de1ebfb2d
xmodelmesh,#hash_574878917af9c0b1
xmodelmesh,#hash_57497de6cc6f6126
xmodelmesh,#hash_5749b5cd74eb9c0d
xmodelmesh,#hash_5751879a32f7cf4b
xmodelmesh,#hash_5755ad28a17daa5d
xmodelmesh,#hash_575600cdb2e97380
xmodelmesh,#hash_d7561a9559b37b06
xmodelmesh,#hash_d756c5ba87b32527
xmodelmesh,#hash_d758c1ea2534851e
xmodelmesh,#hash_575a877520b5cc9c
xmodelmesh,#hash_575bd379718ebd50
xmodelmesh,#hash_575fac70fecfbecd
xmodelmesh,#hash_5761d603c4caaca3
xmodelmesh,#hash_5764f3173e350eaf
xmodelmesh,#hash_576680e69a5755f1
xmodelmesh,#hash_576683fa4c0c4d0e
xmodelmesh,#hash_d766e5a9512b8662
xmodelmesh,#hash_5767d094500e6818
xmodelmesh,#hash_d76b5d8326e9d2fa
xmodelmesh,#hash_576fc117031bc19a
xmodelmesh,#hash_576fe4453aa79728
xmodelmesh,#hash_57711da1555f0949
xmodelmesh,#hash_577146fa11042465
xmodelmesh,#hash_5771c47277fd30b3
xmodelmesh,#hash_5771f2fa99ef2025
xmodelmesh,#hash_d7769740b7cb2ced
xmodelmesh,#hash_d7778ea26324c2fb
xmodelmesh,#hash_5778fe379f954f69
xmodelmesh,#hash_577add70a2413d65
xmodelmesh,#hash_577b6b178ac4b8e4
xmodelmesh,#hash_577bc5517c5015eb
xmodelmesh,#hash_d77ca599f62cabb7
xmodelmesh,#hash_577d4be753adcbed
xmodelmesh,#hash_577d99031fe28e57
xmodelmesh,#hash_577dab0144c32a72
xmodelmesh,#hash_5780b1a2dc4ce83b
xmodelmesh,#hash_5782eb65f05cbac0
xmodelmesh,#hash_5783b1e3687906e9
xmodelmesh,#hash_5786a51bc79f0676
xmodelmesh,#hash_57873cad4e4f26a7
xmodelmesh,#hash_578845fdcf206268
xmodelmesh,#hash_d789cfb9ff3e5303
xmodelmesh,#hash_578cbd8475f2891a
xmodelmesh,#hash_578d270c95a95644
xmodelmesh,#hash_578ec4d5cc3b4c23
xmodelmesh,#hash_578f86a61091806b
xmodelmesh,#hash_57907a1a7eb54594
xmodelmesh,#hash_5791dfab872e7c02
xmodelmesh,#hash_57932046642666cf
xmodelmesh,#hash_5794756fac935481
xmodelmesh,#hash_5794aec5c3ccbf7d
xmodelmesh,#hash_5798c761b98ae9ae
xmodelmesh,#hash_d79bb7e2ede42036
xmodelmesh,#hash_579c96b8b8f905b7
xmodelmesh,#hash_579fd55a43849431
xmodelmesh,#hash_57a21663f9176eed
xmodelmesh,#hash_57a37b76737693a8
xmodelmesh,#hash_57a44dea377e70f1
xmodelmesh,#hash_57a7a264e4b335b4
xmodelmesh,#hash_57a7f11a67b6b78d
xmodelmesh,#hash_57a9af7edd8b6520
xmodelmesh,#hash_d7ac596b4c59d55d
xmodelmesh,#hash_57ae8572e6f7593e
xmodelmesh,#hash_57ae980a02434a77
xmodelmesh,#hash_57aef61ae06d9398
xmodelmesh,#hash_57afa4addd9b719a
xmodelmesh,#hash_57b01f84211eedf0
xmodelmesh,#hash_57b067b99ede0d71
xmodelmesh,#hash_57b22dfc9b287200
xmodelmesh,#hash_57b28039e974a1f4
xmodelmesh,#hash_57b8267800dfc138
xmodelmesh,#hash_d7b908a9dbc927c2
xmodelmesh,#hash_57bf0823b324cfd6
xmodelmesh,#hash_57c0af319858d8a5
xmodelmesh,#hash_57c0c6ad2c360906
xmodelmesh,#hash_57c158eee6070c66
xmodelmesh,#hash_57c59b05e02f9978
xmodelmesh,#hash_57c859abdfda3dd3
xmodelmesh,#hash_57d176bf1ceb6918
xmodelmesh,#hash_57d25bf606d8a19a
xmodelmesh,#hash_57d5f9522c0575a4
xmodelmesh,#hash_57d8fc96fe77709b
xmodelmesh,#hash_57db75a73d3bc376
xmodelmesh,#hash_57db8bcf7ccffc26
xmodelmesh,#hash_57dda01c0f9c8a0e
xmodelmesh,#hash_57deb0d3b15a264c
xmodelmesh,#hash_57e0334f4644f050
xmodelmesh,#hash_57e122e5201db507
xmodelmesh,#hash_57e2eeb426b2cc9b
xmodelmesh,#hash_57e34f4ae8f94a36
xmodelmesh,#hash_57e7191833c1fb97
xmodelmesh,#hash_57e73433f54412a4
xmodelmesh,#hash_d7e74bf9129b9268
xmodelmesh,#hash_57e89ba93b4eb7fd
xmodelmesh,#hash_57e90e3115d602aa
xmodelmesh,#hash_57ea499d8bfbde79
xmodelmesh,#hash_57ea7202375c8703
xmodelmesh,#hash_d7ee9088e03cead6
xmodelmesh,#hash_57f4a70acd524fe8
xmodelmesh,#hash_57f7569b9607ee23
xmodelmesh,#hash_57f881d4239dd0ed
xmodelmesh,#hash_57fac429e1530c76
xmodelmesh,#hash_d7fc925a6ea0ac47
xmodelmesh,#hash_d7fd4515be689c27
xmodelmesh,#hash_57ff31a93ff4559b
xmodelmesh,#hash_58008e828080aa1a
xmodelmesh,#hash_5801217442c59243
xmodelmesh,#hash_580450b6a5c54409
xmodelmesh,#hash_5804eeff2bfa8b83
xmodelmesh,#hash_580593a0f793cf05
xmodelmesh,#hash_58065f1d623db649
xmodelmesh,#hash_580745f9b35e46fe
xmodelmesh,#hash_5807ca7fe215c369
xmodelmesh,#hash_5809468a60ae7d5b
xmodelmesh,#hash_580a068bf6910a88
xmodelmesh,#hash_580b6110856d720d
xmodelmesh,#hash_580bec07c1f2bdfe
xmodelmesh,#hash_d80c13f154f65720
xmodelmesh,#hash_580f3c11f37693fa
xmodelmesh,#hash_5811071c6b119bff
xmodelmesh,#hash_5812d9324a042270
xmodelmesh,#hash_581351257ec7cc77
xmodelmesh,#hash_58150499bdcb9f33
xmodelmesh,#hash_5816053b01f613dd
xmodelmesh,#hash_5816c59e1c6bcf43
xmodelmesh,#hash_5817014bb3f820f7
xmodelmesh,#hash_581a570a12cdea18
xmodelmesh,#hash_581b63bff34b787c
xmodelmesh,#hash_581ba59961017b5f
xmodelmesh,#hash_581baab350113190
xmodelmesh,#hash_581cd529215fa49e
xmodelmesh,#hash_581df7317c594150
xmodelmesh,#hash_581e4f5cae3d8069
xmodelmesh,#hash_5820aa895bef2319
xmodelmesh,#hash_582beac33ffaa5d7
xmodelmesh,#hash_d82cac79ec313d55
xmodelmesh,#hash_582d64634427339c
xmodelmesh,#hash_582e6ef950edc19e
xmodelmesh,#hash_5833f2e4634efd1a
xmodelmesh,#hash_5834757f2bc14773
xmodelmesh,#hash_5836a89402af6740
xmodelmesh,#hash_d8377c6b3ddf570e
xmodelmesh,#hash_58378e19b81cdfb8
xmodelmesh,#hash_d83807e3fdf73f22
xmodelmesh,#hash_583a36fc258cd8da
xmodelmesh,#hash_583c5d9692f7b9ac
xmodelmesh,#hash_583dc755499cb604
xmodelmesh,#hash_583f88044853fbce
xmodelmesh,#hash_d84144141408d1a5
xmodelmesh,#hash_5844b8820c89a088
xmodelmesh,#hash_5846632487c3080a
xmodelmesh,#hash_5847f188cbd1b0ba
xmodelmesh,#hash_d848e7283b57e827
xmodelmesh,#hash_584906ab2ec70eb8
xmodelmesh,#hash_d84a9755d4d703f1
xmodelmesh,#hash_584bdb884f477b19
xmodelmesh,#hash_584d595668af237a
xmodelmesh,#hash_584d64de33a82ab7
xmodelmesh,#hash_d84dbfc7306ac959
xmodelmesh,#hash_584fdcb5609a6b7b
xmodelmesh,#hash_5852db80f82c76d9
xmodelmesh,#hash_585534c893af3580
xmodelmesh,#hash_58560d7468517910
xmodelmesh,#hash_58560f7ec8950df4
xmodelmesh,#hash_5856716a7e226f97
xmodelmesh,#hash_585a5e9038ea8ac1
xmodelmesh,#hash_585ae72dab35ddd0
xmodelmesh,#hash_585d26dd2d298e46
xmodelmesh,#hash_585e202b10c4398a
xmodelmesh,#hash_5860d9096255f9d6
xmodelmesh,#hash_d861c57a97cb3989
xmodelmesh,#hash_586386be91c470ad
xmodelmesh,#hash_58641c55891e8b84
xmodelmesh,#hash_5865ae252f43fea6
xmodelmesh,#hash_5866cdd5b51752d2
xmodelmesh,#hash_58678d2b79545094
xmodelmesh,#hash_d8681bedc966433e
xmodelmesh,#hash_d869bbcd3066bd9a
xmodelmesh,#hash_5869f47f867ec405
xmodelmesh,#hash_586aedf10048d3ba
xmodelmesh,#hash_586b2ebebfec1e0b
xmodelmesh,#hash_586c8b57759e8974
xmodelmesh,#hash_586d7abbfb4a7993
xmodelmesh,#hash_586ddb4e3f990739
xmodelmesh,#hash_58713e6448bf8b94
xmodelmesh,#hash_5874387eab749e22
xmodelmesh,#hash_58764e17a018cf7c
xmodelmesh,#hash_587ae77badc9ac76
xmodelmesh,#hash_587b5ab83b7fad08
xmodelmesh,#hash_587bdc0390d02463
xmodelmesh,#hash_587d38101c455a82
xmodelmesh,#hash_587e24da76c97bbf
xmodelmesh,#hash_587fd6b9024f2f6f
xmodelmesh,#hash_d883d30d2b0ae589
xmodelmesh,#hash_5889699e41a47b28
xmodelmesh,#hash_5889fc47259ab1fc
xmodelmesh,#hash_588c52283fcaaddf
xmodelmesh,#hash_588cec9651955603
xmodelmesh,#hash_d88dab8db619b81c
xmodelmesh,#hash_d88eaef2cbf505ff
xmodelmesh,#hash_5890731d9d31f67e
xmodelmesh,#hash_5890c43f5a91e610
xmodelmesh,#hash_5890fa0ff0b19ee6
xmodelmesh,#hash_5891e55b29efa41e
xmodelmesh,#hash_5894265b497328ac
xmodelmesh,#hash_589452fe93400636
xmodelmesh,#hash_5894c92125aec3d6
xmodelmesh,#hash_5895e6edc5c12c1d
xmodelmesh,#hash_589786812469df44
xmodelmesh,#hash_d897b1674a6af1a1
xmodelmesh,#hash_589b6ee6d951813f
xmodelmesh,#hash_589d1169461cd72c
xmodelmesh,#hash_589d9f112bf3d61a
xmodelmesh,#hash_d89da51e2ee901e4
xmodelmesh,#hash_589dfaac66849862
xmodelmesh,#hash_d8a1f73373f85c64
xmodelmesh,#hash_58a233197b9d2aa7
xmodelmesh,#hash_58a2726a3b3e8640
xmodelmesh,#hash_58ae553c7f144f60
xmodelmesh,#hash_58af9afb2e8240ff
xmodelmesh,#hash_58b06dfb8ef3ef49
xmodelmesh,#hash_58b12aaf2d564b8e
xmodelmesh,#hash_58b6ccf6e1e816f1
xmodelmesh,#hash_58b6fb5eeda7dc61
xmodelmesh,#hash_58b73f21e495dc0a
xmodelmesh,#hash_58b9e3dd0340dae4
xmodelmesh,#hash_58b9e97e43e9bff5
xmodelmesh,#hash_d8ba092f00d4762b
xmodelmesh,#hash_d8befb93d7baa670
xmodelmesh,#hash_58c20933591717a9
xmodelmesh,#hash_58c3ef6debf4a544
xmodelmesh,#hash_58c3f79be5a3b42d
xmodelmesh,#hash_58c440299572cd4f
xmodelmesh,#hash_58c4b07d7c1316ab
xmodelmesh,#hash_58c78d7633657c09
xmodelmesh,#hash_58c794c9440686ec
xmodelmesh,#hash_58c797bc7d985194
xmodelmesh,#hash_58c99bd2f6742e6a
xmodelmesh,#hash_d8ca09c860170783
xmodelmesh,#hash_58ca35bb43444b9f
xmodelmesh,#hash_58cdb5da91da5ee3
xmodelmesh,#hash_58cfca562adf4954
xmodelmesh,#hash_d8d04c69982fe5d2
xmodelmesh,#hash_58d21aa730dc77e1
xmodelmesh,#hash_58d3d190e7bc930f
xmodelmesh,#hash_58d5660cd9db3711
xmodelmesh,#hash_58d60cfe3d7c099e
xmodelmesh,#hash_d8d699ef1c66f969
xmodelmesh,#hash_58d884ac0c0a98f3
xmodelmesh,#hash_58d99a91a09d3cb7
xmodelmesh,#hash_58da7d1997e8fd0e
xmodelmesh,#hash_d8dafc9fd316aa48
xmodelmesh,#hash_58dbf42aca9dfa15
xmodelmesh,#hash_d8dcddc55cc5f1d3
xmodelmesh,#hash_58e062fdb23a37eb
xmodelmesh,#hash_58e2444f3ceee2db
xmodelmesh,#hash_58e62d5448f6a820
xmodelmesh,#hash_58e89f214f8954f7
xmodelmesh,#hash_58eab21deb48f560
xmodelmesh,#hash_58edaaa5b5460e9b
xmodelmesh,#hash_58ee806056ea405f
xmodelmesh,#hash_58f0fbec72c4eaec
xmodelmesh,#hash_58f31c06233f7f95
xmodelmesh,#hash_58f3f0a70fb700ba
xmodelmesh,#hash_d8f4f3d3207fc052
xmodelmesh,#hash_58fb7f7ec91feb38
xmodelmesh,#hash_58fb8c27df5a46e0
xmodelmesh,#hash_58fe9c5cd1dab796
xmodelmesh,#hash_d8feaa5db0be53f7
xmodelmesh,#hash_58ff257fa0f5517a
xmodelmesh,#hash_5902c6e91fab8c0a
xmodelmesh,#hash_59040cfe349a8506
xmodelmesh,#hash_d906ce3b51c6159f
xmodelmesh,#hash_5907a6d5e6ce21b6
xmodelmesh,#hash_590a22193baa8f51
xmodelmesh,#hash_d90b3962cb41a124
xmodelmesh,#hash_590f2a38945baca7
xmodelmesh,#hash_590f2c78311616ad
xmodelmesh,#hash_d90f81157ec208af
xmodelmesh,#hash_d9106dfddf24d6e3
xmodelmesh,#hash_5910e2ba6fa5503c
xmodelmesh,#hash_59117850006681cb
xmodelmesh,#hash_591245671e293a58
xmodelmesh,#hash_591253b90a2a1939
xmodelmesh,#hash_59163196a62ece6d
xmodelmesh,#hash_5916d96628a898bf
xmodelmesh,#hash_591841c2faf9ef63
xmodelmesh,#hash_591aa78a9c2795da
xmodelmesh,#hash_d91bb180fa504933
xmodelmesh,#hash_591c27c78b26d872
xmodelmesh,#hash_591ca89efd7c657b
xmodelmesh,#hash_591ec26db19dc63d
xmodelmesh,#hash_59218d73b615799c
xmodelmesh,#hash_5927c811f74bd32f
xmodelmesh,#hash_d92824639b24031f
xmodelmesh,#hash_5929053ac0a6466a
xmodelmesh,#hash_592b00f87cb20c25
xmodelmesh,#hash_592b7e8a9e1401ef
xmodelmesh,#hash_d92e8398ba75d1e1
xmodelmesh,#hash_592f02cd47ffb350
xmodelmesh,#hash_5933fd39b3d4c38c
xmodelmesh,#hash_5936725580ebcef0
xmodelmesh,#hash_593784bda859ddea
xmodelmesh,#hash_593846e10b896566
xmodelmesh,#hash_593a7e11bd601fa5
xmodelmesh,#hash_593d2b228d389173
xmodelmesh,#hash_d93e17e75d06edbe
xmodelmesh,#hash_593fc52cb28b2273
xmodelmesh,#hash_5941e60d6d36e3d7
xmodelmesh,#hash_59420c431fe24c2b
xmodelmesh,#hash_594280f04bc531c2
xmodelmesh,#hash_d944cd737ac84376
xmodelmesh,#hash_d946194120dd724e
xmodelmesh,#hash_5949a3dabcf3b46d
xmodelmesh,#hash_594a1316bf178f14
xmodelmesh,#hash_594b6de3fe1006b9
xmodelmesh,#hash_594bcf52f3ff0651
xmodelmesh,#hash_594c3b230ebd0555
xmodelmesh,#hash_594e5bc7c31a701e
xmodelmesh,#hash_594fd848bb303017
xmodelmesh,#hash_59515ce99b8e9e7b
xmodelmesh,#hash_5952cd94bb036a5c
xmodelmesh,#hash_5953d29199d95029
xmodelmesh,#hash_d957cee563208498
xmodelmesh,#hash_5958626144577a92
xmodelmesh,#hash_595986d6ab25c36b
xmodelmesh,#hash_595b87450bf49d1c
xmodelmesh,#hash_595bae02b819b731
xmodelmesh,#hash_d95ce6b74ec046b4
xmodelmesh,#hash_595e6be54e82871a
xmodelmesh,#hash_59601f8ccd2689bc
xmodelmesh,#hash_d9615c86429b120b
xmodelmesh,#hash_596165036d1bb38b
xmodelmesh,#hash_5964785facfadd22
xmodelmesh,#hash_5968fb81413429bb
xmodelmesh,#hash_59697b0b9d6b494d
xmodelmesh,#hash_596adce017d04130
xmodelmesh,#hash_596bc5beb39b95a1
xmodelmesh,#hash_596c3f1012879bee
xmodelmesh,#hash_59709430aa1594ba
xmodelmesh,#hash_59716654adff237b
xmodelmesh,#hash_5972c446048b15ab
xmodelmesh,#hash_5973006033afa928
xmodelmesh,#hash_597650250d864e10
xmodelmesh,#hash_597845e09d26d854
xmodelmesh,#hash_59785e04a6cfc05b
xmodelmesh,#hash_5979a09f23dfe47a
xmodelmesh,#hash_5979d0c12d8004a0
xmodelmesh,#hash_597b395b0b94b523
xmodelmesh,#hash_597cc4b6056f1263
xmodelmesh,#hash_597cdbddb5278e1b
xmodelmesh,#hash_597f728b5952d222
xmodelmesh,#hash_5980edd26c996787
xmodelmesh,#hash_5981bcd9a255bf9f
xmodelmesh,#hash_5983a46e15664b66
xmodelmesh,#hash_5984c944aad6433a
xmodelmesh,#hash_5986f3d2e97e77d1
xmodelmesh,#hash_59878db58241e4be
xmodelmesh,#hash_59882f6b019f6dc5
xmodelmesh,#hash_5988cd97c789c91e
xmodelmesh,#hash_598aaf0fe667b305
xmodelmesh,#hash_598b89588ea73b86
xmodelmesh,#hash_598c8a6492d166b6
xmodelmesh,#hash_5993297550b04158
xmodelmesh,#hash_599435f5c914e82d
xmodelmesh,#hash_5999e757b372d507
xmodelmesh,#hash_599d38a5cfb19edd
xmodelmesh,#hash_599e67e9f1a27b16
xmodelmesh,#hash_59a0345e973a0a8e
xmodelmesh,#hash_59a0e70c5d727936
xmodelmesh,#hash_59a1ad937c3bbd6b
xmodelmesh,#hash_59a30b7e2dd8200a
xmodelmesh,#hash_59a3a8ffb6f95d10
xmodelmesh,#hash_59a4161e0136c924
xmodelmesh,#hash_59a5ca64e684f3cc
xmodelmesh,#hash_59a5efb175009b60
xmodelmesh,#hash_59a681d2ab070b15
xmodelmesh,#hash_d9a7eb02d2d1dff7
xmodelmesh,#hash_59a99676a1705051
xmodelmesh,#hash_59aee711a86afa48
xmodelmesh,#hash_59aef2c78a141a6e
xmodelmesh,#hash_d9b034fb3e8ffb5c
xmodelmesh,#hash_59b1472675d9c3f4
xmodelmesh,#hash_59b2e717ec080615
xmodelmesh,#hash_59b33f676ef1d18a
xmodelmesh,#hash_59b37bd034dd34fb
xmodelmesh,#hash_59b3ec3b7a7e1530
xmodelmesh,#hash_59b8f4f53af2c33d
xmodelmesh,#hash_59b93be262215401
xmodelmesh,#hash_59b94ee330882ce9
xmodelmesh,#hash_d9bc01891c7fe2bc
xmodelmesh,#hash_d9be15e2492062cb
xmodelmesh,#hash_59bea78d630c1f17
xmodelmesh,#hash_59bf79306881ada9
xmodelmesh,#hash_59bfbbb937c7f084
xmodelmesh,#hash_59c0a3c5a33c102c
xmodelmesh,#hash_59c5e8fb4ff6b4a0
xmodelmesh,#hash_d9c62ba2796c52dd
xmodelmesh,#hash_d9ca375a2807e03d
xmodelmesh,#hash_59cc53850c83e894
xmodelmesh,#hash_59cdd1b9ad0968b2
xmodelmesh,#hash_59ce8e11a8333378
xmodelmesh,#hash_59d17cde640b0f35
xmodelmesh,#hash_59d1836b795ee5a3
xmodelmesh,#hash_59d2b8a1e238f59c
xmodelmesh,#hash_59d3f8c5f5838c27
xmodelmesh,#hash_59d42c6e6a786c98
xmodelmesh,#hash_d9d536aaa7534b82
xmodelmesh,#hash_d9d7c87bb13c2dfe
xmodelmesh,#hash_59dca55a4979c1cb
xmodelmesh,#hash_59e1308410d8bd1f
xmodelmesh,#hash_d9e2e80fdcaaf36b
xmodelmesh,#hash_59e4016dca6f7916
xmodelmesh,#hash_59e6dfee2adfff89
xmodelmesh,#hash_59e968e476976349
xmodelmesh,#hash_d9f093506fc18daa
xmodelmesh,#hash_59f1a82c31cf252f
xmodelmesh,#hash_59f2da07fa654a42
xmodelmesh,#hash_d9f3d87f3fadf7c1
xmodelmesh,#hash_59f445aed6f70df7
xmodelmesh,#hash_59f60012a7abb275
xmodelmesh,#hash_59f6a812deb8104c
xmodelmesh,#hash_59f80614458b0aa7
xmodelmesh,#hash_59fa35c69e44d1c2
xmodelmesh,#hash_59fba2f5aa7b3f45
xmodelmesh,#hash_59fce46dfcdd56ca
xmodelmesh,#hash_5a00382276373285
xmodelmesh,#hash_da01ad10ba85f1cd
xmodelmesh,#hash_5a028abe6399d49b
xmodelmesh,#hash_da02bff7e0573296
xmodelmesh,#hash_da02f649d16bf326
xmodelmesh,#hash_5a08f4359aacd247
xmodelmesh,#hash_5a0e80730c3081a7
xmodelmesh,#hash_5a1077e1ee0e3184
xmodelmesh,#hash_5a1428765df16b4e
xmodelmesh,#hash_5a172f2fd3ce9a56
xmodelmesh,#hash_5a17cac5493d0c3c
xmodelmesh,#hash_5a193d32b44830bd
xmodelmesh,#hash_5a1a574162719ed8
xmodelmesh,#hash_5a1b3c98948e876a
xmodelmesh,#hash_5a1d074cf3d86635
xmodelmesh,#hash_da2147c09ac6d9d7
xmodelmesh,#hash_5a223dd49081999e
xmodelmesh,#hash_5a26912fc7a2b6b8
xmodelmesh,#hash_5a2720d0a58d7f9d
xmodelmesh,#hash_da2b259e8da1dda2
xmodelmesh,#hash_5a2ba05f99c1c465
xmodelmesh,#hash_da2fbafb90d13a5f
xmodelmesh,#hash_5a2fcb6b87cb0f1d
xmodelmesh,#hash_5a3332cbf8fae885
xmodelmesh,#hash_5a34505805f2b4c0
xmodelmesh,#hash_5a34631c1809447d
xmodelmesh,#hash_5a37e879322aa4ff
xmodelmesh,#hash_da3830ce712d8db2
xmodelmesh,#hash_da38b52a72605a0c
xmodelmesh,#hash_5a3b452c54e47e2e
xmodelmesh,#hash_5a3dcd68b71c4157
xmodelmesh,#hash_da3ec615e41f2768
xmodelmesh,#hash_5a3fb98aaf892201
xmodelmesh,#hash_5a3fbed586fc0952
xmodelmesh,#hash_5a40dbd65251cdd6
xmodelmesh,#hash_da44090c1558d87e
xmodelmesh,#hash_5a4794c3a7c40d7f
xmodelmesh,#hash_5a4aafa2c79d9625
xmodelmesh,#hash_5a4ca19d814cfe75
xmodelmesh,#hash_5a4d36fd1ff9cc4c
xmodelmesh,#hash_5a4d396f4e949a4f
xmodelmesh,#hash_da502108efeaddd5
xmodelmesh,#hash_da526439933318fd
xmodelmesh,#hash_5a55558619ef01dc
xmodelmesh,#hash_da5776e1a3bf11ad
xmodelmesh,#hash_5a58215f129e6195
xmodelmesh,#hash_5a59777a1da7403e
xmodelmesh,#hash_5a5b02d30d2bcb5e
xmodelmesh,#hash_5a5e8d3e9a3e5851
xmodelmesh,#hash_5a5f116ba165be8f
xmodelmesh,#hash_5a5f36004a8130ff
xmodelmesh,#hash_5a5f6ef46b005ba6
xmodelmesh,#hash_5a5f77d16ecf7616
xmodelmesh,#hash_5a6029505f35d7e8
xmodelmesh,#hash_5a6135766eb9cdad
xmodelmesh,#hash_da629ce165d9cf5a
xmodelmesh,#hash_5a65b304f5d1e4bd
xmodelmesh,#hash_5a699a11ec729f70
xmodelmesh,#hash_5a6b14b37cae2ee0
xmodelmesh,#hash_da717411668b875e
xmodelmesh,#hash_5a719abaea8a0e51
xmodelmesh,#hash_5a784f2c4f962f25
xmodelmesh,#hash_5a78a8c04d5c515d
xmodelmesh,#hash_5a79f60cc669ed3c
xmodelmesh,#hash_5a7c2a31429dc23f
xmodelmesh,#hash_5a7c766671b92952
xmodelmesh,#hash_da7d57cec2961b24
xmodelmesh,#hash_5a80b76aa7d62b1c
xmodelmesh,#hash_5a8327b241cc65e5
xmodelmesh,#hash_5a84386df90801db
xmodelmesh,#hash_5a85590fba23d1ff
xmodelmesh,#hash_5a8590fc3629ec9f
xmodelmesh,#hash_5a8b62a289c28192
xmodelmesh,#hash_da8d70739338e982
xmodelmesh,#hash_5a8e3f8f78f2ef74
xmodelmesh,#hash_da969d493e0887ca
xmodelmesh,#hash_da97a45a7b41af37
xmodelmesh,#hash_5a98a3617aa697db
xmodelmesh,#hash_5a9a7289f3b6a0b4
xmodelmesh,#hash_5a9ad27560fdad04
xmodelmesh,#hash_5a9eddb656e5af2c
xmodelmesh,#hash_da9f2c5d7c001ef8
xmodelmesh,#hash_5a9f577926029847
xmodelmesh,#hash_5aa517a74cdedee4
xmodelmesh,#hash_daa7df3bc2c7d150
xmodelmesh,#hash_5aa83a97d5ab35b1
xmodelmesh,#hash_5aa9ab5601663fed
xmodelmesh,#hash_5aab1fe043e1fa73
xmodelmesh,#hash_5aab2bbcf69d81a7
xmodelmesh,#hash_5aabeb6ebac0588e
xmodelmesh,#hash_daacf849b0f02813
xmodelmesh,#hash_dab376fe424105c9
xmodelmesh,#hash_dab3ab1084c57373
xmodelmesh,#hash_5ab63a4561790898
xmodelmesh,#hash_5ab65d25cbdca484
xmodelmesh,#hash_5ab828d8bf2d3ba9
xmodelmesh,#hash_5ab8d66677a375f8
xmodelmesh,#hash_5ab92c5c08768153
xmodelmesh,#hash_5ab9f58c03d5babb
xmodelmesh,#hash_5abfb49b710edfe9
xmodelmesh,#hash_5ac016b17dd294b8
xmodelmesh,#hash_5ac02915cbdde0ba
xmodelmesh,#hash_dac04eeb59c35a9f
xmodelmesh,#hash_dac13b054b00f83f
xmodelmesh,#hash_5ac5c9080ce96894
xmodelmesh,#hash_5ac5dd0c267a8f7a
xmodelmesh,#hash_5ac6077e16bdc6e9
xmodelmesh,#hash_5ac6a94e25c0e157
xmodelmesh,#hash_5ad054918d9cd082
xmodelmesh,#hash_5ad0921d94443bbd
xmodelmesh,#hash_5ad1f605c3726e36
xmodelmesh,#hash_5ad4b26357522295
xmodelmesh,#hash_5ad7e68010e4972f
xmodelmesh,#hash_5adbbe8cb606cee3
xmodelmesh,#hash_5adca697ed6d522a
xmodelmesh,#hash_5adebf12f718c79c
xmodelmesh,#hash_5ae2d5f1fc14955c
xmodelmesh,#hash_dae4657a351bcf21
xmodelmesh,#hash_5ae524be96c20e01
xmodelmesh,#hash_5ae6a0be85339184
xmodelmesh,#hash_5ae912ee89b176e7
xmodelmesh,#hash_5ae93f1a76f9f12d
xmodelmesh,#hash_5ae9f3f3153504ad
xmodelmesh,#hash_5aea31464302e310
xmodelmesh,#hash_5aeaae01f0d6878c
xmodelmesh,#hash_5aeac3792339002f
xmodelmesh,#hash_5aeb3edf92423668
xmodelmesh,#hash_5aebb733d014c1bb
xmodelmesh,#hash_5aecbdf3c5967710
xmodelmesh,#hash_5aefefddfd036c77
xmodelmesh,#hash_daf61640ae208c7c
xmodelmesh,#hash_5af6fc52db7fbe8a
xmodelmesh,#hash_5af89df441a013d0
xmodelmesh,#hash_5aff7690054b560d
xmodelmesh,#hash_5affb448c0e7388e
xmodelmesh,#hash_5b0794bd7fd91e7b
xmodelmesh,#hash_5b0c9b2f68730acd
xmodelmesh,#hash_db122ebba2f83d73
xmodelmesh,#hash_5b1277a97cf8530c
xmodelmesh,#hash_5b12ba0b8ad51a62
xmodelmesh,#hash_5b133615f69a9358
xmodelmesh,#hash_5b133d7036370bf4
xmodelmesh,#hash_5b13ba460dfecf0a
xmodelmesh,#hash_5b14e9a780913734
xmodelmesh,#hash_db1506f080373bf3
xmodelmesh,#hash_5b152235f3a9e1d7
xmodelmesh,#hash_5b1a6b197757d374
xmodelmesh,#hash_5b1bbf82b9ded17e
xmodelmesh,#hash_5b1ca10738b0c485
xmodelmesh,#hash_5b1d3c6816cf13e4
xmodelmesh,#hash_5b1f435611d6d056
xmodelmesh,#hash_5b1f4af8bff12bcd
xmodelmesh,#hash_5b223053560a68bb
xmodelmesh,#hash_5b22ded5314639df
xmodelmesh,#hash_5b257aa3e4a4c950
xmodelmesh,#hash_5b25ad1b70b34cf5
xmodelmesh,#hash_db2b794cc6d818e3
xmodelmesh,#hash_5b2bf4cffefeb0de
xmodelmesh,#hash_db2c4d9e9ca96339
xmodelmesh,#hash_5b30505d435d27a7
xmodelmesh,#hash_db32226493c633fa
xmodelmesh,#hash_db327096d6af3fd2
xmodelmesh,#hash_5b338f9d80e89049
xmodelmesh,#hash_5b33db64f25d2c9c
xmodelmesh,#hash_5b35f8badf2bb621
xmodelmesh,#hash_5b373876dd5697e9
xmodelmesh,#hash_5b38aedc96fe2607
xmodelmesh,#hash_5b39fd818359d474
xmodelmesh,#hash_5b3bf9fdf5527366
xmodelmesh,#hash_5b3d9f90828ceb06
xmodelmesh,#hash_5b413f8b83eaf417
xmodelmesh,#hash_5b4469b3c0d77cc7
xmodelmesh,#hash_5b45ac6d88fc90e8
xmodelmesh,#hash_db47c9a281ac7f9a
xmodelmesh,#hash_5b49a49e8cabc242
xmodelmesh,#hash_5b4dcf9051fd3252
xmodelmesh,#hash_5b4ddd3dcc535979
xmodelmesh,#hash_5b4e220bad8585e8
xmodelmesh,#hash_db4f0e08b24f6f19
xmodelmesh,#hash_5b522b919f10c0ca
xmodelmesh,#hash_db527d6f7d853675
xmodelmesh,#hash_5b52dcf96593c497
xmodelmesh,#hash_db5329d103e40c22
xmodelmesh,#hash_5b564e38058c28c7
xmodelmesh,#hash_5b5db9e9be6f4ebd
xmodelmesh,#hash_5b5f0cca3ee8bd1f
xmodelmesh,#hash_db5f3f8857f54a7b
xmodelmesh,#hash_5b619b5de9a7dccc
xmodelmesh,#hash_5b64194063947151
xmodelmesh,#hash_5b6549176f92d84f
xmodelmesh,#hash_5b69b57e569080e6
xmodelmesh,#hash_db6cf86d3281da29
xmodelmesh,#hash_5b6e6edeff7cb7f1
xmodelmesh,#hash_5b6f80d2bba13c3b
xmodelmesh,#hash_db705c3e7851a913
xmodelmesh,#hash_db70c3f1ad711157
xmodelmesh,#hash_db72a80e9d8db017
xmodelmesh,#hash_5b754ab54129eb63
xmodelmesh,#hash_5b76f089922faeab
xmodelmesh,#hash_5b774dee84fab4ee
xmodelmesh,#hash_5b776b861b3e4e15
xmodelmesh,#hash_5b790b7815761797
xmodelmesh,#hash_db7923c9813e77f0
xmodelmesh,#hash_5b7972c485934a69
xmodelmesh,#hash_5b79dad858860761
xmodelmesh,#hash_db7ab99ff530ad3c
xmodelmesh,#hash_5b7be8b909e2773d
xmodelmesh,#hash_5b7d13aa546f7b3f
xmodelmesh,#hash_db7fe2867e6730f1
xmodelmesh,#hash_5b816b91ddcce643
xmodelmesh,#hash_5b816d1b053be262
xmodelmesh,#hash_db823935dda01fde
xmodelmesh,#hash_5b8242d767784bae
xmodelmesh,#hash_5b82d06a286152d5
xmodelmesh,#hash_5b8398e74f449b24
xmodelmesh,#hash_5b876b6f25ed143a
xmodelmesh,#hash_5b87f63eaf085cc4
xmodelmesh,#hash_db88192766cf8745
xmodelmesh,#hash_db8c703ecf0b6bd0
xmodelmesh,#hash_db8e4b86f950ede2
xmodelmesh,#hash_5b8fd568e5ca86ef
xmodelmesh,#hash_5b92fa9e81bd0b95
xmodelmesh,#hash_5b9313cf1a00432b
xmodelmesh,#hash_db94b95ec5aadd61
xmodelmesh,#hash_5b94bb924a842012
xmodelmesh,#hash_5b968e17f41af1df
xmodelmesh,#hash_5b9a9e6c2dfef7a8
xmodelmesh,#hash_5b9ad09d2176f328
xmodelmesh,#hash_5b9d5757cc740652
xmodelmesh,#hash_db9d9b6212c4bf3d
xmodelmesh,#hash_5ba1feaf74bd1c38
xmodelmesh,#hash_5ba201352ee10794
xmodelmesh,#hash_dba4722fc1a15319
xmodelmesh,#hash_5ba54db8039a22bf
xmodelmesh,#hash_5ba5c7698a619d6e
xmodelmesh,#hash_5ba6b4c38fae7044
xmodelmesh,#hash_5ba7325b929d61ef
xmodelmesh,#hash_5ba806021d500efe
xmodelmesh,#hash_5ba91b1ce929d7e1
xmodelmesh,#hash_5baa29a15c166b47
xmodelmesh,#hash_dbaa509212c7f108
xmodelmesh,#hash_dbb1308047095ee7
xmodelmesh,#hash_5bb23f258c5fbb3f
xmodelmesh,#hash_5bb9b1e3a7d8f9dd
xmodelmesh,#hash_5bba407afcbe6960
xmodelmesh,#hash_5bbad9ca0bdcb97e
xmodelmesh,#hash_5bbb4c05d059e94b
xmodelmesh,#hash_5bbd7d665e589e5b
xmodelmesh,#hash_5bbd8c13ad18396a
xmodelmesh,#hash_5bbf3abc27cf20f4
xmodelmesh,#hash_5bc130ad15396820
xmodelmesh,#hash_5bc1e02c92f60d1c
xmodelmesh,#hash_5bc43f5529c2d779
xmodelmesh,#hash_5bc4f3d606cb489e
xmodelmesh,#hash_5bc621b423a57f38
xmodelmesh,#hash_dbc69ad6030070b6
xmodelmesh,#hash_dbc842fb0738160d
xmodelmesh,#hash_5bc9d0c95f296575
xmodelmesh,#hash_5bcab32a2a5809ba
xmodelmesh,#hash_5bcca4d8f05254ce
xmodelmesh,#hash_5bd356a0f17c3e97
xmodelmesh,#hash_5bd45c40e829acdf
xmodelmesh,#hash_5bd4d7036f3bcb91
xmodelmesh,#hash_5bd6ff644ca553a2
xmodelmesh,#hash_5bd97492933841c2
xmodelmesh,#hash_5bdf711ad4c52e4b
xmodelmesh,#hash_5bdfd545ac299059
xmodelmesh,#hash_5be048e58c41d3c8
xmodelmesh,#hash_5be1299a057fba2f
xmodelmesh,#hash_5be2a37ccd276792
xmodelmesh,#hash_5bea1321535f46ae
xmodelmesh,#hash_5beb9212e8487533
xmodelmesh,#hash_5beb98a55b3feb93
xmodelmesh,#hash_5bebbc24f46202e9
xmodelmesh,#hash_dbf0a5561e4c891b
xmodelmesh,#hash_5bf138d428f25173
xmodelmesh,#hash_5bf32354ff95111e
xmodelmesh,#hash_5bf3b79ce902a5b5
xmodelmesh,#hash_5bf72ce97dbf61cc
xmodelmesh,#hash_5bf9c5f41dadc219
xmodelmesh,#hash_5bf9d7c2bc0486c6
xmodelmesh,#hash_dbfb3a7f5ba1332e
xmodelmesh,#hash_5bfcfd058e7ee9e5
xmodelmesh,#hash_5c04f3be6cb1807b
xmodelmesh,#hash_dc069009d6384e7f
xmodelmesh,#hash_5c07a933409830ea
xmodelmesh,#hash_dc0993e5d792a643
xmodelmesh,#hash_dc0b46c0e08772f7
xmodelmesh,#hash_5c0cf772cdb30fb3
xmodelmesh,#hash_5c0dee75eb0fa7ed
xmodelmesh,#hash_dc11e1bfffec3117
xmodelmesh,#hash_5c157d8b7d607bb7
xmodelmesh,#hash_5c19a17f0f0ed370
xmodelmesh,#hash_5c1b10e762297a21
xmodelmesh,#hash_5c1d66d62cea56b5
xmodelmesh,#hash_5c1d69cb4a9525b5
xmodelmesh,#hash_dc1dc5c9b93dbded
xmodelmesh,#hash_5c2053d1a78f8dd3
xmodelmesh,#hash_5c21e20d73b87c0d
xmodelmesh,#hash_dc266016e6468c15
xmodelmesh,#hash_5c27f44883a90038
xmodelmesh,#hash_dc28c336dac95492
xmodelmesh,#hash_5c2a357067f0fff1
xmodelmesh,#hash_5c2aa5d5bbf82466
xmodelmesh,#hash_5c2bee83b2aa9104
xmodelmesh,#hash_5c2e5990dec74073
xmodelmesh,#hash_5c323086ba340e72
xmodelmesh,#hash_5c37d5c073b06340
xmodelmesh,#hash_5c38199ba58b7521
xmodelmesh,#hash_5c385e7fc70d4bab
xmodelmesh,#hash_5c386f0a7f762d96
xmodelmesh,#hash_5c3a34a5595575e6
xmodelmesh,#hash_5c3aca98751014c5
xmodelmesh,#hash_5c3ae562816af1f8
xmodelmesh,#hash_5c3b3feb7815a725
xmodelmesh,#hash_5c3c314ef0f28dcb
xmodelmesh,#hash_5c3db476ab24e280
xmodelmesh,#hash_5c3e816fff720b02
xmodelmesh,#hash_5c3ead0b9dd1d716
xmodelmesh,#hash_5c40c97a4a186d1e
xmodelmesh,#hash_5c42934fd8801f83
xmodelmesh,#hash_5c42ba0f596d3090
xmodelmesh,#hash_5c45229573bd6029
xmodelmesh,#hash_5c4526be25d8645c
xmodelmesh,#hash_5c49e16ef1be5c2c
xmodelmesh,#hash_5c4c22e6058ee25a
xmodelmesh,#hash_dc4c98c810a0d181
xmodelmesh,#hash_5c4ca2c2936da2f0
xmodelmesh,#hash_5c4d0fa72cc9520b
xmodelmesh,#hash_5c4d13cccdcd6a1a
xmodelmesh,#hash_dc5118943637a16a
xmodelmesh,#hash_5c53694b3a96dea5
xmodelmesh,#hash_5c5445d92f0e88bd
xmodelmesh,#hash_5c54ebc8c4c7b704
xmodelmesh,#hash_5c560e6220e1c8b9
xmodelmesh,#hash_5c5769b621964dc7
xmodelmesh,#hash_dc5788c8e7f767d5
xmodelmesh,#hash_5c579a5bbcdbfb63
xmodelmesh,#hash_5c5a8addaa96fedf
xmodelmesh,#hash_dc5b9f1678474cb1
xmodelmesh,#hash_5c5e0f421f9ed95c
xmodelmesh,#hash_dc5f575b48e124ca
xmodelmesh,#hash_5c60ed330c7617eb
xmodelmesh,#hash_5c61aae479e35795
xmodelmesh,#hash_5c61d95ec684ebaa
xmodelmesh,#hash_5c62b52485c08dfe
xmodelmesh,#hash_5c64c271638527a0
xmodelmesh,#hash_dc64c8d21c451bce
xmodelmesh,#hash_5c66fbdf6e82bb86
xmodelmesh,#hash_5c67cb31d9734fc4
xmodelmesh,#hash_5c6a5ec40387fc9a
xmodelmesh,#hash_dc6c55b3aaec5e3e
xmodelmesh,#hash_5c6d0f69aa6ecdbb
xmodelmesh,#hash_5c6dc677401f8bc9
xmodelmesh,#hash_dc6e07a58102644e
xmodelmesh,#hash_5c6e0eeda74bdd32
xmodelmesh,#hash_5c70c6be710a2a32
xmodelmesh,#hash_5c719a9b9f1c8d1b
xmodelmesh,#hash_5c727f2199cd6923
xmodelmesh,#hash_dc73a61a4d91255a
xmodelmesh,#hash_dc749364b3156c41
xmodelmesh,#hash_5c75f2c3fc12b120
xmodelmesh,#hash_5c77d8f696dfe726
xmodelmesh,#hash_5c7a05affbd63db8
xmodelmesh,#hash_5c7ab0620b66c22f
xmodelmesh,#hash_5c7aeb7163697c98
xmodelmesh,#hash_dc7c5446d77e173c
xmodelmesh,#hash_5c7cc2d0b14f1952
xmodelmesh,#hash_5c7d6ed1f632a991
xmodelmesh,#hash_5c7e264429907a4c
xmodelmesh,#hash_5c7f6cf070db65f6
xmodelmesh,#hash_5c7f8e96bb56ed48
xmodelmesh,#hash_5c7ff5bb96eb7702
xmodelmesh,#hash_5c81d7fa27e4bb40
xmodelmesh,#hash_5c82c282e7b2246a
xmodelmesh,#hash_5c82c34228db80b4
xmodelmesh,#hash_5c840d4d67f7a00c
xmodelmesh,#hash_5c88bd9d844dbca5
xmodelmesh,#hash_5c8bfeed1b03d867
xmodelmesh,#hash_5c93fb43cf3c283d
xmodelmesh,#hash_dc97a2da0b62edc2
xmodelmesh,#hash_5c98f69c87c26bcf
xmodelmesh,#hash_5c9b15269b0f0ee8
xmodelmesh,#hash_5ca085c69cc34422
xmodelmesh,#hash_5ca09d8db61a22b4
xmodelmesh,#hash_5ca14a297795b78c
xmodelmesh,#hash_5ca2e06b8c05c6a4
xmodelmesh,#hash_dca5668ef38e90fa
xmodelmesh,#hash_5ca79fb7b8c6b308
xmodelmesh,#hash_5caadd23a95ac5af
xmodelmesh,#hash_5cab798a607af181
xmodelmesh,#hash_5cacd1f335b9ce24
xmodelmesh,#hash_5cad063362597bfb
xmodelmesh,#hash_dcb1154c6b200068
xmodelmesh,#hash_dcb84a721ff7dd13
xmodelmesh,#hash_5cb9919c1c80348f
xmodelmesh,#hash_5cb9a329390366ed
xmodelmesh,#hash_5cbff072ada35b67
xmodelmesh,#hash_5cc1d946de1c5d11
xmodelmesh,#hash_5cc35348fff047f0
xmodelmesh,#hash_5cc3cc67cd73e55d
xmodelmesh,#hash_5cc430e091e2d9ee
xmodelmesh,#hash_5cc5f77adbf22f7b
xmodelmesh,#hash_5cc65b45e9441186
xmodelmesh,#hash_5cc6d99ba9336ef5
xmodelmesh,#hash_5cc9a15196dd8c14
xmodelmesh,#hash_5ccc2d2061a59252
xmodelmesh,#hash_5ccc7ec13f8dcf47
xmodelmesh,#hash_dcccc11e2d9a9640
xmodelmesh,#hash_5ccf82f8973389d3
xmodelmesh,#hash_5ccf8b738f9ea93b
xmodelmesh,#hash_5cd1418bb2635f37
xmodelmesh,#hash_dcd20b3ab4e5f828
xmodelmesh,#hash_dcd377a361fd2ea9
xmodelmesh,#hash_5cd5f2040d289a6d
xmodelmesh,#hash_5cd687702939e4fe
xmodelmesh,#hash_5cd8928e037b114a
xmodelmesh,#hash_5cdb27ce0e067a41
xmodelmesh,#hash_5cdbd581f09e3af2
xmodelmesh,#hash_5cdc0b46ab6efb61
xmodelmesh,#hash_5cdc20052ea68202
xmodelmesh,#hash_5cdce65fb412778d
xmodelmesh,#hash_5cdf258e709f4fe8
xmodelmesh,#hash_5ce2a270a870e669
xmodelmesh,#hash_5ce4ea391d852828
xmodelmesh,#hash_5ce4fc24ca05584b
xmodelmesh,#hash_5ce5eec2fb3015fe
xmodelmesh,#hash_5ce7d522fc02501d
xmodelmesh,#hash_5ce8be58f32f87d3
xmodelmesh,#hash_5ceab7ef38c9b0cd
xmodelmesh,#hash_5cecce0a54290713
xmodelmesh,#hash_5cf18a825da29074
xmodelmesh,#hash_dcf1c8207741265f
xmodelmesh,#hash_5cf4656d7b8b3be2
xmodelmesh,#hash_5cf592a3110c2851
xmodelmesh,#hash_dcf6a9a6f8895519
xmodelmesh,#hash_5cf6aa9efc56d710
xmodelmesh,#hash_5cf6db76fa0f1f18
xmodelmesh,#hash_5cf6ff1ee173ef12
xmodelmesh,#hash_5cf73390d498b490
xmodelmesh,#hash_5cf7f40d87419070
xmodelmesh,#hash_5cf7f780571f3d75
xmodelmesh,#hash_5cf9818a501ed4c1
xmodelmesh,#hash_5cfe1cc458e8687c
xmodelmesh,#hash_5cfe7e54636140cc
xmodelmesh,#hash_5cfea8a71e95012d
xmodelmesh,#hash_5d0062df6def3bf6
xmodelmesh,#hash_5d02bf39d2192895
xmodelmesh,#hash_5d03bae8c231e62b
xmodelmesh,#hash_dd0487740e32027d
xmodelmesh,#hash_dd05818da51e135e
xmodelmesh,#hash_5d06bd5344f1b4aa
xmodelmesh,#hash_dd083f3ec797ae82
xmodelmesh,#hash_5d084066770d36e7
xmodelmesh,#hash_5d0aa38288a4a03d
xmodelmesh,#hash_5d0c0404fd698836
xmodelmesh,#hash_dd0e8111921c42a1
xmodelmesh,#hash_dd0f00f4e17102b1
xmodelmesh,#hash_5d0f68de6b951089
xmodelmesh,#hash_5d0fcb330a371337
xmodelmesh,#hash_5d113e8190bbf6a2
xmodelmesh,#hash_5d1201fa23adbf87
xmodelmesh,#hash_5d12ea6483e05d25
xmodelmesh,#hash_dd13cc4bbf33a71a
xmodelmesh,#hash_5d180763c4b7915e
xmodelmesh,#hash_5d1ba9b6e0b28754
xmodelmesh,#hash_5d1e1bcceb7e4b67
xmodelmesh,#hash_dd2105114e2ed8e1
xmodelmesh,#hash_5d23353b93a72579
xmodelmesh,#hash_5d244d6cc4fe1547
xmodelmesh,#hash_5d2666c8bf477c2c
xmodelmesh,#hash_5d2a52377c57e65b
xmodelmesh,#hash_5d2adefb97c3912b
xmodelmesh,#hash_5d2cdb6ccf1784a9
xmodelmesh,#hash_5d2cf2794a3cf428
xmodelmesh,#hash_5d2d8e0e3da5f9ad
xmodelmesh,#hash_5d2e695c12799bcc
xmodelmesh,#hash_5d3204c3cfa19046
xmodelmesh,#hash_dd33314e5f35656a
xmodelmesh,#hash_5d358e60e8d239a7
xmodelmesh,#hash_5d369adf08a42858
xmodelmesh,#hash_5d38c7e8a71daa3c
xmodelmesh,#hash_5d3ca3e391388ce9
xmodelmesh,#hash_5d409b089a990c6f
xmodelmesh,#hash_5d43e06cd86ceae1
xmodelmesh,#hash_5d440ea06e4298dc
xmodelmesh,#hash_5d4545efab1e8c40
xmodelmesh,#hash_dd4573e69042ed19
xmodelmesh,#hash_5d47f45fdabbd04c
xmodelmesh,#hash_5d49307824927458
xmodelmesh,#hash_5d49fdbab95cecb4
xmodelmesh,#hash_5d4c6e76ddee0db4
xmodelmesh,#hash_5d4d559c22b8b84e
xmodelmesh,#hash_dd4d5e93b47debdf
xmodelmesh,#hash_5d4de2df912e1254
xmodelmesh,#hash_5d4e0e9a67f0ef63
xmodelmesh,#hash_5d513971a5d37298
xmodelmesh,#hash_5d53a9ce729d8a0f
xmodelmesh,#hash_5d5422ed7274b66c
xmodelmesh,#hash_5d57a86b6d4462f2
xmodelmesh,#hash_5d5b5324dfd8728f
xmodelmesh,#hash_5d5ca92ce9ff396c
xmodelmesh,#hash_dd5d3ac78637d585
xmodelmesh,#hash_5d5d8e99608828bc
xmodelmesh,#hash_5d5ec82fd5d75e50
xmodelmesh,#hash_dd6134bb68c42aa2
xmodelmesh,#hash_5d62e7d42442b102
xmodelmesh,#hash_5d63ade69abd41da
xmodelmesh,#hash_5d6541ef0d30ea02
xmodelmesh,#hash_5d65d5829be2938a
xmodelmesh,#hash_dd66bfd065e7be60
xmodelmesh,#hash_5d69f0101d545967
xmodelmesh,#hash_5d6c394236b6b640
xmodelmesh,#hash_5d6c61b175d95bfc
xmodelmesh,#hash_5d6cde41333dec37
xmodelmesh,#hash_5d6e200db1592bab
xmodelmesh,#hash_5d72c38fa7400a66
xmodelmesh,#hash_5d77e9eb1bdff837
xmodelmesh,#hash_dd7a1a7eb03bbb84
xmodelmesh,#hash_5d7a88e4f6c79a7c
xmodelmesh,#hash_5d7aa519179ee4fa
xmodelmesh,#hash_5d7e2f6a10c07f31
xmodelmesh,#hash_5d7ec68e0b113ea7
xmodelmesh,#hash_5d7ff9d729a9b3cb
xmodelmesh,#hash_5d838e987a79df9a
xmodelmesh,#hash_5d83a35ece3f324f
xmodelmesh,#hash_5d8494a0051f0a3a
xmodelmesh,#hash_dd8835eb81948f11
xmodelmesh,#hash_5d8cbfdb7b515a93
xmodelmesh,#hash_dd8db33d600f9463
xmodelmesh,#hash_5d8e0d159c99551a
xmodelmesh,#hash_5d900158c941fdc2
xmodelmesh,#hash_5d920f5ef41fccd1
xmodelmesh,#hash_dd930e0986bc3ec7
xmodelmesh,#hash_5d93275e2820c779
xmodelmesh,#hash_5d946081d73fb9e5
xmodelmesh,#hash_5d94d2a66c249dbd
xmodelmesh,#hash_dd97eda8fde95224
xmodelmesh,#hash_dd98a6fee31cd002
xmodelmesh,#hash_5d98ee0b5aef569c
xmodelmesh,#hash_5d9b3d83d5b2d540
xmodelmesh,#hash_dd9c7c3e624178e4
xmodelmesh,#hash_5d9df8781a8fc55b
xmodelmesh,#hash_dda09d9ac557d43b
xmodelmesh,#hash_5da42c5846d78184
xmodelmesh,#hash_dda50407e9178d0f
xmodelmesh,#hash_5da5e2715bee8a23
xmodelmesh,#hash_5da600a9b0573228
xmodelmesh,#hash_5da6d190de7c4b60
xmodelmesh,#hash_5da7fcbf7d950819
xmodelmesh,#hash_5da9d3744469e18a
xmodelmesh,#hash_5daaac0e6dd91478
xmodelmesh,#hash_5dab3003cfb4461a
xmodelmesh,#hash_ddb0b52588b375d1
xmodelmesh,#hash_5db2a6c445cb1806
xmodelmesh,#hash_5db36ef67a1a0832
xmodelmesh,#hash_5db38085595172c2
xmodelmesh,#hash_ddb5e7dce6e527c0
xmodelmesh,#hash_5db6e9a5613c72c3
xmodelmesh,#hash_5dba6a7a202c9b7b
xmodelmesh,#hash_5dbf4f2fbed2f68a
xmodelmesh,#hash_5dc0bbe4a930d1ca
xmodelmesh,#hash_5dc10cb0bc06d344
xmodelmesh,#hash_5dc2055f5f3540db
xmodelmesh,#hash_ddc2ba0e0980512d
xmodelmesh,#hash_5dc3fd374bbec943
xmodelmesh,#hash_5dc7b153bf11f3c7
xmodelmesh,#hash_5dc8132ace04d363
xmodelmesh,#hash_5dc8d716c94ca47a
xmodelmesh,#hash_5dca15edba0d7f96
xmodelmesh,#hash_5dcaf8b0e0575f72
xmodelmesh,#hash_5dd102288d82f0c4
xmodelmesh,#hash_ddd1487b4575470b
xmodelmesh,#hash_5dd4ef06ae2909ec
xmodelmesh,#hash_5dd8cc7a930aa241
xmodelmesh,#hash_5ddb16d06ac90aad
xmodelmesh,#hash_5ddb397bae650c04
xmodelmesh,#hash_5ddb93b694541cce
xmodelmesh,#hash_5ddc1d52935806a8
xmodelmesh,#hash_5ddd28d052cb3fc3
xmodelmesh,#hash_5ddfc1d6d4383ebb
xmodelmesh,#hash_dde179bfc44c8a8f
xmodelmesh,#hash_5de25c8c0f7b35af
xmodelmesh,#hash_5de2a7779300340b
xmodelmesh,#hash_5de4f7a0098eba0e
xmodelmesh,#hash_dde6171e6a2054c2
xmodelmesh,#hash_5de62f3d78a40116
xmodelmesh,#hash_5de62f75a757e1f8
xmodelmesh,#hash_dde6f04a06a4a5b8
xmodelmesh,#hash_5de7b1cea101f8d6
xmodelmesh,#hash_5de86328438cd189
xmodelmesh,#hash_5deadb7f5b37397d
xmodelmesh,#hash_5deaf32704e6c6f1
xmodelmesh,#hash_ddec1cd990f6fb07
xmodelmesh,#hash_5ded53afbadb25cb
xmodelmesh,#hash_5dee4d763e7bf3c8
xmodelmesh,#hash_5dee86f783f58260
xmodelmesh,#hash_5deeb2abced43701
xmodelmesh,#hash_5df0caabb21ee1fe
xmodelmesh,#hash_5df26df196ae8838
xmodelmesh,#hash_5df285dcd0f8e249
xmodelmesh,#hash_5df61583341b1b94
xmodelmesh,#hash_5df7846f54c54f8c
xmodelmesh,#hash_5df7f0768a79f43b
xmodelmesh,#hash_5dfd6fe707e1cca8
xmodelmesh,#hash_5dfdae2d349cbf59
xmodelmesh,#hash_5dff42fcfa78162a
xmodelmesh,#hash_5e00256d44bc490c
xmodelmesh,#hash_5e07fda656562682
xmodelmesh,#hash_5e0892e7b07cd555
xmodelmesh,#hash_de0e72763e62d732
xmodelmesh,#hash_5e0ecae50d3d8434
xmodelmesh,#hash_5e0efb5b3e1cfb3a
xmodelmesh,#hash_5e0f9b564dfaf229
xmodelmesh,#hash_5e1380a5b351f462
xmodelmesh,#hash_5e14659d72a6777e
xmodelmesh,#hash_5e175d755209d0ad
xmodelmesh,#hash_5e1c78843b7fcb16
xmodelmesh,#hash_de1cdb340c52ca04
xmodelmesh,#hash_5e219acb0e88519e
xmodelmesh,#hash_de239cc46e91b9ca
xmodelmesh,#hash_5e23d755ae4028cc
xmodelmesh,#hash_de241b622fd4f485
xmodelmesh,#hash_5e245565a45f4386
xmodelmesh,#hash_de28adf19a57d098
xmodelmesh,#hash_5e2a6a0747f81796
xmodelmesh,#hash_de2af80f41170760
xmodelmesh,#hash_5e2bc2b5dca093c0
xmodelmesh,#hash_5e2bd666d6d0c6e5
xmodelmesh,#hash_5e2c46bbadd1ab97
xmodelmesh,#hash_5e2edcf1300b6d2c
xmodelmesh,#hash_5e2f70597dce0c48
xmodelmesh,#hash_5e308d87efb8ba3c
xmodelmesh,#hash_5e31a7a1ed36c81d
xmodelmesh,#hash_5e3394312db9c2d4
xmodelmesh,#hash_5e34375559b48446
xmodelmesh,#hash_5e3738b12a185a38
xmodelmesh,#hash_5e3b19aa48d27a02
xmodelmesh,#hash_5e3b834a547fb066
xmodelmesh,#hash_5e3c79226afa6bdc
xmodelmesh,#hash_5e3cab50e5d81e7d
xmodelmesh,#hash_5e404508fb14c822
xmodelmesh,#hash_5e433399f68948f1
xmodelmesh,#hash_5e486c14191fb75b
xmodelmesh,#hash_5e4fdb0f8c3950df
xmodelmesh,#hash_5e5138c247383f1b
xmodelmesh,#hash_de554678b5fdb8b4
xmodelmesh,#hash_5e55a569d288d6d7
xmodelmesh,#hash_5e563a644c59f5c3
xmodelmesh,#hash_5e593386f668b4a9
xmodelmesh,#hash_5e5cc4d762e21603
xmodelmesh,#hash_5e5df339192089df
xmodelmesh,#hash_5e5e278540ca1720
xmodelmesh,#hash_5e5f139030762645
xmodelmesh,#hash_5e626368750ac546
xmodelmesh,#hash_5e62b5c4fa5f8fcc
xmodelmesh,#hash_5e63aa898a6ba679
xmodelmesh,#hash_5e65884313fede72
xmodelmesh,#hash_5e66c3b29e9c6e69
xmodelmesh,#hash_de67638e4589967c
xmodelmesh,#hash_5e6889f650139799
xmodelmesh,#hash_5e68bb64fdbb7bc2
xmodelmesh,#hash_5e71008710c6b4be
xmodelmesh,#hash_5e7163236a65d866
xmodelmesh,#hash_5e76afb7a2e20148
xmodelmesh,#hash_5e7860aa7d450742
xmodelmesh,#hash_5e788e1848320178
xmodelmesh,#hash_5e78ca05e981c881
xmodelmesh,#hash_5e7a8c2b9cde2288
xmodelmesh,#hash_5e7aacc10ac7aa36
xmodelmesh,#hash_5e7b4f817b511cc3
xmodelmesh,#hash_5e7d9cba009514b0
xmodelmesh,#hash_5e7dd3b1da2661f6
xmodelmesh,#hash_de7f882178c17fd4
xmodelmesh,#hash_5e82e7fcff018c6a
xmodelmesh,#hash_de84c6e8e64c2d9e
xmodelmesh,#hash_5e86075229d98ee4
xmodelmesh,#hash_5e8905c349c7947d
xmodelmesh,#hash_de8b8dccd9e2f5b7
xmodelmesh,#hash_5e8dd55ee26f82cf
xmodelmesh,#hash_5e8e36368c7dbc9a
xmodelmesh,#hash_5e8f6a1bfc73f110
xmodelmesh,#hash_5e92dc38d9dde9f0
xmodelmesh,#hash_5e936e86099e9f75
xmodelmesh,#hash_5e9547e09c88eea5
xmodelmesh,#hash_de98fab10604d59d
xmodelmesh,#hash_de9a573fcf2415a3
xmodelmesh,#hash_5e9c78a9442294fc
xmodelmesh,#hash_5e9c8d6d1c78f9ec
xmodelmesh,#hash_de9d644c41dceb9c
xmodelmesh,#hash_de9f08bbbf82f1b3
xmodelmesh,#hash_5ea13bb5ece1d338
xmodelmesh,#hash_5ea34ac457bd76b1
xmodelmesh,#hash_5ea735d2517fac12
xmodelmesh,#hash_5eab1caed348086a
xmodelmesh,#hash_5ead3102cfd4c7b6
xmodelmesh,#hash_5ead6c4fdd11a8bd
xmodelmesh,#hash_deb08831612ba60c
xmodelmesh,#hash_5eb3c6db67bff4ab
xmodelmesh,#hash_5eb4fcf788d3e97b
xmodelmesh,#hash_5ebd6ddd39b21bb6
xmodelmesh,#hash_5ebd97736bd3b9bf
xmodelmesh,#hash_debec582ea464410
xmodelmesh,#hash_5ec3a64635892953
xmodelmesh,#hash_5ec5b5f589e47d49
xmodelmesh,#hash_5ec651da9de08cc5
xmodelmesh,#hash_dec8a1ef22fa1b7d
xmodelmesh,#hash_5ec9404c90956f74
xmodelmesh,#hash_5eca9f234f0d0505
xmodelmesh,#hash_5ecb994e9acf8d70
xmodelmesh,#hash_5ecce9a213a881df
xmodelmesh,#hash_5eccebc4506cc613
xmodelmesh,#hash_5ed4800695e62786
xmodelmesh,#hash_5ed5f6868defde6e
xmodelmesh,#hash_5ed74e67954f2775
xmodelmesh,#hash_5ed903f933d0298a
xmodelmesh,#hash_5ed95b58d9e4e2d3
xmodelmesh,#hash_5ed9be4913ff24b1
xmodelmesh,#hash_5edb9e2dad5554ce
xmodelmesh,#hash_5edd96e874ab3686
xmodelmesh,#hash_5ee07e44fe903413
xmodelmesh,#hash_5ee3f63d97ffb935
xmodelmesh,#hash_5ee699dae2b27b56
xmodelmesh,#hash_5ee75463e9e09ef8
xmodelmesh,#hash_5ee772eed5ece78a
xmodelmesh,#hash_dee82036583fbca2
xmodelmesh,#hash_5ee8e60f817f2576
xmodelmesh,#hash_5ee9073781745d9a
xmodelmesh,#hash_5eec7fe9412feac0
xmodelmesh,#hash_5ef050cb72f7d03b
xmodelmesh,#hash_5ef1e4d9d57f3e99
xmodelmesh,#hash_def431a07f2ff104
xmodelmesh,#hash_5ef8c933839ee74e
xmodelmesh,#hash_5efa0a9e3e3d6a72
xmodelmesh,#hash_5efa50fadeb33fea
xmodelmesh,#hash_5efec5ce4aa078c3
xmodelmesh,#hash_deffcb92217d06d5
xmodelmesh,#hash_df00e49a0bf06949
xmodelmesh,#hash_df030450e2081d45
xmodelmesh,#hash_5f06c981309bb665
xmodelmesh,#hash_5f0a9fff09267a2d
xmodelmesh,#hash_5f0cec347272cc35
xmodelmesh,#hash_5f10cf8a72682830
xmodelmesh,#hash_5f14ab21f19936b1
xmodelmesh,#hash_df15146087f0ddbe
xmodelmesh,#hash_5f162d3b40614178
xmodelmesh,#hash_5f1726db8a5794a9
xmodelmesh,#hash_5f1ec8b8181a7372
xmodelmesh,#hash_5f227d6f3c280294
xmodelmesh,#hash_5f24ad1d0c21cd4d
xmodelmesh,#hash_5f2684d42be89b3d
xmodelmesh,#hash_5f29bf9b6a8e135f
xmodelmesh,#hash_5f29de4c2ff4491e
xmodelmesh,#hash_5f2aaa2df9efaa4e
xmodelmesh,#hash_5f2acacb7dc01dcc
xmodelmesh,#hash_5f2def256d9c9a16
xmodelmesh,#hash_df2fb018b96114d9
xmodelmesh,#hash_5f2fe45afec4bc19
xmodelmesh,#hash_5f308451f4779951
xmodelmesh,#hash_5f31dc47a4f589d1
xmodelmesh,#hash_5f335c11288f8909
xmodelmesh,#hash_5f33b28da0217b5a
xmodelmesh,#hash_5f33f0188981d221
xmodelmesh,#hash_5f35562204811832
xmodelmesh,#hash_5f3a94de241fe018
xmodelmesh,#hash_5f3dace0ce44926f
xmodelmesh,#hash_5f3eff5345214df5
xmodelmesh,#hash_5f416ed94971f9f6
xmodelmesh,#hash_5f424ff3d8ffb246
xmodelmesh,#hash_5f43f063e3cd81db
xmodelmesh,#hash_5f450ee9d3655d61
xmodelmesh,#hash_5f45740e744acd5f
xmodelmesh,#hash_df47047d928ed7b1
xmodelmesh,#hash_5f4995118a3929e7
xmodelmesh,#hash_5f49b760e3061ff2
xmodelmesh,#hash_5f4a2c800fbb4929
xmodelmesh,#hash_5f4ab4af33e901a5
xmodelmesh,#hash_5f4b4f1bac235853
xmodelmesh,#hash_df4c2dad64bd26c7
xmodelmesh,#hash_df4ee930328f7f0c
xmodelmesh,#hash_5f50d6ab9cac74c9
xmodelmesh,#hash_5f512e4cde3aa2ed
xmodelmesh,#hash_5f5193ca2685afc5
xmodelmesh,#hash_5f523839693dd0e4
xmodelmesh,#hash_5f54b49994c351c2
xmodelmesh,#hash_5f55eabc9ced6ccb
xmodelmesh,#hash_5f5813c4896f78ab
xmodelmesh,#hash_df5a240d241f944e
xmodelmesh,#hash_5f5a7cf5d0393d29
xmodelmesh,#hash_5f5b816e5994f4d0
xmodelmesh,#hash_5f5cdd1eff9b2b37
xmodelmesh,#hash_5f5d7418443d0ead
xmodelmesh,#hash_5f5eb75c8e4f9ca6
xmodelmesh,#hash_5f5ef97754d692b6
xmodelmesh,#hash_5f613879bdf4369e
xmodelmesh,#hash_5f618e880569f7cf
xmodelmesh,#hash_5f62e00b47496655
xmodelmesh,#hash_5f645f7560f4457c
xmodelmesh,#hash_df654d8352a849b5
xmodelmesh,#hash_5f65cf652c968758
xmodelmesh,#hash_5f670e1ec3cde31c
xmodelmesh,#hash_5f67166c94b0f085
xmodelmesh,#hash_5f69bdae12425e46
xmodelmesh,#hash_5f6a1773e1f15c4b
xmodelmesh,#hash_5f6a9ca6992797cd
xmodelmesh,#hash_df6bccba37ad2a23
xmodelmesh,#hash_df6c614c68466a55
xmodelmesh,#hash_5f6d1a446be9d336
xmodelmesh,#hash_5f6e6c38b0820fea
xmodelmesh,#hash_5f6ec1672d50be97
xmodelmesh,#hash_5f70528da20b104a
xmodelmesh,#hash_5f71e4d16dfdeddd
xmodelmesh,#hash_5f724759f571b55f
xmodelmesh,#hash_5f73087bad798c74
xmodelmesh,#hash_df76967d2e74a4df
xmodelmesh,#hash_5f76b293ecb6c40f
xmodelmesh,#hash_5f7a662cb347b967
xmodelmesh,#hash_5f7badf98903dc6e
xmodelmesh,#hash_5f7d29484efba56b
xmodelmesh,#hash_5f8106ff0cf39cc6
xmodelmesh,#hash_5f829c47e23695c8
xmodelmesh,#hash_5f82d06997148ccf
xmodelmesh,#hash_5f8663be3614a3a8
xmodelmesh,#hash_5f86fa7ff5b1c235
xmodelmesh,#hash_5f8d516da72334ab
xmodelmesh,#hash_df8fb27da9e7557f
xmodelmesh,#hash_5f91917c5dd53eaa
xmodelmesh,#hash_5f940dc24de6ed0f
xmodelmesh,#hash_5f954b7da2f458fa
xmodelmesh,#hash_5f98756c9cd9cac4
xmodelmesh,#hash_5f992405534a3735
xmodelmesh,#hash_5f9b78350cb3bc66
xmodelmesh,#hash_5f9c1cd3bcc07a9f
xmodelmesh,#hash_5f9cdc08836622cb
xmodelmesh,#hash_5f9d70c429d71b10
xmodelmesh,#hash_5f9e33d5c16c3dfb
xmodelmesh,#hash_5f9eeabd08bf9af4
xmodelmesh,#hash_5fa5785ba40d74f6
xmodelmesh,#hash_5fa617c0a1dcffb3
xmodelmesh,#hash_5fa69865f60abaff
xmodelmesh,#hash_5fa8931818f8a406
xmodelmesh,#hash_5fab5cc70bc7be7e
xmodelmesh,#hash_dfab5ef30767e2e3
xmodelmesh,#hash_5facff3c0bd9e85a
xmodelmesh,#hash_5fae438b78f080fc
xmodelmesh,#hash_5faf7c82a3794dae
xmodelmesh,#hash_5fb66aefccc02e1e
xmodelmesh,#hash_5fb7235f8cd5bfb1
xmodelmesh,#hash_5fb7cd76abf334e6
xmodelmesh,#hash_dfb9f67abcc50c0d
xmodelmesh,#hash_5fbc5f3359a571d5
xmodelmesh,#hash_5fbe806959b2c1d9
xmodelmesh,#hash_5fc11203a5a8e2f3
xmodelmesh,#hash_5fc34f1ea158c127
xmodelmesh,#hash_5fc4abc85db27620
xmodelmesh,#hash_5fc73b338a3f4941
xmodelmesh,#hash_5fc74c6eb2649b00
xmodelmesh,#hash_5fc7a03b8b8c5d5d
xmodelmesh,#hash_5fc8592f505270d7
xmodelmesh,#hash_5fc8833f3a0202a3
xmodelmesh,#hash_5fc88bdd44ec3729
xmodelmesh,#hash_5fca576a7bf212f8
xmodelmesh,#hash_5fce2701b8b0ccab
xmodelmesh,#hash_5fcf9500c8a25226
xmodelmesh,#hash_5fd112d083649e5b
xmodelmesh,#hash_5fd262c237e9ad70
xmodelmesh,#hash_5fd326350a0a2f18
xmodelmesh,#hash_5fd35bce6cdb17a0
xmodelmesh,#hash_5fd39a74871f2563
xmodelmesh,#hash_5fd4d86797c86fe1
xmodelmesh,#hash_5fd593b6972796de
xmodelmesh,#hash_5fd68e1570bc04f7
xmodelmesh,#hash_dfd7930e8f60f280
xmodelmesh,#hash_5fd889457fcf29f3
xmodelmesh,#hash_5fda355a3636a7b6
xmodelmesh,#hash_5fdd928ef71de2ab
xmodelmesh,#hash_5fdfa94c6a7875bf
xmodelmesh,#hash_5fe0b39550f2111b
xmodelmesh,#hash_5fe274cbd4285086
xmodelmesh,#hash_5fe5f5d59a678d84
xmodelmesh,#hash_5fe76f3e717c2f1b
xmodelmesh,#hash_5fee096288f6a662
xmodelmesh,#hash_5fefabc71811e536
xmodelmesh,#hash_5ff18904a7d70e20
xmodelmesh,#hash_5ff1b1cfac05ced2
xmodelmesh,#hash_5ff37c0011bb6f82
xmodelmesh,#hash_5ff48a145b52160e
xmodelmesh,#hash_5ff7a14a1f8a4304
xmodelmesh,#hash_dff9865867123ce3
xmodelmesh,#hash_5ff9ef521134e613
xmodelmesh,#hash_5ffc158bf81ea95e
xmodelmesh,#hash_5fff830a809f7b68
xmodelmesh,#hash_e0019dc62eee60ea
xmodelmesh,#hash_6004d822e0810f21
xmodelmesh,#hash_6007c1651540b718
xmodelmesh,#hash_600ba1e355e0b722
xmodelmesh,#hash_600dc7777ed7010e
xmodelmesh,#hash_600f00b07f934f0f
xmodelmesh,#hash_600fcce11ab126b2
xmodelmesh,#hash_e012df1adb543bf9
xmodelmesh,#hash_60157b2a0b7da85f
xmodelmesh,#hash_6017544f590f9a0c
xmodelmesh,#hash_e0176e4291a0fe7f
xmodelmesh,#hash_e01a29c7f0b5b5f9
xmodelmesh,#hash_e01b235479dc72aa
xmodelmesh,#hash_601d85ae2ae04d76
xmodelmesh,#hash_e01ed89c245e9595
xmodelmesh,#hash_e02292323452ef88
xmodelmesh,#hash_60241222ce61228f
xmodelmesh,#hash_e0253585507f0de5
xmodelmesh,#hash_6025451e22f5c275
xmodelmesh,#hash_602758d06693ff7f
xmodelmesh,#hash_60286432c4a91864
xmodelmesh,#hash_6029b908db6fdcd4
xmodelmesh,#hash_6029cda2c19df5fa
xmodelmesh,#hash_60322395d5f74f5b
xmodelmesh,#hash_603272db92284b88
xmodelmesh,#hash_603585f3a0e9d73f
xmodelmesh,#hash_6037fbeed1ed3940
xmodelmesh,#hash_e03a8095a78cc134
xmodelmesh,#hash_603bdd2f8fe2f753
xmodelmesh,#hash_603d376c8e92d9fc
xmodelmesh,#hash_603d37b3a672d99a
xmodelmesh,#hash_603f7b2c0dfa0ffe
xmodelmesh,#hash_e0426c0c9f72a44e
xmodelmesh,#hash_60433dedac5e32e2
xmodelmesh,#hash_e0473beb63673591
xmodelmesh,#hash_e04772acaab54a5f
xmodelmesh,#hash_604807219f8af65c
xmodelmesh,#hash_e04bd9f668958ff0
xmodelmesh,#hash_604c767e071c9596
xmodelmesh,#hash_604c8b631fe47707
xmodelmesh,#hash_6050c6ef33fff462
xmodelmesh,#hash_60514d4fbadd1967
xmodelmesh,#hash_6053dccf0cc88424
xmodelmesh,#hash_e05767c0ec9696fc
xmodelmesh,#hash_6059a5db649412f4
xmodelmesh,#hash_6059aaa2cde96222
xmodelmesh,#hash_605b6eac6c755e67
xmodelmesh,#hash_605cc5d315dbc45d
xmodelmesh,#hash_605fc6022e13b0f7
xmodelmesh,#hash_6061e355ab2d54f1
xmodelmesh,#hash_60621ea13f61e32c
xmodelmesh,#hash_6066262d1995c3e2
xmodelmesh,#hash_606a143c9949f7a5
xmodelmesh,#hash_606b6de4aa15e81d
xmodelmesh,#hash_60711d680da212fc
xmodelmesh,#hash_607318e9675041b5
xmodelmesh,#hash_6073f705140a9d18
xmodelmesh,#hash_e073f7fca6246510
xmodelmesh,#hash_6074689c240f5095
xmodelmesh,#hash_6078299b136c18b5
xmodelmesh,#hash_607a2147f5e15d02
xmodelmesh,#hash_607af2a674c2774b
xmodelmesh,#hash_607c773825d5f958
xmodelmesh,#hash_607db3ff81f8de50
xmodelmesh,#hash_607fdc0133b5478d
xmodelmesh,#hash_608029b4c83eedfe
xmodelmesh,#hash_e0816f836e3ddc22
xmodelmesh,#hash_e084afc204a681d1
xmodelmesh,#hash_6084c1ed89355035
xmodelmesh,#hash_e08e067df80139fb
xmodelmesh,#hash_608f4b6a2fd28c43
xmodelmesh,#hash_e09084da6a2411b0
xmodelmesh,#hash_609531dbcfd3e6c7
xmodelmesh,#hash_e0957865fb309ca6
xmodelmesh,#hash_6096e144b7449f31
xmodelmesh,#hash_6097a8b726583a7c
xmodelmesh,#hash_e09d4b84c8e00500
xmodelmesh,#hash_609d9ad543745868
xmodelmesh,#hash_609dec0c07079c18
xmodelmesh,#hash_60a25a55b6208e72
xmodelmesh,#hash_60a4e2fe0984be0b
xmodelmesh,#hash_60a57de99bbeea72
xmodelmesh,#hash_60a9f76d51234c59
xmodelmesh,#hash_60ac5ae71e246a0d
xmodelmesh,#hash_60ac9d4232963bc5
xmodelmesh,#hash_e0ad48db61c464ff
xmodelmesh,#hash_60ae3a66d88de3b3
xmodelmesh,#hash_60aefb592f59fdb6
xmodelmesh,#hash_60b0ba3f016ce654
xmodelmesh,#hash_60b18a5f4dc608cf
xmodelmesh,#hash_60b252cfe851a6d7
xmodelmesh,#hash_60b55f91c338b63d
xmodelmesh,#hash_60b759693247e39d
xmodelmesh,#hash_60ba5bceeaad77aa
xmodelmesh,#hash_60bab9af8f0bd987
xmodelmesh,#hash_60bb0012d389f520
xmodelmesh,#hash_60bdd54191b4cacb
xmodelmesh,#hash_60c0d980932c7755
xmodelmesh,#hash_60c5b8e660f05bba
xmodelmesh,#hash_60c704e50929229e
xmodelmesh,#hash_60c7b14478a286d6
xmodelmesh,#hash_60c8e5a428eba889
xmodelmesh,#hash_60cc48fc3e4de84f
xmodelmesh,#hash_60ce7532eac76dad
xmodelmesh,#hash_60cf542d5f32d16c
xmodelmesh,#hash_60d017b08b22eaf9
xmodelmesh,#hash_60d0b80b95c5c7dd
xmodelmesh,#hash_60d1d1f6a1c749c5
xmodelmesh,#hash_e0d2359b82655045
xmodelmesh,#hash_60d2f5a1652a4405
xmodelmesh,#hash_60d4e5d84fe7553c
xmodelmesh,#hash_60d53da99b22d015
xmodelmesh,#hash_60d607aaf63cbccd
xmodelmesh,#hash_60d61ea9fd4f923c
xmodelmesh,#hash_60d79b6fc34c28ea
xmodelmesh,#hash_60d8fc390817d36e
xmodelmesh,#hash_60da550899855a9d
xmodelmesh,#hash_60dbadcaf0258e2f
xmodelmesh,#hash_60df135cf8b96772
xmodelmesh,#hash_60e2798cf699e1eb
xmodelmesh,#hash_60e685e3b038d015
xmodelmesh,#hash_60e704659a505bdb
xmodelmesh,#hash_60e8bd1e0f7b4ad8
xmodelmesh,#hash_60e8df577ab9b2d6
xmodelmesh,#hash_e0e8e2ab314a6cb0
xmodelmesh,#hash_60e92b2d9dd7a427
xmodelmesh,#hash_60e997fac4c7dfd3
xmodelmesh,#hash_60ea2e3b5c230b59
xmodelmesh,#hash_60eb9eebef980cce
xmodelmesh,#hash_60ed3aed95626a41
xmodelmesh,#hash_60ef54ff00529b6e
xmodelmesh,#hash_60ef7b893d7fd45f
xmodelmesh,#hash_60f30b5ef86e0687
xmodelmesh,#hash_60f4935c5e56abbc
xmodelmesh,#hash_60fb0dc33146446b
xmodelmesh,#hash_e0fd6a9bc8b84057
xmodelmesh,#hash_610147991ffffec9
xmodelmesh,#hash_61026f76b0d50a23
xmodelmesh,#hash_61027e31f0f4a991
xmodelmesh,#hash_6103464aa8a6cc0a
xmodelmesh,#hash_61053652522acafa
xmodelmesh,#hash_6105a1df962b9bf4
xmodelmesh,#hash_6105a743211e0725
xmodelmesh,#hash_6108d44ebad192f0
xmodelmesh,#hash_610adf56ab6ef9d2
xmodelmesh,#hash_610cee28a445b597
xmodelmesh,#hash_610d689d9b2a15d9
xmodelmesh,#hash_6110e83aa68e2c87
xmodelmesh,#hash_e1114d9493026c87
xmodelmesh,#hash_61121e00afeaea01
xmodelmesh,#hash_6112b6f5a8ea0880
xmodelmesh,#hash_61150da72e6a14c4
xmodelmesh,#hash_e115605fb25f8d2d
xmodelmesh,#hash_6116e479943a5a2b
xmodelmesh,#hash_e117969618ade487
xmodelmesh,#hash_61183c037fb9bdcd
xmodelmesh,#hash_e11b300c7e38e757
xmodelmesh,#hash_e11cce10ad5ca768
xmodelmesh,#hash_611d2f072b445c59
xmodelmesh,#hash_611e624b0aa8b200
xmodelmesh,#hash_611e8328fcfe65ab
xmodelmesh,#hash_6123834fa3b55108
xmodelmesh,#hash_6123bce735ec49a1
xmodelmesh,#hash_61258c02cfa977c5
xmodelmesh,#hash_612998fe5fb2154c
xmodelmesh,#hash_61363d467a6f9ca9
xmodelmesh,#hash_e1364355876f17a3
xmodelmesh,#hash_6136f6704d6f951c
xmodelmesh,#hash_613eda732aa892d0
xmodelmesh,#hash_e143658207db2143
xmodelmesh,#hash_e1458f15167f9782
xmodelmesh,#hash_e147e00f7354378a
xmodelmesh,#hash_6148061361d89f82
xmodelmesh,#hash_614876324364b0ca
xmodelmesh,#hash_6149572378954ac3
xmodelmesh,#hash_6149b6d9674e27c8
xmodelmesh,#hash_e149e87f7a94b4d5
xmodelmesh,#hash_614b9f2883811dda
xmodelmesh,#hash_6152d99bb03c00e7
xmodelmesh,#hash_6155d4c0299156fb
xmodelmesh,#hash_6155e6e47eaa41d9
xmodelmesh,#hash_61585f85c488f5f8
xmodelmesh,#hash_6158710b6a1430fe
xmodelmesh,#hash_6158762bbc88fe62
xmodelmesh,#hash_615a6e00373432ca
xmodelmesh,#hash_615c9b955b1967a2
xmodelmesh,#hash_615dcb84f9c3b803
xmodelmesh,#hash_615ffda4c31e2949
xmodelmesh,#hash_6163e4ef28b57110
xmodelmesh,#hash_616860c58778f7ab
xmodelmesh,#hash_6168a9055e41d099
xmodelmesh,#hash_616c24893fd0f48d
xmodelmesh,#hash_e16d3e4201ff0bf1
xmodelmesh,#hash_e16d8dea7a535221
xmodelmesh,#hash_61712a52b72b0a83
xmodelmesh,#hash_61714ba866cfca02
xmodelmesh,#hash_e1753b0a7997c338
xmodelmesh,#hash_6176498888674a5a
xmodelmesh,#hash_617bc71ff32c80dc
xmodelmesh,#hash_617d87d085b4101f
xmodelmesh,#hash_617de6cfa208d9c0
xmodelmesh,#hash_617f4a4acff7b977
xmodelmesh,#hash_6181805f7747e887
xmodelmesh,#hash_6186eeab810f0c62
xmodelmesh,#hash_6189fd9ae3dc5374
xmodelmesh,#hash_618a540a814bf051
xmodelmesh,#hash_618a743fcee3fc00
xmodelmesh,#hash_618ef5250f22bdc0
xmodelmesh,#hash_6190438b820db826
xmodelmesh,#hash_6191b068b5cd5f11
xmodelmesh,#hash_e192426f847eea0b
xmodelmesh,#hash_6192d0754e165a85
xmodelmesh,#hash_619497f411e520cd
xmodelmesh,#hash_619539c5437d15aa
xmodelmesh,#hash_6197aaed36eb1c83
xmodelmesh,#hash_61994835bc88ee0b
xmodelmesh,#hash_619a1f451cc28ebf
xmodelmesh,#hash_619d75345b2ddd4e
xmodelmesh,#hash_619d84467cdef79b
xmodelmesh,#hash_61a216065962531b
xmodelmesh,#hash_61a4be9a4d1b05d9
xmodelmesh,#hash_61a68b07e85f3067
xmodelmesh,#hash_61a7534f77c5e6b7
xmodelmesh,#hash_61a7c1de552ecbc5
xmodelmesh,#hash_61a93f16aa7b1f3f
xmodelmesh,#hash_61a9a504383d0090
xmodelmesh,#hash_61b049cd3091839a
xmodelmesh,#hash_61b26734f4eeaf0b
xmodelmesh,#hash_61b3111e58862516
xmodelmesh,#hash_61b49326957fff36
xmodelmesh,#hash_61b758e8a8ac940a
xmodelmesh,#hash_61b7648fc9675ba7
xmodelmesh,#hash_61b7c2589479daa4
xmodelmesh,#hash_61b8bd322862c850
xmodelmesh,#hash_61bc3fd675f37180
xmodelmesh,#hash_e1bedf79022a3235
xmodelmesh,#hash_e1bee703e9b3dff0
xmodelmesh,#hash_61c0571196d6d0d7
xmodelmesh,#hash_61c1142577df4a17
xmodelmesh,#hash_61c13daaa355aa3f
xmodelmesh,#hash_e1c2d398a455c91e
xmodelmesh,#hash_61c38444bd6e25f3
xmodelmesh,#hash_61c5e8604d0556dd
xmodelmesh,#hash_61c6a52cf7e17a9f
xmodelmesh,#hash_61c9bd5d94690e31
xmodelmesh,#hash_61d1e797ae97fb43
xmodelmesh,#hash_61d47b0a53eb8993
xmodelmesh,#hash_61d578a997155b65
xmodelmesh,#hash_61d9d9d9945d6a01
xmodelmesh,#hash_61dbad43da7720e2
xmodelmesh,#hash_61dca9e2961816b3
xmodelmesh,#hash_e1dcbe9de802df65
xmodelmesh,#hash_61de721e1c3451a8
xmodelmesh,#hash_61e1eabe3442d936
xmodelmesh,#hash_61e31bd133b9ca4f
xmodelmesh,#hash_e1e3c84636003f4a
xmodelmesh,#hash_61e5d2938c76423f
xmodelmesh,#hash_61e61eeb60b27cdc
xmodelmesh,#hash_61e652759dbdebb4
xmodelmesh,#hash_61e6e83ba436bbd4
xmodelmesh,#hash_61eb780b5a0c3727
xmodelmesh,#hash_61ef53403366d1a0
xmodelmesh,#hash_61f0e5f43d61fee6
xmodelmesh,#hash_61f7b3617726b31d
xmodelmesh,#hash_61fdc37b41fab54d
xmodelmesh,#hash_62043649f60d2aa2
xmodelmesh,#hash_62053f59741159c4
xmodelmesh,#hash_620640b751b8d362
xmodelmesh,#hash_6207a381b90c5b58
xmodelmesh,#hash_620c4ca6e0ce81a8
xmodelmesh,#hash_620dc534eaf08c9a
xmodelmesh,#hash_62146914c3d0422f
xmodelmesh,#hash_6214c3491e080cdc
xmodelmesh,#hash_62153dd58411135c
xmodelmesh,#hash_e215ddd5d9914e88
xmodelmesh,#hash_e2165fa16eb328dd
xmodelmesh,#hash_e2167a4176598211
xmodelmesh,#hash_62188457182d14f3
xmodelmesh,#hash_e21b44d80050c98f
xmodelmesh,#hash_e21c04ce3ded78d8
xmodelmesh,#hash_621d2229783be3a0
xmodelmesh,#hash_621d225eb2a59d55
xmodelmesh,#hash_e21f2b4c8c492dc9
xmodelmesh,#hash_622111cd7202fe68
xmodelmesh,#hash_e2215acd77ed28bf
xmodelmesh,#hash_62228e987ebf4210
xmodelmesh,#hash_6227363576e0c7d5
xmodelmesh,#hash_622c9721b82cb09b
xmodelmesh,#hash_622db1640e9476b6
xmodelmesh,#hash_e238b5bbf32fff17
xmodelmesh,#hash_623d3662accf7710
xmodelmesh,#hash_6244924108d9159b
xmodelmesh,#hash_6247066be064038e
xmodelmesh,#hash_624d18b8190435ee
xmodelmesh,#hash_624df8ee6dc16d5b
xmodelmesh,#hash_62547f137af52713
xmodelmesh,#hash_625507b108e81159
xmodelmesh,#hash_6256eadcd31be4c3
xmodelmesh,#hash_625707c2e6874acf
xmodelmesh,#hash_62575b4254f95631
xmodelmesh,#hash_625ad011762ecd97
xmodelmesh,#hash_625b3ec092cfabc4
xmodelmesh,#hash_625b878d42340ad5
xmodelmesh,#hash_625c78266f709377
xmodelmesh,#hash_6260973765847630
xmodelmesh,#hash_62657fd0ca5e9ff6
xmodelmesh,#hash_626987dfe939a2a6
xmodelmesh,#hash_626a6b19262bf803
xmodelmesh,#hash_626c7eeb37fb91f5
xmodelmesh,#hash_626c8d9c2077d408
xmodelmesh,#hash_626e86b465971263
xmodelmesh,#hash_6271ec683b53929b
xmodelmesh,#hash_6273f7cd171aef37
xmodelmesh,#hash_e276366a89df8a3e
xmodelmesh,#hash_62776ce819195344
xmodelmesh,#hash_6278fe6b20dad7bf
xmodelmesh,#hash_627acbb20897095e
xmodelmesh,#hash_627cc59aabfcfb51
xmodelmesh,#hash_e27d2ec3efebdf5c
xmodelmesh,#hash_627f9c8ef2522b58
xmodelmesh,#hash_6280700e71b177f1
xmodelmesh,#hash_62835051b2903916
xmodelmesh,#hash_e28374cba8f5ff22
xmodelmesh,#hash_e285334fbf0c41c7
xmodelmesh,#hash_e285429cfb0eef56
xmodelmesh,#hash_62869bcf483547c0
xmodelmesh,#hash_e28a31cc6030e2bd
xmodelmesh,#hash_628e44fbd4c1b4de
xmodelmesh,#hash_e2916343e01c8a19
xmodelmesh,#hash_6291ed463657262d
xmodelmesh,#hash_629296a5e178391c
xmodelmesh,#hash_e29513d3068fa80d
xmodelmesh,#hash_62997e7677228f87
xmodelmesh,#hash_629bdda39cbfc84c
xmodelmesh,#hash_629cfc3e10b469fc
xmodelmesh,#hash_e29d8edc23dcf323
xmodelmesh,#hash_629e1bac9f67a16e
xmodelmesh,#hash_e29ece66ab9d57af
xmodelmesh,#hash_629ed28a4c492fee
xmodelmesh,#hash_629f766f49e4c324
xmodelmesh,#hash_62a1e4208c0dfd2f
xmodelmesh,#hash_62a24e96b643f32c
xmodelmesh,#hash_e2a3c0ad9935f5a3
xmodelmesh,#hash_62a4a0777fae0139
xmodelmesh,#hash_62a60fceb6468713
xmodelmesh,#hash_e2a8f564f05e3286
xmodelmesh,#hash_62ab08a7c697e075
xmodelmesh,#hash_62ac2f2cd48c9cee
xmodelmesh,#hash_62b1defc1a13932a
xmodelmesh,#hash_62b32b8e7ee693dc
xmodelmesh,#hash_e2b41b236d58cf6a
xmodelmesh,#hash_62b811cf31d2b1bb
xmodelmesh,#hash_e2baaad1ea413035
xmodelmesh,#hash_62bd9347b372ba91
xmodelmesh,#hash_62c3297f3df93627
xmodelmesh,#hash_62c4d30b19dcf535
xmodelmesh,#hash_62c539acd161afe7
xmodelmesh,#hash_62ca4898fb4ffb41
xmodelmesh,#hash_62cd3d7d056f4efd
xmodelmesh,#hash_62cd87b6d4ad35a9
xmodelmesh,#hash_e2ce0c1f81e7e8d2
xmodelmesh,#hash_62d00b2450b66ae7
xmodelmesh,#hash_62d2556d8c06c33b
xmodelmesh,#hash_62d33374ae96bd92
xmodelmesh,#hash_62d4c4f60fec1477
xmodelmesh,#hash_62d58e5a5d419e33
xmodelmesh,#hash_62d5ba53f6e1b9e6
xmodelmesh,#hash_e2d65bd64cf6659c
xmodelmesh,#hash_e2d688c29eed9ce1
xmodelmesh,#hash_62d87f2d9f67e491
xmodelmesh,#hash_62ddf27bfb8c091b
xmodelmesh,#hash_62de1054d78a85dc
xmodelmesh,#hash_e2df50ea89d98e24
xmodelmesh,#hash_62e1960597cfb67c
xmodelmesh,#hash_62e396c0ed1e50a6
xmodelmesh,#hash_62e54a1fe2258408
xmodelmesh,#hash_62e5cb1601f824b3
xmodelmesh,#hash_e2eb6a5d50e8b6f1
xmodelmesh,#hash_62ec41cca9911512
xmodelmesh,#hash_e2ed5c9ec49bb2e6
xmodelmesh,#hash_62ee4247c6102bc6
xmodelmesh,#hash_62f06f66296d532d
xmodelmesh,#hash_62f0741fd09db957
xmodelmesh,#hash_62f58a5b74e32a16
xmodelmesh,#hash_e2f5b975449c979d
xmodelmesh,#hash_62f662dacff8e29e
xmodelmesh,#hash_62f69f7a645f89be
xmodelmesh,#hash_62fab896504ad62a
xmodelmesh,#hash_62fb439640334236
xmodelmesh,#hash_62fccf6f98cdbcad
xmodelmesh,#hash_62fe5a15d2527858
xmodelmesh,#hash_630016dfd8a54720
xmodelmesh,#hash_6301c4a9a36347ec
xmodelmesh,#hash_e303722cfe57589f
xmodelmesh,#hash_6303833cad24066c
xmodelmesh,#hash_63060752ee58587a
xmodelmesh,#hash_63061f3ebe3d8a71
xmodelmesh,#hash_630793a58c4738ea
xmodelmesh,#hash_630977f9bf5690c4
xmodelmesh,#hash_e309f6d6f163c18f
xmodelmesh,#hash_e30d704f0f16c56a
xmodelmesh,#hash_6310798cb4994773
xmodelmesh,#hash_6311504bee02961e
xmodelmesh,#hash_63136f301e20f1ce
xmodelmesh,#hash_631803a9575f3142
xmodelmesh,#hash_631804747a2210c9
xmodelmesh,#hash_63195f09b703b8a4
xmodelmesh,#hash_6319ee9d47f02b50
xmodelmesh,#hash_631bb819c4216f87
xmodelmesh,#hash_631fd22c0fac8dd1
xmodelmesh,#hash_6320e80c8bab5ba4
xmodelmesh,#hash_6321ac3ce4fa6bc8
xmodelmesh,#hash_63255acaf16f059e
xmodelmesh,#hash_632748b7dc0357d6
xmodelmesh,#hash_632bd194123695cb
xmodelmesh,#hash_6333f22d092af447
xmodelmesh,#hash_e335b96649f69f20
xmodelmesh,#hash_63362b6ea435727b
xmodelmesh,#hash_63373463584423c6
xmodelmesh,#hash_6338bb82b9ae9591
xmodelmesh,#hash_63398145c8fb343d
xmodelmesh,#hash_6339ae805847effc
xmodelmesh,#hash_633b231ab719b4a6
xmodelmesh,#hash_e33da66f8bd3438d
xmodelmesh,#hash_633ea29dee88b9aa
xmodelmesh,#hash_e346868282464fc1
xmodelmesh,#hash_6347af858f52d196
xmodelmesh,#hash_634a0ca0d0604ddc
xmodelmesh,#hash_e34aa6f60e0337fd
xmodelmesh,#hash_634e39086c43d737
xmodelmesh,#hash_634f03f21a7c52f7
xmodelmesh,#hash_6350b0a50e010198
xmodelmesh,#hash_6351072503e1084a
xmodelmesh,#hash_6351ade656f93c6f
xmodelmesh,#hash_63534aab2ec3d274
xmodelmesh,#hash_63536e54b0b06614
xmodelmesh,#hash_63550b0cfd4d6dcb
xmodelmesh,#hash_63563644cc62e3a5
xmodelmesh,#hash_635650e460c35cfb
xmodelmesh,#hash_6357bbc6c376b46f
xmodelmesh,#hash_6357e4c25ca238a5
xmodelmesh,#hash_635ca971b6f09f60
xmodelmesh,#hash_636114bcd16587c0
xmodelmesh,#hash_e362b45b83df2007
xmodelmesh,#hash_e366b69c110dfbbb
xmodelmesh,#hash_636869e4e72be504
xmodelmesh,#hash_6369149d9c0b1faa
xmodelmesh,#hash_636985c5b8080a58
xmodelmesh,#hash_6369e96024948f96
xmodelmesh,#hash_636d7178e1954374
xmodelmesh,#hash_63740dcf7fc1a994
xmodelmesh,#hash_637518e72cdd575f
xmodelmesh,#hash_e375ecbb95dc0766
xmodelmesh,#hash_e379297e0b49b52b
xmodelmesh,#hash_637d1857448fe193
xmodelmesh,#hash_637d199900a9fa64
xmodelmesh,#hash_e383977bcc6fc6d8
xmodelmesh,#hash_6385b59473ad0d76
xmodelmesh,#hash_e3875188e677a868
xmodelmesh,#hash_638b3f905f5bc5ea
xmodelmesh,#hash_638d3da249595562
xmodelmesh,#hash_638e54b69e7b1cb0
xmodelmesh,#hash_e38f8ba8ffb0dffe
xmodelmesh,#hash_639120ed05c6b1bf
xmodelmesh,#hash_6391e3785170a65b
xmodelmesh,#hash_e393848c3e33a036
xmodelmesh,#hash_e393f48a7eae2908
xmodelmesh,#hash_639423390d32ce14
xmodelmesh,#hash_63956d6a83c14f28
xmodelmesh,#hash_6395e30270bbd4b6
xmodelmesh,#hash_63960638ff998eea
xmodelmesh,#hash_63969239a13e9b08
xmodelmesh,#hash_6397391779d4f81d
xmodelmesh,#hash_6397d216ff9ee66b
xmodelmesh,#hash_6399b43b9302a7cd
xmodelmesh,#hash_639b1c6893757f56
xmodelmesh,#hash_639cdf0682f4f060
xmodelmesh,#hash_639e4a29b16485a0
xmodelmesh,#hash_63a19495243aa2e7
xmodelmesh,#hash_63a45c8bfa136dd9
xmodelmesh,#hash_63a55ef87df432d8
xmodelmesh,#hash_63a567ab1834a128
xmodelmesh,#hash_63a5bd43ce047198
xmodelmesh,#hash_63a702d796a5bc51
xmodelmesh,#hash_e3a85756edeb8499
xmodelmesh,#hash_63a89e7676ef5af2
xmodelmesh,#hash_63a97a3de6786596
xmodelmesh,#hash_63a981fa5fdf7a20
xmodelmesh,#hash_63aea4e33551ddc1
xmodelmesh,#hash_63af264c1851505c
xmodelmesh,#hash_e3b132cf00fcae45
xmodelmesh,#hash_63b891af9ae31b62
xmodelmesh,#hash_63ba787ec89fd559
xmodelmesh,#hash_e3c08f94ff71f6d1
xmodelmesh,#hash_63c238c4461f4758
xmodelmesh,#hash_63c2ecf3b3997878
xmodelmesh,#hash_63c41159306b0bdb
xmodelmesh,#hash_63c43f9ca6060552
xmodelmesh,#hash_63c7a08e91d595d0
xmodelmesh,#hash_63ccdc08461ff043
xmodelmesh,#hash_e3ce1513334ca5fb
xmodelmesh,#hash_63cf73dfed41ff9c
xmodelmesh,#hash_e3cf80438b78642f
xmodelmesh,#hash_63d1ce787adc55e3
xmodelmesh,#hash_63d21e1bd1886f3a
xmodelmesh,#hash_63d2fb6a4000aece
xmodelmesh,#hash_63d379e4ba64310a
xmodelmesh,#hash_63d439df27133f11
xmodelmesh,#hash_63d5369491eb609c
xmodelmesh,#hash_63d5db5fb13ae966
xmodelmesh,#hash_63d7da56ea3282cf
xmodelmesh,#hash_e3d984e940408100
xmodelmesh,#hash_63de66772c4d6276
xmodelmesh,#hash_63df722f4c8c6201
xmodelmesh,#hash_63df93fab0629287
xmodelmesh,#hash_63e3ed910e625da5
xmodelmesh,#hash_63e6d262b7945479
xmodelmesh,#hash_63e9aa0ab24ba42c
xmodelmesh,#hash_63ecea76681fdcab
xmodelmesh,#hash_63ef191362d0bb38
xmodelmesh,#hash_63f014b8630b697f
xmodelmesh,#hash_63f31b8603eb5bdd
xmodelmesh,#hash_63f37420860e6a28
xmodelmesh,#hash_63f3b7d6f51a908e
xmodelmesh,#hash_63f714ab00a6f8c9
xmodelmesh,#hash_63f8d39b4eca0306
xmodelmesh,#hash_63f96104690d9804
xmodelmesh,#hash_63fb5664574caf5e
xmodelmesh,#hash_640059a9d6ed4831
xmodelmesh,#hash_e4014828c3130ae3
xmodelmesh,#hash_640175bfd486edab
xmodelmesh,#hash_6402e71801d021bc
xmodelmesh,#hash_640f745ad52e45fa
xmodelmesh,#hash_640f7569cfbc18c3
xmodelmesh,#hash_641094ea8c5d7239
xmodelmesh,#hash_64120619d0c56425
xmodelmesh,#hash_64124fe6aefd6c6a
xmodelmesh,#hash_e41339cb60c4c565
xmodelmesh,#hash_6413cc3b7ebcfed8
xmodelmesh,#hash_6415016ea0a01127
xmodelmesh,#hash_6415c7bc2c138687
xmodelmesh,#hash_641664d3bc5c56a4
xmodelmesh,#hash_6419c8c8a30a0776
xmodelmesh,#hash_e41b55ab8874cc80
xmodelmesh,#hash_641c1182b5002207
xmodelmesh,#hash_641c7d67f2eb4cb0
xmodelmesh,#hash_e41f3d5529a16b81
xmodelmesh,#hash_641fa93f21dae1c3
xmodelmesh,#hash_e42b896766702493
xmodelmesh,#hash_642c1602aa97eb8d
xmodelmesh,#hash_642f89554c0a4eb1
xmodelmesh,#hash_642fca52c2ab988f
xmodelmesh,#hash_6431d294a36992ba
xmodelmesh,#hash_e431f5a5d322a528
xmodelmesh,#hash_e4345f1e75a3dc03
xmodelmesh,#hash_643575d2edfa6460
xmodelmesh,#hash_6436217024882564
xmodelmesh,#hash_e43b8444524bf3b0
xmodelmesh,#hash_643ed5695eea9ace
xmodelmesh,#hash_644130009cc3846d
xmodelmesh,#hash_64425673575b855d
xmodelmesh,#hash_6442be0aeb05266f
xmodelmesh,#hash_e442d4545c2db3bd
xmodelmesh,#hash_e44382b9c1eaa0c1
xmodelmesh,#hash_6447cacebd55f033
xmodelmesh,#hash_e44ad6bcbf56a23b
xmodelmesh,#hash_644c6a1905fbb6e8
xmodelmesh,#hash_644d9b2275ea7d19
xmodelmesh,#hash_6452491439d031fa
xmodelmesh,#hash_645350d7d65dd5f7
xmodelmesh,#hash_64536bd5219fc6f4
xmodelmesh,#hash_6456f381b7161c75
xmodelmesh,#hash_64586e8f9cb862ed
xmodelmesh,#hash_645a82637b79a78b
xmodelmesh,#hash_645af6770ccb8e51
xmodelmesh,#hash_645b44541366ccab
xmodelmesh,#hash_645daf09a9107fde
xmodelmesh,#hash_645e228faff47ad4
xmodelmesh,#hash_e45e432600161899
xmodelmesh,#hash_e45e4465345e9294
xmodelmesh,#hash_e45ef941c54ac373
xmodelmesh,#hash_645f7058f64fa569
xmodelmesh,#hash_64620bb761cc44e8
xmodelmesh,#hash_e46313a8608efe83
xmodelmesh,#hash_e465e016951d9846
xmodelmesh,#hash_6466d6ffc4d01350
xmodelmesh,#hash_646a32b0ed553b2d
xmodelmesh,#hash_646c6000d469e1af
xmodelmesh,#hash_e46ea4bcf6528caa
xmodelmesh,#hash_64700ae8323cf008
xmodelmesh,#hash_6473777f42802159
xmodelmesh,#hash_e4763f29280e8da1
xmodelmesh,#hash_647a02fbc4dec1e4
xmodelmesh,#hash_647afb5e36bb97fe
xmodelmesh,#hash_e47c7604f47310bb
xmodelmesh,#hash_647c77c100a36bca
xmodelmesh,#hash_e47eb30d8009f6fc
xmodelmesh,#hash_e47f797ac63e97d9
xmodelmesh,#hash_647f8d16c5722225
xmodelmesh,#hash_e48373170080fd8e
xmodelmesh,#hash_64842b7206d45d6a
xmodelmesh,#hash_648505e0b041d7a8
xmodelmesh,#hash_64878b3d309e99b9
xmodelmesh,#hash_e48aa9e8d4916c7e
xmodelmesh,#hash_648af468534313b2
xmodelmesh,#hash_648b232608512750
xmodelmesh,#hash_648d025d541bebb4
xmodelmesh,#hash_648ddf03f5c32c61
xmodelmesh,#hash_64901abdd80ca111
xmodelmesh,#hash_e491d79e86283752
xmodelmesh,#hash_649335e0180f4cc8
xmodelmesh,#hash_649347a0ba56a143
xmodelmesh,#hash_e493cef2eb484bd8
xmodelmesh,#hash_6498221e91152640
xmodelmesh,#hash_649a3d3ba30a28c8
xmodelmesh,#hash_649b8f36ffcfd511
xmodelmesh,#hash_e49d9a0d14e01e37
xmodelmesh,#hash_649ddd0df961b6a9
xmodelmesh,#hash_649df8d4b532014a
xmodelmesh,#hash_e49e267ae3168432
xmodelmesh,#hash_649e4e842e7575ae
xmodelmesh,#hash_64a0102006033df2
xmodelmesh,#hash_64a01b2de4b8f439
xmodelmesh,#hash_64a588046155d92c
xmodelmesh,#hash_64a5c05cb647fae9
xmodelmesh,#hash_64a7edbee9a0748f
xmodelmesh,#hash_64aa32904e81e855
xmodelmesh,#hash_64ae60e7d20283df
xmodelmesh,#hash_64aeb5a48bcb5ac6
xmodelmesh,#hash_e4af27e401bb6282
xmodelmesh,#hash_e4b00a7054ae72e5
xmodelmesh,#hash_e4b037daa8ffa471
xmodelmesh,#hash_64b3608c057775bf
xmodelmesh,#hash_64b4e1879021c3f9
xmodelmesh,#hash_64b70e95cbee723e
xmodelmesh,#hash_64c12faeb0acb9dd
xmodelmesh,#hash_64c32303b3f9b039
xmodelmesh,#hash_64c496fed92f90ab
xmodelmesh,#hash_64c8075d77bfce05
xmodelmesh,#hash_64ccbda9c552ef3e
xmodelmesh,#hash_64d0f7500442c905
xmodelmesh,#hash_64d4154bea3d7611
xmodelmesh,#hash_64d45d495ea6605b
xmodelmesh,#hash_64d7e0dda76a0d5a
xmodelmesh,#hash_e4d8b2c03d450d9b
xmodelmesh,#hash_64d8daaaab3e8480
xmodelmesh,#hash_64db9fbee38bb327
xmodelmesh,#hash_64dfd78d3b964bf4
xmodelmesh,#hash_e4e0bc36839ceb6b
xmodelmesh,#hash_64e2651e67d9781a
xmodelmesh,#hash_64e293c27845c502
xmodelmesh,#hash_64e4e76daeecbd6c
xmodelmesh,#hash_64e5ed7038e122da
xmodelmesh,#hash_64e74313d5e6bd76
xmodelmesh,#hash_64e771cf9ee623c3
xmodelmesh,#hash_64ea857ddc0db45b
xmodelmesh,#hash_64eabc892599d1a6
xmodelmesh,#hash_e4eb3fe0b8217aed
xmodelmesh,#hash_e4ec4c9af91cc6e4
xmodelmesh,#hash_64ee9ed4fe21fe35
xmodelmesh,#hash_64efb32c4285e291
xmodelmesh,#hash_64f0fc058db75c94
xmodelmesh,#hash_64f2fb3157cccc2c
xmodelmesh,#hash_64f4f13c020efaf0
xmodelmesh,#hash_64f5427598eb05d9
xmodelmesh,#hash_64f5c3ef4edfa9b0
xmodelmesh,#hash_64f7ca051b3c7d4b
xmodelmesh,#hash_64f881b4927118f5
xmodelmesh,#hash_64f905bb1b95b976
xmodelmesh,#hash_64f942b2686d185f
xmodelmesh,#hash_64fe4e0ff6e14ac1
xmodelmesh,#hash_e50217d7a2c77184
xmodelmesh,#hash_e5021df8849f8c18
xmodelmesh,#hash_65034ee8e2342148
xmodelmesh,#hash_650375dc040806cd
xmodelmesh,#hash_650570ad22d60d5a
xmodelmesh,#hash_e50890401693a4c1
xmodelmesh,#hash_6509ad49181e607a
xmodelmesh,#hash_e509b8a9657826a3
xmodelmesh,#hash_650b1a40dce3cfe4
xmodelmesh,#hash_650bb566d4c5f4d8
xmodelmesh,#hash_650c0c4c89e42678
xmodelmesh,#hash_650fe75ea53e4d00
xmodelmesh,#hash_e510f64aa9cf3aea
xmodelmesh,#hash_651199e3db40c03b
xmodelmesh,#hash_651d6b7e85c3cb71
xmodelmesh,#hash_e51ea2771a1a0f67
xmodelmesh,#hash_65208f380a93bce0
xmodelmesh,#hash_652100c4b2c84979
xmodelmesh,#hash_65251f46bc366cfe
xmodelmesh,#hash_652583e4400d0f33
xmodelmesh,#hash_65275e50428d9ee2
xmodelmesh,#hash_65286511bf4e0d92
xmodelmesh,#hash_652acf7d79d7dd6f
xmodelmesh,#hash_e52af1424393892f
xmodelmesh,#hash_652b98a9aa0f7767
xmodelmesh,#hash_652bc35c92355942
xmodelmesh,#hash_652c67f406ad05bc
xmodelmesh,#hash_652d2ebeb9ef34c6
xmodelmesh,#hash_652d364857af9005
xmodelmesh,#hash_652d5dfb5c58ba18
xmodelmesh,#hash_e5315e4645cecaaa
xmodelmesh,#hash_653368dceb959301
xmodelmesh,#hash_6535b4dc1c736125
xmodelmesh,#hash_e53a7149a7588a12
xmodelmesh,#hash_653ce44a05288fe5
xmodelmesh,#hash_654047e2a848e189
xmodelmesh,#hash_e54696fb1b32d655
xmodelmesh,#hash_65476f7bb1a90174
xmodelmesh,#hash_65495e040c4ad31f
xmodelmesh,#hash_654a1630bc41c161
xmodelmesh,#hash_654d5dbd5ea2950d
xmodelmesh,#hash_654e04e7618c8b6c
xmodelmesh,#hash_65538be3500bdaeb
xmodelmesh,#hash_65547752d7721f0a
xmodelmesh,#hash_e55630d1df668e07
xmodelmesh,#hash_e5593f0ebb881c71
xmodelmesh,#hash_65596a398d927d7c
xmodelmesh,#hash_655a0e92c781a6f1
xmodelmesh,#hash_655a2bccf1bae561
xmodelmesh,#hash_e55b064eb62dcbf0
xmodelmesh,#hash_655c426e8d8d2ef2
xmodelmesh,#hash_655c91d82ec39de3
xmodelmesh,#hash_655f5010b240a031
xmodelmesh,#hash_e55fcf5ee15231c2
xmodelmesh,#hash_655fcf80e8596a7b
xmodelmesh,#hash_6560eb4d3c7a0912
xmodelmesh,#hash_e5614b5305faf139
xmodelmesh,#hash_656206801ff54763
xmodelmesh,#hash_65622b1599e62c4a
xmodelmesh,#hash_6562ad20cbb66a6e
xmodelmesh,#hash_e56763f1fe987789
xmodelmesh,#hash_656a7ecf710efa17
xmodelmesh,#hash_656bf2cf0004ca8c
xmodelmesh,#hash_656c2e06b3670fbe
xmodelmesh,#hash_656d4c47abdfd8da
xmodelmesh,#hash_656df9eb131263e7
xmodelmesh,#hash_65715fe48667fbaf
xmodelmesh,#hash_65721ab350a3c6e8
xmodelmesh,#hash_6573b562a51c803b
xmodelmesh,#hash_65740fc3b3e81f82
xmodelmesh,#hash_657553cb6a828943
xmodelmesh,#hash_65755a661d138f3f
xmodelmesh,#hash_65762b8d5331f807
xmodelmesh,#hash_65764106c844c1f7
xmodelmesh,#hash_65766bf9836162a6
xmodelmesh,#hash_6578500e8187321c
xmodelmesh,#hash_6579948a230c9622
xmodelmesh,#hash_657b9bfabd544f9d
xmodelmesh,#hash_657fe2bb24a8893f
xmodelmesh,#hash_65822f955c7d23f6
xmodelmesh,#hash_65843f6fb9952a28
xmodelmesh,#hash_65845c5d5cfb7276
xmodelmesh,#hash_658629e3c2e75b59
xmodelmesh,#hash_658681beff08b9e6
xmodelmesh,#hash_6587c764f87564dd
xmodelmesh,#hash_6589b9c1167aed7a
xmodelmesh,#hash_658ae695d65d64e8
xmodelmesh,#hash_658c7594e1e6babe
xmodelmesh,#hash_e58c76d8bbc16e47
xmodelmesh,#hash_658e1fd5b5d967aa
xmodelmesh,#hash_65973e9b18a96e72
xmodelmesh,#hash_6597aa65ab2b94a8
xmodelmesh,#hash_659993a4d24b5cb5
xmodelmesh,#hash_659a23676bc29c10
xmodelmesh,#hash_659aebeec0082e6c
xmodelmesh,#hash_659bd2d1ad66e1d0
xmodelmesh,#hash_659f1d988d8079c7
xmodelmesh,#hash_e59fc40b329e0079
xmodelmesh,#hash_65a012c55b0fec52
xmodelmesh,#hash_65a4b6e22920d310
xmodelmesh,#hash_65a67daee7f0c077
xmodelmesh,#hash_65aa348eaf827cdc
xmodelmesh,#hash_65aa66ce8e3f3c8f
xmodelmesh,#hash_65aaa8bd0f512eeb
xmodelmesh,#hash_65ab2d0d2f7246b7
xmodelmesh,#hash_65ac990f31a8d3eb
xmodelmesh,#hash_65ae1c3c3f1697ac
xmodelmesh,#hash_65afc320a0e77631
xmodelmesh,#hash_65afc57391e3497f
xmodelmesh,#hash_65afeade331d5182
xmodelmesh,#hash_65b003418c537db9
xmodelmesh,#hash_e5b07fbc53f6fa1f
xmodelmesh,#hash_65b087eb0987fb07
xmodelmesh,#hash_65b4b4bcc7bb895f
xmodelmesh,#hash_e5b4d5dc3f888b56
xmodelmesh,#hash_65b5aacf756441fc
xmodelmesh,#hash_e5b79a06aaf67745
xmodelmesh,#hash_65b96a1abb36abaa
xmodelmesh,#hash_65bc03f95a5ff14a
xmodelmesh,#hash_65bf1c14986355c3
xmodelmesh,#hash_65bf67421f259a24
xmodelmesh,#hash_65c0632e73a7ab5a
xmodelmesh,#hash_65c33095198fe343
xmodelmesh,#hash_e5c3fde1a7fe6606
xmodelmesh,#hash_65c63733c1d49c29
xmodelmesh,#hash_65c7d37dfe9557e3
xmodelmesh,#hash_e5c80cc3de1d98ac
xmodelmesh,#hash_65c80fcf98d2e873
xmodelmesh,#hash_65c874b86c8443b7
xmodelmesh,#hash_65cab6857c172d92
xmodelmesh,#hash_65cb343c4c478843
xmodelmesh,#hash_65cce05b68b0a5a0
xmodelmesh,#hash_65ce13d87db7bfb2
xmodelmesh,#hash_65ce88b0f3c4935d
xmodelmesh,#hash_65d028b1490c1cbc
xmodelmesh,#hash_65d2ee8ff55fbf84
xmodelmesh,#hash_65d4278ace554aa3
xmodelmesh,#hash_65d57aec469a2a5b
xmodelmesh,#hash_65d5cacff38410fe
xmodelmesh,#hash_65d7208a6725ba9f
xmodelmesh,#hash_65d77ccd3a0fe8f6
xmodelmesh,#hash_65d822b073084a93
xmodelmesh,#hash_65d824d4e8e77c30
xmodelmesh,#hash_e5d9f8f3d3766e97
xmodelmesh,#hash_65d9fd792b477169
xmodelmesh,#hash_65dbd9dbec116e7c
xmodelmesh,#hash_e5e29f4fc746f372
xmodelmesh,#hash_65e422de90e0496f
xmodelmesh,#hash_65e4e4504a9f79c1
xmodelmesh,#hash_65e8734d8c0b3e7d
xmodelmesh,#hash_65e955dd3505db6c
xmodelmesh,#hash_65e9993ea23616bb
xmodelmesh,#hash_65ec9ff82b69396b
xmodelmesh,#hash_65f0c2f7d39a7c6b
xmodelmesh,#hash_65f1fdb547f190d5
xmodelmesh,#hash_65f43223ae948fa4
xmodelmesh,#hash_65f5d470cb65834e
xmodelmesh,#hash_65f9f44150f4c11d
xmodelmesh,#hash_65fb1a1e979af9cc
xmodelmesh,#hash_6609a9afbb0aff83
xmodelmesh,#hash_e60a46321e1cf8a3
xmodelmesh,#hash_e60bf5abd7c53a2c
xmodelmesh,#hash_e60c740481d6e606
xmodelmesh,#hash_660cc2268a1f48a4
xmodelmesh,#hash_660f77441da82962
xmodelmesh,#hash_660f87e95e031819
xmodelmesh,#hash_e6155577a210cb84
xmodelmesh,#hash_66158b85f8f114c4
xmodelmesh,#hash_6616d59afe85a59d
xmodelmesh,#hash_66187a367d7d725f
xmodelmesh,#hash_e6190dd17a8112b6
xmodelmesh,#hash_e6197e987febeac7
xmodelmesh,#hash_661caef85f7f8111
xmodelmesh,#hash_e61fe0342fd6ab6b
xmodelmesh,#hash_66216ad52ced878a
xmodelmesh,#hash_66226d36f86228ac
xmodelmesh,#hash_66277706852b2c71
xmodelmesh,#hash_662b807a26d2f93d
xmodelmesh,#hash_662bfcd7e9b090ea
xmodelmesh,#hash_662c887cd41b7439
xmodelmesh,#hash_662ca0c1e1f3b7d9
xmodelmesh,#hash_66317ae06b11b2ec
xmodelmesh,#hash_66380403dc35eda8
xmodelmesh,#hash_663933293c5a1916
xmodelmesh,#hash_663b4277d4c8e323
xmodelmesh,#hash_663b449b6bab5a2e
xmodelmesh,#hash_663dc353fd49e88c
xmodelmesh,#hash_663dd8997761a874
xmodelmesh,#hash_66408415d97b19e2
xmodelmesh,#hash_6644ba38e0badb72
xmodelmesh,#hash_e6474e256e484bd2
xmodelmesh,#hash_e64eb8064b4d2c2e
xmodelmesh,#hash_6650df4183b35fdd
xmodelmesh,#hash_6654e42ea4b5c381
xmodelmesh,#hash_6658a2ba5a111717
xmodelmesh,#hash_665d3d67d9d7d552
xmodelmesh,#hash_e65d961cf998efc7
xmodelmesh,#hash_665e3d723dfe80f5
xmodelmesh,#hash_e661d36f3e581b9e
xmodelmesh,#hash_6661fee83d912a70
xmodelmesh,#hash_66651db71642f278
xmodelmesh,#hash_666609572a20f1cd
xmodelmesh,#hash_e6668d6bab9d8607
xmodelmesh,#hash_66668ebab2115397
xmodelmesh,#hash_6666af29258505e0
xmodelmesh,#hash_66682159306505c3
xmodelmesh,#hash_6669c8fa8d85fafe
xmodelmesh,#hash_666ac675618975ad
xmodelmesh,#hash_666b8f8da11dffdf
xmodelmesh,#hash_e66cf50b8f266f92
xmodelmesh,#hash_e66dd352ca2a6591
xmodelmesh,#hash_6672bb1119cc5426
xmodelmesh,#hash_6672beda8596f7bf
xmodelmesh,#hash_66736fd341088988
xmodelmesh,#hash_e67373cdbca7f2f2
xmodelmesh,#hash_6673c71f4714a58c
xmodelmesh,#hash_6674e5def4a75071
xmodelmesh,#hash_6679fd47c488cdfb
xmodelmesh,#hash_667cd5ccc78d7718
xmodelmesh,#hash_667e0e7ecd69ef3d
xmodelmesh,#hash_667f0321c04f0cde
xmodelmesh,#hash_668095ab1594ae3d
xmodelmesh,#hash_6683cef8cebc76de
xmodelmesh,#hash_668657241a554754
xmodelmesh,#hash_6688b30691041c1b
xmodelmesh,#hash_66890e11b76a45a0
xmodelmesh,#hash_668a5e52262b7849
xmodelmesh,#hash_e68e64215fe02764
xmodelmesh,#hash_668fe1ad42369673
xmodelmesh,#hash_6690e00537d42993
xmodelmesh,#hash_e6918a6f1e5846d1
xmodelmesh,#hash_6694686000e76a72
xmodelmesh,#hash_6695beb729bb5ea1
xmodelmesh,#hash_669efab685c73af6
xmodelmesh,#hash_66a0c5cfa7c27b04
xmodelmesh,#hash_66a15091c7ff593b
xmodelmesh,#hash_66a1e0cb5bd83274
xmodelmesh,#hash_66a7533177824fcd
xmodelmesh,#hash_66a7991638e13ed3
xmodelmesh,#hash_66a849d7a0bc697e
xmodelmesh,#hash_e6a8506a96c7da7e
xmodelmesh,#hash_e6ac3381a6232e63
xmodelmesh,#hash_66ad7a11f2ea6c52
xmodelmesh,#hash_66ae89e445af5088
xmodelmesh,#hash_66b120848a77df18
xmodelmesh,#hash_66b260c8fd3820f5
xmodelmesh,#hash_66b379ef73f7d79f
xmodelmesh,#hash_66b6e6b6cb218f95
xmodelmesh,#hash_66b78b6b9b9f9e80
xmodelmesh,#hash_66b7f0863f65fcd4
xmodelmesh,#hash_66b99ac3adaf53a1
xmodelmesh,#hash_66ba5eaaea96abf0
xmodelmesh,#hash_66bef06ff2504dbd
xmodelmesh,#hash_66c01495b31787cd
xmodelmesh,#hash_e6c06d19ffd938a0
xmodelmesh,#hash_e6c12242323e0530
xmodelmesh,#hash_66c1d34334b7fd3f
xmodelmesh,#hash_66c265580d6da77b
xmodelmesh,#hash_66c43f31e493b573
xmodelmesh,#hash_66c75b91fa3887ab
xmodelmesh,#hash_66c7e74e2cf944fa
xmodelmesh,#hash_66cdfcf4a637df95
xmodelmesh,#hash_66cf7d8f34845600
xmodelmesh,#hash_e6d29216ec652e7e
xmodelmesh,#hash_66d468727e22ae7a
xmodelmesh,#hash_66d4c8f995ff259d
xmodelmesh,#hash_66d8ea261298d1b7
xmodelmesh,#hash_66d959ba6d96df2a
xmodelmesh,#hash_66d9a16679a777c1
xmodelmesh,#hash_66da0235c96b3663
xmodelmesh,#hash_e6dd79452714abc0
xmodelmesh,#hash_66de2c1e765a5251
xmodelmesh,#hash_66de6e7ae49fafbf
xmodelmesh,#hash_66de717c5be76aa4
xmodelmesh,#hash_e6ded04f3550d60e
xmodelmesh,#hash_e6e4a16e15549998
xmodelmesh,#hash_66e4eb10b80fc013
xmodelmesh,#hash_e6e4fd05c0bf9f82
xmodelmesh,#hash_66e62a8e67b9cd63
xmodelmesh,#hash_66e708022eebbecd
xmodelmesh,#hash_66e7bad095a5e5dd
xmodelmesh,#hash_66ec7e7a068c3f69
xmodelmesh,#hash_66eed8967ce80236
xmodelmesh,#hash_66ef6510ee07fd71
xmodelmesh,#hash_66f21103d96ab04f
xmodelmesh,#hash_66f397c83b7fce77
xmodelmesh,#hash_e6f407b8c682f660
xmodelmesh,#hash_e6f4e9af10cd896d
xmodelmesh,#hash_66f7f3cab74a6034
xmodelmesh,#hash_66f8b23fa4f8af17
xmodelmesh,#hash_670092fe715eb3e0
xmodelmesh,#hash_670154a17c64a178
xmodelmesh,#hash_6701e14871459d06
xmodelmesh,#hash_670314259dc0c323
xmodelmesh,#hash_670605ab87049856
xmodelmesh,#hash_e7081dfd7870d1ba
xmodelmesh,#hash_670920f0f4f5e8ba
xmodelmesh,#hash_e70e4b20e3d600c6
xmodelmesh,#hash_670f8b82225bea18
xmodelmesh,#hash_6719f2f4edd6efc4
xmodelmesh,#hash_e71d031b189ae04e
xmodelmesh,#hash_e71dcc81c3f13209
xmodelmesh,#hash_671e8933268192b7
xmodelmesh,#hash_671ef60b7df9f558
xmodelmesh,#hash_671f6770e2132591
xmodelmesh,#hash_e723b1142ed5e81f
xmodelmesh,#hash_e724f5cab04bbe4a
xmodelmesh,#hash_672525627e36bd1d
xmodelmesh,#hash_672541854f5b81a9
xmodelmesh,#hash_e727d46ae88ed171
xmodelmesh,#hash_6728617b7df10ec2
xmodelmesh,#hash_672a981f6d5d4c42
xmodelmesh,#hash_672d192802797113
xmodelmesh,#hash_672eb4e84a0d76f4
xmodelmesh,#hash_67340ad3eb94addc
xmodelmesh,#hash_6734d97317251d46
xmodelmesh,#hash_6735bc286976f31d
xmodelmesh,#hash_673653425220bfe9
xmodelmesh,#hash_6736f9184d6dec4a
xmodelmesh,#hash_673a43994d9027b3
xmodelmesh,#hash_673fc833e0cb8790
xmodelmesh,#hash_673fd026d9429186
xmodelmesh,#hash_674070a01f853428
xmodelmesh,#hash_6741534b61d9c3fc
xmodelmesh,#hash_6743c1e4d7fb513c
xmodelmesh,#hash_6743d3af5b4970d9
xmodelmesh,#hash_e748bfe5195c0b3e
xmodelmesh,#hash_674c195413e7bd6f
xmodelmesh,#hash_674cbd1adca4e6d6
xmodelmesh,#hash_674da4e3c27116e6
xmodelmesh,#hash_674f23e64d64d94b
xmodelmesh,#hash_6750dda02a9877e1
xmodelmesh,#hash_6750fd29d5e40865
xmodelmesh,#hash_675295341be09308
xmodelmesh,#hash_67570d65a9e53ec3
xmodelmesh,#hash_67574981d1bea273
xmodelmesh,#hash_67579fcf48fa3436
xmodelmesh,#hash_6757bc73f7abc5ec
xmodelmesh,#hash_6758622e42aec4f7
xmodelmesh,#hash_6759224d4f4d0ab7
xmodelmesh,#hash_675a0931860e6eb8
xmodelmesh,#hash_675a14b6375be7d9
xmodelmesh,#hash_676283975fe58223
xmodelmesh,#hash_6763415375706c4c
xmodelmesh,#hash_67635f89eabfffff
xmodelmesh,#hash_676363b7d25f278f
xmodelmesh,#hash_676489f953be9869
xmodelmesh,#hash_e766d110376b70fd
xmodelmesh,#hash_676847fba9d8f800
xmodelmesh,#hash_67684f468d031321
xmodelmesh,#hash_6768939e9b4ef0ac
xmodelmesh,#hash_6768a3cebcc41acb
xmodelmesh,#hash_e768a4962f4d8992
xmodelmesh,#hash_676f5f801c502edf
xmodelmesh,#hash_67701d9b85f9157b
xmodelmesh,#hash_67717c1646e1ab51
xmodelmesh,#hash_6771c11931cb5e20
xmodelmesh,#hash_6771f18ef2bcab72
xmodelmesh,#hash_6773c19a63b0e6cd
xmodelmesh,#hash_6776492305dc48a4
xmodelmesh,#hash_6776bbff64357c02
xmodelmesh,#hash_6777f4459f19f796
xmodelmesh,#hash_67835b90e70e95a3
xmodelmesh,#hash_e7841d0e6e129bdc
xmodelmesh,#hash_6784c5ec1e0a199b
xmodelmesh,#hash_678554251d7736fb
xmodelmesh,#hash_e7889b9f29a47ec7
xmodelmesh,#hash_e78d09fcd6b06d47
xmodelmesh,#hash_678dbcaae0534b5b
xmodelmesh,#hash_6791eea9b1d99c7d
xmodelmesh,#hash_6795f43eaacf8664
xmodelmesh,#hash_679b6cf5ca7d3fac
xmodelmesh,#hash_679b7b3d13907654
xmodelmesh,#hash_67a0cc5e07801634
xmodelmesh,#hash_67a3170ca7673805
xmodelmesh,#hash_67a477f2895eab82
xmodelmesh,#hash_67a75fa2edf6fbc9
xmodelmesh,#hash_e7ace1406d8c4b55
xmodelmesh,#hash_e7ad3e78513f2ef1
xmodelmesh,#hash_67ae4c4e7720506c
xmodelmesh,#hash_67af70773af27b9a
xmodelmesh,#hash_67b01e7476019a50
xmodelmesh,#hash_e7b047028830c708
xmodelmesh,#hash_67b1028c906d5ade
xmodelmesh,#hash_e7b2bec0c18e96ed
xmodelmesh,#hash_67b3f9de15f65453
xmodelmesh,#hash_67b4a72ba32a10f5
xmodelmesh,#hash_67b5240e3dd2940c
xmodelmesh,#hash_67b686911fcc4e8e
xmodelmesh,#hash_67b6d554f1a372ef
xmodelmesh,#hash_67b7acb98aa235af
xmodelmesh,#hash_67b9676d9a9ec73f
xmodelmesh,#hash_67bbec3c9a019fa9
xmodelmesh,#hash_67bd9f937eaf60ed
xmodelmesh,#hash_67bedadcc5ecb2ae
xmodelmesh,#hash_67c392ae59b9d8f7
xmodelmesh,#hash_67c50e895d9aefc0
xmodelmesh,#hash_67c68a3cd797044d
xmodelmesh,#hash_67c73e9724d81215
xmodelmesh,#hash_67c8e0791174d77e
xmodelmesh,#hash_67ca485d318cfc57
xmodelmesh,#hash_67cac7f33c8d517f
xmodelmesh,#hash_67cafbf742a7e94e
xmodelmesh,#hash_67cb0860327ffb76
xmodelmesh,#hash_67cb80076a7ad911
xmodelmesh,#hash_67cea5468fe34a69
xmodelmesh,#hash_67d074cc42bff9e4
xmodelmesh,#hash_e7d13f2b6fc4e896
xmodelmesh,#hash_67d3539bc0fb147d
xmodelmesh,#hash_67daca741cb980f4
xmodelmesh,#hash_67e05f13fad48813
xmodelmesh,#hash_67e20f4ce4e4e4b9
xmodelmesh,#hash_67e33b564875647e
xmodelmesh,#hash_67e512ced5d4c210
xmodelmesh,#hash_67e5624f51414e7c
xmodelmesh,#hash_67e64e5f2f1e727e
xmodelmesh,#hash_67e6d7bb73858642
xmodelmesh,#hash_67e6eb6e766bc4cd
xmodelmesh,#hash_67e98f16bc80a31b
xmodelmesh,#hash_67eaa0d5a41686ef
xmodelmesh,#hash_67ead3f4f7cba249
xmodelmesh,#hash_67ebf67dea6feee7
xmodelmesh,#hash_67ee748eefec8ea4
xmodelmesh,#hash_67f06a0b102bc804
xmodelmesh,#hash_67f1280e7a72dc28
xmodelmesh,#hash_67f172b278e516e8
xmodelmesh,#hash_67f18c9690bfab5e
xmodelmesh,#hash_67f31f7119b142f8
xmodelmesh,#hash_67f3c0cda552c002
xmodelmesh,#hash_67f3f1508a795459
xmodelmesh,#hash_67f47e937068d432
xmodelmesh,#hash_e7f4db512acc5361
xmodelmesh,#hash_e7f5a48182941d82
xmodelmesh,#hash_67f6f6ffdc6d1735
xmodelmesh,#hash_67f6f9f54e78c0d9
xmodelmesh,#hash_67f9106e9b477645
xmodelmesh,#hash_67fb8f668722f346
xmodelmesh,#hash_67fd2523a9b5b109
xmodelmesh,#hash_67fd2bbe3b93af2d
xmodelmesh,#hash_6801063d9d06cb94
xmodelmesh,#hash_6801d74c2a3cd2fc
xmodelmesh,#hash_68020adec2d4e338
xmodelmesh,#hash_6805362363f7aaa3
xmodelmesh,#hash_e8058bc0deee0f2c
xmodelmesh,#hash_6805c7dd7fa4b023
xmodelmesh,#hash_680879bcd9fad4a0
xmodelmesh,#hash_680926dfb32c014f
xmodelmesh,#hash_680ab6ca44f91d16
xmodelmesh,#hash_680d26249ccfc0bd
xmodelmesh,#hash_680d3d9dca37f3a3
xmodelmesh,#hash_680d78375ed83231
xmodelmesh,#hash_e80db61f1f2b9768
xmodelmesh,#hash_680ffef3b56115e2
xmodelmesh,#hash_68108150b5f80782
xmodelmesh,#hash_6810eb3199b3950a
xmodelmesh,#hash_68133e3980f50b50
xmodelmesh,#hash_e813d939e1e1f129
xmodelmesh,#hash_e81474dad92a731b
xmodelmesh,#hash_e815f30efb8c5b9b
xmodelmesh,#hash_6816b6f97b499af9
xmodelmesh,#hash_68178a015b0ea8c3
xmodelmesh,#hash_68191c7ab3d7a1dd
xmodelmesh,#hash_6819ff9a5c1f5d85
xmodelmesh,#hash_e81a66d21bcba4fa
xmodelmesh,#hash_681b50f9b84bd823
xmodelmesh,#hash_681b571d5561110e
xmodelmesh,#hash_681b614003043cbd
xmodelmesh,#hash_681b6b6728b000a5
xmodelmesh,#hash_681c657f63ca9caa
xmodelmesh,#hash_681d3d6dcc4280d5
xmodelmesh,#hash_681e8d104c60da96
xmodelmesh,#hash_681edc0a85eb6d34
xmodelmesh,#hash_681fdb6bb3ca3ea6
xmodelmesh,#hash_682180e36865945d
xmodelmesh,#hash_6821d404b42ed227
xmodelmesh,#hash_68255013ee770ce4
xmodelmesh,#hash_e825adaa1c9d563d
xmodelmesh,#hash_6826588d4aae30fa
xmodelmesh,#hash_6827077e96887bfa
xmodelmesh,#hash_68284636e144dab2
xmodelmesh,#hash_682b0eff87e5f4a2
xmodelmesh,#hash_682b448d25b9f7e2
xmodelmesh,#hash_682d35c25350c0a0
xmodelmesh,#hash_683009c01931e0d1
xmodelmesh,#hash_68304d28c184a3bc
xmodelmesh,#hash_683308b23dbddf7e
xmodelmesh,#hash_6833b093bfe2216d
xmodelmesh,#hash_683609e825f15c55
xmodelmesh,#hash_6836bfbb9fd51caa
xmodelmesh,#hash_6838447cad0259ea
xmodelmesh,#hash_e839fa16cf02092a
xmodelmesh,#hash_684071c584289c24
xmodelmesh,#hash_68428b18c69105b4
xmodelmesh,#hash_e843eb569b3d97bd
xmodelmesh,#hash_684431264b13a8f7
xmodelmesh,#hash_684613eacff27e23
xmodelmesh,#hash_684640ec5a678ab6
xmodelmesh,#hash_6846bec66e91385b
xmodelmesh,#hash_6849ae0acd7a5ce8
xmodelmesh,#hash_e84a204f4b3fe8e7
xmodelmesh,#hash_684a2a615efd4cb8
xmodelmesh,#hash_684b0dc2d2485d0a
xmodelmesh,#hash_684c740e5f18231b
xmodelmesh,#hash_684d6a9037d7ac20
xmodelmesh,#hash_e84d7f9d95c091b5
xmodelmesh,#hash_684d8566d1f1de8e
xmodelmesh,#hash_684f5a005b5984c4
xmodelmesh,#hash_68519e941c058eb4
xmodelmesh,#hash_68545708c4d50015
xmodelmesh,#hash_685899357713a72d
xmodelmesh,#hash_685d7ea70ddf734d
xmodelmesh,#hash_6860937f9e1071fc
xmodelmesh,#hash_6860bfa699747b07
xmodelmesh,#hash_6862aaa2df71d02e
xmodelmesh,#hash_e862ac472379c486
xmodelmesh,#hash_686308b73b0363d6
xmodelmesh,#hash_6865cdc9a53680a4
xmodelmesh,#hash_6866a1f3cd53b976
xmodelmesh,#hash_6869538fdec511e1
xmodelmesh,#hash_686a4384f9649a53
xmodelmesh,#hash_686c025ebf883d54
xmodelmesh,#hash_686d14527b6e8706
xmodelmesh,#hash_686f4ae5075b36df
xmodelmesh,#hash_e870bec4b3a87d50
xmodelmesh,#hash_6872294dcdf31c72
xmodelmesh,#hash_68737b69ae784402
xmodelmesh,#hash_68746e6d32014376
xmodelmesh,#hash_e877c59f2bfedfa7
xmodelmesh,#hash_e87a9692380522da
xmodelmesh,#hash_e87acee61b973241
xmodelmesh,#hash_687b7a131225ab46
xmodelmesh,#hash_68829f8ce82809be
xmodelmesh,#hash_68833ceccfcdf0de
xmodelmesh,#hash_68857d14524724fb
xmodelmesh,#hash_6885dbb33503c3f2
xmodelmesh,#hash_68889de519b3f7ff
xmodelmesh,#hash_688a273ed37675fb
xmodelmesh,#hash_688b0fcd0fc02821
xmodelmesh,#hash_688bfca71e2f9277
xmodelmesh,#hash_688c26aca90ff628
xmodelmesh,#hash_688c9339b0e42690
xmodelmesh,#hash_688ec8a73ad7bafb
xmodelmesh,#hash_688fee09b11449fd
xmodelmesh,#hash_e89a369964556d2b
xmodelmesh,#hash_689b2cf298d1ead0
xmodelmesh,#hash_689b64ebf62ed966
xmodelmesh,#hash_e89e4c6d38287dce
xmodelmesh,#hash_689ead6e0d502640
xmodelmesh,#hash_68a05c173bc8dfc3
xmodelmesh,#hash_e8a2f96a9ad38935
xmodelmesh,#hash_e8a321135b3d4c7c
xmodelmesh,#hash_68a3c7e3dc3f6e6a
xmodelmesh,#hash_68a635396711ee70
xmodelmesh,#hash_68a8d3e810e49c30
xmodelmesh,#hash_68b38742cdf49970
xmodelmesh,#hash_e8b756a3898d5b0f
xmodelmesh,#hash_68b9bea243bc0be8
xmodelmesh,#hash_e8bb89dab89fc231
xmodelmesh,#hash_68bc4bc2194d9008
xmodelmesh,#hash_e8bc4faed66eb1dd
xmodelmesh,#hash_68bcef32ed60dc52
xmodelmesh,#hash_e8bf03591f1bd7be
xmodelmesh,#hash_68c02872a2612bdc
xmodelmesh,#hash_68c1780cf34e1ff9
xmodelmesh,#hash_68c5d9f8117656fb
xmodelmesh,#hash_68c628bdb10dc5d4
xmodelmesh,#hash_68c7e2c7a01a64bb
xmodelmesh,#hash_68c7f19db8747857
xmodelmesh,#hash_68c86ed04da8c3d4
xmodelmesh,#hash_68c956c531b847db
xmodelmesh,#hash_68ca645800e6ae32
xmodelmesh,#hash_68cc4d2f4569cde9
xmodelmesh,#hash_68cd31ea4068106f
xmodelmesh,#hash_e8cf2a3a9cc3039d
xmodelmesh,#hash_68d0093e47afdda9
xmodelmesh,#hash_68d281d544cda3eb
xmodelmesh,#hash_e8d37ccddbf5d329
xmodelmesh,#hash_68d40e0e34c516b3
xmodelmesh,#hash_68d87aa0a2f768d9
xmodelmesh,#hash_e8dcab0d8d1eac75
xmodelmesh,#hash_e8e2421342a3150f
xmodelmesh,#hash_68e27bc7e094187e
xmodelmesh,#hash_68e3e4d5ef184419
xmodelmesh,#hash_e8e5e07479aa5a21
xmodelmesh,#hash_68e6de0561fa7b5f
xmodelmesh,#hash_68e85f5ab06dec96
xmodelmesh,#hash_68ee06bd9f2cecf3
xmodelmesh,#hash_68f0232ab2847be9
xmodelmesh,#hash_68f2045557b847dc
xmodelmesh,#hash_68f229e641a82ffe
xmodelmesh,#hash_68f2ed20814dbd17
xmodelmesh,#hash_68f646176a1275b8
xmodelmesh,#hash_68f7b897683cbe99
xmodelmesh,#hash_68fa0f4dd8dfdc87
xmodelmesh,#hash_68fca546c4fbe7de
xmodelmesh,#hash_68fcab595b462725
xmodelmesh,#hash_6902491f7069f492
xmodelmesh,#hash_6903735d01262209
xmodelmesh,#hash_6904d3759ea3d721
xmodelmesh,#hash_690772e4ad84a119
xmodelmesh,#hash_690ab9d00ad3d5b0
xmodelmesh,#hash_690b3edfb258a5de
xmodelmesh,#hash_690cc4ce2368f446
xmodelmesh,#hash_690ebd3698435848
xmodelmesh,#hash_690f4ba4f04fc4b8
xmodelmesh,#hash_6911424b64de275c
xmodelmesh,#hash_6912a29b89254cf7
xmodelmesh,#hash_6919820e837d0647
xmodelmesh,#hash_69198aef4c065538
xmodelmesh,#hash_e91f0176d9a6ef88
xmodelmesh,#hash_6921c253c4b51385
xmodelmesh,#hash_6922a533b08001d1
xmodelmesh,#hash_6923fb7a0a6b6e16
xmodelmesh,#hash_e929d36b35383a04
xmodelmesh,#hash_692af19374caf485
xmodelmesh,#hash_692d3ac4db61bd9e
xmodelmesh,#hash_e92d8b898cad97be
xmodelmesh,#hash_69301e0fa7e8e07d
xmodelmesh,#hash_6930fc17c7c11e0f
xmodelmesh,#hash_69343c6acb85f1bc
xmodelmesh,#hash_69367f5c3b835912
xmodelmesh,#hash_6938be6ed68a5326
xmodelmesh,#hash_6938d6a469aa1da0
xmodelmesh,#hash_69390edbdf50ca31
xmodelmesh,#hash_69393a88536736d6
xmodelmesh,#hash_693e81d2060ff837
xmodelmesh,#hash_694173ffc8a57770
xmodelmesh,#hash_69417d35ebaaaf2b
xmodelmesh,#hash_e942793fc996ac2e
xmodelmesh,#hash_e94710b3095be0eb
xmodelmesh,#hash_6947e789881a9028
xmodelmesh,#hash_6948d439b932f0eb
xmodelmesh,#hash_6949ffa887ff06a9
xmodelmesh,#hash_694cc0e2eec33440
xmodelmesh,#hash_694cf41947950b64
xmodelmesh,#hash_694ea2ea0aa4bb6e
xmodelmesh,#hash_694ea63ace0416a8
xmodelmesh,#hash_694ead41e9f8b9ae
xmodelmesh,#hash_6950f4f1e776e16f
xmodelmesh,#hash_69548fa10b561054
xmodelmesh,#hash_69553cbdbe7fe89e
xmodelmesh,#hash_6956a2555983ac41
xmodelmesh,#hash_6956efa97dc6626d
xmodelmesh,#hash_e959285043103fc3
xmodelmesh,#hash_695dfaf205394dc1
xmodelmesh,#hash_695e7c413f534209
xmodelmesh,#hash_695f5691feb615fd
xmodelmesh,#hash_695f786d66d168e5
xmodelmesh,#hash_69619cc7a7e27f19
xmodelmesh,#hash_696244ca66dc7a4b
xmodelmesh,#hash_696680d77972c65b
xmodelmesh,#hash_696ff77d929cc1f2
xmodelmesh,#hash_69710ed1749167fe
xmodelmesh,#hash_e971efd96c715e6a
xmodelmesh,#hash_e973ee7f8e56c96b
xmodelmesh,#hash_697563706da6525a
xmodelmesh,#hash_e977ec8097cc6535
xmodelmesh,#hash_697d68a3fd1b73cf
xmodelmesh,#hash_698308935faddb65
xmodelmesh,#hash_6983b8f9b9a61bae
xmodelmesh,#hash_e986d0c47b4b97d3
xmodelmesh,#hash_698789b94dc65571
xmodelmesh,#hash_698ad1c29c5e341a
xmodelmesh,#hash_e98ce8a4f821fac9
xmodelmesh,#hash_e98d5a0591fcf56d
xmodelmesh,#hash_698d86caa0904502
xmodelmesh,#hash_698f7adb3c3e8e30
xmodelmesh,#hash_69908be3289b1833
xmodelmesh,#hash_e990a19943153d1e
xmodelmesh,#hash_e99256db8de28d21
xmodelmesh,#hash_6992cbb9073d034d
xmodelmesh,#hash_6992e30df76b3297
xmodelmesh,#hash_e99ba7ea367cb37f
xmodelmesh,#hash_e99c4dfa3a1394a9
xmodelmesh,#hash_699c60526ca5613c
xmodelmesh,#hash_699c70f4ef87ed8d
xmodelmesh,#hash_e99de03fc7fb8c47
xmodelmesh,#hash_e9a17537487c756a
xmodelmesh,#hash_69a4236caa52f04b
xmodelmesh,#hash_69a684daad1208c4
xmodelmesh,#hash_69a9f8e778a31dca
xmodelmesh,#hash_e9afc7d783e2d7ff
xmodelmesh,#hash_69b0a0e19a5eafcb
xmodelmesh,#hash_69b0ab97fadcb2c7
xmodelmesh,#hash_69b4f74def013915
xmodelmesh,#hash_69b6c1605a6c98e1
xmodelmesh,#hash_e9b733fdc3a7b6df
xmodelmesh,#hash_e9b82f35f38456f1
xmodelmesh,#hash_69b8acb6cc3199ff
xmodelmesh,#hash_69b99d71b081cb66
xmodelmesh,#hash_69b9d1ebf56b7af7
xmodelmesh,#hash_69bcb8f5d96b3e01
xmodelmesh,#hash_69be78b39174b014
xmodelmesh,#hash_69c37bec87a1a4c4
xmodelmesh,#hash_69c46e9acb8be8a9
xmodelmesh,#hash_69c669f907386912
xmodelmesh,#hash_e9c8b070c2ad6de3
xmodelmesh,#hash_69c9039354d690f1
xmodelmesh,#hash_69c9ac346a210ef2
xmodelmesh,#hash_69ca23ec3f3fbaf8
xmodelmesh,#hash_69cb306663f76366
xmodelmesh,#hash_69cc8383927213cc
xmodelmesh,#hash_e9cd4c40be5e1104
xmodelmesh,#hash_e9cdf38d8780e678
xmodelmesh,#hash_69ce494a79380057
xmodelmesh,#hash_69d71c0b54af4a46
xmodelmesh,#hash_69d84bd100f428be
xmodelmesh,#hash_69da1a62cf346265
xmodelmesh,#hash_e9da20a5299060c0
xmodelmesh,#hash_69db21155a9e8878
xmodelmesh,#hash_69dd4f781927fa40
xmodelmesh,#hash_69e183e293257486
xmodelmesh,#hash_69e448bd34a4c3d4
xmodelmesh,#hash_69e639cfab420fba
xmodelmesh,#hash_69e756315d175eee
xmodelmesh,#hash_69ecb00022d4ad7d
xmodelmesh,#hash_69ee0e2ccef395ba
xmodelmesh,#hash_69f5b9eba77249ef
xmodelmesh,#hash_69f65f129c6df525
xmodelmesh,#hash_69f69052d22bdddb
xmodelmesh,#hash_e9f6b58d8d7654df
xmodelmesh,#hash_69f93cdbe5a0ae0f
xmodelmesh,#hash_69fba947a3bd644f
xmodelmesh,#hash_69feaf0c8cf06490
xmodelmesh,#hash_e9fec795430c0afe
xmodelmesh,#hash_ea01bc6bacb087b7
xmodelmesh,#hash_6a05b66c23250ac7
xmodelmesh,#hash_ea066b049ae383ed
xmodelmesh,#hash_6a07350a0a6ef893
xmodelmesh,#hash_ea08fa2a8d37fb1e
xmodelmesh,#hash_6a09ce3af35d4370
xmodelmesh,#hash_6a0a67ae75d46c93
xmodelmesh,#hash_6a0c31324bc0a0a4
xmodelmesh,#hash_ea0db48e8689fe51
xmodelmesh,#hash_6a10c77ea3d65ef1
xmodelmesh,#hash_6a11ca38312843c8
xmodelmesh,#hash_6a16affa4d24db4d
xmodelmesh,#hash_6a18a543ee78aebe
xmodelmesh,#hash_6a1959aa824718bf
xmodelmesh,#hash_6a1db5fc7ccf9fe3
xmodelmesh,#hash_6a1e32602ba30471
xmodelmesh,#hash_ea201c31148a4c10
xmodelmesh,#hash_6a21543398292146
xmodelmesh,#hash_6a22ac610f0c9080
xmodelmesh,#hash_ea23ac44a773f1c4
xmodelmesh,#hash_ea26594a7d973f23
xmodelmesh,#hash_6a281c677cf704ab
xmodelmesh,#hash_6a290c3a83aa1beb
xmodelmesh,#hash_6a290c7411f254bd
xmodelmesh,#hash_6a2b4d7d78982f7a
xmodelmesh,#hash_ea2d514ef94c09e2
xmodelmesh,#hash_6a2df1814e609429
xmodelmesh,#hash_6a306e635c22bae5
xmodelmesh,#hash_6a3127aad40a6e35
xmodelmesh,#hash_6a316736e81ca90c
xmodelmesh,#hash_6a32ca7f68eadb13
xmodelmesh,#hash_6a336f5b93e1dbbe
xmodelmesh,#hash_6a35311549b4293c
xmodelmesh,#hash_6a35b73acdfc716b
xmodelmesh,#hash_ea3887ceecfe1b1c
xmodelmesh,#hash_6a391594808d35a2
xmodelmesh,#hash_ea39e74f23a23f15
xmodelmesh,#hash_6a3ac02f69d846d6
xmodelmesh,#hash_6a3ac7ef39c9edb5
xmodelmesh,#hash_6a3b2f0963fcf18d
xmodelmesh,#hash_6a3c40a744b2184f
xmodelmesh,#hash_6a3ca27fcef6a641
xmodelmesh,#hash_6a3fb51183f15e76
xmodelmesh,#hash_6a424e93ac8947a7
xmodelmesh,#hash_6a43cbff1f67184e
xmodelmesh,#hash_6a44fa6600b5adc5
xmodelmesh,#hash_6a45c1940dc4aa91
xmodelmesh,#hash_6a467d88d3731397
xmodelmesh,#hash_6a4a11f8d00b7a1f
xmodelmesh,#hash_6a4a56609e970f09
xmodelmesh,#hash_6a4d106471aeec25
xmodelmesh,#hash_6a4ef53447c50cad
xmodelmesh,#hash_6a4fba09ecf49a1d
xmodelmesh,#hash_6a50eba84d5d2cda
xmodelmesh,#hash_ea52508c01e493b3
xmodelmesh,#hash_6a52e16f6b372ebb
xmodelmesh,#hash_6a52edd6f675a9fb
xmodelmesh,#hash_6a5512885afb1dc4
xmodelmesh,#hash_6a5626407523fe0d
xmodelmesh,#hash_6a563b8b05aee526
xmodelmesh,#hash_6a58cf63b5ec6ea1
xmodelmesh,#hash_6a5a161252cbb365
xmodelmesh,#hash_6a5b4fc8db5c82e9
xmodelmesh,#hash_6a5cb8286ad64ec6
xmodelmesh,#hash_6a5cdf046fc16a81
xmodelmesh,#hash_6a5e1a7b57623e89
xmodelmesh,#hash_6a5e4780d187f88e
xmodelmesh,#hash_6a5eea4a86759d11
xmodelmesh,#hash_6a5ffe7a9be584f4
xmodelmesh,#hash_ea60798737d8f677
xmodelmesh,#hash_ea63c828a776a1f6
xmodelmesh,#hash_6a661f11c2a08281
xmodelmesh,#hash_ea6679a1e8386204
xmodelmesh,#hash_6a676c0178ca7574
xmodelmesh,#hash_ea699ae7b7303356
xmodelmesh,#hash_6a6b3eed1b941caf
xmodelmesh,#hash_6a6c54b068a6f8bc
xmodelmesh,#hash_ea6eab3287b0c005
xmodelmesh,#hash_6a752f29a73611c8
xmodelmesh,#hash_6a79bbfde19bc46f
xmodelmesh,#hash_6a7b1d526dd5a3db
xmodelmesh,#hash_6a7d3e3438c37aea
xmodelmesh,#hash_6a7d673925b1861f
xmodelmesh,#hash_ea7e30d6e5ed6768
xmodelmesh,#hash_ea7f30866793f849
xmodelmesh,#hash_6a815627d923cda9
xmodelmesh,#hash_6a8186e5c10d1374
xmodelmesh,#hash_6a82cb16dce9f81d
xmodelmesh,#hash_6a83f01fa84e96ac
xmodelmesh,#hash_6a86cfc6ca606e6a
xmodelmesh,#hash_6a890e190c602511
xmodelmesh,#hash_ea899c699060aec2
xmodelmesh,#hash_6a8e64eba5c136aa
xmodelmesh,#hash_ea8ee34ae154b8da
xmodelmesh,#hash_6a95268f1f01b7ce
xmodelmesh,#hash_6a95a3e2a9b486cc
xmodelmesh,#hash_6a9859f7c5ea5f78
xmodelmesh,#hash_6a98b1eac3b4a197
xmodelmesh,#hash_6a9dbc518b8758a0
xmodelmesh,#hash_6a9dc3093fa16f63
xmodelmesh,#hash_ea9de1038a5cbfc0
xmodelmesh,#hash_6aa2702860d72f21
xmodelmesh,#hash_6aa56453a55d5a61
xmodelmesh,#hash_6aa9711ac0aa52c1
xmodelmesh,#hash_eaaa604c63355fc0
xmodelmesh,#hash_6aab4903cbdb5b55
xmodelmesh,#hash_6aab79d1373c69ce
xmodelmesh,#hash_eaad5226b43175d3
xmodelmesh,#hash_eaae9a97f123e7dc
xmodelmesh,#hash_6aaf751d49675cae
xmodelmesh,#hash_6ab51b900c0edbb3
xmodelmesh,#hash_6abe08e7485fe368
xmodelmesh,#hash_6abf3984832cfbfb
xmodelmesh,#hash_6ac012cf3c72f12b
xmodelmesh,#hash_6ac11161be91ced3
xmodelmesh,#hash_6ac18df6182ee522
xmodelmesh,#hash_eac1f137d4c99585
xmodelmesh,#hash_6ac5a7ea68e2cd9e
xmodelmesh,#hash_6ac5ce7db23b6c5e
xmodelmesh,#hash_6ac62e42ab473e39
xmodelmesh,#hash_6ac80acd84227360
xmodelmesh,#hash_6ac8c586062ceeb6
xmodelmesh,#hash_eacd0ef901b19059
xmodelmesh,#hash_6acd96e57ba7facf
xmodelmesh,#hash_6acfecd4d06b83b3
xmodelmesh,#hash_6ad166ba3f75248d
xmodelmesh,#hash_6ad3866d3e3fe469
xmodelmesh,#hash_6ad494bfaf08c876
xmodelmesh,#hash_6ad705997d5b7173
xmodelmesh,#hash_6adaf7e2efdbf9de
xmodelmesh,#hash_6addcd5426e7e8d5
xmodelmesh,#hash_6adf6151e0cf0440
xmodelmesh,#hash_6adfe38fc3d0338f
xmodelmesh,#hash_6ae03ef50ad7f9bd
xmodelmesh,#hash_6ae0454f29a33f03
xmodelmesh,#hash_6ae10e72014b6ae2
xmodelmesh,#hash_6ae1b9f63da4077a
xmodelmesh,#hash_6ae2123c7bd78f40
xmodelmesh,#hash_6ae26793fccf43ad
xmodelmesh,#hash_6ae2778094d15d54
xmodelmesh,#hash_eae27fb996acc841
xmodelmesh,#hash_eae2e1f69a3e6ce8
xmodelmesh,#hash_6ae320da36677e7d
xmodelmesh,#hash_6ae372ce9ff4ff83
xmodelmesh,#hash_6ae9012eaff23329
xmodelmesh,#hash_6aeba5be708bc91f
xmodelmesh,#hash_6aece0419ce32ec9
xmodelmesh,#hash_eaecf5f52e458238
xmodelmesh,#hash_6aeef9af4371d7d3
xmodelmesh,#hash_6af213b4235ec0b7
xmodelmesh,#hash_6af2aeed1c432c8d
xmodelmesh,#hash_6af3bb37ec209e01
xmodelmesh,#hash_6af3e2fd9afc264c
xmodelmesh,#hash_6af48eb77480b247
xmodelmesh,#hash_6af6e465535f80e9
xmodelmesh,#hash_6af72a963a3aec73
xmodelmesh,#hash_6b008492b2643725
xmodelmesh,#hash_6b01cda2c924530b
xmodelmesh,#hash_6b02252307e066b5
xmodelmesh,#hash_6b062e0610f68895
xmodelmesh,#hash_6b0673a18839de18
xmodelmesh,#hash_6b06b2bd3cfd9336
xmodelmesh,#hash_6b0a5c8458b814d1
xmodelmesh,#hash_6b0b6587a1f9111e
xmodelmesh,#hash_6b0dda2d7e03a768
xmodelmesh,#hash_6b0df9565e79f28d
xmodelmesh,#hash_6b0e9ceb48a44706
xmodelmesh,#hash_eb165326c8af322e
xmodelmesh,#hash_6b1b6fae928d5005
xmodelmesh,#hash_6b1b816833c2c38e
xmodelmesh,#hash_6b1cf57870596306
xmodelmesh,#hash_6b1fa7ead3b5b6ef
xmodelmesh,#hash_6b20c3e49f5766fe
xmodelmesh,#hash_6b2b9955708a1dc2
xmodelmesh,#hash_6b2ba98abefd8d33
xmodelmesh,#hash_eb2ed568a95a04cf
xmodelmesh,#hash_eb30f7d22c345c09
xmodelmesh,#hash_6b322e844a504aaa
xmodelmesh,#hash_6b339a56e236849d
xmodelmesh,#hash_6b355b328297721e
xmodelmesh,#hash_6b36dbc7d40369e4
xmodelmesh,#hash_6b372edaedc66462
xmodelmesh,#hash_6b3a2cf1bc059e3c
xmodelmesh,#hash_6b3b52a4565bba5d
xmodelmesh,#hash_6b3d1105a4d722fd
xmodelmesh,#hash_6b3d5ad52eee4b82
xmodelmesh,#hash_6b3e152369694cff
xmodelmesh,#hash_6b3e4d801076c507
xmodelmesh,#hash_6b4147a5394e7ebd
xmodelmesh,#hash_6b423463c5a47f78
xmodelmesh,#hash_6b426592563d6378
xmodelmesh,#hash_6b428588d49fef83
xmodelmesh,#hash_eb440b4b2eb4e759
xmodelmesh,#hash_6b453ced02baaae6
xmodelmesh,#hash_6b46234cfb193a5a
xmodelmesh,#hash_6b4736e6710eac41
xmodelmesh,#hash_6b47c6702a82a6a2
xmodelmesh,#hash_6b4a170125616354
xmodelmesh,#hash_6b4a36996dfb5a50
xmodelmesh,#hash_6b4a61d4c2debe20
xmodelmesh,#hash_eb4ca518e9ebdedb
xmodelmesh,#hash_6b4dd261924d3a63
xmodelmesh,#hash_6b50d48eb980ed7c
xmodelmesh,#hash_6b55b3c2b77a9074
xmodelmesh,#hash_6b57850e05c80ffa
xmodelmesh,#hash_eb58f3a144e90ecc
xmodelmesh,#hash_eb5b60b21d53f7cb
xmodelmesh,#hash_6b68251b16c97273
xmodelmesh,#hash_6b6861f6637dd761
xmodelmesh,#hash_6b68de88c24ac6b5
xmodelmesh,#hash_6b6aa7a9371df649
xmodelmesh,#hash_6b6bad7220f95f71
xmodelmesh,#hash_6b6bf769233a3a9a
xmodelmesh,#hash_6b6c796c356d300c
xmodelmesh,#hash_6b6cbdbba573fecf
xmodelmesh,#hash_eb6d1aaeb00d044d
xmodelmesh,#hash_6b6f9eb5b0069a9f
xmodelmesh,#hash_6b6faebc8c9c0e06
xmodelmesh,#hash_6b732276d0dc2339
xmodelmesh,#hash_6b771080ec5ae686
xmodelmesh,#hash_6b77b620e0165bad
xmodelmesh,#hash_6b786b8b77642187
xmodelmesh,#hash_6b7a0cf6b9e57506
xmodelmesh,#hash_6b7ae37a15154e38
xmodelmesh,#hash_6b7bdeb430aa9660
xmodelmesh,#hash_eb7d3c1d3839e9ec
xmodelmesh,#hash_6b7e3054663942c3
xmodelmesh,#hash_6b83e17d88921cec
xmodelmesh,#hash_6b847231dd24c1ee
xmodelmesh,#hash_6b857b998c0150d3
xmodelmesh,#hash_6b85cd6bd815a28b
xmodelmesh,#hash_6b861d2ee694096b
xmodelmesh,#hash_6b86f52487741039
xmodelmesh,#hash_6b87388109d96585
xmodelmesh,#hash_eb8b7fad18ddc419
xmodelmesh,#hash_6b8e2a0b5e8207d9
xmodelmesh,#hash_6b8eb7501c12e562
xmodelmesh,#hash_6b8f132194e5ce8b
xmodelmesh,#hash_6b8f81cb30d11ac2
xmodelmesh,#hash_6b917ec4c5f02128
xmodelmesh,#hash_6b91e0c394861c98
xmodelmesh,#hash_6b9208d81562cc41
xmodelmesh,#hash_eb98b654f5ec162a
xmodelmesh,#hash_eb9b24e9154ff833
xmodelmesh,#hash_6b9ec5ee7ba067cf
xmodelmesh,#hash_6b9f0f259ec150e9
xmodelmesh,#hash_6ba1a15b95d99651
xmodelmesh,#hash_6ba2fb0bbce32638
xmodelmesh,#hash_eba37faa1ac29530
xmodelmesh,#hash_6ba44cf74c6bb769
xmodelmesh,#hash_6ba4ecd0c97f9c31
xmodelmesh,#hash_ebaac445e3d5117f
xmodelmesh,#hash_6baaec034701f521
xmodelmesh,#hash_6bab80885c61297f
xmodelmesh,#hash_6babd3b8d6f8df18
xmodelmesh,#hash_6bacf3a781671d16
xmodelmesh,#hash_6bb013285b3a66e2
xmodelmesh,#hash_ebb300b20afbf5df
xmodelmesh,#hash_6bb402a0906d0c70
xmodelmesh,#hash_6bb5d614b0f1ed9e
xmodelmesh,#hash_6bb6974e74c409a0
xmodelmesh,#hash_6bb70095b416ddd2
xmodelmesh,#hash_6bb81df0a46d7ffe
xmodelmesh,#hash_6bbb42ca98b5f2a2
xmodelmesh,#hash_6bbc25c1cb168a84
xmodelmesh,#hash_6bbcff509c98587d
xmodelmesh,#hash_6bbd827769a223ed
xmodelmesh,#hash_ebc2810056feb195
xmodelmesh,#hash_6bc445576918dc85
xmodelmesh,#hash_6bc44ce87710e7a8
xmodelmesh,#hash_ebca399ae93d1eb9
xmodelmesh,#hash_ebca4348858aece3
xmodelmesh,#hash_6bcbda4da44026ef
xmodelmesh,#hash_ebcc061cf038106b
xmodelmesh,#hash_6bcdbdb4b9e7f347
xmodelmesh,#hash_6bd3e90261208cff
xmodelmesh,#hash_6bd499db7edb103d
xmodelmesh,#hash_6bd543084fc8bba1
xmodelmesh,#hash_ebd57ba0b31bef6b
xmodelmesh,#hash_ebd83e321547f37b
xmodelmesh,#hash_6bd903a87031a791
xmodelmesh,#hash_6bdb0320e5f528c5
xmodelmesh,#hash_6bdf1dfe50357066
xmodelmesh,#hash_6be0e3d9b6d6e846
xmodelmesh,#hash_6be0fa5973e8cf23
xmodelmesh,#hash_ebe2a5569f353de3
xmodelmesh,#hash_6be5548f1ca6c691
xmodelmesh,#hash_6be5a9f478dc0ae5
xmodelmesh,#hash_6be9f8e7538360a2
xmodelmesh,#hash_ebeae688ca516ad7
xmodelmesh,#hash_6beb36509b35c797
xmodelmesh,#hash_ebedfc40c857fd7b
xmodelmesh,#hash_6beea78c173a52e6
xmodelmesh,#hash_6bf59f12701fa33f
xmodelmesh,#hash_6bf5cd2be7938537
xmodelmesh,#hash_6bf6493892fb7420
xmodelmesh,#hash_ebf78afbb0e6ce74
xmodelmesh,#hash_6bfb2537bf8cc182
xmodelmesh,#hash_6bfc6219c62c9c37
xmodelmesh,#hash_6c02b274e3040a99
xmodelmesh,#hash_6c02d4792a561cf2
xmodelmesh,#hash_6c033e995e679162
xmodelmesh,#hash_6c033eedf799fa38
xmodelmesh,#hash_6c035b61637814ad
xmodelmesh,#hash_6c06d10033bbb79b
xmodelmesh,#hash_6c0843c835ae6d67
xmodelmesh,#hash_ec0a9c968eec2177
xmodelmesh,#hash_ec0db885c670cc8c
xmodelmesh,#hash_6c0e60dfb64b62d6
xmodelmesh,#hash_6c1136c861e88067
xmodelmesh,#hash_6c12079807fddd98
xmodelmesh,#hash_6c15506f8f2a618a
xmodelmesh,#hash_6c164f7fd3cae148
xmodelmesh,#hash_6c16a98be96fa978
xmodelmesh,#hash_6c188c898e8c054c
xmodelmesh,#hash_ec1928e03d3eced9
xmodelmesh,#hash_6c19d1bdad87fa6d
xmodelmesh,#hash_6c1d822f054c69cd
xmodelmesh,#hash_6c217a95abbaf305
xmodelmesh,#hash_6c21eba2f198ee74
xmodelmesh,#hash_6c25a966d431d5d3
xmodelmesh,#hash_6c27cbd46983fdfd
xmodelmesh,#hash_6c2946322542328b
xmodelmesh,#hash_6c2ba9f5128e5fe7
xmodelmesh,#hash_6c2e0ec10ec1f434
xmodelmesh,#hash_6c2f7e48f64f5d59
xmodelmesh,#hash_6c2f8fdf31e08c69
xmodelmesh,#hash_ec3195b6096ee24f
xmodelmesh,#hash_6c32ed805932837f
xmodelmesh,#hash_6c337caf54922b9b
xmodelmesh,#hash_6c35a220058b09ae
xmodelmesh,#hash_6c36bc6f70ffb0eb
xmodelmesh,#hash_6c3778cbcdace09e
xmodelmesh,#hash_6c38397378ffcb1e
xmodelmesh,#hash_6c39082b00a792aa
xmodelmesh,#hash_6c3aa0c0c103c123
xmodelmesh,#hash_6c3b4082ad0fa529
xmodelmesh,#hash_ec3b78dafa18860b
xmodelmesh,#hash_ec3b9b7e9d17c00b
xmodelmesh,#hash_6c3ef2951a5397fe
xmodelmesh,#hash_6c42222f56010f8a
xmodelmesh,#hash_6c434d18f29d745a
xmodelmesh,#hash_6c47901f35d90a91
xmodelmesh,#hash_6c47af067f706f0a
xmodelmesh,#hash_6c4a59372af7ca93
xmodelmesh,#hash_6c4a668e8196442c
xmodelmesh,#hash_6c4b90db5934fba4
xmodelmesh,#hash_6c4c8011348b7348
xmodelmesh,#hash_6c4d8d53714a84e4
xmodelmesh,#hash_6c4e1a4b21a6893c
xmodelmesh,#hash_6c508b3b6b01780b
xmodelmesh,#hash_6c53dc05539f3407
xmodelmesh,#hash_6c589010adcf7103
xmodelmesh,#hash_6c58bc5c01d6c594
xmodelmesh,#hash_6c5afa38b3f48ef3
xmodelmesh,#hash_6c5dab0be64f81a8
xmodelmesh,#hash_6c5dfd0191872afa
xmodelmesh,#hash_6c62fd35814a4311
xmodelmesh,#hash_6c63a021294e9b8c
xmodelmesh,#hash_ec6424a6eab7dc77
xmodelmesh,#hash_6c64c2dfdb2765dc
xmodelmesh,#hash_6c6b360ac1f46022
xmodelmesh,#hash_ec6bc8b9334c9312
xmodelmesh,#hash_6c6bca2ac80477c7
xmodelmesh,#hash_6c6c3570b7ccdc4d
xmodelmesh,#hash_6c6e1afe12aee846
xmodelmesh,#hash_6c6e87281e8bdafa
xmodelmesh,#hash_ec7189e57ad3f619
xmodelmesh,#hash_6c78ef773c6726fe
xmodelmesh,#hash_6c8122137053884c
xmodelmesh,#hash_6c82b27340f29eb2
xmodelmesh,#hash_6c871d51a67585df
xmodelmesh,#hash_6c8805fd239b16e5
xmodelmesh,#hash_ec89e431389dcb2c
xmodelmesh,#hash_6c8c95a350685475
xmodelmesh,#hash_6c8ec490ad28170d
xmodelmesh,#hash_6c8fcd6d40ee0a9b
xmodelmesh,#hash_6c9024a2b503cf6a
xmodelmesh,#hash_ec93dbbb6f161738
xmodelmesh,#hash_6c94377135069154
xmodelmesh,#hash_ec959dc168375c07
xmodelmesh,#hash_6c970b3690b61b29
xmodelmesh,#hash_6c98532f387db634
xmodelmesh,#hash_6c9f0a69a8ad401b
xmodelmesh,#hash_6ca121f7c8f1bbc1
xmodelmesh,#hash_eca2a0989324888f
xmodelmesh,#hash_6ca3112654a549ae
xmodelmesh,#hash_6ca5cbfe592ce76b
xmodelmesh,#hash_6ca5d73ddcf75c05
xmodelmesh,#hash_6ca615b3a12a17f1
xmodelmesh,#hash_6ca67432b49d771e
xmodelmesh,#hash_eca7c13e64e13958
xmodelmesh,#hash_6ca95bdb9be2d1ec
xmodelmesh,#hash_ecb00600db259886
xmodelmesh,#hash_6cb0ec3f7925c96f
xmodelmesh,#hash_6cb1805ce034c9f3
xmodelmesh,#hash_6cb38253e8effb86
xmodelmesh,#hash_6cb4326a4106431b
xmodelmesh,#hash_6cb4c78945945bb8
xmodelmesh,#hash_6cb6b495fb87d30c
xmodelmesh,#hash_6cb814133c9149f1
xmodelmesh,#hash_6cb991f82c40e7f1
xmodelmesh,#hash_6cbc3b1ac87e43ac
xmodelmesh,#hash_6cbf29b913d386a5
xmodelmesh,#hash_6cc04470c777f3de
xmodelmesh,#hash_6cc09fa96c31b4d6
xmodelmesh,#hash_6cc2ca127d3078f1
xmodelmesh,#hash_6cc3bde268efd052
xmodelmesh,#hash_6cc4600285617b3e
xmodelmesh,#hash_6cc51bce2b2e304d
xmodelmesh,#hash_6cc7756a3538cb99
xmodelmesh,#hash_6ccb3b6d675e2352
xmodelmesh,#hash_eccbf0de1b032e43
xmodelmesh,#hash_6ccc32ac54b2cb21
xmodelmesh,#hash_6ccece1f3d3ae410
xmodelmesh,#hash_6ccfbdfde8a2d91a
xmodelmesh,#hash_6cd04116593b456f
xmodelmesh,#hash_6cd16c8c669f8773
xmodelmesh,#hash_6cd54c6822e295d5
xmodelmesh,#hash_ecd68793820ad431
xmodelmesh,#hash_6cd863c0e0d2d89c
xmodelmesh,#hash_6cdabaf5dd1be00e
xmodelmesh,#hash_6cdb4321494c550d
xmodelmesh,#hash_6cdb99efc668c386
xmodelmesh,#hash_6ce3667dcf33bf1e
xmodelmesh,#hash_ece6569cb727bbfc
xmodelmesh,#hash_6ce6e17fcf07d5e2
xmodelmesh,#hash_6ce771be9e79ed88
xmodelmesh,#hash_6ce79fafaf229eca
xmodelmesh,#hash_6cea2611763621b4
xmodelmesh,#hash_6cea6d735556a956
xmodelmesh,#hash_6ceb0bee93c8b852
xmodelmesh,#hash_6cec1d825020d767
xmodelmesh,#hash_6ced0e0586248b10
xmodelmesh,#hash_6cee1a4cdb7fa8af
xmodelmesh,#hash_6cf2e125e146c0a7
xmodelmesh,#hash_6cf5205774f116d2
xmodelmesh,#hash_6cfcbfe8108b3808
xmodelmesh,#hash_6cfe817d9898b7f2
xmodelmesh,#hash_6cff0498ccbc5bee
xmodelmesh,#hash_ed011228c0ddee7f
xmodelmesh,#hash_ed01774d610acfae
xmodelmesh,#hash_6d030283783af2cf
xmodelmesh,#hash_6d060e3d90bb1328
xmodelmesh,#hash_6d0659c8424a3906
xmodelmesh,#hash_6d07b308bf361b7f
xmodelmesh,#hash_6d087b4ad84365fd
xmodelmesh,#hash_ed08e235ebe6a2b7
xmodelmesh,#hash_6d0a1456c4cf7805
xmodelmesh,#hash_6d0a3f3be912eca6
xmodelmesh,#hash_6d0af48b653c8dfa
xmodelmesh,#hash_6d0cf28a525e9b46
xmodelmesh,#hash_6d0e40b7ae72360d
xmodelmesh,#hash_6d17dd5e104181ce
xmodelmesh,#hash_6d19e797e17e00d3
xmodelmesh,#hash_6d19eaa05930275f
xmodelmesh,#hash_6d1ce34db3ed5e6b
xmodelmesh,#hash_6d1d9e20e10ec2cd
xmodelmesh,#hash_6d21ac3c21bd7776
xmodelmesh,#hash_6d237e06be7dc1b1
xmodelmesh,#hash_6d24ea99fe1ab295
xmodelmesh,#hash_6d24f1e6f75e5615
xmodelmesh,#hash_6d2babf264fad46e
xmodelmesh,#hash_ed2e62ed987b8bb4
xmodelmesh,#hash_6d2e87229ff3c0ab
xmodelmesh,#hash_6d2fae7e4f5606c5
xmodelmesh,#hash_6d303b640bb7e798
xmodelmesh,#hash_6d31a2f65ab0ceba
xmodelmesh,#hash_6d338f4c059e5314
xmodelmesh,#hash_6d38e1672b2e2bdc
xmodelmesh,#hash_6d3c975cb9a55e2c
xmodelmesh,#hash_6d3ca8cb99fc11c5
xmodelmesh,#hash_6d3cb81810877476
xmodelmesh,#hash_6d3cf7695a8ca68f
xmodelmesh,#hash_6d3d0df4460d939e
xmodelmesh,#hash_6d3e73988f64e5ef
xmodelmesh,#hash_ed3f045e87483a9f
xmodelmesh,#hash_ed3fe5043a897426
xmodelmesh,#hash_6d429c058243c69f
xmodelmesh,#hash_6d4407d0b4bf4f66
xmodelmesh,#hash_6d4a44da8ea3aada
xmodelmesh,#hash_6d4da1de24b3eacc
xmodelmesh,#hash_6d4dcaf33e768c2a
xmodelmesh,#hash_6d503b981d273c0c
xmodelmesh,#hash_6d518cfe261a9da9
xmodelmesh,#hash_6d5471338cf28ac7
xmodelmesh,#hash_6d577629fffb196a
xmodelmesh,#hash_6d5963ccf891bba3
xmodelmesh,#hash_6d59b89c34dceb9f
xmodelmesh,#hash_6d5bd171b74b59e6
xmodelmesh,#hash_6d5e1b79909df5c1
xmodelmesh,#hash_6d5e723b4cadf647
xmodelmesh,#hash_6d6043496a9bb027
xmodelmesh,#hash_ed612eb07b75a9f5
xmodelmesh,#hash_6d61d4fc182ec4d8
xmodelmesh,#hash_6d6568ec9e6866ff
xmodelmesh,#hash_ed66b06a9e59bc7c
xmodelmesh,#hash_6d67ee50531d786e
xmodelmesh,#hash_6d68be0f10654b3b
xmodelmesh,#hash_6d6a8624ae3e0207
xmodelmesh,#hash_6d6cb9ced2bbf047
xmodelmesh,#hash_6d6f69354a9311f4
xmodelmesh,#hash_6d715fc7cd9d601c
xmodelmesh,#hash_6d71befda620b157
xmodelmesh,#hash_ed71e29c037725fd
xmodelmesh,#hash_6d72bb7e7d54c057
xmodelmesh,#hash_6d735868f5d1b336
xmodelmesh,#hash_6d744d2a67932bfa
xmodelmesh,#hash_6d75ece91a8dde44
xmodelmesh,#hash_6d772f2d00ca14ee
xmodelmesh,#hash_6d781a44a8784f68
xmodelmesh,#hash_6d792f7469b63508
xmodelmesh,#hash_ed7a88998e270e83
xmodelmesh,#hash_6d7fa4d9335761e8
xmodelmesh,#hash_6d8045163288d901
xmodelmesh,#hash_6d807e240b7e6b4c
xmodelmesh,#hash_6d81349c7c1031ca
xmodelmesh,#hash_6d81c9f9717a7aa0
xmodelmesh,#hash_6d83522544efd72f
xmodelmesh,#hash_6d836514605f405d
xmodelmesh,#hash_6d84ca980639d1b1
xmodelmesh,#hash_6d8a09489746f466
xmodelmesh,#hash_6d8a716150dec08c
xmodelmesh,#hash_6d8ad66d6ccbc717
xmodelmesh,#hash_ed8b843b583a287a
xmodelmesh,#hash_6d8ba5d65588178b
xmodelmesh,#hash_6d8dc942938f2522
xmodelmesh,#hash_6d8f469a49d88eae
xmodelmesh,#hash_6d90e2e89c916c78
xmodelmesh,#hash_6d91a0231b7ed523
xmodelmesh,#hash_6d91e4917337be52
xmodelmesh,#hash_6d946b5d5263e59f
xmodelmesh,#hash_6d948c85bcc41e2b
xmodelmesh,#hash_6d9abb36a43d46b2
xmodelmesh,#hash_6d9c853e3af6d1af
xmodelmesh,#hash_ed9cbd666508bfa3
xmodelmesh,#hash_6d9d61c962ddd953
xmodelmesh,#hash_ed9dd1bab5286387
xmodelmesh,#hash_6da01a1abd1a6173
xmodelmesh,#hash_eda27abe2ae6f42b
xmodelmesh,#hash_6da348989e802bc2
xmodelmesh,#hash_6da3fe78a09e83a4
xmodelmesh,#hash_6da49573b38cef8a
xmodelmesh,#hash_6da9557e2a020309
xmodelmesh,#hash_edad914edc1188b9
xmodelmesh,#hash_edad94f6a2a0a566
xmodelmesh,#hash_6db13be247851238
xmodelmesh,#hash_6db1549163f66c25
xmodelmesh,#hash_6db57ea0addfa126
xmodelmesh,#hash_6db592b86de3f136
xmodelmesh,#hash_6db7dd812523f2ef
xmodelmesh,#hash_6db9572f1341bba5
xmodelmesh,#hash_6dc005111fcba743
xmodelmesh,#hash_6dc315700c723d66
xmodelmesh,#hash_6dc33a7223512877
xmodelmesh,#hash_edc5df917c916f10
xmodelmesh,#hash_6dc7566b47c3839c
xmodelmesh,#hash_6dc8bed16af9e803
xmodelmesh,#hash_6dcbd863d75c5a67
xmodelmesh,#hash_6dcfd6f6d12b5220
xmodelmesh,#hash_6dd3ac9e40e8d909
xmodelmesh,#hash_edd81ad3ada44a29
xmodelmesh,#hash_6dd9273aa6fef8a5
xmodelmesh,#hash_ede03ed8f041a088
xmodelmesh,#hash_6de049baa4edbf43
xmodelmesh,#hash_6de22d3f80cf15ef
xmodelmesh,#hash_6de38e5e9897c1a1
xmodelmesh,#hash_6de49f01ff1b8731
xmodelmesh,#hash_6de6959c660fb95f
xmodelmesh,#hash_6de912a3ba5b91e4
xmodelmesh,#hash_6debdae8d79439a0
xmodelmesh,#hash_6dee7a3f6d078f95
xmodelmesh,#hash_edef3e5049b6af47
xmodelmesh,#hash_6df2b1aaaff4a590
xmodelmesh,#hash_edf5183517f97335
xmodelmesh,#hash_edf5d89571d15927
xmodelmesh,#hash_6df6f53c740fff07
xmodelmesh,#hash_6dfa3cf769f6e73b
xmodelmesh,#hash_6dfa5083d24e86c1
xmodelmesh,#hash_edfab503bb3dbdab
xmodelmesh,#hash_6dfbb12a48458013
xmodelmesh,#hash_6dfdca678cb27418
xmodelmesh,#hash_6dffabdf974b3be5
xmodelmesh,#hash_6e00fbb22a36c690
xmodelmesh,#hash_6e05ee6f1716baa2
xmodelmesh,#hash_6e06a87afd0c2444
xmodelmesh,#hash_ee0810251cd9bb1f
xmodelmesh,#hash_6e081adfad58aa62
xmodelmesh,#hash_6e0c487d71d0e8a4
xmodelmesh,#hash_6e0c9777d19bbc75
xmodelmesh,#hash_6e11c1de4be44238
xmodelmesh,#hash_ee1333f93c273b51
xmodelmesh,#hash_6e1372a90a8d43ae
xmodelmesh,#hash_6e175da7f8e60e49
xmodelmesh,#hash_6e187ecab14adfe6
xmodelmesh,#hash_6e19d7882adccda8
xmodelmesh,#hash_ee1ab48c2980efc8
xmodelmesh,#hash_6e1ac6f6e7fa3436
xmodelmesh,#hash_6e1b0a20cbffc01c
xmodelmesh,#hash_6e1ebc717d1f014d
xmodelmesh,#hash_6e20664352583a35
xmodelmesh,#hash_6e23df2e72a4205f
xmodelmesh,#hash_6e26d827597eaf44
xmodelmesh,#hash_6e278337cca8234b
xmodelmesh,#hash_ee288ddca6c3c3fd
xmodelmesh,#hash_ee2afdb9184e9596
xmodelmesh,#hash_6e2c83add2281652
xmodelmesh,#hash_ee2d4e05420f936d
xmodelmesh,#hash_ee2d726160949beb
xmodelmesh,#hash_6e2ed7798662c68d
xmodelmesh,#hash_6e2f4b52e9a1ad73
xmodelmesh,#hash_6e354bd8e118f368
xmodelmesh,#hash_ee360879796a6c99
xmodelmesh,#hash_6e36b4c28f26e051
xmodelmesh,#hash_6e371b6fe6993e0b
xmodelmesh,#hash_6e393744950b3815
xmodelmesh,#hash_ee3a57634733f96b
xmodelmesh,#hash_6e3d328565e35147
xmodelmesh,#hash_6e3e48497e968de7
xmodelmesh,#hash_6e3fa7c25ed3c5e0
xmodelmesh,#hash_ee4021deb0253ad0
xmodelmesh,#hash_ee4038ba3260e7b8
xmodelmesh,#hash_ee41fc6d4e6c5bf5
xmodelmesh,#hash_6e46e3ca9578d078
xmodelmesh,#hash_6e4819595827330c
xmodelmesh,#hash_6e4f3115a2b505b5
xmodelmesh,#hash_6e52294ac3a585b1
xmodelmesh,#hash_6e5663e6ed81fff0
xmodelmesh,#hash_ee569cb8921917cc
xmodelmesh,#hash_6e572f7f9cecbbe9
xmodelmesh,#hash_6e5adcc583838902
xmodelmesh,#hash_6e5b4a4bf74ba823
xmodelmesh,#hash_6e5cb7348db4d170
xmodelmesh,#hash_6e5d60eb3a2208a4
xmodelmesh,#hash_6e5d62d07f7a02c6
xmodelmesh,#hash_6e62ba22bd19f73f
xmodelmesh,#hash_6e63e05b7c008a35
xmodelmesh,#hash_6e63eb6100fc4ea4
xmodelmesh,#hash_6e64617a7a7d5e65
xmodelmesh,#hash_6e64c27c03b8db21
xmodelmesh,#hash_6e65615d87df761a
xmodelmesh,#hash_ee668a87103059e1
xmodelmesh,#hash_6e6a281fd8be3a4a
xmodelmesh,#hash_6e6cb8843ebeb4d9
xmodelmesh,#hash_6e6f5b196411e1aa
xmodelmesh,#hash_6e6f9f89d5face43
xmodelmesh,#hash_ee71a8a2613fe1e5
xmodelmesh,#hash_6e72db3306835600
xmodelmesh,#hash_ee769da3b4769474
xmodelmesh,#hash_6e78497572413a1c
xmodelmesh,#hash_ee78709a72014c0e
xmodelmesh,#hash_ee78a3a943a63591
xmodelmesh,#hash_6e7aa59b87626a8a
xmodelmesh,#hash_6e7b231c5634203e
xmodelmesh,#hash_6e8174d90528eabb
xmodelmesh,#hash_6e8325775b214cfc
xmodelmesh,#hash_6e837c0a94b70f81
xmodelmesh,#hash_6e8507a859bf87c2
xmodelmesh,#hash_6e85eebb52c9ce27
xmodelmesh,#hash_6e878de9db1db0c8
xmodelmesh,#hash_6e87a768de1f9d3a
xmodelmesh,#hash_6e88d57bc1aba4ab
xmodelmesh,#hash_6e89bfae0e0af051
xmodelmesh,#hash_ee8b3b3399304cb5
xmodelmesh,#hash_6e8b4d22090b8fbe
xmodelmesh,#hash_6e8e67555b1699ef
xmodelmesh,#hash_ee8e6d9c239b8f9c
xmodelmesh,#hash_6e8eaafa10df1387
xmodelmesh,#hash_6e906a1d59d59328
xmodelmesh,#hash_6e91f70b2bbbeeed
xmodelmesh,#hash_6e93923bf66d4d39
xmodelmesh,#hash_6e9441a2ec80b4c7
xmodelmesh,#hash_6e9623b326bfe20e
xmodelmesh,#hash_ee9641082f76b71a
xmodelmesh,#hash_6e96efc2a87e5549
xmodelmesh,#hash_6e97610510c9e8cf
xmodelmesh,#hash_ee97828ec9ab4552
xmodelmesh,#hash_6e9a796460423aa9
xmodelmesh,#hash_6e9c842faa9f05e7
xmodelmesh,#hash_6e9d395256d0af24
xmodelmesh,#hash_ee9faf57476dea33
xmodelmesh,#hash_6ea06a1c6dca138c
xmodelmesh,#hash_6ea089bea9975f40
xmodelmesh,#hash_eea2f6be228fc1b5
xmodelmesh,#hash_6ea4144e9051da72
xmodelmesh,#hash_6ea41540bbcff051
xmodelmesh,#hash_eea45d341e54ffd3
xmodelmesh,#hash_eea6b5bdadeb7bfa
xmodelmesh,#hash_eea7602cda5750c6
xmodelmesh,#hash_6eadb17089658a3e
xmodelmesh,#hash_eeb07ed300f32a87
xmodelmesh,#hash_6eb306d0c015e8f3
xmodelmesh,#hash_6eb3459b9ea8b0cd
xmodelmesh,#hash_6eb5c79adc23548e
xmodelmesh,#hash_6ec23f71324ac70e
xmodelmesh,#hash_6ec2f45457a06d6d
xmodelmesh,#hash_6ec54d9434b8b60f
xmodelmesh,#hash_eeca77952e303e5a
xmodelmesh,#hash_6ecb788fa574c86b
xmodelmesh,#hash_6ecbbc4f6cda5993
xmodelmesh,#hash_6ed0d37e850e446c
xmodelmesh,#hash_6ed48dedc1a0d1d9
xmodelmesh,#hash_6ed561fd4af71827
xmodelmesh,#hash_6ed8ec2bc8feda77
xmodelmesh,#hash_eed8fbcd7cd8c65d
xmodelmesh,#hash_eeda5ad11b0072da
xmodelmesh,#hash_6edc015080fdb5f5
xmodelmesh,#hash_6eddec0c0fb5e7a2
xmodelmesh,#hash_6eddfde2332ec81c
xmodelmesh,#hash_6edf52502af50b66
xmodelmesh,#hash_6ee13e1613b529b9
xmodelmesh,#hash_6ee300c247153780
xmodelmesh,#hash_6ee563a87b812330
xmodelmesh,#hash_6ee661bd227a8078
xmodelmesh,#hash_6ee7e47d8e13129f
xmodelmesh,#hash_6eeaa87bc2dfbf5c
xmodelmesh,#hash_6eeb7ae1944387c8
xmodelmesh,#hash_6eebb645ab03498e
xmodelmesh,#hash_6eee63ef4480c250
xmodelmesh,#hash_6eef02213d26dedf
xmodelmesh,#hash_6eefdb35683c70ac
xmodelmesh,#hash_6ef14b4a284e08e4
xmodelmesh,#hash_6ef1c5f18dceb7b4
xmodelmesh,#hash_eef51aab6fcfb410
xmodelmesh,#hash_6ef6370997582723
xmodelmesh,#hash_6ef97a009c6d7429
xmodelmesh,#hash_6efa00e9c7d3188e
xmodelmesh,#hash_eefa187a9de7739d
xmodelmesh,#hash_6efc7e12cc4b8cf5
xmodelmesh,#hash_6f00cc5582d489ce
xmodelmesh,#hash_6f010ec4de457cae
xmodelmesh,#hash_6f013e099e8ecebe
xmodelmesh,#hash_ef01b3abce01e429
xmodelmesh,#hash_6f02fbb863bf41a4
xmodelmesh,#hash_6f0383f2dd41a9b9
xmodelmesh,#hash_6f0452106450b8b4
xmodelmesh,#hash_6f07c62b236dceb4
xmodelmesh,#hash_ef0888221fca8d4c
xmodelmesh,#hash_ef089ca3b8e83ab2
xmodelmesh,#hash_6f08ae4823dd6059
xmodelmesh,#hash_6f0925ce29ffcda0
xmodelmesh,#hash_6f0b8e2e2315388b
xmodelmesh,#hash_6f0d03cfc224cfcf
xmodelmesh,#hash_6f10f39f0f7e5e15
xmodelmesh,#hash_6f116e7acf870089
xmodelmesh,#hash_6f1a0f35637b78d8
xmodelmesh,#hash_6f1a1937c5f3d0f2
xmodelmesh,#hash_6f1ef468139a5f53
xmodelmesh,#hash_6f23029a45a32fb6
xmodelmesh,#hash_6f2316331634eb8c
xmodelmesh,#hash_6f23a819c5f54f27
xmodelmesh,#hash_6f25b868287c3ee7
xmodelmesh,#hash_6f27464b48a11a48
xmodelmesh,#hash_6f27e0ffa49d87c1
xmodelmesh,#hash_6f28b8e1af03386a
xmodelmesh,#hash_6f2ce2d8aad53b99
xmodelmesh,#hash_6f2dfaad0603e351
xmodelmesh,#hash_6f2e186eabfb2688
xmodelmesh,#hash_6f2e2f55dd8bb099
xmodelmesh,#hash_6f2f0318ee939ad7
xmodelmesh,#hash_6f3074fed5293899
xmodelmesh,#hash_6f3a31e4b35c14dd
xmodelmesh,#hash_ef3b293436ad2b93
xmodelmesh,#hash_6f3b661df0fff891
xmodelmesh,#hash_6f3e308ac9a814e1
xmodelmesh,#hash_ef3f0df847127d94
xmodelmesh,#hash_6f4196a56ad62db3
xmodelmesh,#hash_6f4204cc160a0be3
xmodelmesh,#hash_6f433523f64924ae
xmodelmesh,#hash_6f43f9e5ede976c8
xmodelmesh,#hash_6f4589bc3bd08a52
xmodelmesh,#hash_6f47a83a76fc474e
xmodelmesh,#hash_6f49e0154a016d8f
xmodelmesh,#hash_6f4b9b5e9683993a
xmodelmesh,#hash_6f4ba676335c1e05
xmodelmesh,#hash_6f4fa3f819796dbd
xmodelmesh,#hash_ef51897b29a9173a
xmodelmesh,#hash_6f5386fd75b7f070
xmodelmesh,#hash_6f54065837ce1c3b
xmodelmesh,#hash_6f55242e5d318cc2
xmodelmesh,#hash_6f5541cc8129ef8b
xmodelmesh,#hash_6f554fe51d1c4d90
xmodelmesh,#hash_6f55c4fb09591a3f
xmodelmesh,#hash_6f56758d9ea9fa17
xmodelmesh,#hash_6f58ef7b2b34328f
xmodelmesh,#hash_6f590e6a61c503d7
xmodelmesh,#hash_6f593c61c49261cc
xmodelmesh,#hash_6f59515bda51eb93
xmodelmesh,#hash_6f59fbb22b91e3b5
xmodelmesh,#hash_6f5c094e9dcc1f39
xmodelmesh,#hash_ef5c729de8b00dd5
xmodelmesh,#hash_6f5df248eb2cc993
xmodelmesh,#hash_6f69798e5f5e7006
xmodelmesh,#hash_6f6a368a71dd4e86
xmodelmesh,#hash_6f6c9b4427c24e0c
xmodelmesh,#hash_6f6d118f6e3c3469
xmodelmesh,#hash_6f6ddf55b7664f6d
xmodelmesh,#hash_6f71313928f3f4ca
xmodelmesh,#hash_ef74e4a28ded3be9
xmodelmesh,#hash_6f759c9ee6c5675c
xmodelmesh,#hash_6f7657cff75b6453
xmodelmesh,#hash_6f7a63ed37b61e83
xmodelmesh,#hash_6f7a8366bc239a2f
xmodelmesh,#hash_ef7ab6aae9c243ba
xmodelmesh,#hash_6f7b0f622bf2d8c3
xmodelmesh,#hash_ef7b1539f5adfec4
xmodelmesh,#hash_6f7d1f748faab731
xmodelmesh,#hash_ef7e6feffff43d08
xmodelmesh,#hash_6f7f8e14297a0ce5
xmodelmesh,#hash_ef82549b238c0116
xmodelmesh,#hash_6f852fc9d76a99c9
xmodelmesh,#hash_6f86de2d6d5d9032
xmodelmesh,#hash_ef8708ae72e06bac
xmodelmesh,#hash_6f8a748ea51277ad
xmodelmesh,#hash_6f8aabf80f34be74
xmodelmesh,#hash_6f8b34915168eca4
xmodelmesh,#hash_6f8bb874a8159bc9
xmodelmesh,#hash_ef8e130542d76836
xmodelmesh,#hash_6f8e9ebdb068ade1
xmodelmesh,#hash_6f8ed67772daec5b
xmodelmesh,#hash_6f91113ff317d504
xmodelmesh,#hash_6f9197291549204b
xmodelmesh,#hash_6f91b858803555e3
xmodelmesh,#hash_6f93df712339e698
xmodelmesh,#hash_6f9528903e7e3c78
xmodelmesh,#hash_6f95d0775dd94716
xmodelmesh,#hash_ef96f8148f302c91
xmodelmesh,#hash_6f997eec4ad7eff6
xmodelmesh,#hash_ef999a2f7c9ca221
xmodelmesh,#hash_6f9a5601f8981af2
xmodelmesh,#hash_6f9c13668f4bab07
xmodelmesh,#hash_efa1b6b80c368877
xmodelmesh,#hash_6fa856638cdd1e55
xmodelmesh,#hash_6fa9d16bd402af15
xmodelmesh,#hash_6fa9d405c60fe975
xmodelmesh,#hash_6faa157a8ada96c4
xmodelmesh,#hash_6fae26c078696b97
xmodelmesh,#hash_6fae540353fe938b
xmodelmesh,#hash_efb148097d8c5782
xmodelmesh,#hash_6fbce9e2fe5614e3
xmodelmesh,#hash_efbd03e660c46056
xmodelmesh,#hash_6fbda2c4ec9237f7
xmodelmesh,#hash_6fbdc6e80bdb75a8
xmodelmesh,#hash_6fbe5a95b6ea6ebb
xmodelmesh,#hash_efbecba4c9c0a7a2
xmodelmesh,#hash_6fbf670a72be772b
xmodelmesh,#hash_6fc561834594a8a3
xmodelmesh,#hash_6fc7cc99b0ebf571
xmodelmesh,#hash_6fcd21661878c8aa
xmodelmesh,#hash_6fcecf46ce852235
xmodelmesh,#hash_6fd2878b37f5c928
xmodelmesh,#hash_6fd416a7d9265e77
xmodelmesh,#hash_6fd64de50df2c798
xmodelmesh,#hash_6fdb3d7a0c91cbf0
xmodelmesh,#hash_6fdca989695ba9f1
xmodelmesh,#hash_6fdd7b8ca0b1cf8c
xmodelmesh,#hash_6fe2ae36eee722cf
xmodelmesh,#hash_6fe7f52ed96c474e
xmodelmesh,#hash_6fee4bd7fbe313c6
xmodelmesh,#hash_6feee2607dd920e8
xmodelmesh,#hash_6fef608f7ca2f2f7
xmodelmesh,#hash_6fefc9e077e01306
xmodelmesh,#hash_6ff36340f486b31c
xmodelmesh,#hash_6ff42835354b4c21
xmodelmesh,#hash_6ff455f41b40670b
xmodelmesh,#hash_6ff86345acfb97a7
xmodelmesh,#hash_effa119f8eed49db
xmodelmesh,#hash_6ffaddd4a4be87a5
xmodelmesh,#hash_effb87b2732d8bf8
xmodelmesh,#hash_6ffbbfe89abfb401
xmodelmesh,#hash_6ffbe163840c4164
xmodelmesh,#hash_6ffbe3fd291c4ce5
xmodelmesh,#hash_6ffc2a5c2ac48d9c
xmodelmesh,#hash_effe4a9063c50dcc
xmodelmesh,#hash_6fff9f80b2394bea
xmodelmesh,#hash_700230bfb65ed918
xmodelmesh,#hash_7005e75b099ca1b8
xmodelmesh,#hash_f0062554f4742446
xmodelmesh,#hash_7007792cec838634
xmodelmesh,#hash_7007e4086c851797
xmodelmesh,#hash_70088646b43e72bb
xmodelmesh,#hash_700ae5f4a3257ceb
xmodelmesh,#hash_701063196451427b
xmodelmesh,#hash_7011508202cea979
xmodelmesh,#hash_70121f00e427d9a6
xmodelmesh,#hash_70125c0593ca7529
xmodelmesh,#hash_7015bd01c38ca20d
xmodelmesh,#hash_7018397bf6d8ce5d
xmodelmesh,#hash_701b3ab155627f49
xmodelmesh,#hash_f01e0478ce059092
xmodelmesh,#hash_70208acf36c46902
xmodelmesh,#hash_f02285fd0bba4bc8
xmodelmesh,#hash_702381a23efc7470
xmodelmesh,#hash_702381b4233ae917
xmodelmesh,#hash_7023b9be39b3c7e4
xmodelmesh,#hash_7024b47d52e2a49c
xmodelmesh,#hash_f02506cca4eabeb5
xmodelmesh,#hash_7027056713a5fc72
xmodelmesh,#hash_f02a50a64cc1c681
xmodelmesh,#hash_702d95c3b2ea9d95
xmodelmesh,#hash_f02f0528e93f62b9
xmodelmesh,#hash_702fc17101dfa4c6
xmodelmesh,#hash_7030912779f8fb46
xmodelmesh,#hash_7030d33859d6dcc2
xmodelmesh,#hash_f0327a2bcbc4ed4f
xmodelmesh,#hash_70386f066919d0ec
xmodelmesh,#hash_7038d023c6e75f1a
xmodelmesh,#hash_70398e6dc98e0d86
xmodelmesh,#hash_7039981c9eb29dcf
xmodelmesh,#hash_f03b170824f47bc7
xmodelmesh,#hash_703dd0f1ece0864c
xmodelmesh,#hash_703e06c577cbc190
xmodelmesh,#hash_70430a37e462bd13
xmodelmesh,#hash_f043179c17f07651
xmodelmesh,#hash_704341640b0c3e84
xmodelmesh,#hash_7044546eccdbbcb7
xmodelmesh,#hash_70465c98e730d073
xmodelmesh,#hash_70466e13b9862f13
xmodelmesh,#hash_70479d9bd509984d
xmodelmesh,#hash_f04a84444bbb8565
xmodelmesh,#hash_704ed96b0fab7548
xmodelmesh,#hash_704f304d1fbb75a7
xmodelmesh,#hash_705121b71cf54fd9
xmodelmesh,#hash_705320b65b0263b5
xmodelmesh,#hash_70558ee35daa749e
xmodelmesh,#hash_f059a178df10fde8
xmodelmesh,#hash_705bb3e095343267
xmodelmesh,#hash_705bbc3b7ff79ccd
xmodelmesh,#hash_705bf681cc285aea
xmodelmesh,#hash_705e60c8ecdb2d7a
xmodelmesh,#hash_705f075d5950a1b3
xmodelmesh,#hash_70614404060feb3c
xmodelmesh,#hash_70622b2a3d852cba
xmodelmesh,#hash_70624a2cad2eb202
xmodelmesh,#hash_70629510e42ac851
xmodelmesh,#hash_7062b593000bade3
xmodelmesh,#hash_7064e76332cd78a4
xmodelmesh,#hash_7065159f05aa00e2
xmodelmesh,#hash_7067327f648872e9
xmodelmesh,#hash_70676a3465499338
xmodelmesh,#hash_f067ceef732c49e4
xmodelmesh,#hash_7067e6bef34c3ff2
xmodelmesh,#hash_7069ef2ab4b8ce60
xmodelmesh,#hash_706bdc138383e5ea
xmodelmesh,#hash_706d4c9bdf0814c5
xmodelmesh,#hash_706ee3d88e092fc6
xmodelmesh,#hash_706eef9043f0fa05
xmodelmesh,#hash_706fc633cbf4beff
xmodelmesh,#hash_7070998297cdbe6a
xmodelmesh,#hash_707784f03034ada9
xmodelmesh,#hash_7079b2582ad16763
xmodelmesh,#hash_f07b196b13951ea7
xmodelmesh,#hash_f0808a691d5f481f
xmodelmesh,#hash_70814ba73c8d1be8
xmodelmesh,#hash_7082e95b01328eaa
xmodelmesh,#hash_f0838858421399f6
xmodelmesh,#hash_f0845c8dd0332f4e
xmodelmesh,#hash_f08598ba53c567df
xmodelmesh,#hash_f08b7e3cbeb768ff
xmodelmesh,#hash_708ba4d63de2b66a
xmodelmesh,#hash_7092f67d925b71ad
xmodelmesh,#hash_7093850c542f2167
xmodelmesh,#hash_70940339593bbf69
xmodelmesh,#hash_709479da194dd521
xmodelmesh,#hash_7094a8fea89ab275
xmodelmesh,#hash_f094c07547e8f058
xmodelmesh,#hash_709532377336a7f3
xmodelmesh,#hash_709770706b8108de
xmodelmesh,#hash_7099064067b812aa
xmodelmesh,#hash_f099750313be8baa
xmodelmesh,#hash_709d65a6f159a807
xmodelmesh,#hash_709e42f5b704af28
xmodelmesh,#hash_709e761f161ff1dc
xmodelmesh,#hash_70a06d3ea78a889c
xmodelmesh,#hash_70a2cd29758903ab
xmodelmesh,#hash_70a594c228ec29b1
xmodelmesh,#hash_70a8f5f625bae6ea
xmodelmesh,#hash_70a91d5758503377
xmodelmesh,#hash_70aaecd6161e1421
xmodelmesh,#hash_70abda68ffb0ef84
xmodelmesh,#hash_f0ad534c608ad5ab
xmodelmesh,#hash_70b010b333850fd0
xmodelmesh,#hash_70b1655c5433d9b7
xmodelmesh,#hash_70b179bc5d4b8692
xmodelmesh,#hash_70b294020fd2949d
xmodelmesh,#hash_70b94c862188eb5f
xmodelmesh,#hash_70bc272b4ccb9fdf
xmodelmesh,#hash_70bcdba9bc2843c2
xmodelmesh,#hash_70bd038f34c4b2a7
xmodelmesh,#hash_70bf177ef5b28ae9
xmodelmesh,#hash_f0bf3c2d56a24d0a
xmodelmesh,#hash_70bf5b6abfbffe11
xmodelmesh,#hash_70bff3bce045e873
xmodelmesh,#hash_70c05ac18956d5c9
xmodelmesh,#hash_70c0815ed94451b1
xmodelmesh,#hash_70c2c1d45c93cbd2
xmodelmesh,#hash_70c454a905e043cc
xmodelmesh,#hash_f0c4be51677da141
xmodelmesh,#hash_70c5999156dfdd99
xmodelmesh,#hash_70c6689eba78514b
xmodelmesh,#hash_f0c7f8964936cdad
xmodelmesh,#hash_70c839f530c00a12
xmodelmesh,#hash_f0cb8c6f97a97a95
xmodelmesh,#hash_70cd2bd42b1411d0
xmodelmesh,#hash_70cef9098b244f4b
xmodelmesh,#hash_70cf0258af9d0ad9
xmodelmesh,#hash_70d04d2a75a8a700
xmodelmesh,#hash_70d15f0c61dfda1e
xmodelmesh,#hash_70d2e87d509746a3
xmodelmesh,#hash_70d50c6de3b6c1b2
xmodelmesh,#hash_f0d671287623f425
xmodelmesh,#hash_70d7b74ba873d12c
xmodelmesh,#hash_70d8967266c4b5f7
xmodelmesh,#hash_70d89d1ee7c05c22
xmodelmesh,#hash_70d910d54f6edf0c
xmodelmesh,#hash_70d979683dd6cb3b
xmodelmesh,#hash_70d9a68b74696b66
xmodelmesh,#hash_70dbf8df7ac9eee3
xmodelmesh,#hash_70dc55480a0c2baa
xmodelmesh,#hash_70dcfd81a9bf799d
xmodelmesh,#hash_f0dd0f6785257483
xmodelmesh,#hash_70de1be47c9f16fb
xmodelmesh,#hash_70df5370db5c4fb8
xmodelmesh,#hash_70e057be4352aaa8
xmodelmesh,#hash_f0e36e666a0679b5
xmodelmesh,#hash_70e57e217e619bff
xmodelmesh,#hash_70e61350546c3b16
xmodelmesh,#hash_70e85458484309eb
xmodelmesh,#hash_70e99cbae216da1c
xmodelmesh,#hash_70ec9ae6a79c8360
xmodelmesh,#hash_70ef99748eefaae9
xmodelmesh,#hash_70f08d1e5cd135a6
xmodelmesh,#hash_70f585b298a682de
xmodelmesh,#hash_f0f7b8fd830dc7a3
xmodelmesh,#hash_70f940d972335f11
xmodelmesh,#hash_70fa9ce1b2fd5c14
xmodelmesh,#hash_f0fad64fd3b264d2
xmodelmesh,#hash_70fb0285c34348be
xmodelmesh,#hash_70fd5338653a3daf
xmodelmesh,#hash_70fe4261a5df853c
xmodelmesh,#hash_710058ec57bd66e8
xmodelmesh,#hash_7101fa64658f9cb5
xmodelmesh,#hash_71041c514ac2a9af
xmodelmesh,#hash_7104d99ffd0a5b40
xmodelmesh,#hash_7104e50dd1fd23d5
xmodelmesh,#hash_f106751cede9b49d
xmodelmesh,#hash_7109144552e29fd8
xmodelmesh,#hash_7109d772f9f395dc
xmodelmesh,#hash_710a0fd4ff531ec4
xmodelmesh,#hash_f10b6b5c865d4cc4
xmodelmesh,#hash_f10ce6f68d02635b
xmodelmesh,#hash_710ceca227dba1e1
xmodelmesh,#hash_f10dcc228845c1fc
xmodelmesh,#hash_f10e00db0fc3cdb9
xmodelmesh,#hash_710e69107cbc006b
xmodelmesh,#hash_7111a31553775369
xmodelmesh,#hash_711295287b5e83ad
xmodelmesh,#hash_71146ea963530716
xmodelmesh,#hash_711603494dab4943
xmodelmesh,#hash_f118625c5fe74916
xmodelmesh,#hash_711a17c5b84e8b8a
xmodelmesh,#hash_711cb7923eb6afb3
xmodelmesh,#hash_711de973add24a83
xmodelmesh,#hash_7120bb6c9b562da6
xmodelmesh,#hash_712111cbc7707c3c
xmodelmesh,#hash_712195c582f7b822
xmodelmesh,#hash_7121f85824c13ec5
xmodelmesh,#hash_7122c9290855da66
xmodelmesh,#hash_71234f57b151bb74
xmodelmesh,#hash_7124150bb5c83a94
xmodelmesh,#hash_7125e8a05e898e5d
xmodelmesh,#hash_7126b92a203f5bef
xmodelmesh,#hash_71286c7b0d514bf2
xmodelmesh,#hash_712a1098e5a68e24
xmodelmesh,#hash_712ac78e1d9e1d4a
xmodelmesh,#hash_712c15dda9c9ea53
xmodelmesh,#hash_f12ffed4786dd41c
xmodelmesh,#hash_7130e25f885e25c6
xmodelmesh,#hash_f1379ec5e12a64ed
xmodelmesh,#hash_7139fef8cccc877d
xmodelmesh,#hash_713ce3b9f1eb4e9a
xmodelmesh,#hash_f13f9a8eee4810c2
xmodelmesh,#hash_71424b21de602f2d
xmodelmesh,#hash_7144fcd426a96e01
xmodelmesh,#hash_7146c5d49ada173e
xmodelmesh,#hash_7147d73064e50f6c
xmodelmesh,#hash_7149c3abc24be98a
xmodelmesh,#hash_714dc9bbaef37c0c
xmodelmesh,#hash_714fc3e57cfd0883
xmodelmesh,#hash_f152933c65ac8780
xmodelmesh,#hash_715569851407198c
xmodelmesh,#hash_7157fed4ee83613f
xmodelmesh,#hash_7159eacdd3e09b18
xmodelmesh,#hash_715a92b7eedbbddc
xmodelmesh,#hash_715e876cbaddf6c3
xmodelmesh,#hash_71632179cba2973b
xmodelmesh,#hash_f166ad6eb6ed8d3e
xmodelmesh,#hash_7166e6110d08eef1
xmodelmesh,#hash_f1673a022373b097
xmodelmesh,#hash_71686705c5976fda
xmodelmesh,#hash_f168f74f6e489992
xmodelmesh,#hash_f16ea2764c3beaea
xmodelmesh,#hash_717009367445fcd8
xmodelmesh,#hash_7170257f2044d6d4
xmodelmesh,#hash_7172b8dbc03acf73
xmodelmesh,#hash_71759f4b7b009b9d
xmodelmesh,#hash_f177fe64c66d1da6
xmodelmesh,#hash_717985a2a8dda699
xmodelmesh,#hash_717c2ccaaa40e7c9
xmodelmesh,#hash_f18298283eb263fc
xmodelmesh,#hash_7184a338b3352565
xmodelmesh,#hash_7184a4fd1006cff5
xmodelmesh,#hash_7187c61ea788cad4
xmodelmesh,#hash_f188b7a75bb87ab3
xmodelmesh,#hash_718982e436eedf56
xmodelmesh,#hash_7189e41b8e154d2b
xmodelmesh,#hash_718a039fc0a8882c
xmodelmesh,#hash_718bc3d029741d6a
xmodelmesh,#hash_718f3e8d61674e44
xmodelmesh,#hash_7190befbdb3a850f
xmodelmesh,#hash_71967a1cb982cf04
xmodelmesh,#hash_7199bdd719bdf72e
xmodelmesh,#hash_719b8170a0e48e6c
xmodelmesh,#hash_f19d5ed3720b915d
xmodelmesh,#hash_719ef9785221edab
xmodelmesh,#hash_f19f2f3521df6dac
xmodelmesh,#hash_719fc4e33ccb0f29
xmodelmesh,#hash_719fd0b6fe81652b
xmodelmesh,#hash_71a07fee6faf24f6
xmodelmesh,#hash_71a149e17cf22b8b
xmodelmesh,#hash_f1a1ae4dd6f00cf1
xmodelmesh,#hash_71a1b0cae47b11f9
xmodelmesh,#hash_71a3b7893e01a3d8
xmodelmesh,#hash_71a4b48bdfe243bd
xmodelmesh,#hash_71a7461edc8c46e4
xmodelmesh,#hash_71ae3c85ac73a74f
xmodelmesh,#hash_71afbeb7b9a8f092
xmodelmesh,#hash_71b094a2f1b093b1
xmodelmesh,#hash_71b3194568be8db4
xmodelmesh,#hash_71b8719243993940
xmodelmesh,#hash_71b877a3035dc2b6
xmodelmesh,#hash_71b9ff0bccad4000
xmodelmesh,#hash_71bc3371e98958ec
xmodelmesh,#hash_71bd0894bba9ea26
xmodelmesh,#hash_71c068a107fcea96
xmodelmesh,#hash_71c4bab1be19ca3d
xmodelmesh,#hash_71c55cac070be505
xmodelmesh,#hash_71c6c3911d8dc320
xmodelmesh,#hash_71c74d2274cea97e
xmodelmesh,#hash_f1c94e8991d59480
xmodelmesh,#hash_71c95736cb4f90d6
xmodelmesh,#hash_71cc0a5c61c143d1
xmodelmesh,#hash_71cebc60bdcb05da
xmodelmesh,#hash_f1cedda2258fcf81
xmodelmesh,#hash_71cf18ade74f3c3c
xmodelmesh,#hash_71d17500236dd687
xmodelmesh,#hash_71d3866e11cdf02d
xmodelmesh,#hash_71d7126c2a4b43ba
xmodelmesh,#hash_71dd82f11ce307cb
xmodelmesh,#hash_71de6d20f61f9d86
xmodelmesh,#hash_71de771eebf88540
xmodelmesh,#hash_71e20e060faa5cb1
xmodelmesh,#hash_71e2c6afa5bd8dd0
xmodelmesh,#hash_71eb30cba9ecc2bd
xmodelmesh,#hash_71ecf7d2a68b79aa
xmodelmesh,#hash_f1eff9751008d3de
xmodelmesh,#hash_71f0baad059690cd
xmodelmesh,#hash_71f1352cbd7b07da
xmodelmesh,#hash_71f396a682f75591
xmodelmesh,#hash_71f3e6f12ef42c5a
xmodelmesh,#hash_71f88c13740c2ee6
xmodelmesh,#hash_71fbfa5a94f43334
xmodelmesh,#hash_71ff0138d2271a75
xmodelmesh,#hash_71ff1b139b63789c
xmodelmesh,#hash_7200a5c6ce5f29a5
xmodelmesh,#hash_7200fa4259499b52
xmodelmesh,#hash_7201ecb91bbe71e9
xmodelmesh,#hash_7205e07f2c7bd0da
xmodelmesh,#hash_7206b2b4d99be78d
xmodelmesh,#hash_720755b51ab7b76a
xmodelmesh,#hash_f20af33693db16b1
xmodelmesh,#hash_720eff4afcb3dc88
xmodelmesh,#hash_f2112a9ba4cb16ba
xmodelmesh,#hash_72119fb7b15ecc92
xmodelmesh,#hash_721284c95421aa7b
xmodelmesh,#hash_7215c4a9447052b7
xmodelmesh,#hash_f2169031e645934f
xmodelmesh,#hash_72193b21fb0d7889
xmodelmesh,#hash_721c704e5fa92dab
xmodelmesh,#hash_721e301f7a388e9b
xmodelmesh,#hash_721eb8b5d3d8caaa
xmodelmesh,#hash_7221a4fad5c0e181
xmodelmesh,#hash_7223b72ce1997892
xmodelmesh,#hash_f226a23ba1edbf4a
xmodelmesh,#hash_72283ef32582212f
xmodelmesh,#hash_722924de21569edb
xmodelmesh,#hash_722a1ada2ad56cf2
xmodelmesh,#hash_72300567bc75b4cd
xmodelmesh,#hash_72330f15a5a6cf0d
xmodelmesh,#hash_f2357da3e856c037
xmodelmesh,#hash_72384c6ae94485e8
xmodelmesh,#hash_f239be830d7ea523
xmodelmesh,#hash_723a7b212cd6715f
xmodelmesh,#hash_723ac95ea8656875
xmodelmesh,#hash_f23b73f3b552241a
xmodelmesh,#hash_723d3c9450e87b35
xmodelmesh,#hash_f23f6168fa973906
xmodelmesh,#hash_f23f79d19a830c29
xmodelmesh,#hash_724025eaf0510ce8
xmodelmesh,#hash_f2421c0b65bcbe5c
xmodelmesh,#hash_72431b08a08c314d
xmodelmesh,#hash_724512b5ccfba16e
xmodelmesh,#hash_f24528cc43e40f7b
xmodelmesh,#hash_724a2a45ef39a8bf
xmodelmesh,#hash_724d81e2323b53dd
xmodelmesh,#hash_f250851f52016c90
xmodelmesh,#hash_7250e20ebb5aed99
xmodelmesh,#hash_7250f233689cd30f
xmodelmesh,#hash_7251e82a85d71492
xmodelmesh,#hash_7253eeb0213ae8ed
xmodelmesh,#hash_7254a1776e30d73b
xmodelmesh,#hash_725552682ddee26a
xmodelmesh,#hash_725596c2c6e25ea7
xmodelmesh,#hash_f257915299e7557e
xmodelmesh,#hash_725afd37a53bf53f
xmodelmesh,#hash_725b69fc4357ab6c
xmodelmesh,#hash_f25be35beb8adad0
xmodelmesh,#hash_f25c20e067076349
xmodelmesh,#hash_725cb87341946b4c
xmodelmesh,#hash_725ecbcd3c9f3812
xmodelmesh,#hash_72608b57392a000b
xmodelmesh,#hash_7262ddcc3c2f5879
xmodelmesh,#hash_f2674d5e2d73f29c
xmodelmesh,#hash_72675e7b881ebace
xmodelmesh,#hash_7267746ffa6ea7ca
xmodelmesh,#hash_7267a5841335af1a
xmodelmesh,#hash_726c608466523987
xmodelmesh,#hash_726d1588ad603d75
xmodelmesh,#hash_72708901547a00f2
xmodelmesh,#hash_727273f646f426ad
xmodelmesh,#hash_f274adaade161cf8
xmodelmesh,#hash_f2766a9211728153
xmodelmesh,#hash_727789a58eff6e86
xmodelmesh,#hash_72785d2fed14f6e8
xmodelmesh,#hash_7278bde70b3e4af3
xmodelmesh,#hash_72839ef784806c2e
xmodelmesh,#hash_72891b32c0f5e518
xmodelmesh,#hash_7289866c95fdd786
xmodelmesh,#hash_728a8364122aebc7
xmodelmesh,#hash_728a9dbac55b2f30
xmodelmesh,#hash_f28cb93deb75c3de
xmodelmesh,#hash_f28d187d57bb396b
xmodelmesh,#hash_728ee27b71762728
xmodelmesh,#hash_f291c6f5bc9dc17b
xmodelmesh,#hash_72954f7bbb65caf2
xmodelmesh,#hash_729596b02b8ac995
xmodelmesh,#hash_729993cc1477058f
xmodelmesh,#hash_7299dd0208719e35
xmodelmesh,#hash_729c11d7ace4ae87
xmodelmesh,#hash_72a09bc5a6000660
xmodelmesh,#hash_72a252c0337b810f
xmodelmesh,#hash_72a2c57134952b5d
xmodelmesh,#hash_72a3f23f024d706e
xmodelmesh,#hash_72a7274fc06fc899
xmodelmesh,#hash_72a82556593c9bbb
xmodelmesh,#hash_f2adc1b2e16b16b4
xmodelmesh,#hash_72adee10fa0a1af7
xmodelmesh,#hash_72ae1c0014a9889d
xmodelmesh,#hash_72b367df2928c13e
xmodelmesh,#hash_72b44954ac79d134
xmodelmesh,#hash_72b562c001d05cbe
xmodelmesh,#hash_72b581eeabfe53e9
xmodelmesh,#hash_72b627f78f9964f5
xmodelmesh,#hash_72b77711ad2de147
xmodelmesh,#hash_72b85e1742da1e66
xmodelmesh,#hash_f2b93ceec71320d4
xmodelmesh,#hash_f2b9c2ab3dfbca70
xmodelmesh,#hash_72bc3fffa3c11af2
xmodelmesh,#hash_72c1735c5f16a08b
xmodelmesh,#hash_72c2dcea7fb14c11
xmodelmesh,#hash_72c83e02cf5595e7
xmodelmesh,#hash_72c90754a8194a14
xmodelmesh,#hash_72d435484ae50aee
xmodelmesh,#hash_72d8ca77fa0caac7
xmodelmesh,#hash_72d9fe9b82b4ee28
xmodelmesh,#hash_f2da0a405dbabe24
xmodelmesh,#hash_f2dacae140a0ef13
xmodelmesh,#hash_f2dd066f43c7d1f3
xmodelmesh,#hash_72dd2d63c5d153f9
xmodelmesh,#hash_72dd703bee36f99f
xmodelmesh,#hash_f2dde4412529958c
xmodelmesh,#hash_72de6c89eb0e10ca
xmodelmesh,#hash_72dfed416da0d93e
xmodelmesh,#hash_72e0c3fd5771b7d4
xmodelmesh,#hash_72e0e7bf09ce7af2
xmodelmesh,#hash_72e100b8a84e14c7
xmodelmesh,#hash_72e6ed906c3df8dd
xmodelmesh,#hash_72e7a1e4930a65ed
xmodelmesh,#hash_72e7b51716c8a79d
xmodelmesh,#hash_72ebcb2c3ee4cf2e
xmodelmesh,#hash_72ed8ee64ec820c1
xmodelmesh,#hash_72ef006f8cb24ce0
xmodelmesh,#hash_72f085bf585677a0
xmodelmesh,#hash_f2f2397f1ea0eb19
xmodelmesh,#hash_72f253db3f056dcf
xmodelmesh,#hash_72f5a660399e468a
xmodelmesh,#hash_72f5f28d09861d49
xmodelmesh,#hash_72f6d987d18aecb8
xmodelmesh,#hash_72fa6cb78632b85f
xmodelmesh,#hash_72fb204337ce07d7
xmodelmesh,#hash_72fc1980b065fbe0
xmodelmesh,#hash_72fc610194e06683
xmodelmesh,#hash_72fc87dc8c55b591
xmodelmesh,#hash_f2fd4b10be1b0fab
xmodelmesh,#hash_72fddefcf7268b63
xmodelmesh,#hash_72fdff24526ad5eb
xmodelmesh,#hash_72febf96ed639b15
xmodelmesh,#hash_f2fee29511609011
xmodelmesh,#hash_f30032ebfeebadff
xmodelmesh,#hash_730565b05e0b14cf
xmodelmesh,#hash_f307fcab1e11f0e5
xmodelmesh,#hash_7308276b42d79616
xmodelmesh,#hash_730863f532d5d34e
xmodelmesh,#hash_730cb3ac4a55f3f8
xmodelmesh,#hash_f30d228558d6efb9
xmodelmesh,#hash_f30d3c51be617a4f
xmodelmesh,#hash_73121cfd26c1fd0b
xmodelmesh,#hash_73137984cb99a19a
xmodelmesh,#hash_f313c8387117a4ac
xmodelmesh,#hash_f314f0991bab3d4e
xmodelmesh,#hash_731d4ca40befe6bc
xmodelmesh,#hash_f31ed64a1c2b8721
xmodelmesh,#hash_732105016a334b53
xmodelmesh,#hash_73210f07fafbc043
xmodelmesh,#hash_732432c809041f53
xmodelmesh,#hash_732467aaa0dfd050
xmodelmesh,#hash_7325759110617543
xmodelmesh,#hash_f3267ce859bdc5b8
xmodelmesh,#hash_7328d1ba07354b94
xmodelmesh,#hash_7329a35992717a91
xmodelmesh,#hash_732c6ad2a8ae6d92
xmodelmesh,#hash_732f2b4f1f05af15
xmodelmesh,#hash_732f6045ef558efa
xmodelmesh,#hash_73352f1c20e2ebb1
xmodelmesh,#hash_73367b631883f5ff
xmodelmesh,#hash_7338048cd4238d00
xmodelmesh,#hash_f3389a4c79a3e431
xmodelmesh,#hash_f33bc0b6f3cdd239
xmodelmesh,#hash_733f31145762e456
xmodelmesh,#hash_734207a06b4527bc
xmodelmesh,#hash_73440889c4976b39
xmodelmesh,#hash_7345627195c74a36
xmodelmesh,#hash_73457c76bc5db406
xmodelmesh,#hash_7346c2f0bf0d0ef5
xmodelmesh,#hash_7347043850d56e31
xmodelmesh,#hash_73481201b71b9f39
xmodelmesh,#hash_734b0008c0bd95b0
xmodelmesh,#hash_734c5fd7de33a18e
xmodelmesh,#hash_f34cd92e64a050d8
xmodelmesh,#hash_734ce665c2250472
xmodelmesh,#hash_734dbe873daa060a
xmodelmesh,#hash_7350b3de70233400
xmodelmesh,#hash_73522fd9cabd5b40
xmodelmesh,#hash_f353d9ea330f5b14
xmodelmesh,#hash_735495ad1f4d2a54
xmodelmesh,#hash_73558e7dd673ccdc
xmodelmesh,#hash_7355b3d9e5122da4
xmodelmesh,#hash_73564899f2d67568
xmodelmesh,#hash_7356a7e293c717a4
xmodelmesh,#hash_7356b269c14e60c4
xmodelmesh,#hash_7356dbac79918229
xmodelmesh,#hash_7358a81349965500
xmodelmesh,#hash_7359fea3696703af
xmodelmesh,#hash_735a0f7108f6acd1
xmodelmesh,#hash_f35e5c99a927503c
xmodelmesh,#hash_735e89d595bdf4df
xmodelmesh,#hash_735f0142cab12339
xmodelmesh,#hash_736178605a83bc64
xmodelmesh,#hash_73636c2a7a134933
xmodelmesh,#hash_73651f7563b728e8
xmodelmesh,#hash_7365a0f373c8f1ee
xmodelmesh,#hash_7367b6f9da3f2ffe
xmodelmesh,#hash_f36f9ec3f78aeb8f
xmodelmesh,#hash_f3778434cf5a8422
xmodelmesh,#hash_737891e14e09819b
xmodelmesh,#hash_7378fe84eb09603d
xmodelmesh,#hash_73793bdd71730b83
xmodelmesh,#hash_737ba0303d63d459
xmodelmesh,#hash_737c1f82b247fe65
xmodelmesh,#hash_737c67e274dd43ac
xmodelmesh,#hash_737ce085fd5f5211
xmodelmesh,#hash_737fb41ac6662518
xmodelmesh,#hash_f380b6deefa734b0
xmodelmesh,#hash_7381dd017180a755
xmodelmesh,#hash_73824110ec86122d
xmodelmesh,#hash_7384d5fe2a8dc05d
xmodelmesh,#hash_7387a90058b620dc
xmodelmesh,#hash_f38a5ada91029234
xmodelmesh,#hash_738cf6b5f6d48d6f
xmodelmesh,#hash_738e5d6b3077dd5c
xmodelmesh,#hash_73910fd7b0e2d525
xmodelmesh,#hash_7391176e093d9db4
xmodelmesh,#hash_7391e9393f63c30f
xmodelmesh,#hash_7392733cfda96b88
xmodelmesh,#hash_7394510da39c6290
xmodelmesh,#hash_f396514672f7b8fe
xmodelmesh,#hash_73970a4026b878a4
xmodelmesh,#hash_73982faf19d3b68b
xmodelmesh,#hash_7398b15db48affad
xmodelmesh,#hash_739abe3b5be51aef
xmodelmesh,#hash_739d7c845798d193
xmodelmesh,#hash_73a232ce650bba7f
xmodelmesh,#hash_73a2c8053f38930c
xmodelmesh,#hash_73a2db2307be0a91
xmodelmesh,#hash_73a392c9d4139054
xmodelmesh,#hash_f3a4d59f844dce1b
xmodelmesh,#hash_f3a4f7bebb6fcdcd
xmodelmesh,#hash_73a74404c62e0a4f
xmodelmesh,#hash_73a81b574920c2d1
xmodelmesh,#hash_73af79ddf315bcf1
xmodelmesh,#hash_73b48969195837e3
xmodelmesh,#hash_73b4a61a3b10add7
xmodelmesh,#hash_73b6c4aa282f97e0
xmodelmesh,#hash_73b789f824a036af
xmodelmesh,#hash_73b7bda3fd607def
xmodelmesh,#hash_f3bc0daccf7fcf0e
xmodelmesh,#hash_73be248959136513
xmodelmesh,#hash_73be9e8f2a89f44d
xmodelmesh,#hash_73befa512a3d1932
xmodelmesh,#hash_73c01c83888ae442
xmodelmesh,#hash_73c0b6a002c66064
xmodelmesh,#hash_73c1754f6ab5bf11
xmodelmesh,#hash_73c2862b38281bea
xmodelmesh,#hash_73c287bd0c93ff19
xmodelmesh,#hash_73c2e5bc92953bf7
xmodelmesh,#hash_73c51a539bfb69ce
xmodelmesh,#hash_73c718dc6ff696d7
xmodelmesh,#hash_73c99c26a979e9fc
xmodelmesh,#hash_f3ca1f73315cac17
xmodelmesh,#hash_73ccfab09f7015be
xmodelmesh,#hash_73cebaec10802b4a
xmodelmesh,#hash_f3cf7e1f6cb028c4
xmodelmesh,#hash_73d03e6bae308b71
xmodelmesh,#hash_73d10fb37adeaef0
xmodelmesh,#hash_73d55e0090630f36
xmodelmesh,#hash_73d676073813ba58
xmodelmesh,#hash_73d88f6ef117515b
xmodelmesh,#hash_73dd0548c4dc332b
xmodelmesh,#hash_73e0c2ed3b8a35a8
xmodelmesh,#hash_73e11526b3e2cdc2
xmodelmesh,#hash_73e1fa7ef333395d
xmodelmesh,#hash_73e208b7375922a6
xmodelmesh,#hash_73e4d363544ce04f
xmodelmesh,#hash_73e4f6a991244d33
xmodelmesh,#hash_73e79d879deaa29c
xmodelmesh,#hash_73e7bf825726e960
xmodelmesh,#hash_73e82e9229176379
xmodelmesh,#hash_73eb2f7464bea889
xmodelmesh,#hash_73ef397e2e551d63
xmodelmesh,#hash_73efa828a7d356ed
xmodelmesh,#hash_73efca81ee2efa37
xmodelmesh,#hash_f3efcb44d7eb6321
xmodelmesh,#hash_73f0b79b2d599173
xmodelmesh,#hash_73f0c93954cac439
xmodelmesh,#hash_73f3d09e5d326d5f
xmodelmesh,#hash_73f6356d85ee0397
xmodelmesh,#hash_73f8d13f749efcb3
xmodelmesh,#hash_73fb330bfeb8ad43
xmodelmesh,#hash_73fb3893f9f32e47
xmodelmesh,#hash_f3fbaabace4c8c97
xmodelmesh,#hash_73fc7e08b637046d
xmodelmesh,#hash_73fce15c5ed53a34
xmodelmesh,#hash_73ff14b947bb222f
xmodelmesh,#hash_74015c0044e538f5
xmodelmesh,#hash_7402259b9e22f704
xmodelmesh,#hash_7403981de9335ae4
xmodelmesh,#hash_74056f264dfa49d4
xmodelmesh,#hash_7405f2c104ed9214
xmodelmesh,#hash_f4067766b956cb78
xmodelmesh,#hash_740804e8369dbad2
xmodelmesh,#hash_7408c70e891ce43e
xmodelmesh,#hash_f40a2fca39bf832d
xmodelmesh,#hash_740b6de9b184ec12
xmodelmesh,#hash_740c5783410df37a
xmodelmesh,#hash_740e47b0885e5955
xmodelmesh,#hash_740fa2fbda1d9c19
xmodelmesh,#hash_74107809f6a765f8
xmodelmesh,#hash_74125bdfea276ab2
xmodelmesh,#hash_74127b5993c53429
xmodelmesh,#hash_74138cd04d90f302
xmodelmesh,#hash_7413c6c24367665b
xmodelmesh,#hash_741d5f7fa38fc560
xmodelmesh,#hash_741fea1e4205fcaf
xmodelmesh,#hash_7421df4d5498a8d6
xmodelmesh,#hash_7422078ada1a8163
xmodelmesh,#hash_7422abfc3e60cede
xmodelmesh,#hash_742315fb6d33a728
xmodelmesh,#hash_7427ac60d1a98218
xmodelmesh,#hash_742b279438a4297d
xmodelmesh,#hash_742d7c65de181f08
xmodelmesh,#hash_742f1cc7298db10a
xmodelmesh,#hash_f42f49ba806ca43b
xmodelmesh,#hash_742f78daf3b04783
xmodelmesh,#hash_742f8cc8bc80c59d
xmodelmesh,#hash_f42fa18b8fb604a4
xmodelmesh,#hash_74319816ab2c7fa4
xmodelmesh,#hash_743246a07bd8b7fa
xmodelmesh,#hash_f43333cfd690e1b0
xmodelmesh,#hash_7437504c1bb63d7f
xmodelmesh,#hash_7439a8a78dd88c75
xmodelmesh,#hash_743a4a8a811f9f53
xmodelmesh,#hash_7440f83c060ad200
xmodelmesh,#hash_f4413aacada0559f
xmodelmesh,#hash_74413ea99e755b54
xmodelmesh,#hash_744274a03a03d2aa
xmodelmesh,#hash_7443490e918ccd2e
xmodelmesh,#hash_744453b4e64757e2
xmodelmesh,#hash_74469450d2d39d4b
xmodelmesh,#hash_7446ccf330493686
xmodelmesh,#hash_744719b0517d85be
xmodelmesh,#hash_f449752a9b6fab90
xmodelmesh,#hash_f449d671deebbdd0
xmodelmesh,#hash_744b4f54771b1d1f
xmodelmesh,#hash_744c3c54ccbe55d9
xmodelmesh,#hash_744c422978dbe399
xmodelmesh,#hash_744d54cf3812f34a
xmodelmesh,#hash_744e3f1dc3012959
xmodelmesh,#hash_744fb2def871ac8c
xmodelmesh,#hash_74528227f6b804b1
xmodelmesh,#hash_7455a39ed396495e
xmodelmesh,#hash_7455b93b530feedb
xmodelmesh,#hash_f455bb8475de611a
xmodelmesh,#hash_7457072b18d2910e
xmodelmesh,#hash_7457c6125c4a6cca
xmodelmesh,#hash_745aa0e9ae51c86b
xmodelmesh,#hash_f45d8653c220586d
xmodelmesh,#hash_745da5f36d2a1992
xmodelmesh,#hash_745ece8b83f175b7
xmodelmesh,#hash_7460ceaed0f3117c
xmodelmesh,#hash_74644f8808f0316f
xmodelmesh,#hash_7465e07a761e18ea
xmodelmesh,#hash_f466bf313ff833c4
xmodelmesh,#hash_f4673d6e93903db1
xmodelmesh,#hash_f469fe385adf1920
xmodelmesh,#hash_746b698316fed1f8
xmodelmesh,#hash_746bfaeca7fe00ba
xmodelmesh,#hash_746ebfed98aff860
xmodelmesh,#hash_f46f5db74303c580
xmodelmesh,#hash_747041ad6b5d77f0
xmodelmesh,#hash_f4710f1442f5a853
xmodelmesh,#hash_7475985480b9f740
xmodelmesh,#hash_7475fb9e0e84d279
xmodelmesh,#hash_7478f2ab65706fd3
xmodelmesh,#hash_747c07b86a9d506c
xmodelmesh,#hash_747c3e29b80140ec
xmodelmesh,#hash_747f3a34192df08f
xmodelmesh,#hash_f48564bd3b6b7d8a
xmodelmesh,#hash_f485c5dc9e0edc58
xmodelmesh,#hash_74863ff3f811b3f1
xmodelmesh,#hash_74886864a37b4a7f
xmodelmesh,#hash_748bbae9dab64190
xmodelmesh,#hash_748cddbe19864d20
xmodelmesh,#hash_748ef14861dbc9d2
xmodelmesh,#hash_f48f6e4504dcbcb6
xmodelmesh,#hash_7491f73cf60908d2
xmodelmesh,#hash_7492e5c3a7e8c238
xmodelmesh,#hash_7493a737fa5b19a1
xmodelmesh,#hash_74949d436287faef
xmodelmesh,#hash_f49722aef1bc321e
xmodelmesh,#hash_7497d3c32c518870
xmodelmesh,#hash_7498151d252f40f8
xmodelmesh,#hash_749a5c90e3b7fa21
xmodelmesh,#hash_749ca26221df70e7
xmodelmesh,#hash_74a679157dd2492a
xmodelmesh,#hash_74a78567e1c99661
xmodelmesh,#hash_74a7c024251357e1
xmodelmesh,#hash_74a9780fe50d4238
xmodelmesh,#hash_f4a9e33f643eedef
xmodelmesh,#hash_74ae1d7960e0746e
xmodelmesh,#hash_74afababba2d27ae
xmodelmesh,#hash_74afeeb5234125d0
xmodelmesh,#hash_74b2dcc7ba845d4f
xmodelmesh,#hash_74b33e9dae81c736
xmodelmesh,#hash_74b5c543d9bc23c0
xmodelmesh,#hash_f4b5cc346649f9d0
xmodelmesh,#hash_74b5d53a1b426c55
xmodelmesh,#hash_74b6f7fd69425ead
xmodelmesh,#hash_74ba6cb0dcf57a92
xmodelmesh,#hash_f4bc2712e7d498dd
xmodelmesh,#hash_74be739ca29b4da8
xmodelmesh,#hash_f4bec45f6ce2542d
xmodelmesh,#hash_f4c21a7380f33a9d
xmodelmesh,#hash_f4c398c6c7d67329
xmodelmesh,#hash_f4cb6003b7e29a14
xmodelmesh,#hash_f4cb6196fb6ce9ae
xmodelmesh,#hash_74cc59eb42d708ef
xmodelmesh,#hash_74ccddf94461788c
xmodelmesh,#hash_74cdadb28d0b0543
xmodelmesh,#hash_74cde2e9ecbd783f
xmodelmesh,#hash_f4d08575d2a48b37
xmodelmesh,#hash_74d21b091375821d
xmodelmesh,#hash_74d233a1deb83549
xmodelmesh,#hash_74d2a6a7902833d3
xmodelmesh,#hash_74d7bd7ef1d138b5
xmodelmesh,#hash_74d9d100f203e674
xmodelmesh,#hash_74da8257ba7e1bf3
xmodelmesh,#hash_74dffe3a29bc3925
xmodelmesh,#hash_74e0136467eece6a
xmodelmesh,#hash_74e8ba824c6f9c04
xmodelmesh,#hash_74e9624c65efebf6
xmodelmesh,#hash_74ec0933857c1da1
xmodelmesh,#hash_74edb8d0834b39c5
xmodelmesh,#hash_f4f0bac1b3909030
xmodelmesh,#hash_f4f8cec172331f17
xmodelmesh,#hash_74fa7b37b4381787
xmodelmesh,#hash_f4fb395af76931bf
xmodelmesh,#hash_f4fcfe3da052e7c6
xmodelmesh,#hash_f503baecbe94d74e
xmodelmesh,#hash_7505d2affd926b39
xmodelmesh,#hash_750676d1ade06d25
xmodelmesh,#hash_750bac8efe0b4026
xmodelmesh,#hash_f50d9856416c6210
xmodelmesh,#hash_750e295f22ea7888
xmodelmesh,#hash_f510499302ccf9c7
xmodelmesh,#hash_751057c5bc07ffb3
xmodelmesh,#hash_7510b7089ba3e5eb
xmodelmesh,#hash_75145a1f3064c145
xmodelmesh,#hash_7518c4a304fbfdac
xmodelmesh,#hash_7519cbf18da0c705
xmodelmesh,#hash_751b0a545c1bd1c4
xmodelmesh,#hash_751bdbf904a83f5b
xmodelmesh,#hash_751dda8697343af1
xmodelmesh,#hash_751de5a545d63dcb
xmodelmesh,#hash_751ea3234d4e19f1
xmodelmesh,#hash_f523f5470a577ff2
xmodelmesh,#hash_752499c63a7d38a0
xmodelmesh,#hash_75253f3e7f494037
xmodelmesh,#hash_752bcffe6321958f
xmodelmesh,#hash_752d41a8949292da
xmodelmesh,#hash_f537480fa0259e0a
xmodelmesh,#hash_f537a78ab03764f2
xmodelmesh,#hash_f53e584b6210d36a
xmodelmesh,#hash_753f5dc9a30a52eb
xmodelmesh,#hash_f53fc202a27e3b84
xmodelmesh,#hash_754132c648c59205
xmodelmesh,#hash_754174e84f018393
xmodelmesh,#hash_75435c28c76cffbc
xmodelmesh,#hash_7543988ef020aec1
xmodelmesh,#hash_7547b111246fa36b
xmodelmesh,#hash_7548713730be9823
xmodelmesh,#hash_754b02db507a75c4
xmodelmesh,#hash_754b5bb6ae89d3f8
xmodelmesh,#hash_754d362621a00ba1
xmodelmesh,#hash_754d5ebea8c0f88a
xmodelmesh,#hash_f54ed30f09bdd576
xmodelmesh,#hash_754f8250efba45d2
xmodelmesh,#hash_7550eb9e71e77cec
xmodelmesh,#hash_7551ff7d3526d7cd
xmodelmesh,#hash_7552265c23d0d328
xmodelmesh,#hash_7555a767595cab7e
xmodelmesh,#hash_755686a84096f7e9
xmodelmesh,#hash_7556b625d42a33a2
xmodelmesh,#hash_75599d2f9de65b82
xmodelmesh,#hash_755adb233482dcc5
xmodelmesh,#hash_f55b9f57647835c9
xmodelmesh,#hash_75657d99a704873a
xmodelmesh,#hash_7566dc886496e762
xmodelmesh,#hash_7567d8791b031535
xmodelmesh,#hash_7568498401717f1b
xmodelmesh,#hash_7569d81028725674
xmodelmesh,#hash_756a2fea7ceba889
xmodelmesh,#hash_756a473473719ff5
xmodelmesh,#hash_756aca9818ada2ff
xmodelmesh,#hash_756ae337e48e20e3
xmodelmesh,#hash_756b628b486dac0c
xmodelmesh,#hash_756be26aa381e2e6
xmodelmesh,#hash_f56f586b13475c67
xmodelmesh,#hash_756f64a212e96fa7
xmodelmesh,#hash_757249e88d4104e2
xmodelmesh,#hash_7572c4c1f7e798ea
xmodelmesh,#hash_75731d1604c9f442
xmodelmesh,#hash_f5731e92b4da31f2
xmodelmesh,#hash_75758f91c4a2de14
xmodelmesh,#hash_7576a3913a6762bb
xmodelmesh,#hash_7576c859dcdb02e1
xmodelmesh,#hash_7577da4867e6e1f1
xmodelmesh,#hash_f5780876fb5caf48
xmodelmesh,#hash_75797e9d95227dbd
xmodelmesh,#hash_757ad0da523aecf4
xmodelmesh,#hash_757aeaea4b8945db
xmodelmesh,#hash_757b5dea4761d6bd
xmodelmesh,#hash_7582fc372b9368ed
xmodelmesh,#hash_7586617d03e1175d
xmodelmesh,#hash_7586d0fe9ce5256a
xmodelmesh,#hash_7588eb806b96ed69
xmodelmesh,#hash_758b5f1b8a40eac2
xmodelmesh,#hash_758df8d5d47ffcba
xmodelmesh,#hash_758eece413f4acfa
xmodelmesh,#hash_759040001e1daa28
xmodelmesh,#hash_75908ae39b04e377
xmodelmesh,#hash_75942ff13c379b4c
xmodelmesh,#hash_75967d6425567c5c
xmodelmesh,#hash_75971cd094a2e00a
xmodelmesh,#hash_75973083866f914c
xmodelmesh,#hash_75978fea05a84fc4
xmodelmesh,#hash_7599b8ebf195cda3
xmodelmesh,#hash_f59d0d329f1b9ec4
xmodelmesh,#hash_759d95b05fcab8bb
xmodelmesh,#hash_759edfcf61824aae
xmodelmesh,#hash_f5a0280ed9de233f
xmodelmesh,#hash_75a059a60ffdc997
xmodelmesh,#hash_75a1a9090b7b3f3b
xmodelmesh,#hash_f5a289ec82af393c
xmodelmesh,#hash_f5a44cc7d70cbf01
xmodelmesh,#hash_75a4a13b67c23879
xmodelmesh,#hash_75ab6ad70d004710
xmodelmesh,#hash_75ab7a7a2b29fd9f
xmodelmesh,#hash_f5ab806ec3a57513
xmodelmesh,#hash_75ae12a9352f29bd
xmodelmesh,#hash_75aee2ef1892553e
xmodelmesh,#hash_f5af74b908986baf
xmodelmesh,#hash_75af92fa34e10b15
xmodelmesh,#hash_f5b08da43b264551
xmodelmesh,#hash_f5b2409ce0ccbdff
xmodelmesh,#hash_f5b3227d7d556369
xmodelmesh,#hash_75b5f63a02e94e31
xmodelmesh,#hash_75b675020a2fd82f
xmodelmesh,#hash_75b8699309fb3c9a
xmodelmesh,#hash_75bd32e30d922c7a
xmodelmesh,#hash_75be8aac5a56c4cd
xmodelmesh,#hash_75bf592194880c4b
xmodelmesh,#hash_75c0b7c2a2387c79
xmodelmesh,#hash_f5c1e4a82b812031
xmodelmesh,#hash_75c3685d14dd006b
xmodelmesh,#hash_75c566053d096b4b
xmodelmesh,#hash_75c71030ded8067b
xmodelmesh,#hash_75caaec7a9ff2c27
xmodelmesh,#hash_75cc505662c90951
xmodelmesh,#hash_75cdbe1e1ec85754
xmodelmesh,#hash_75cf0e280083f0f9
xmodelmesh,#hash_75d08a522df3f22a
xmodelmesh,#hash_75d173b529087eeb
xmodelmesh,#hash_f5d3cd277e4ebe9e
xmodelmesh,#hash_75d4321176b72362
xmodelmesh,#hash_75d5740107c645a0
xmodelmesh,#hash_75d782fabbf59477
xmodelmesh,#hash_75d82802385bd988
xmodelmesh,#hash_75d8788f36683eab
xmodelmesh,#hash_75d91dec299973d7
xmodelmesh,#hash_75db44a84f4de648
xmodelmesh,#hash_75dc51e1af7e21f2
xmodelmesh,#hash_75ddb9bd0d862f73
xmodelmesh,#hash_75de1ad676ca46c6
xmodelmesh,#hash_75e192d9ba1f36d1
xmodelmesh,#hash_75e3cf1beaac39ea
xmodelmesh,#hash_75e736a7e2c500ac
xmodelmesh,#hash_75e757d7fb1db0f1
xmodelmesh,#hash_75ea717a716fab4c
xmodelmesh,#hash_75eaf64fbcde38ba
xmodelmesh,#hash_75ec83f9d24e379a
xmodelmesh,#hash_75ecebd9ddbf455b
xmodelmesh,#hash_75edb849e30ca5af
xmodelmesh,#hash_f5eebe99041b92c2
xmodelmesh,#hash_f5f0dcd5bfb340b8
xmodelmesh,#hash_f5f2a33404ed7404
xmodelmesh,#hash_75f2e72b68c38f82
xmodelmesh,#hash_75f8c58a65bb4a1d
xmodelmesh,#hash_75fbf7f35896483f
xmodelmesh,#hash_75fc37b0462f8edb
xmodelmesh,#hash_75feee5ad34a9cad
xmodelmesh,#hash_f600d9ce270ce09a
xmodelmesh,#hash_760143e4dfa8ec02
xmodelmesh,#hash_760315944e3f647d
xmodelmesh,#hash_7603f904ead7c9f1
xmodelmesh,#hash_760612cf9a6ea7ad
xmodelmesh,#hash_76072aaba51ca73d
xmodelmesh,#hash_7607ab464dd30f61
xmodelmesh,#hash_f607fdc8df7433b4
xmodelmesh,#hash_76087483a0354893
xmodelmesh,#hash_f60a062e7b99978a
xmodelmesh,#hash_760aaba7897351d9
xmodelmesh,#hash_760cabc405697d58
xmodelmesh,#hash_760dd84f10d171e2
xmodelmesh,#hash_f60f6c38f209c536
xmodelmesh,#hash_760f77665fd7b022
xmodelmesh,#hash_7610863b36881019
xmodelmesh,#hash_7616061039ac80ca
xmodelmesh,#hash_7617d59f4441b262
xmodelmesh,#hash_761a4b5d4132acc4
xmodelmesh,#hash_761ad4ce7682e89e
xmodelmesh,#hash_761b621e1fbf6d52
xmodelmesh,#hash_761c7bacd96e6e92
xmodelmesh,#hash_761eb8e1e836750a
xmodelmesh,#hash_761f2853518d1176
xmodelmesh,#hash_761f3ad15bee6508
xmodelmesh,#hash_761f73a3d6d947b3
xmodelmesh,#hash_762306c308ce97dc
xmodelmesh,#hash_76251ef6ca23aa23
xmodelmesh,#hash_7626d4b714c63326
xmodelmesh,#hash_762706251cf40be2
xmodelmesh,#hash_f6275c32c8260a6e
xmodelmesh,#hash_76281096a9104e1e
xmodelmesh,#hash_7628d888e398731f
xmodelmesh,#hash_f62965713ffdcad9
xmodelmesh,#hash_762a236c3d138689
xmodelmesh,#hash_f62ae7aff612446c
xmodelmesh,#hash_762b96aacacef761
xmodelmesh,#hash_762bee8c3c9dd7c9
xmodelmesh,#hash_f62eb216ae102a50
xmodelmesh,#hash_76300303837d1df0
xmodelmesh,#hash_7630fd7dac58b490
xmodelmesh,#hash_f63294e4d54e74a6
xmodelmesh,#hash_7633d7adc7ba6826
xmodelmesh,#hash_7639f9ace0959bde
xmodelmesh,#hash_763be9a43261b28d
xmodelmesh,#hash_7641ef7133e09b70
xmodelmesh,#hash_76429923a4f4c446
xmodelmesh,#hash_7642dfb5ecb0fc77
xmodelmesh,#hash_7643c42fa1901cb4
xmodelmesh,#hash_7644aab7bdd512af
xmodelmesh,#hash_7645681c4ed32d1e
xmodelmesh,#hash_764591157842d6d2
xmodelmesh,#hash_76471a099eb54f10
xmodelmesh,#hash_764753696c1cb4a4
xmodelmesh,#hash_764768ab13367305
xmodelmesh,#hash_7647a56943e85344
xmodelmesh,#hash_76491564a3031d21
xmodelmesh,#hash_764a6d1c0393d19a
xmodelmesh,#hash_764aa62e39fa1b71
xmodelmesh,#hash_764b54a2bf55fae7
xmodelmesh,#hash_f650d4bb8e2fc636
xmodelmesh,#hash_7652490567eff995
xmodelmesh,#hash_7652c6123f8f0a64
xmodelmesh,#hash_76543a4cb5a86286
xmodelmesh,#hash_f65596be6e6e1cd5
xmodelmesh,#hash_f657c3818d95aaaf
xmodelmesh,#hash_7658112c888c1288
xmodelmesh,#hash_765cf2ae6cbdb06e
xmodelmesh,#hash_765d9afe29856cc6
xmodelmesh,#hash_f65dad5fdd9a210c
xmodelmesh,#hash_765f1bd366ad0ef4
xmodelmesh,#hash_766042f454ca4b70
xmodelmesh,#hash_76613df834310706
xmodelmesh,#hash_76652d5081014ae9
xmodelmesh,#hash_76699a79f5b7a10d
xmodelmesh,#hash_766c41bc4d5d162a
xmodelmesh,#hash_766ce1c67b7a7408
xmodelmesh,#hash_766f7d3760dda787
xmodelmesh,#hash_76717f8509ecdb9e
xmodelmesh,#hash_76748c928a2dda11
xmodelmesh,#hash_7674f9a72c46d2d8
xmodelmesh,#hash_f674fa78484f8639
xmodelmesh,#hash_76752e424e7feb00
xmodelmesh,#hash_767658be66f26120
xmodelmesh,#hash_76771e592045c90c
xmodelmesh,#hash_7678cd61100d44cd
xmodelmesh,#hash_f67ba0091e0dd6e8
xmodelmesh,#hash_f67c3de6f35d1a82
xmodelmesh,#hash_767ed6d1b49371f7
xmodelmesh,#hash_76817b4666855c15
xmodelmesh,#hash_768f3dcb54aa1f84
xmodelmesh,#hash_f691e8698df96cdd
xmodelmesh,#hash_76929bfb7ecc591f
xmodelmesh,#hash_76938ae9fe100763
xmodelmesh,#hash_f693b4d0b7b63d77
xmodelmesh,#hash_769516ef7c01e9ba
xmodelmesh,#hash_f695181402a990ea
xmodelmesh,#hash_f697e0bee406e430
xmodelmesh,#hash_7699d81d8c177ce7
xmodelmesh,#hash_769aa52cb93f11a7
xmodelmesh,#hash_769eab08196cfae9
xmodelmesh,#hash_76a2c421c704bafa
xmodelmesh,#hash_f6a33f064f1f6833
xmodelmesh,#hash_76a4eff5c7365404
xmodelmesh,#hash_76a82d03cc4056fa
xmodelmesh,#hash_76a8bfe38cff2107
xmodelmesh,#hash_76a9d9cb02e1959f
xmodelmesh,#hash_f6aa2a808e46d469
xmodelmesh,#hash_f6ac9343a9c2ff0f
xmodelmesh,#hash_f6ada1a6c9304db4
xmodelmesh,#hash_76adc72d7b84349b
xmodelmesh,#hash_f6afa2b3c565ed39
xmodelmesh,#hash_f6b0f4709b98274b
xmodelmesh,#hash_f6b2873c7583e129
xmodelmesh,#hash_76b438d5974eeb10
xmodelmesh,#hash_76b4fefbb276d21d
xmodelmesh,#hash_76b5d1e9f2632df7
xmodelmesh,#hash_76b9af4dbbe76874
xmodelmesh,#hash_f6bd397d28d21697
xmodelmesh,#hash_76bdbd071b8ff3c9
xmodelmesh,#hash_76bf4e50e9e78377
xmodelmesh,#hash_76c37d146a722378
xmodelmesh,#hash_76c524096fc81b4c
xmodelmesh,#hash_76cac3cf1d0cbb55
xmodelmesh,#hash_76d361cf6b539019
xmodelmesh,#hash_f6d52872fa896ebd
xmodelmesh,#hash_76d7c344fe306fb6
xmodelmesh,#hash_76d7d480d5930dfc
xmodelmesh,#hash_76d9da1dba26168f
xmodelmesh,#hash_f6dad2528c386b2a
xmodelmesh,#hash_76e1008c9ead5a2e
xmodelmesh,#hash_76e19eec9f5040f6
xmodelmesh,#hash_76e23aa79ae37267
xmodelmesh,#hash_76e272c4da8043b1
xmodelmesh,#hash_f6e4b166c75884e1
xmodelmesh,#hash_76e56f6f050f0e65
xmodelmesh,#hash_76e5c5f3d19dfb2f
xmodelmesh,#hash_76e6a5471a5f407e
xmodelmesh,#hash_76e9ffd807234d23
xmodelmesh,#hash_f6ea7d2fe24ab20a
xmodelmesh,#hash_76eb90599c1dfe06
xmodelmesh,#hash_76eb9991f97d51cb
xmodelmesh,#hash_76edbad310ae9d79
xmodelmesh,#hash_76eeecfa1318bbb2
xmodelmesh,#hash_76f12e9e265cc522
xmodelmesh,#hash_76f2a7728425bfbe
xmodelmesh,#hash_76f3491479c3bde8
xmodelmesh,#hash_76f72b7ca8745de0
xmodelmesh,#hash_76f9e19a2bcd1c2a
xmodelmesh,#hash_76fa3b32317c5da1
xmodelmesh,#hash_76fb08dd0c8d1fa6
xmodelmesh,#hash_76fcbedabc33afb9
xmodelmesh,#hash_f6fd12348fd2bfe3
xmodelmesh,#hash_76fe9650a71ba3b0
xmodelmesh,#hash_77017c288b86ab83
xmodelmesh,#hash_770429068e3262a9
xmodelmesh,#hash_7705277fe5b35e8f
xmodelmesh,#hash_7705db4152f1334d
xmodelmesh,#hash_770665f0c952b688
xmodelmesh,#hash_77077ad64895530a
xmodelmesh,#hash_77092897947fbcf5
xmodelmesh,#hash_7709bc3f1fd687b2
xmodelmesh,#hash_770d6d379aa50bad
xmodelmesh,#hash_7713c03ca82b6ecd
xmodelmesh,#hash_771422befb5700eb
xmodelmesh,#hash_f715bd604333258d
xmodelmesh,#hash_771e74c21304da32
xmodelmesh,#hash_771fde64cd908fcb
xmodelmesh,#hash_77213d4a51e3e268
xmodelmesh,#hash_772406896c9314b1
xmodelmesh,#hash_77250c89dbf3bbcb
xmodelmesh,#hash_7725c74a030389cd
xmodelmesh,#hash_772739909670f723
xmodelmesh,#hash_7728fa8f46dd54fb
xmodelmesh,#hash_7729ad7111c06349
xmodelmesh,#hash_772a5bd8570041b4
xmodelmesh,#hash_772aabb079430129
xmodelmesh,#hash_7731526534365c9d
xmodelmesh,#hash_77315e5f9376437c
xmodelmesh,#hash_77316b2a1e59010d
xmodelmesh,#hash_7731aa573ed7cda3
xmodelmesh,#hash_77338a30a2e28dec
xmodelmesh,#hash_773416c518b77956
xmodelmesh,#hash_f73b7a62223299cf
xmodelmesh,#hash_773bf22dea57f4b9
xmodelmesh,#hash_773c2a1d70b130e6
xmodelmesh,#hash_773cad02075e89f9
xmodelmesh,#hash_77420595257875e9
xmodelmesh,#hash_7742b33bc5721a91
xmodelmesh,#hash_7748b8786b9fae13
xmodelmesh,#hash_774a18b2500efe64
xmodelmesh,#hash_774d84fb07da5639
xmodelmesh,#hash_774d928c3a15a2bd
xmodelmesh,#hash_774deaa7f9121bd7
xmodelmesh,#hash_f74ee46360b08e3d
xmodelmesh,#hash_77503f2eba949d1b
xmodelmesh,#hash_7751223592ebafab
xmodelmesh,#hash_77566435218051ae
xmodelmesh,#hash_775a285ab9b2e2b6
xmodelmesh,#hash_775cc3e3d102a457
xmodelmesh,#hash_775e4ae6f0670401
xmodelmesh,#hash_775f787b569bdc50
xmodelmesh,#hash_77606f1bc46f8a3f
xmodelmesh,#hash_776392a3ec5a9161
xmodelmesh,#hash_7764944038872690
xmodelmesh,#hash_7764a456cb70aef9
xmodelmesh,#hash_776546537ac11caa
xmodelmesh,#hash_7765b32791ec4ed4
xmodelmesh,#hash_77674f6a1945fb7c
xmodelmesh,#hash_776d2a438cfb36bf
xmodelmesh,#hash_776dc1bf4aa6b5b2
xmodelmesh,#hash_77726bc6172e0d38
xmodelmesh,#hash_77729935848eed2d
xmodelmesh,#hash_777704746f61167c
xmodelmesh,#hash_7777b74b9a3cb973
xmodelmesh,#hash_7779b96c4f4a83de
xmodelmesh,#hash_777a109e622ea53c
xmodelmesh,#hash_777aa6f42011466b
xmodelmesh,#hash_777bc84926dd44b5
xmodelmesh,#hash_777f604005a4a04c
xmodelmesh,#hash_77836caba2071fc6
xmodelmesh,#hash_778466ce8f90a989
xmodelmesh,#hash_778743aff09adca8
xmodelmesh,#hash_7787624c71e3d0a3
xmodelmesh,#hash_778987489f82ae1a
xmodelmesh,#hash_f78a23f043e26ec3
xmodelmesh,#hash_778adcff3405360e
xmodelmesh,#hash_778cb58af77d8d84
xmodelmesh,#hash_f78d90d22cb89fec
xmodelmesh,#hash_778e0adc2ceedc88
xmodelmesh,#hash_77914ae965633b9d
xmodelmesh,#hash_7791a68f4bed232b
xmodelmesh,#hash_7791ba1968f67e30
xmodelmesh,#hash_7792abeb24701492
xmodelmesh,#hash_7794435af8fd9881
xmodelmesh,#hash_7794530ce060dc41
xmodelmesh,#hash_77971ee043137c06
xmodelmesh,#hash_77984f087f001569
xmodelmesh,#hash_7799c8dfecda4145
xmodelmesh,#hash_779e0187ea7f3af1
xmodelmesh,#hash_779ef59ccc07f7f2
xmodelmesh,#hash_f7a27eeea80061a1
xmodelmesh,#hash_77aa4d9b5e41d59e
xmodelmesh,#hash_77ab437cb8667630
xmodelmesh,#hash_f7ac8100ab1ade84
xmodelmesh,#hash_77ae98f32d8a4964
xmodelmesh,#hash_77afba357010bf5d
xmodelmesh,#hash_77b09ce1f50bd9f1
xmodelmesh,#hash_77b135f103768a7c
xmodelmesh,#hash_77b3e846ec5515ba
xmodelmesh,#hash_77b7b13a0e3539f8
xmodelmesh,#hash_77b7c8b1bd2a2683
xmodelmesh,#hash_f7b8a114fa697b29
xmodelmesh,#hash_77b91d4510835c79
xmodelmesh,#hash_f7bc01535ba20363
xmodelmesh,#hash_77bd85089e99b66f
xmodelmesh,#hash_77c14a4d5734ce7f
xmodelmesh,#hash_f7c1ab776b36a804
xmodelmesh,#hash_77c5354ab3e74045
xmodelmesh,#hash_77c5eb412372b84d
xmodelmesh,#hash_77c708b274504ee5
xmodelmesh,#hash_77cab28acc6d122f
xmodelmesh,#hash_77cb8615d77b1faa
xmodelmesh,#hash_77cbb3dcf6e4a636
xmodelmesh,#hash_77cfcdf17265d76e
xmodelmesh,#hash_77d02b6e64500712
xmodelmesh,#hash_f7d4b257f559df5c
xmodelmesh,#hash_77d82dc131713c31
xmodelmesh,#hash_77dae1ce6b72376e
xmodelmesh,#hash_77dbe1704d328b39
xmodelmesh,#hash_77ddd3a0c0f15a8e
xmodelmesh,#hash_f7e42bfe9e2e056b
xmodelmesh,#hash_77e6e89029d921de
xmodelmesh,#hash_77eba15c5f735e52
xmodelmesh,#hash_77f04dcd6b985c3d
xmodelmesh,#hash_77f063f4aa4aa20e
xmodelmesh,#hash_77f1d7c8f4035e54
xmodelmesh,#hash_77f3ace18bf67c7b
xmodelmesh,#hash_77f56cfdd1c30d13
xmodelmesh,#hash_77f92913ed75e82d
xmodelmesh,#hash_77f9d40143eaa302
xmodelmesh,#hash_77fb622b3a30146c
xmodelmesh,#hash_f7ff5dccbd9cf83f
xmodelmesh,#hash_78003cdedc43b142
xmodelmesh,#hash_7801e9ed42892717
xmodelmesh,#hash_7804df34c1f2aba6
xmodelmesh,#hash_7805b0a93851f09a
xmodelmesh,#hash_78064ea0e092147d
xmodelmesh,#hash_78068d860c37c7e7
xmodelmesh,#hash_7806ee0ccd4af271
xmodelmesh,#hash_780970cc9665037c
xmodelmesh,#hash_780d5ea31c6191f5
xmodelmesh,#hash_78101d21b777762d
xmodelmesh,#hash_781230c2df7c7ddb
xmodelmesh,#hash_78125be43e287fe7
xmodelmesh,#hash_f8154b49e059a108
xmodelmesh,#hash_781558e6f23263c0
xmodelmesh,#hash_7816bd11f4f8b731
xmodelmesh,#hash_78179512158efc73
xmodelmesh,#hash_78185939b385be4e
xmodelmesh,#hash_781b0574dd63bec1
xmodelmesh,#hash_f81d9f074bed6b87
xmodelmesh,#hash_f8220b136074e7e2
xmodelmesh,#hash_7822adf70929de1e
xmodelmesh,#hash_f82438f23f0d569a
xmodelmesh,#hash_f8243aa37b8ca4f8
xmodelmesh,#hash_782654e9225e8038
xmodelmesh,#hash_78279133b95990a5
xmodelmesh,#hash_78286dc18cb3330a
xmodelmesh,#hash_782d8c6d93850528
xmodelmesh,#hash_782e624517c35b23
xmodelmesh,#hash_782e7e94dddc6037
xmodelmesh,#hash_782fc2a3697c6dfa
xmodelmesh,#hash_783173d3791712f3
xmodelmesh,#hash_7831a028166cea46
xmodelmesh,#hash_78331f743703478f
xmodelmesh,#hash_7833456987f442e2
xmodelmesh,#hash_f833fffb7b601c37
xmodelmesh,#hash_7838d4d56a62ae3b
xmodelmesh,#hash_f83b047452042869
xmodelmesh,#hash_f83cc93ded1b8814
xmodelmesh,#hash_783ef1bb9a444ab3
xmodelmesh,#hash_f83f218240288004
xmodelmesh,#hash_7840a5d08d60ea5b
xmodelmesh,#hash_78453db1e1f6422d
xmodelmesh,#hash_78458a1694012de9
xmodelmesh,#hash_7845a3fdfa7e88a4
xmodelmesh,#hash_f848fbbc2312e1cc
xmodelmesh,#hash_784ec43ebf0dbebe
xmodelmesh,#hash_785328d2d0a8023e
xmodelmesh,#hash_785354423e0092d8
xmodelmesh,#hash_7857306d10b54254
xmodelmesh,#hash_f8587ac528ded4fa
xmodelmesh,#hash_7859b0916c2b3093
xmodelmesh,#hash_7859fae76b475cd8
xmodelmesh,#hash_785a8a59ccc22db1
xmodelmesh,#hash_785e7432cd6d1f97
xmodelmesh,#hash_78601f932a4e191c
xmodelmesh,#hash_78667cd925e37a15
xmodelmesh,#hash_f868f31953e4a87a
xmodelmesh,#hash_7869fc3f0f7e74f0
xmodelmesh,#hash_786a08000b196e63
xmodelmesh,#hash_786a75f9805b25b1
xmodelmesh,#hash_786dcf35824d4f17
xmodelmesh,#hash_f86e2d297d02e582
xmodelmesh,#hash_f87234effdff2061
xmodelmesh,#hash_7875a2626ac21f91
xmodelmesh,#hash_f876130747f60cb8
xmodelmesh,#hash_7879240065a3db31
xmodelmesh,#hash_787bb8293fb449aa
xmodelmesh,#hash_787f8fc692cfdd71
xmodelmesh,#hash_f87fa0dedbc5ce48
xmodelmesh,#hash_78808e5902c2d8fd
xmodelmesh,#hash_788206065cc8cc9d
xmodelmesh,#hash_78830e6ff6a6a4a1
xmodelmesh,#hash_7884015284433f19
xmodelmesh,#hash_7884426ca5af18f4
xmodelmesh,#hash_7886bd390f6601bc
xmodelmesh,#hash_78871629f5a73719
xmodelmesh,#hash_78894f0be1c35b36
xmodelmesh,#hash_788968228c63c573
xmodelmesh,#hash_788b2ce2548cf3f4
xmodelmesh,#hash_788bf44671458321
xmodelmesh,#hash_f8908dc6b9666e78
xmodelmesh,#hash_7891c945c6af596f
xmodelmesh,#hash_7894b11884fb93ed
xmodelmesh,#hash_f8969e8c2889776b
xmodelmesh,#hash_7896c3c3b5b84a42
xmodelmesh,#hash_f897fd8f1f4d711d
xmodelmesh,#hash_7898bb59a7a24f15
xmodelmesh,#hash_789bd091759c587d
xmodelmesh,#hash_f89c5990eb8c3250
xmodelmesh,#hash_789e1140d3de129d
xmodelmesh,#hash_f8a1c5cd272f93b0
xmodelmesh,#hash_f8a3acf656cd5c8c
xmodelmesh,#hash_78a45b4f39032d6a
xmodelmesh,#hash_78a7dd1ad4ef3538
xmodelmesh,#hash_78a85be1724c696a
xmodelmesh,#hash_78a9cc6728619c06
xmodelmesh,#hash_78aa18f997722bf2
xmodelmesh,#hash_78abef662012f244
xmodelmesh,#hash_78ac9e4f9456d47f
xmodelmesh,#hash_78b8c603c01d0099
xmodelmesh,#hash_78bc5d23872bd61a
xmodelmesh,#hash_f8bd1509e79a40a9
xmodelmesh,#hash_78bf4a8168e5f3fa
xmodelmesh,#hash_78c38d9d436ea226
xmodelmesh,#hash_78c49444643275ce
xmodelmesh,#hash_78c4ba05f787253c
xmodelmesh,#hash_78c9236fa8cc7d92
xmodelmesh,#hash_78c9c5b45e0058b3
xmodelmesh,#hash_78c9fc35452b6b22
xmodelmesh,#hash_78ca33cede4b5095
xmodelmesh,#hash_78cceb253fbe9eff
xmodelmesh,#hash_78cf025dc655c663
xmodelmesh,#hash_f8d0745a2637e94c
xmodelmesh,#hash_78d6ad84eb82e650
xmodelmesh,#hash_78d6eaa0ae382929
xmodelmesh,#hash_f8d7065fbfe67186
xmodelmesh,#hash_78d9da3c42f3fe36
xmodelmesh,#hash_78db082e0ca12166
xmodelmesh,#hash_78dff18f43a5f53b
xmodelmesh,#hash_78e27c2361e27b8a
xmodelmesh,#hash_78e681e7b7c59d4f
xmodelmesh,#hash_78e80676d5aa1d28
xmodelmesh,#hash_f8ea1d9108379cd7
xmodelmesh,#hash_78ec216fbdb80403
xmodelmesh,#hash_78f3853bd776d224
xmodelmesh,#hash_78f50dc8395a75ea
xmodelmesh,#hash_78f5760fc8b750ce
xmodelmesh,#hash_78f6a8e0441c06af
xmodelmesh,#hash_78f81c9fdbeb95d7
xmodelmesh,#hash_78fb5b2868bc529a
xmodelmesh,#hash_78fcef34bc4b5e1c
xmodelmesh,#hash_78fdd7008dbfae97
xmodelmesh,#hash_78feba3f96fa81d0
xmodelmesh,#hash_78ffd2eac65cbfde
xmodelmesh,#hash_790434ee8c283774
xmodelmesh,#hash_79065b324b4a66d5
xmodelmesh,#hash_7906737c1634c695
xmodelmesh,#hash_7907ceb3fc14e49f
xmodelmesh,#hash_7909588f3c5bcabc
xmodelmesh,#hash_f90c4994c42c482b
xmodelmesh,#hash_790c57ed7315b4c5
xmodelmesh,#hash_790cc35ba041012f
xmodelmesh,#hash_f90cf65b409a8e0e
xmodelmesh,#hash_790cfb9e5f7ae26c
xmodelmesh,#hash_790e7e5c08abbe49
xmodelmesh,#hash_f910cb2ed6d6d633
xmodelmesh,#hash_7911b58a2b12f55e
xmodelmesh,#hash_791284699ac1f2bf
xmodelmesh,#hash_79163e48e8918f35
xmodelmesh,#hash_7917a1116b56a7e0
xmodelmesh,#hash_7918662e383e32d9
xmodelmesh,#hash_f9186fe692baafc6
xmodelmesh,#hash_7918e682e5470795
xmodelmesh,#hash_791a893be100de21
xmodelmesh,#hash_791c67c5aa853d01
xmodelmesh,#hash_791d4b3433f23754
xmodelmesh,#hash_7920b5e17844fa8d
xmodelmesh,#hash_7920f8c16a3fd9ee
xmodelmesh,#hash_79218f128489cde7
xmodelmesh,#hash_792462b098df494a
xmodelmesh,#hash_7924a355b7c53bcd
xmodelmesh,#hash_f925a237f41d55c7
xmodelmesh,#hash_79260bf79c782a5b
xmodelmesh,#hash_79263d4ef8c502ba
xmodelmesh,#hash_7926424d1668d941
xmodelmesh,#hash_792b3329e8b7f768
xmodelmesh,#hash_792ced2b79b4d860
xmodelmesh,#hash_f92dfb4e60bbcb8d
xmodelmesh,#hash_7931a2706bf3b19c
xmodelmesh,#hash_f93493fb871b76cf
xmodelmesh,#hash_f935ff484f5b5a80
xmodelmesh,#hash_79369242b46ecf55
xmodelmesh,#hash_f9375d2ee940ba24
xmodelmesh,#hash_793b03114f1f651b
xmodelmesh,#hash_793baeea53153a24
xmodelmesh,#hash_793c122369347b99
xmodelmesh,#hash_794205922282dc5b
xmodelmesh,#hash_7942898c80c21887
xmodelmesh,#hash_7943676bbaebb9f4
xmodelmesh,#hash_79444d02a0cdabaa
xmodelmesh,#hash_7945b1cb54066dbb
xmodelmesh,#hash_7947ad95c8df5cd1
xmodelmesh,#hash_f949b7e9ba098e29
xmodelmesh,#hash_794a7a835cb8210a
xmodelmesh,#hash_794acec2250dd0dc
xmodelmesh,#hash_794c4fcc7f16c080
xmodelmesh,#hash_794d12598181c29c
xmodelmesh,#hash_794d291ec475a8fe
xmodelmesh,#hash_794df3e6e5b7d1fc
xmodelmesh,#hash_794f66a9922f18c0
xmodelmesh,#hash_795199a0fb6c081b
xmodelmesh,#hash_7951a2add7adab87
xmodelmesh,#hash_79528cfd12069ea4
xmodelmesh,#hash_f95387cabc3e895f
xmodelmesh,#hash_7955e79fb8974af8
xmodelmesh,#hash_7958bdbf262c1a43
xmodelmesh,#hash_7958e14a54278226
xmodelmesh,#hash_7959e21c5ab88452
xmodelmesh,#hash_795adef559b376ba
xmodelmesh,#hash_795bc544e44e091d
xmodelmesh,#hash_795c55f1081bffd2
xmodelmesh,#hash_795f062b6a7531b3
xmodelmesh,#hash_79600cd5a8804c19
xmodelmesh,#hash_79615ae48c761a5c
xmodelmesh,#hash_79640635b0707b99
xmodelmesh,#hash_f9674c991eac19a1
xmodelmesh,#hash_79685a60a159c01f
xmodelmesh,#hash_796a8fbcbb3bfe67
xmodelmesh,#hash_f96b2e006f599326
xmodelmesh,#hash_796bf8ec6ddff972
xmodelmesh,#hash_f96c6b1255c0cac7
xmodelmesh,#hash_796c8ee740eec708
xmodelmesh,#hash_796d7a9d7ee19978
xmodelmesh,#hash_796ea0c11ec0f52c
xmodelmesh,#hash_796f4a9d0a02f6ac
xmodelmesh,#hash_796f7ce80238e8b0
xmodelmesh,#hash_7972ff01fb5c78bc
xmodelmesh,#hash_f9734c2577966b27
xmodelmesh,#hash_797434915475cb32
xmodelmesh,#hash_7975456081fa07df
xmodelmesh,#hash_7975a8969289bc96
xmodelmesh,#hash_7975c18ec1494d0e
xmodelmesh,#hash_797c23dacbacbf2d
xmodelmesh,#hash_797f7cfe2468cc7e
xmodelmesh,#hash_798183c21b1933c5
xmodelmesh,#hash_79833b1aedd3d114
xmodelmesh,#hash_f9845b8be23a0b6b
xmodelmesh,#hash_798491ca94372051
xmodelmesh,#hash_79874c13e3aa7def
xmodelmesh,#hash_798f143a1f845f35
xmodelmesh,#hash_798f8e999a0e7d77
xmodelmesh,#hash_f992c9816711dd7a
xmodelmesh,#hash_79962364d8ebe062
xmodelmesh,#hash_79973f0890a2c246
xmodelmesh,#hash_7998e8db3fca62e2
xmodelmesh,#hash_799ba3d8a37373fc
xmodelmesh,#hash_799c02cae1fa8d36
xmodelmesh,#hash_799d6010405d3545
xmodelmesh,#hash_799d8d477db9a305
xmodelmesh,#hash_799e0f96cfa69f95
xmodelmesh,#hash_79a0ae55239a3c08
xmodelmesh,#hash_79a14585507d7082
xmodelmesh,#hash_79a6905b69d0212c
xmodelmesh,#hash_79a7324a1bad5ad8
xmodelmesh,#hash_f9a80e787c781bbf
xmodelmesh,#hash_79ab21289e058f4d
xmodelmesh,#hash_79ad5cb1e3571751
xmodelmesh,#hash_79adb789ec5a440b
xmodelmesh,#hash_79af0bf9a49e1984
xmodelmesh,#hash_f9b0f5f0ecbe0c93
xmodelmesh,#hash_79b214fd02141d87
xmodelmesh,#hash_f9b29793b977ed5a
xmodelmesh,#hash_79b2bdbc404a4445
xmodelmesh,#hash_79b2cd90284f3688
xmodelmesh,#hash_79b6249dd9204b70
xmodelmesh,#hash_79b76b898af7b03f
xmodelmesh,#hash_79b80508b54a84f4
xmodelmesh,#hash_79b8ccfca09e1d02
xmodelmesh,#hash_79bb2b7d2f05375f
xmodelmesh,#hash_79bb821d50ef60cc
xmodelmesh,#hash_79bca9af29d2e7b5
xmodelmesh,#hash_79bd4ff38de8bf2c
xmodelmesh,#hash_79bf3fe19db40c7a
xmodelmesh,#hash_79c088ba3b86eaff
xmodelmesh,#hash_79c4ca0dabd940de
xmodelmesh,#hash_79c556d10bfe8e47
xmodelmesh,#hash_f9c760bbd43b9c2b
xmodelmesh,#hash_79c970a047768dc1
xmodelmesh,#hash_79cad6c247185fd6
xmodelmesh,#hash_79d5ed904a92986d
xmodelmesh,#hash_79d65f76ae281a99
xmodelmesh,#hash_79d8f68be18387a9
xmodelmesh,#hash_f9da08009350df39
xmodelmesh,#hash_f9db4c03a6c4a4e2
xmodelmesh,#hash_79dc75e471bf16ee
xmodelmesh,#hash_79df592bf34b614f
xmodelmesh,#hash_79dfa9a641cdbfe7
xmodelmesh,#hash_79e1e75bafff3c73
xmodelmesh,#hash_79e65084f0fc7469
xmodelmesh,#hash_f9e8e0d56a097656
xmodelmesh,#hash_f9e9d6fe0fefd2d0
xmodelmesh,#hash_79ead10d5576abff
xmodelmesh,#hash_79efa8023587b739
xmodelmesh,#hash_79f1eb42a1b982b7
xmodelmesh,#hash_79f235615a025129
xmodelmesh,#hash_79f29b0cc4aa4aa5
xmodelmesh,#hash_79f55cc3ddbecc9a
xmodelmesh,#hash_f9f733caa8c0a0ff
xmodelmesh,#hash_79facbdac28965e8
xmodelmesh,#hash_79fb5eeb2c4ea2e3
xmodelmesh,#hash_79fb70066c7c30a8
xmodelmesh,#hash_79fd0c053a878d8b
xmodelmesh,#hash_f9ff69edf4d1f3ff
xmodelmesh,#hash_7a01cfe130ce1cce
xmodelmesh,#hash_fa02f7263226076f
xmodelmesh,#hash_7a0339c50b6e901a
xmodelmesh,#hash_7a04b1122213e774
xmodelmesh,#hash_7a04d2561b01dbab
xmodelmesh,#hash_7a06f209dec46b61
xmodelmesh,#hash_7a079496e576cf6d
xmodelmesh,#hash_7a0c75ba90d254f5
xmodelmesh,#hash_7a0f20d5d7588445
xmodelmesh,#hash_7a117cf150e3f65a
xmodelmesh,#hash_7a161b6992dfcb38
xmodelmesh,#hash_7a1ad81687d5b353
xmodelmesh,#hash_7a1b8e0d4fdec7ec
xmodelmesh,#hash_7a1d35b64c2bb991
xmodelmesh,#hash_7a1f8940432b6773
xmodelmesh,#hash_7a20d10b451c5f81
xmodelmesh,#hash_fa25933a2becd1a7
xmodelmesh,#hash_fa25bbe1c54e5c7c
xmodelmesh,#hash_7a2898bfe17a4105
xmodelmesh,#hash_7a298ad485a03974
xmodelmesh,#hash_fa2add75d2b2d0c6
xmodelmesh,#hash_fa2b1c17c3c5a7ad
xmodelmesh,#hash_7a32b4e165b770e3
xmodelmesh,#hash_7a341ffb8128abf3
xmodelmesh,#hash_fa3465a0eb77630e
xmodelmesh,#hash_7a3711e0c5297672
xmodelmesh,#hash_7a3996bcb8f4b91f
xmodelmesh,#hash_7a4212119866e6c9
xmodelmesh,#hash_7a42c5ea51c4ba97
xmodelmesh,#hash_fa4335aebe222813
xmodelmesh,#hash_fa4383bcdf77af88
xmodelmesh,#hash_7a44078b6fa70351
xmodelmesh,#hash_7a49ddfa92c64308
xmodelmesh,#hash_7a4aa90522406c58
xmodelmesh,#hash_7a4e760641a12a1d
xmodelmesh,#hash_fa4eed85dcc8393d
xmodelmesh,#hash_7a526695d713b229
xmodelmesh,#hash_7a52848e41aac103
xmodelmesh,#hash_7a5a4f91e53249fb
xmodelmesh,#hash_7a5cf374e5680f8f
xmodelmesh,#hash_fa5ebfe27354c6b0
xmodelmesh,#hash_7a5ef29ee9d02c7e
xmodelmesh,#hash_fa69aef52082433b
xmodelmesh,#hash_7a6be3789161ea49
xmodelmesh,#hash_7a6d24af6a726445
xmodelmesh,#hash_7a6d3c2c851c1f2f
xmodelmesh,#hash_7a6e0e761a3a2b25
xmodelmesh,#hash_7a6f37cb87bedf38
xmodelmesh,#hash_7a6fdf39b2016228
xmodelmesh,#hash_7a728a0d229f061f
xmodelmesh,#hash_7a72b91eb6a6157a
xmodelmesh,#hash_7a73e8f10ba13a78
xmodelmesh,#hash_7a752b1cf573e3dc
xmodelmesh,#hash_fa76c5fc0ee34cfc
xmodelmesh,#hash_7a7729a3099a2aca
xmodelmesh,#hash_7a777b0214333955
xmodelmesh,#hash_7a7899ad4c7bd62f
xmodelmesh,#hash_7a7afed54f59735e
xmodelmesh,#hash_7a7b28dc7a0b06c2
xmodelmesh,#hash_fa7c09bd4edb60c3
xmodelmesh,#hash_7a7c271dd755e448
xmodelmesh,#hash_7a7d151d7597a545
xmodelmesh,#hash_7a7e486eee4006b6
xmodelmesh,#hash_7a7f2a99462d1577
xmodelmesh,#hash_fa8277de5c9cdf4d
xmodelmesh,#hash_7a87bdb3f3038365
xmodelmesh,#hash_fa8db828f8dd6323
xmodelmesh,#hash_7a8ed86db06bee8b
xmodelmesh,#hash_7a8f1bdf5e1dabd1
xmodelmesh,#hash_7a90544f04bb5aa0
xmodelmesh,#hash_7a920d8011bd88e5
xmodelmesh,#hash_7a9226ae33297c9f
xmodelmesh,#hash_7a932cd6abfea622
xmodelmesh,#hash_7a935b7131d83e64
xmodelmesh,#hash_fa942a09afae98d2
xmodelmesh,#hash_7a949d8e1592cea4
xmodelmesh,#hash_fa9502ab34589877
xmodelmesh,#hash_7a97cffa22149275
xmodelmesh,#hash_7a9c0d48297f7534
xmodelmesh,#hash_7a9eceabfbc3247b
xmodelmesh,#hash_7aa136ba6b785d72
xmodelmesh,#hash_7aa2638aa6209d28
xmodelmesh,#hash_7aa4bbd5aba21e61
xmodelmesh,#hash_7aa5e2593ca2efec
xmodelmesh,#hash_7aa64e1d9cb3d3de
xmodelmesh,#hash_7aa9f88dbd55d77a
xmodelmesh,#hash_7aab73fddda780a3
xmodelmesh,#hash_7aabb04348a77176
xmodelmesh,#hash_7aabb663f29c4216
xmodelmesh,#hash_7aabde55632c7e1d
xmodelmesh,#hash_faad4feb99ef2b12
xmodelmesh,#hash_7ab1fb062bd427bb
xmodelmesh,#hash_fab329e7d4c50cc2
xmodelmesh,#hash_7ab74cb4b048cf23
xmodelmesh,#hash_7abd9d76d89713fc
xmodelmesh,#hash_7abf515c6250c0ad
xmodelmesh,#hash_7abf5ef351f637a1
xmodelmesh,#hash_7ac02b0bb6cf2ca0
xmodelmesh,#hash_7ac491a9f975ec97
xmodelmesh,#hash_fac938ce87ed296e
xmodelmesh,#hash_7ac95de0bd33e7c3
xmodelmesh,#hash_7aca1c307a118d0e
xmodelmesh,#hash_7aca2d14ca8cd26f
xmodelmesh,#hash_7acb683c3ffcd6ad
xmodelmesh,#hash_facd7479276101dc
xmodelmesh,#hash_7ad39fe50e749f55
xmodelmesh,#hash_7ad6df12815fa1c2
xmodelmesh,#hash_7ad9ba9182df6637
xmodelmesh,#hash_7adb74a1358e5663
xmodelmesh,#hash_fadb8569b38202d7
xmodelmesh,#hash_7adbe5116901a86b
xmodelmesh,#hash_fadc6836f91f781a
xmodelmesh,#hash_7add58e316d03183
xmodelmesh,#hash_7adf6b613fcce0af
xmodelmesh,#hash_7ae070499e64991f
xmodelmesh,#hash_7ae1b25d37acdb47
xmodelmesh,#hash_7ae2296ecc26a500
xmodelmesh,#hash_7ae51d2ba2e4aca8
xmodelmesh,#hash_7ae583d3bde3d26d
xmodelmesh,#hash_7ae7bd529ab6fdb3
xmodelmesh,#hash_7aea0690f31532b3
xmodelmesh,#hash_7aea1c27aa4f56d7
xmodelmesh,#hash_faee10f4410ce4f0
xmodelmesh,#hash_7aef8cc1266cae36
xmodelmesh,#hash_7af0d4d12073d40b
xmodelmesh,#hash_7af1a138f190f86c
xmodelmesh,#hash_7af2dffc4cab689a
xmodelmesh,#hash_faf339c4008bed42
xmodelmesh,#hash_7af67d1e3761f25f
xmodelmesh,#hash_7afa4dd0c21b9d95
xmodelmesh,#hash_7b0192b6bb005ce8
xmodelmesh,#hash_7b05de1e994630af
xmodelmesh,#hash_7b07d2c5b8bf0a41
xmodelmesh,#hash_7b0a65c453e2869a
xmodelmesh,#hash_fb0adb1f757d2356
xmodelmesh,#hash_7b0b3b0fa6be2471
xmodelmesh,#hash_7b0c3d481252118b
xmodelmesh,#hash_7b0df6e02c7b001b
xmodelmesh,#hash_7b1041ffc9e3fdaf
xmodelmesh,#hash_7b15d9d8629a0517
xmodelmesh,#hash_7b18be01996dc953
xmodelmesh,#hash_7b1b71742fa2200b
xmodelmesh,#hash_7b1bae6017a73e0e
xmodelmesh,#hash_7b1ce37ffc5f8958
xmodelmesh,#hash_7b20d6205317a985
xmodelmesh,#hash_7b211d8c68cc2ead
xmodelmesh,#hash_7b24fa15de55a88c
xmodelmesh,#hash_fb274bc4184f6082
xmodelmesh,#hash_7b290f5132833050
xmodelmesh,#hash_7b2a216b0cce52dd
xmodelmesh,#hash_fb2a71e2387f85ab
xmodelmesh,#hash_7b2b4242d42ccb81
xmodelmesh,#hash_7b2dcbdea1831988
xmodelmesh,#hash_7b3002660d1fc92b
xmodelmesh,#hash_7b308506b65d2f15
xmodelmesh,#hash_7b31892cbed31ee3
xmodelmesh,#hash_7b31eda26ca7be16
xmodelmesh,#hash_7b322c50addbe6ea
xmodelmesh,#hash_7b33193b0952d430
xmodelmesh,#hash_7b34ba208b0bbe2a
xmodelmesh,#hash_7b35113feff7357b
xmodelmesh,#hash_7b3551beda661513
xmodelmesh,#hash_7b35fb000aeb496a
xmodelmesh,#hash_fb37b33ea40c9454
xmodelmesh,#hash_7b38c555550697f2
xmodelmesh,#hash_7b39175f54fc6d04
xmodelmesh,#hash_fb3954485186b32d
xmodelmesh,#hash_7b395ec0c86ed41f
xmodelmesh,#hash_7b3a38a9b0d01a99
xmodelmesh,#hash_7b3b195dcc69c0e8
xmodelmesh,#hash_7b3bf85e12b9b1ea
xmodelmesh,#hash_7b3c0d0c321a656a
xmodelmesh,#hash_7b3d9f4f32effe27
xmodelmesh,#hash_7b3f4fef19b0cfb9
xmodelmesh,#hash_7b3fc5a39a8cf565
xmodelmesh,#hash_7b416b0e1ce225e1
xmodelmesh,#hash_7b41bfd2079e9b93
xmodelmesh,#hash_7b4308fd47cae7a1
xmodelmesh,#hash_7b44ec3fef22d095
xmodelmesh,#hash_7b459a18db6060bc
xmodelmesh,#hash_7b471de0965a3428
xmodelmesh,#hash_7b4788d2294969d7
xmodelmesh,#hash_7b49c90f0a80294f
xmodelmesh,#hash_fb49eacf2b002c97
xmodelmesh,#hash_7b4a3043a752c528
xmodelmesh,#hash_7b4bf25b43990892
xmodelmesh,#hash_7b4d47b411b1b39c
xmodelmesh,#hash_fb519a973571eeb0
xmodelmesh,#hash_7b52a6ad684442d4
xmodelmesh,#hash_7b540b42f82a9f71
xmodelmesh,#hash_7b543d55fc28a471
xmodelmesh,#hash_7b55205627519ec7
xmodelmesh,#hash_7b554828395b20c5
xmodelmesh,#hash_fb578dae5dc9c387
xmodelmesh,#hash_7b584041db7e7f38
xmodelmesh,#hash_7b59eb2f84226db4
xmodelmesh,#hash_7b5b308e9ae70fcb
xmodelmesh,#hash_7b5b317acaca048e
xmodelmesh,#hash_7b5bf7dff39b772b
xmodelmesh,#hash_7b5d02cef8340c3e
xmodelmesh,#hash_7b5d4d7488e636ad
xmodelmesh,#hash_7b5f8fffd344779e
xmodelmesh,#hash_7b60e380deeb14c7
xmodelmesh,#hash_7b6132f9222adfb7
xmodelmesh,#hash_7b61958bd7b4f707
xmodelmesh,#hash_fb61f8d2b2e423d0
xmodelmesh,#hash_7b64e78601f7b9ee
xmodelmesh,#hash_7b65ddc20fdc4b53
xmodelmesh,#hash_7b672e13a5d7b64d
xmodelmesh,#hash_7b692481a0fc0076
xmodelmesh,#hash_7b695ed2f8cfa45e
xmodelmesh,#hash_7b6a7ef8379c42b7
xmodelmesh,#hash_7b6aa60aeff0fb81
xmodelmesh,#hash_7b6b1cca61017db8
xmodelmesh,#hash_7b6b6eb5a2126e52
xmodelmesh,#hash_7b6b8413dd095821
xmodelmesh,#hash_7b6bf1d2ed32f91e
xmodelmesh,#hash_7b6e21878a7be24e
xmodelmesh,#hash_7b6e8f2246fe8717
xmodelmesh,#hash_7b6f74e07009733d
xmodelmesh,#hash_7b73695a9463dca4
xmodelmesh,#hash_7b75360f4c30c403
xmodelmesh,#hash_7b75fcc4c913824c
xmodelmesh,#hash_7b79295047ea99d6
xmodelmesh,#hash_7b7b32917eefcd00
xmodelmesh,#hash_7b7bcd888bfdbc71
xmodelmesh,#hash_7b7c5d83135d7cd1
xmodelmesh,#hash_7b7e416852e879ae
xmodelmesh,#hash_7b809e08f6d9cfe1
xmodelmesh,#hash_fb81d9bf08338da8
xmodelmesh,#hash_fb825b8612c78a8d
xmodelmesh,#hash_fb831b1de2fbacc2
xmodelmesh,#hash_7b88c0b93df5a635
xmodelmesh,#hash_7b896d56bf3ef2d4
xmodelmesh,#hash_7b8b237b3a32e007
xmodelmesh,#hash_7b8ca137203cc1d6
xmodelmesh,#hash_fb8d695c16b707e2
xmodelmesh,#hash_7b8d8accc56f2c84
xmodelmesh,#hash_7b8f75e5ef6b41aa
xmodelmesh,#hash_7b930a58268bed36
xmodelmesh,#hash_7b9341169ba2152e
xmodelmesh,#hash_7b962b67d0f2570a
xmodelmesh,#hash_7b9a4a9380de148e
xmodelmesh,#hash_7b9a53ac33aaa57c
xmodelmesh,#hash_7b9bdc5550a61d5d
xmodelmesh,#hash_7b9c0b3f3338ed60
xmodelmesh,#hash_7b9d04f09d09c26c
xmodelmesh,#hash_7b9dd3fef1dba53f
xmodelmesh,#hash_fba0e8c1f9613a99
xmodelmesh,#hash_7ba129df315939f1
xmodelmesh,#hash_7ba17a6e16ba3ac3
xmodelmesh,#hash_7ba769eb55029a02
xmodelmesh,#hash_7ba8d6a722cba57c
xmodelmesh,#hash_7ba92b549b675b4b
xmodelmesh,#hash_fbaa040a809c2b6e
xmodelmesh,#hash_fbab552788418279
xmodelmesh,#hash_fbae248c067cadf8
xmodelmesh,#hash_fbaf456fce4e43a3
xmodelmesh,#hash_7bb2d7edd3caa9a7
xmodelmesh,#hash_7bb5569b76db4ab8
xmodelmesh,#hash_7bb9feebaa9d2268
xmodelmesh,#hash_7bbf1b12679c184b
xmodelmesh,#hash_7bc591f0b52a0779
xmodelmesh,#hash_7bc5c42678006ecb
xmodelmesh,#hash_7bc78128cdaa3ae7
xmodelmesh,#hash_7bca554c399a903e
xmodelmesh,#hash_fbca5bef5b84aafc
xmodelmesh,#hash_7bcb49955efadaa7
xmodelmesh,#hash_fbcb70c65e1f3ed6
xmodelmesh,#hash_7bcbae207938d8aa
xmodelmesh,#hash_7bcc6374752615fc
xmodelmesh,#hash_7bd30485ffaa58e8
xmodelmesh,#hash_7bd3d988d3fc38a0
xmodelmesh,#hash_7bd783124af34dae
xmodelmesh,#hash_7bdaf3917a054966
xmodelmesh,#hash_7bdcc117d778f8f5
xmodelmesh,#hash_7be5b31932183c0a
xmodelmesh,#hash_7be9678257ddcb8f
xmodelmesh,#hash_7be98f5b13fac6bb
xmodelmesh,#hash_7bea34a5faffc91a
xmodelmesh,#hash_7bed3418e931c6fd
xmodelmesh,#hash_7bed9c6465bbad9c
xmodelmesh,#hash_7bedb69e7cfb5901
xmodelmesh,#hash_fbee7c11f10aace9
xmodelmesh,#hash_7bef3dc67ec35b9f
xmodelmesh,#hash_7bef9fb5479e866f
xmodelmesh,#hash_7befbff45f6fc605
xmodelmesh,#hash_7bf09f6e430d3cbd
xmodelmesh,#hash_7bf6a791c7e6ebdc
xmodelmesh,#hash_7bf8c4d1c2d7f631
xmodelmesh,#hash_7bf8d54a81bb1c95
xmodelmesh,#hash_fc00ed7f471d2430
xmodelmesh,#hash_7c023637431c8282
xmodelmesh,#hash_7c0a4a43d15802e0
xmodelmesh,#hash_7c0c41c0453723a0
xmodelmesh,#hash_7c0d942e25f0b749
xmodelmesh,#hash_7c1001ea95a21daa
xmodelmesh,#hash_7c123a2827c5e44c
xmodelmesh,#hash_7c128b76fadd5838
xmodelmesh,#hash_7c14276010604689
xmodelmesh,#hash_7c15a91e68160c6e
xmodelmesh,#hash_7c16408634f1ef16
xmodelmesh,#hash_fc1897cfeae1148f
xmodelmesh,#hash_7c1a3eecd845c405
xmodelmesh,#hash_fc1bf899ef32ca54
xmodelmesh,#hash_7c1da358d1358eac
xmodelmesh,#hash_fc1de7e521b8ce66
xmodelmesh,#hash_7c1dfaea8f73996f
xmodelmesh,#hash_7c1e47659010b011
xmodelmesh,#hash_7c1f442e23301c14
xmodelmesh,#hash_7c2010cbddbb3077
xmodelmesh,#hash_7c2028a9ced2fbb5
xmodelmesh,#hash_fc20b7ecb5aee200
xmodelmesh,#hash_7c229aa22bae193d
xmodelmesh,#hash_7c25347a63e01047
xmodelmesh,#hash_7c284665f95446e6
xmodelmesh,#hash_7c2864ceae586f26
xmodelmesh,#hash_fc29692923a3a00f
xmodelmesh,#hash_7c2c00eef032d4e0
xmodelmesh,#hash_7c2c6c41381673dd
xmodelmesh,#hash_7c2cbddc668cc2ee
xmodelmesh,#hash_fc2cd2d1c141c842
xmodelmesh,#hash_fc2d945a0097b974
xmodelmesh,#hash_7c2ecf753f9cf876
xmodelmesh,#hash_fc2f23c1df7464d5
xmodelmesh,#hash_7c317470918bd9d8
xmodelmesh,#hash_7c31a518fa96e110
xmodelmesh,#hash_7c334756ac52d897
xmodelmesh,#hash_7c33a70da8406bf5
xmodelmesh,#hash_7c348c18618caefc
xmodelmesh,#hash_fc369e45a11008a4
xmodelmesh,#hash_7c39533f799da170
xmodelmesh,#hash_fc39a2de712fc92a
xmodelmesh,#hash_7c3a99f99d903eae
xmodelmesh,#hash_7c3c7d73ff35cee6
xmodelmesh,#hash_7c3ccdba5cf5af07
xmodelmesh,#hash_7c3cf213baeeee70
xmodelmesh,#hash_7c3f850f4e272d5b
xmodelmesh,#hash_fc410007299e41cc
xmodelmesh,#hash_7c44e9e7b94da9b1
xmodelmesh,#hash_fc4616e2212406ad
xmodelmesh,#hash_7c4645bc6c73b4c0
xmodelmesh,#hash_7c4713240f80d2b0
xmodelmesh,#hash_7c478ac8c2ab8292
xmodelmesh,#hash_7c4a9d6a567f620f
xmodelmesh,#hash_7c4b3992e74be333
xmodelmesh,#hash_7c4d6ccf0483d750
xmodelmesh,#hash_7c501121db4b6c78
xmodelmesh,#hash_7c51c4288cb32f3e
xmodelmesh,#hash_fc534181e565b448
xmodelmesh,#hash_7c54e7fb63683a98
xmodelmesh,#hash_7c5589c84743e4f7
xmodelmesh,#hash_7c58201ca6f8e7f1
xmodelmesh,#hash_7c58ad0fe010f800
xmodelmesh,#hash_7c58ee8517465bfd
xmodelmesh,#hash_7c5a4dd110604121
xmodelmesh,#hash_fc5b86e6d0d00c95
xmodelmesh,#hash_fc5f56dd518b0f80
xmodelmesh,#hash_7c5ff28f412cce7d
xmodelmesh,#hash_7c620d2d07682e98
xmodelmesh,#hash_7c6257a722ec6651
xmodelmesh,#hash_7c6269321f789370
xmodelmesh,#hash_7c66286693da03a8
xmodelmesh,#hash_7c68d9b8fea8407f
xmodelmesh,#hash_7c6a622a6aa4cbcb
xmodelmesh,#hash_7c6a9bdca86a9f1d
xmodelmesh,#hash_7c6ceafccb89c541
xmodelmesh,#hash_7c6d1b427928309d
xmodelmesh,#hash_7c6d9df08f3d82e7
xmodelmesh,#hash_7c6ee4f74f100413
xmodelmesh,#hash_7c7045dba250f541
xmodelmesh,#hash_7c73a2539f84e83f
xmodelmesh,#hash_fc753fe329afab48
xmodelmesh,#hash_fc759e08dfa0be01
xmodelmesh,#hash_fc75acbec2030c86
xmodelmesh,#hash_7c761c77cb1848f5
xmodelmesh,#hash_7c78b0ea951a2942
xmodelmesh,#hash_7c7d9f6d143b9830
xmodelmesh,#hash_7c7e57baba51bfe2
xmodelmesh,#hash_7c8745d1d806df68
xmodelmesh,#hash_7c8948ddd63fa193
xmodelmesh,#hash_fc8cd0fc9f39330c
xmodelmesh,#hash_7c8d84554827fceb
xmodelmesh,#hash_fc8e65300753107e
xmodelmesh,#hash_7c8f5ff0825d3af4
xmodelmesh,#hash_fc9238943eb31285
xmodelmesh,#hash_7c9241f448837287
xmodelmesh,#hash_fc92dffecdc6d137
xmodelmesh,#hash_7c9433d52f4ea7c1
xmodelmesh,#hash_7c944a92871d68a6
xmodelmesh,#hash_7c97d22cc086e6dc
xmodelmesh,#hash_fc995e3834cb7fdf
xmodelmesh,#hash_fc9a35e50aaf1082
xmodelmesh,#hash_7c9ee03ca94bde1b
xmodelmesh,#hash_7c9eea704d5fa815
xmodelmesh,#hash_7ca0fae654d1990e
xmodelmesh,#hash_7ca19d84efaf4628
xmodelmesh,#hash_7ca3ca681aedcf5d
xmodelmesh,#hash_7ca4f0e629d91d0e
xmodelmesh,#hash_7ca6a2198afd553d
xmodelmesh,#hash_7ca7def810104f91
xmodelmesh,#hash_7ca8977b2684ee12
xmodelmesh,#hash_7cacfbcc5f5447c2
xmodelmesh,#hash_7cb018e46c75fc48
xmodelmesh,#hash_7cb24bea923706b4
xmodelmesh,#hash_7cb48742db39f8cf
xmodelmesh,#hash_7cb5c0e7b7688cb0
xmodelmesh,#hash_fcb6adfb09efb774
xmodelmesh,#hash_7cb9a4e7bff6500f
xmodelmesh,#hash_7cbb96f7583f464f
xmodelmesh,#hash_7cbe401b176cb01f
xmodelmesh,#hash_7cbf38a7c32a979d
xmodelmesh,#hash_7cc19785b78fe6b8
xmodelmesh,#hash_fcc37e0bd8f6ec8a
xmodelmesh,#hash_7cc3babc07fcab2e
xmodelmesh,#hash_7cc909bc15b1149a
xmodelmesh,#hash_7cca671006737e52
xmodelmesh,#hash_7ccb4a831e598e7d
xmodelmesh,#hash_7ccbd13ea74a716c
xmodelmesh,#hash_7ccbd5784868ed64
xmodelmesh,#hash_7ccde9a677b41d46
xmodelmesh,#hash_7ccfba729a014d4a
xmodelmesh,#hash_7cd0762b309f959e
xmodelmesh,#hash_7cd16593e6fb1038
xmodelmesh,#hash_7cd26342ba3b0d5e
xmodelmesh,#hash_fcd32a665f430ff4
xmodelmesh,#hash_7cd3d9c12e0a6de6
xmodelmesh,#hash_7cd75d6ee21048f2
xmodelmesh,#hash_7cda0ad24c9e9f72
xmodelmesh,#hash_7cda91316375aa1f
xmodelmesh,#hash_7cdd57dc56f5d7ce
xmodelmesh,#hash_7cdd8430036d8d79
xmodelmesh,#hash_7ce01af0fdd5b492
xmodelmesh,#hash_7ce411e43f12a931
xmodelmesh,#hash_7ce438e5669ebc5f
xmodelmesh,#hash_7ce7371426aa6cfd
xmodelmesh,#hash_fce75634ca849d55
xmodelmesh,#hash_7ce8eafcaa3cc493
xmodelmesh,#hash_7ce9d29bdbe0026e
xmodelmesh,#hash_7ce9e1ce6f3238ec
xmodelmesh,#hash_7cee56fe35ae0eae
xmodelmesh,#hash_7cf26d581a435d0c
xmodelmesh,#hash_7cf286daa69ffd5b
xmodelmesh,#hash_7cf58059e05874ae
xmodelmesh,#hash_7cf7ca989273e422
xmodelmesh,#hash_7cf915d70b0251da
xmodelmesh,#hash_7cfacae79bdbb625
xmodelmesh,#hash_7cfd0d9b17d33e7a
xmodelmesh,#hash_7cfd3e1afe22919d
xmodelmesh,#hash_7cfe9389314c9b07
xmodelmesh,#hash_7d0061b58a32c745
xmodelmesh,#hash_7d03f2b54c9571a2
xmodelmesh,#hash_7d0455b09ba436d4
xmodelmesh,#hash_7d04983ce81c471c
xmodelmesh,#hash_7d049995431d33ce
xmodelmesh,#hash_7d05d6d653e50a2e
xmodelmesh,#hash_7d05f0cf1f84b103
xmodelmesh,#hash_7d06eb0b2f0d84f1
xmodelmesh,#hash_7d0736cd2b3d0d00
xmodelmesh,#hash_fd081b8e99f5f8b1
xmodelmesh,#hash_7d0a3730ab943737
xmodelmesh,#hash_fd0f299aa58acd75
xmodelmesh,#hash_7d10149eab366b1e
xmodelmesh,#hash_fd10372007eb22a3
xmodelmesh,#hash_7d10449d9e0676ec
xmodelmesh,#hash_7d11ea8aa57ee6e5
xmodelmesh,#hash_7d187fe01abfe173
xmodelmesh,#hash_7d1a0f88f3d8869c
xmodelmesh,#hash_7d1e0295c5885424
xmodelmesh,#hash_fd1e6ebb5f2aa16e
xmodelmesh,#hash_7d1e6ed36174d993
xmodelmesh,#hash_7d1e98c88bcd9394
xmodelmesh,#hash_fd1ed8101341c08f
xmodelmesh,#hash_7d232bfa890a22b6
xmodelmesh,#hash_7d235692c7e8fcf4
xmodelmesh,#hash_fd23e6f78ee31b36
xmodelmesh,#hash_7d28054b764030b4
xmodelmesh,#hash_7d2938affb1d9a8f
xmodelmesh,#hash_7d2a4ac335c30575
xmodelmesh,#hash_7d2a55d6b6f851b1
xmodelmesh,#hash_7d2aa83053e1837e
xmodelmesh,#hash_7d2b6ee38da56f87
xmodelmesh,#hash_fd2bdbd1cf4548c2
xmodelmesh,#hash_fd30bd261c5332ed
xmodelmesh,#hash_7d33576a31c7ac51
xmodelmesh,#hash_7d341ba1ff3f72ed
xmodelmesh,#hash_7d35bee0b3b5f51d
xmodelmesh,#hash_7d35efb7159df7de
xmodelmesh,#hash_7d36959fb5e77251
xmodelmesh,#hash_7d36cc206eddc18b
xmodelmesh,#hash_7d3b65ff14dc918e
xmodelmesh,#hash_7d3bbf4100b18b71
xmodelmesh,#hash_7d3d1311a0503c61
xmodelmesh,#hash_fd3e01338c998fcb
xmodelmesh,#hash_7d3e1f5c27d605c4
xmodelmesh,#hash_fd4d6820a000c152
xmodelmesh,#hash_7d4db93911f77b29
xmodelmesh,#hash_7d4fd9cc9cb76417
xmodelmesh,#hash_7d51721ac44904c7
xmodelmesh,#hash_7d54cd961ccae84b
xmodelmesh,#hash_7d5576c7d0f5d4ec
xmodelmesh,#hash_fd558b35417f3bea
xmodelmesh,#hash_7d584d027f3c4b16
xmodelmesh,#hash_7d5aa6668f5e6600
xmodelmesh,#hash_7d5aacea5b6cfa60
xmodelmesh,#hash_7d5c17c775a4d950
xmodelmesh,#hash_7d5c5c836696ca59
xmodelmesh,#hash_7d5f97081f26e456
xmodelmesh,#hash_7d608152a5795bd0
xmodelmesh,#hash_7d60a2bcd3535646
xmodelmesh,#hash_7d6233898561f599
xmodelmesh,#hash_7d630bc221f1069f
xmodelmesh,#hash_fd660c81539a4f76
xmodelmesh,#hash_7d6a68e3f1b7fd4d
xmodelmesh,#hash_7d6bdb1fb881ab6b
xmodelmesh,#hash_7d6ec09f8b98aa8d
xmodelmesh,#hash_7d7230c1ceba93b8
xmodelmesh,#hash_7d72599461a52b1a
xmodelmesh,#hash_fd72e873fe647ab9
xmodelmesh,#hash_7d74a241a3a68023
xmodelmesh,#hash_fd75ec035dbe90fc
xmodelmesh,#hash_fd76edf11c7f1165
xmodelmesh,#hash_7d781779840d2c79
xmodelmesh,#hash_fd7905305bfd8b13
xmodelmesh,#hash_7d7a7656c3488816
xmodelmesh,#hash_7d7c394e75f9ba25
xmodelmesh,#hash_7d7f9912f32c9088
xmodelmesh,#hash_7d8076180f96bdaf
xmodelmesh,#hash_7d815a50aa9d7de6
xmodelmesh,#hash_fd83515bef1241b6
xmodelmesh,#hash_7d846c4103a16388
xmodelmesh,#hash_7d859b9293b05ad9
xmodelmesh,#hash_7d8739da458b4082
xmodelmesh,#hash_7d879822b15850b3
xmodelmesh,#hash_fd880ae1f9e32afe
xmodelmesh,#hash_7d8abffb51ad4b8a
xmodelmesh,#hash_7d8b9d46505c2275
xmodelmesh,#hash_7d8c1c0e2192c028
xmodelmesh,#hash_7d8df91e5abe2572
xmodelmesh,#hash_7d8e07c473ce5d6b
xmodelmesh,#hash_7d8e789465ee6b12
xmodelmesh,#hash_7d8ee7552cd856dc
xmodelmesh,#hash_fd906bd4ef159d93
xmodelmesh,#hash_7d92c0d45178c310
xmodelmesh,#hash_fd947cb6a7e7bea1
xmodelmesh,#hash_7d95b0856d9bd160
xmodelmesh,#hash_7d9919ca90ea1e48
xmodelmesh,#hash_fd9bfd23ea470bc2
xmodelmesh,#hash_fd9d37227dd74e92
xmodelmesh,#hash_7da2508fa0446eed
xmodelmesh,#hash_7da440f616f46251
xmodelmesh,#hash_7da470c21b3d085e
xmodelmesh,#hash_fda64ff05907cc1f
xmodelmesh,#hash_fda933aec2f2c304
xmodelmesh,#hash_fda98d46d47b3a3d
xmodelmesh,#hash_7da9f9c93dfbb89c
xmodelmesh,#hash_fdabfcf90d349fd1
xmodelmesh,#hash_7dac7bc1f04c7afa
xmodelmesh,#hash_7dad8dc262ed0416
xmodelmesh,#hash_7dadbb8c364b51a1
xmodelmesh,#hash_fdadedee39124608
xmodelmesh,#hash_fdb0a40768c06210
xmodelmesh,#hash_7db6e0143591bb1d
xmodelmesh,#hash_7db7c52f47e0e618
xmodelmesh,#hash_7db87599d88daea4
xmodelmesh,#hash_7db9a43bca600d12
xmodelmesh,#hash_fdbfdf653abcea4d
xmodelmesh,#hash_7dc07480108bc1b6
xmodelmesh,#hash_7dc1f81a65e7d063
xmodelmesh,#hash_7dc382a59670b56f
xmodelmesh,#hash_7dc7cc9a1f954544
xmodelmesh,#hash_7dcb8f946509d13f
xmodelmesh,#hash_fdce32413cb4708a
xmodelmesh,#hash_7dd08535ac2316fd
xmodelmesh,#hash_7dd0f9d576a4ceb3
xmodelmesh,#hash_7dd17e47e6553e1e
xmodelmesh,#hash_7dd1cdbed479c0c3
xmodelmesh,#hash_7dd2d35fda2bae22
xmodelmesh,#hash_7dd3a9c4303a694b
xmodelmesh,#hash_7dd73f75de2232e8
xmodelmesh,#hash_7dd82479c4ec045f
xmodelmesh,#hash_7dda455ef9f5a8cf
xmodelmesh,#hash_7ddab69460414de5
xmodelmesh,#hash_7ddca38691bcd380
xmodelmesh,#hash_7ddcd0779f432f29
xmodelmesh,#hash_7ddda60f2b5a1309
xmodelmesh,#hash_7dddbd8b3fc8a0af
xmodelmesh,#hash_7dde3724a513f23e
xmodelmesh,#hash_7de3ab876287d9d5
xmodelmesh,#hash_fde89ed19f6ca67b
xmodelmesh,#hash_7de8f486080f1f70
xmodelmesh,#hash_7de97471e83c914c
xmodelmesh,#hash_7deb60ecf1f855e0
xmodelmesh,#hash_7dee697d70947fb2
xmodelmesh,#hash_7df8c83ade92e7df
xmodelmesh,#hash_fdfc4bf16d9dc161
xmodelmesh,#hash_7dfe10c219ad77e3
xmodelmesh,#hash_7e00389585b72187
xmodelmesh,#hash_7e006a3896c994fe
xmodelmesh,#hash_fe0191fea9a6dce1
xmodelmesh,#hash_7e01b6ae412b0fab
xmodelmesh,#hash_7e02544812609eec
xmodelmesh,#hash_fe02f6e3f8d847c9
xmodelmesh,#hash_7e048a2cab942a50
xmodelmesh,#hash_7e04e2de55e3d883
xmodelmesh,#hash_7e0624f62b60ae7f
xmodelmesh,#hash_7e088128e49977d7
xmodelmesh,#hash_7e093ee54140a347
xmodelmesh,#hash_7e0b95d0991fa013
xmodelmesh,#hash_7e0c585b0877b323
xmodelmesh,#hash_7e0e1645de743bcf
xmodelmesh,#hash_7e0f7678a840b745
xmodelmesh,#hash_fe1023d967b4be5d
xmodelmesh,#hash_7e1126063e38fb80
xmodelmesh,#hash_fe145c19b67e6e1a
xmodelmesh,#hash_7e150c83900412ee
xmodelmesh,#hash_7e151db3f4584be3
xmodelmesh,#hash_fe153c694e5d7cca
xmodelmesh,#hash_7e15c6e0f84dd0d4
xmodelmesh,#hash_7e18bb40b9f00b50
xmodelmesh,#hash_fe1981b968bc7e74
xmodelmesh,#hash_7e1c182726fca109
xmodelmesh,#hash_7e1c9bf02bc6a8bf
xmodelmesh,#hash_fe1dcbfa6d0d6a2a
xmodelmesh,#hash_7e1ffaaa6ad05e65
xmodelmesh,#hash_7e2031683a3dce6b
xmodelmesh,#hash_7e216d2ab0013e69
xmodelmesh,#hash_7e254d86f03377d3
xmodelmesh,#hash_7e26dde93d63fa8d
xmodelmesh,#hash_7e281acbe8403b44
xmodelmesh,#hash_7e28c5924f0b2f8f
xmodelmesh,#hash_7e2caa686ee70645
xmodelmesh,#hash_7e2d718aa757d10e
xmodelmesh,#hash_7e2d72234eb8d72c
xmodelmesh,#hash_7e320a3f31d5dd46
xmodelmesh,#hash_7e32bf223ba4bc7b
xmodelmesh,#hash_fe32d65a8cd2a880
xmodelmesh,#hash_fe339e27ac1fe1a1
xmodelmesh,#hash_7e358e4502e15af3
xmodelmesh,#hash_7e3774577d431411
xmodelmesh,#hash_fe3841ec25fa93c7
xmodelmesh,#hash_7e388d4156bce990
xmodelmesh,#hash_7e3b452c9673ab3d
xmodelmesh,#hash_7e3cd1bf7f034a96
xmodelmesh,#hash_7e3dbde63fd173fe
xmodelmesh,#hash_7e3e3a8747affcd9
xmodelmesh,#hash_7e3fa40cc8ac52be
xmodelmesh,#hash_7e3ffe87f3d7aef8
xmodelmesh,#hash_fe423c2327a8eaef
xmodelmesh,#hash_7e48ffeb58343678
xmodelmesh,#hash_7e4af34fa2e47eaf
xmodelmesh,#hash_7e4bb42d782d967e
xmodelmesh,#hash_fe4bff52da8dd99d
xmodelmesh,#hash_7e4ce6a34fd8cd81
xmodelmesh,#hash_fe4fac3000943c3d
xmodelmesh,#hash_7e51647b4a9e9faa
xmodelmesh,#hash_7e52894cc8b3c4c1
xmodelmesh,#hash_7e52f7a435999ff7
xmodelmesh,#hash_fe54c6de93307b57
xmodelmesh,#hash_fe54d819028f7386
xmodelmesh,#hash_7e57f498d13a282d
xmodelmesh,#hash_7e589958da6e4f0a
xmodelmesh,#hash_7e595b9b2680ef67
xmodelmesh,#hash_7e5976bc9d69d527
xmodelmesh,#hash_7e59b1c56aef764b
xmodelmesh,#hash_7e5aa0300ba353c2
xmodelmesh,#hash_7e5ae45ef684e9da
xmodelmesh,#hash_7e5b491db049986d
xmodelmesh,#hash_7e5c3b92bc5919d5
xmodelmesh,#hash_7e604600ecc70d7b
xmodelmesh,#hash_7e60ffcbf40434f1
xmodelmesh,#hash_7e61f358fee16186
xmodelmesh,#hash_7e6257753c592b6f
xmodelmesh,#hash_7e67950e27825554
xmodelmesh,#hash_7e679682b1c3f818
xmodelmesh,#hash_7e68e509184ed090
xmodelmesh,#hash_fe699f93e1c7c076
xmodelmesh,#hash_fe6abe6c0bf03691
xmodelmesh,#hash_7e6b3d0b6643a941
xmodelmesh,#hash_fe6be9c91207095a
xmodelmesh,#hash_7e6e60576f0a399e
xmodelmesh,#hash_7e6eaabb58854bc0
xmodelmesh,#hash_fe73bbdecc40c117
xmodelmesh,#hash_7e74424d0f2901c0
xmodelmesh,#hash_7e747a16842db9da
xmodelmesh,#hash_7e7601de11a78f32
xmodelmesh,#hash_7e7621ba7f46b9d9
xmodelmesh,#hash_7e76f71f26e9dae0
xmodelmesh,#hash_7e77e3d9ae763c8b
xmodelmesh,#hash_fe7cea16ade04e14
xmodelmesh,#hash_fe7df2846233ce69
xmodelmesh,#hash_7e7e622f56e75f76
xmodelmesh,#hash_7e7ee54723e66568
xmodelmesh,#hash_7e7ff45db72637d9
xmodelmesh,#hash_fe806978b24a61a6
xmodelmesh,#hash_fe826368cd093163
xmodelmesh,#hash_7e83fff4cb16fb20
xmodelmesh,#hash_7e84542eb0fe4cfe
xmodelmesh,#hash_7e84f72b73c343ea
xmodelmesh,#hash_7e8588d2bed4525c
xmodelmesh,#hash_7e85c42375701c21
xmodelmesh,#hash_7e8c2702b6b6762c
xmodelmesh,#hash_7e8e57a8d146c05b
xmodelmesh,#hash_7e91616b14508a88
xmodelmesh,#hash_7e91cb9fa4f7b048
xmodelmesh,#hash_7e9282251f4a17b6
xmodelmesh,#hash_7e938a21fadb9a83
xmodelmesh,#hash_fe9458f63796869a
xmodelmesh,#hash_7e9592c3d3589a9c
xmodelmesh,#hash_7e97d3f07cbca3e2
xmodelmesh,#hash_fe9c311d946c2b26
xmodelmesh,#hash_7e9d310342470847
xmodelmesh,#hash_7e9d6b1e357b8e4f
xmodelmesh,#hash_7ea5b915f0f4ce46
xmodelmesh,#hash_7ea7a40dc14c936c
xmodelmesh,#hash_fea97cafa69562c5
xmodelmesh,#hash_7eaaa42282843cc9
xmodelmesh,#hash_7eac723b5fe35322
xmodelmesh,#hash_7ead377d6a13ecb1
xmodelmesh,#hash_7eaf01363f5c3a44
xmodelmesh,#hash_7eaf59dc6cd24a2d
xmodelmesh,#hash_7eb1e7b588de8efe
xmodelmesh,#hash_feb5fb2fbec90eb4
xmodelmesh,#hash_7eb68394b0d0f766
xmodelmesh,#hash_7eb6ed3044ec88b3
xmodelmesh,#hash_7eb6f8c7bf32e725
xmodelmesh,#hash_7eb87e75c26c93b0
xmodelmesh,#hash_7eb881f9f24d3239
xmodelmesh,#hash_7eb8a4eb911f50ea
xmodelmesh,#hash_7eba6a9a3b2324f0
xmodelmesh,#hash_7ebc066b0a2c1434
xmodelmesh,#hash_7ebd891719cbc2eb
xmodelmesh,#hash_7ebdf15828189360
xmodelmesh,#hash_7ec2b88f8c460277
xmodelmesh,#hash_7ec4e91edbfbd793
xmodelmesh,#hash_7ec5a1754c64f8f0
xmodelmesh,#hash_fec732ede49cda89
xmodelmesh,#hash_7ec885f89a9c78e1
xmodelmesh,#hash_7ec8a48539ae353d
xmodelmesh,#hash_7ece34b122993b5f
xmodelmesh,#hash_7ecf47183579382c
xmodelmesh,#hash_7ecf5076cdfb8825
xmodelmesh,#hash_7ecf68f94db2feda
xmodelmesh,#hash_7ed1d853bd7aedcb
xmodelmesh,#hash_7ed23e81777591ec
xmodelmesh,#hash_7ed4e02c4e7b1fec
xmodelmesh,#hash_7ed6a222dd15fa97
xmodelmesh,#hash_fed6c50e2f6e650c
xmodelmesh,#hash_7ed75697b334c5b0
xmodelmesh,#hash_7ed9d823263045bf
xmodelmesh,#hash_7ed9d9b751d6dda6
xmodelmesh,#hash_7edaac2297fe4806
xmodelmesh,#hash_7ede948007bd80f9
xmodelmesh,#hash_fee03be0cbb4d07e
xmodelmesh,#hash_7ee0bc09498c3088
xmodelmesh,#hash_fee4b36c58cd3033
xmodelmesh,#hash_7ee52afb29d5bcd9
xmodelmesh,#hash_7ee6546c61377224
xmodelmesh,#hash_7ee67ea6e93d21a7
xmodelmesh,#hash_7ee71274b3c76ae9
xmodelmesh,#hash_7eec497ebe1a91cd
xmodelmesh,#hash_7eec99bee050468a
xmodelmesh,#hash_feedadf3b8e465df
xmodelmesh,#hash_7eedd3efd42d434e
xmodelmesh,#hash_7eef68df7400a6ad
xmodelmesh,#hash_7eefba890fb587c6
xmodelmesh,#hash_7ef049a7f1f68a2a
xmodelmesh,#hash_7ef07ee06b9afc16
xmodelmesh,#hash_7ef0d1bde946858c
xmodelmesh,#hash_7ef35294bc66c048
xmodelmesh,#hash_7ef5a5ee3111fca3
xmodelmesh,#hash_7ef754eff2283828
xmodelmesh,#hash_fef806971f5a8a19
xmodelmesh,#hash_fefd236b2d7d094a
xmodelmesh,#hash_7efe0a539baaad62
xmodelmesh,#hash_7effe4dbacdb0be1
xmodelmesh,#hash_7f00795969f1e2ad
xmodelmesh,#hash_7f06000bce2cf12e
xmodelmesh,#hash_7f0892c2bd312e9f
xmodelmesh,#hash_7f0941ec8529fe62
xmodelmesh,#hash_7f0c1d7aa2371e75
xmodelmesh,#hash_ff10f21e1d9b62e3
xmodelmesh,#hash_7f10fb683f348dcf
xmodelmesh,#hash_ff11802deaee51e3
xmodelmesh,#hash_7f124dda1f39ba1d
xmodelmesh,#hash_ff16256766a2cf3c
xmodelmesh,#hash_7f16a2d66784bcff
xmodelmesh,#hash_7f1759da96974eaf
xmodelmesh,#hash_7f18a514dbd48e16
xmodelmesh,#hash_7f1bd7c790c0e38e
xmodelmesh,#hash_ff1d448f94cb4951
xmodelmesh,#hash_7f1d5a4ad999e27b
xmodelmesh,#hash_7f1e1e557e988977
xmodelmesh,#hash_7f1ffeb69ba45cfc
xmodelmesh,#hash_ff2074cc611a8900
xmodelmesh,#hash_ff227ffdb39d90de
xmodelmesh,#hash_7f229c43d3b4b2be
xmodelmesh,#hash_7f22c2135a4694d5
xmodelmesh,#hash_7f238b95b9ca0908
xmodelmesh,#hash_7f247c3748e24b8f
xmodelmesh,#hash_7f26c11e711dbe3d
xmodelmesh,#hash_7f26e26b6e7e8af7
xmodelmesh,#hash_7f2774442a56e966
xmodelmesh,#hash_7f28b333798f036b
xmodelmesh,#hash_7f29133ab4a4ad5b
xmodelmesh,#hash_7f2a3d39b52ec513
xmodelmesh,#hash_7f2c37b5d8df6260
xmodelmesh,#hash_ff31c1514f1bf8de
xmodelmesh,#hash_7f33f3e2eaa433c8
xmodelmesh,#hash_7f350fd31058a0d0
xmodelmesh,#hash_7f36c69bbeb614c6
xmodelmesh,#hash_7f380ba4694520c4
xmodelmesh,#hash_7f3d11f1cbdda33d
xmodelmesh,#hash_7f3dcd5297aa342b
xmodelmesh,#hash_7f3fb546007316ed
xmodelmesh,#hash_7f401ebec33d145f
xmodelmesh,#hash_ff4037c52edc6ed1
xmodelmesh,#hash_7f43996f2c3b0da9
xmodelmesh,#hash_7f496c8ca6215e1d
xmodelmesh,#hash_7f4b7bd33f315ba3
xmodelmesh,#hash_7f4cad22deb219f0
xmodelmesh,#hash_7f5101174f10c40f
xmodelmesh,#hash_7f51f05db2e6f2bc
xmodelmesh,#hash_7f51f6b23961de36
xmodelmesh,#hash_7f524cb1fdbe811a
xmodelmesh,#hash_ff52e180215f8fc1
xmodelmesh,#hash_ff5bc7807de1da3d
xmodelmesh,#hash_7f5ca25dd25cf3f4
xmodelmesh,#hash_ff5ef66d631e1b5f
xmodelmesh,#hash_ff64a95004b4df0e
xmodelmesh,#hash_7f672ea72fe63779
xmodelmesh,#hash_7f6c289a269ee60f
xmodelmesh,#hash_7f6d1ed064828599
xmodelmesh,#hash_7f703bd139478825
xmodelmesh,#hash_7f710645230198da
xmodelmesh,#hash_ff7527cfe7e19545
xmodelmesh,#hash_7f755c39522b37c9
xmodelmesh,#hash_7f75c33aeddf5ca7
xmodelmesh,#hash_7f76ba849ef2f0c4
xmodelmesh,#hash_7f78f064a829ce5d
xmodelmesh,#hash_7f792bb6a5c8b829
xmodelmesh,#hash_7f7b8f58cb080688
xmodelmesh,#hash_7f7c610d0c2d7cab
xmodelmesh,#hash_7f7c6876357db826
xmodelmesh,#hash_7f7c91b118b2af52
xmodelmesh,#hash_ff7d4f8e9f216005
xmodelmesh,#hash_7f7e333fed29a74d
xmodelmesh,#hash_7f7ec868bb12ca13
xmodelmesh,#hash_7f7f9f46b6b7711b
xmodelmesh,#hash_7f822663c8591b5b
xmodelmesh,#hash_ff8282f03436c6ca
xmodelmesh,#hash_7f845e825a19a761
xmodelmesh,#hash_ff84bb862cf7e8bf
xmodelmesh,#hash_7f857003891cfd48
xmodelmesh,#hash_7f8685c880823733
xmodelmesh,#hash_ff87553c5439aa6b
xmodelmesh,#hash_7f88728134807586
xmodelmesh,#hash_7f891bc60ec4c985
xmodelmesh,#hash_7f90225d9302315f
xmodelmesh,#hash_7f9189fec776268c
xmodelmesh,#hash_ff91d4487a0c387f
xmodelmesh,#hash_7f93cd750678df8b
xmodelmesh,#hash_ff940fc8cb083ac6
xmodelmesh,#hash_ff9439d0352f52a8
xmodelmesh,#hash_ff956503986ef0b3
xmodelmesh,#hash_7f978c2a288c4bd3
xmodelmesh,#hash_7f97af4f2773a3d9
xmodelmesh,#hash_7f9ef823479ec04d
xmodelmesh,#hash_7fa3a59b7c4668d5
xmodelmesh,#hash_7fa4cd8eae975977
xmodelmesh,#hash_7fa54763c9b51955
xmodelmesh,#hash_7fa7815e3eed4c5f
xmodelmesh,#hash_7fa78f4dab7cb08b
xmodelmesh,#hash_7fa7ddb0352e0102
xmodelmesh,#hash_7fa8f9972fbcdc82
xmodelmesh,#hash_7fa970cf48316138
xmodelmesh,#hash_7faa4c66e6e646c5
xmodelmesh,#hash_7faa6cc8b4852351
xmodelmesh,#hash_ffae57a69a8d1676
xmodelmesh,#hash_ffaf92b3150abbd9
xmodelmesh,#hash_7fb102042a552875
xmodelmesh,#hash_7fb2184ef4e1d027
xmodelmesh,#hash_7fbb459a67cd1057
xmodelmesh,#hash_7fbbaac2145e8f87
xmodelmesh,#hash_7fc26e7771230199
xmodelmesh,#hash_7fc2d375726bbda1
xmodelmesh,#hash_ffc3c52855bef485
xmodelmesh,#hash_7fc42055f83f38e3
xmodelmesh,#hash_7fc6aaa88d87808a
xmodelmesh,#hash_7fca9653fa8f3b4b
xmodelmesh,#hash_7fce8cb5aaf16dc1
xmodelmesh,#hash_7fd08ecdb2a49714
xmodelmesh,#hash_7fd1e1863025a7be
xmodelmesh,#hash_7fd66947600d5542
xmodelmesh,#hash_7fd725bb6318cac5
xmodelmesh,#hash_ffdaf8fe447b19a7
xmodelmesh,#hash_7fdc5bc582ac7ddd
xmodelmesh,#hash_7fddcbc9ba1898a9
xmodelmesh,#hash_ffdddeb294577221
xmodelmesh,#hash_7fdf5d7abc3806c9
xmodelmesh,#hash_7fdf6adfc98f04b3
xmodelmesh,#hash_ffe0332a03ea90cb
xmodelmesh,#hash_ffe08f205b41948f
xmodelmesh,#hash_7fe0c2f3940ca1a4
xmodelmesh,#hash_7fe1ebcc65cba337
xmodelmesh,#hash_7fe376c87031dd68
xmodelmesh,#hash_7fe4ccb423eb1b76
xmodelmesh,#hash_7fe62a55952b84ca
xmodelmesh,#hash_7febd27496e88d8e
xmodelmesh,#hash_7febf735c4790d59
xmodelmesh,#hash_7fec448a00f2b434
xmodelmesh,#hash_ffefbb5c4349533f
xmodelmesh,#hash_fff2c35c5439e953
xmodelmesh,#hash_7ff33ca6d64b3117
xmodelmesh,#hash_fff461449ae9b617
xmodelmesh,#hash_fff4cb3eca58d1fb
xmodelmesh,#hash_7ff61a64a18244f8
xmodelmesh,#hash_ffff48990c4d7ed8
material,#vd/gfx_decal_bullet_glass_03|dup
techset,#hash_cb771c6dfc88e293
image,#$white_reveal
material,#hash_3039be123bff3c
material,#hash_81505ec77d968477
material,#hash_81c5ab24924b87dc
material,#ei/gfx_fog_slow_md_anim_lit|dup
material,#ei/gfx_smk_wisp_string_em|dup
material,#ei/gfx_gas_blur_core_thick_em|dup
material,#vd/gfx_decal_exp_blast_02|dup
material,#hash_84805039198de144
material,#hash_84e732ff7deb13ee
material,#hash_86be71ce5c519986
material,#hash_86fa51de1bc5c8a4
material,#hash_875933e65830ad88
material,#hash_87a599908fc84cb5
material,#hash_87cec040ef6f8a62
material,#hash_87f8f2be7640111f
material,#hash_8813e18b323a56e5
material,#hash_88675d9299e8a99d
material,#hash_8a40ac5e766a04ea
material,#hash_8a85cfb4cd720485
material,#hash_8acd99a724915105
material,#hash_8af9323f5a7e2275
material,#hash_8b66d87792110d10
material,#hash_8cafe7dd79cee015
material,#vdd/gfx_decal_exp_blast_01|dup
material,#ei/gfx_exp_billow_md_anim_em|dup
material,#hash_8d73a2a78bfd5278
material,#hash_d82880b651f939a
material,#vd/gfx_decal_exp_blast_01|dup
material,#hash_8ddcc750b00fa9cd
techset,#hash_b7b9a0783ad98393
material,#ei/gfx_water_bubble_lit|dup
material,#hash_8e203b57393e1c64
material,#hash_8edf3ca28bdaec15
material,#hash_8f23ea7c0515be49
material,#hash_8fd6ba93209569ed
material,#hash_900a73363b8ed4b4
material,#hash_907470d0ef8bada6
material,#hash_12217c6c1c4b4be1
material,#hash_922203c18cf266a5
material,#hash_1235d800aa5e7f76
material,#hash_92627ab502ea142b
material,#hash_93be75a80876ec07
material,#hash_93c1fdf82d72fdf5
material,#hash_9419dcb3e2454297
material,#ei/gfx_smk_puff_volume_varied_lit|dup
material,#ei/gfx_smk_whisp_anim_02_high_dark_lit|dup
material,#hash_95061f8aa2f3cccd
material,#hash_95579aa0b17b611c
techset,#hash_a16bd2eb7ba0de5c
material,#hash_1581afe901fbfda9
material,#hash_96363746d97f6328
material,#hash_1703a14ea0376b6d
material,#hash_97096ce82588028f
material,#hash_9745062cddf947c7
material,#hash_97a189d29d15e5e8
material,#ei/gfx_gas_blur_thin_em|dup
material,#hash_97ffa8223e34ba1f
material,#hash_1859c0cb14ffa1b7
material,#hash_989f09b84c162e3e
techset,#hash_93de8ce77bdc818f
material,#hash_18b9196b17539a02
material,#hash_996c6f5ce9aeb7a6
material,#hash_9a9a957d1fc1b904
material,#hash_9b43287e14b4618d
material,#hash_9c0fbfa5e5870a09
material,#ei/gfx_water_droplet_lit|dup
material,#hash_9ce9e3ac1cedba23
material,#hash_9ed0a0d2c0c05c82
material,#hash_9f73e58754e74e7a
material,#ei/gfx_gib_glass_01_lit|dup
material,#ei/gfx_smk_whisp_anim_02_em|dup
material,#hash_a065516a5da9c455
material,#hash_a15e2ddf895d4bd3
material,#hash_21feb12676a40f1c
material,#ei/gfx_fog_slow_lg_anim_em|dup
material,#hash_230f15c9996a69af
material,#hash_a34a85d3b9ad4d74
material,#vdd/gfx_decal_exp_blast_03|dup
material,#hash_a5e1e17edcd7639c
material,#hash_a62abbb8dde7c3fd
material,#ei/gfx_dust_fall_lg_anim_lit|dup
material,#hash_a6c764a6dfebf735
material,#hash_a70d461aaa719f4e
material,#hash_a798c9bc9ff3d3c7
material,#hash_aa459c2fd77f2513
material,#hash_2a62a136aa3412bb
techset,#hash_c9bf01e9cf876f49
image,#$white_gloss
material,#hash_2a720e07ad9240fe
material,#ei/gfx_gib_metal_02_lit|dup
material,#ei/gfx_gel_drops_em_i512|dup
material,#hash_ab093a22fc432cd5
material,#ei/gfx_light_ray_wide_soft_em|dup
material,#hash_ac206677e7f885e6
material,#hash_ac324954bcdec0aa
material,#ei/gfx_debris_trash_multiple_lit|dup
material,#hash_ac8b4a6325642660
material,#hash_ad70c5665a6f1951
material,#ei/gfx_fog_slow_wide_lg_anim_em|dup
material,#hash_addc7931cab5163b
material,#hash_ae4250c0d3b8ebe3
material,#hash_af4bd9e1b5f1599b
material,#hash_b0de4c3ce9704871
material,#hash_3209743bc9eabc7b
material,#hash_3224eb25f8c5faf4
material,#vdd/gfx_decal_exp_blast_02|dup
material,#hash_33eacf5e7d96d31b
material,#hash_345bf71b93b3e6e6
material,#hash_b4d6d09bf9285ee4
material,#ei/gfx_light_ray_wide_soft_em_i1024|dup
material,#ei/gfx_smk_whisp_anim_02_lit|dup
material,#hash_b816aa36773e0d70
material,#hash_b82a6b3e2a8f4bd1
material,#hash_b8cc44c2c7db52c5
material,#ei/gfx_gib_glass_02_lit|dup
material,#hash_b96ab8b476cf47b2
material,#hash_ba4f475d201a2738
material,#hash_ba6f7c870a991689
material,#hash_3bb247730945e7a3
material,#hash_bbcb1a86537ecee5
material,#hash_bbe16e8c59d21a8d
material,#ei/gfx_debris_clumps_lit|dup
material,#hash_bdf68db9a5c4a9ee
material,#hash_be0099b0ee399a3a
material,#hash_3ec00850dcae0e1b
material,#hash_bf0f0b67f6a4044c
techset,#hash_ff1752c98e2de9e8
material,#hash_3f4a420170287840
material,#hash_c189a2dbaaf36dc5
material,#hash_c24ff81c84a0f4ec
material,#hash_42ccd50bea4a47c9
material,#hash_c30939992111dcff
material,#hash_c35a6e09313f57d1
material,#hash_c36885051c71ca52
material,#hash_c3dbc442c66f561c
material,#ei/gfx_smk_billow_thick_anim_lit|dup
material,#hash_449b1bce0db56b58
material,#hash_c4c8a7fce21e469e
material,#hash_c55d3c4c7f13602d
material,#hash_c5775942873d7df6
material,#hash_c693e8227b3d9468
material,#hash_c7adeaa4f608c4d8
material,#hash_c883a7751d722379
material,#hash_c8f6f10fac9ac24c
material,#ei/gfx_gib_concrete_01_lit|dup
material,#ei/gfx_spark_single_em|dup
material,#hash_c9f5c3434eab9ca6
material,#ei/gfx_gib_concrete_02_lit|dup
material,#ei/gfx_spark_omni_em|dup
material,#hash_ca6df1b2b3dc0052
techset,#hash_ba10922ea1e83c8f
material,#ei/gfx_fog_slow_md_anim_lit_nocull|dup
material,#ei/gfx_light_phosphorous_em|dup
material,#hash_cbcc8ce21403df1b
material,#ei/gfx_fog_slow_sm_anim_lit|dup
material,#ei/gfx_smk_puff_thin_varied|dup
material,#hash_cbfedef94b748038
material,#hash_cc956130081b93fc
material,#hash_cccbb4a47003c10c
material,#ei/gfx_light_incandescent_hot_em|dup
material,#hash_cdbb22dfae842837
material,#hash_4df7c6dc43cb2d5a
material,#ei/gfx_smk_explosion_02_anim|dup
material,#ei/gfx_dust_swirl_md_anim_em|dup
material,#hash_cf8c2a787b286e8d
material,#hash_d05f8c0746b1e6a7
material,#ei/gfx_water_drip_lit|dup
material,#ei/gfx_water_ring_lit|dup
material,#hash_50b26c00952ed112
material,#hash_d0b876e208c72c3f
material,#hash_512c6396f8269a38
material,#hash_51a464fd15208a1e
material,#hash_d1d2b20175a6b4a6
material,#hash_d22ad7058ecedb4d
material,#hash_d24891b9940df848
material,#ei/gfx_smk_puff_light_varied|dup
material,#hash_5287b67a9a37a13b
material,#vdd/gfx_decal_foam|dup
material,#ei/gfx_dust_clump_lit|dup
material,#hash_d32be226fc941712
material,#hash_d3fa4d799ebe01d5
material,#hash_d43b38e9b140e4c3
material,#ei/gfx_smk_billow_whisp_anim_lit|dup
material,#hash_d4c0624487be9fe3
material,#ei/gfx_smk_whisp_anim_02_high_gray_lit|dup
material,#ei/gfx_smk_puff_volume_high_dark_lit|dup
material,#ei/gfx_fog_slow_wide_md_anim_lit|dup
material,#hash_d70ac0fef5717d62
material,#hash_d7676a39571ce670
material,#ei/gfx_fog_slow_wide_lg_anim_lit|dup
material,#ei/gfx_fog_slow_lg_anim_lit|dup
material,#hash_d8839d33ada68a16
material,#hash_d8ae30b36257e10d
material,#hash_d97f76fc27b95ec6
material,#hash_da269755e82ace6b
material,#hash_da4d1f83606a16f9
material,#ei/gfx_spark_blink_anim_em|dup
material,#ei/gfx_dust_swirl_md_anim_lit|dup
material,#hash_5cbba26a97537b9e
material,#ei/gfx_light_orb_hot_em_i512|dup
material,#hash_de5c11436811509f
material,#hash_de6d68a6b93d8fea
material,#hash_de77add6790b2ee7
material,#hash_de96725db01b2e04
material,#hash_dec8349ca9d27667
material,#hash_df673e4ac97a27e7
material,#ei/gfx_water_splash_spread_anim_lit|dup
material,#hash_df8dd69dddc62e47
material,#hash_e004fc54a779147a
material,#hash_e0897c5b0ff4d6dd
material,#vd/gfx_decal_foam|dup
material,#ei/gfx_water_splash_em|dup
material,#vdd/gfx_decal_bullet_glass_03|dup
material,#hash_e360ec3569aa24c4
material,#hash_e36cf2d5d8059347
material,#hash_e38615e233a493fe
material,#hash_e3d956ad421d6722
material,#hash_e5c38593ebf6b090
material,#hash_66d4bac7ea71a2e4
material,#hash_e77d8abc8203fb13
material,#hash_e7d816bc7a76ddad
material,#hash_e8b08b1e3abe13bc
material,#hash_e9e1a9db336342db
material,#hash_6a3d8effd8e0e86f
material,#hash_eabefb629b32c9af
material,#ei/gfx_water_splash_lit|dup
material,#hash_ec5ef4f94c086429
material,#hash_6c774e9929ed43c1
material,#hash_ed5f652e7880201a
material,#hash_ee2e35e3195e29a1
material,#ei/gfx_water_splash_side_bits_em|dup
material,#ei/gfx_debris_clump_lit|dup
material,#hash_ef9ad0dbf3e464fd
material,#hash_efc5c02fe447191c
material,#ei/gfx_bio_fly_top_lit|dup
material,#hash_f001694422f724d4
material,#hash_f0143e230996b052
material,#hash_7027bd975bb2d772
material,#ei/gfx_gib_wood_01_lit|dup
material,#ei/gfx_debris_grass_lit|dup
material,#ei/gfx_smk_whisp_anim_lit|dup
material,#hash_f3054db9fbb9af2b
material,#hash_740e47f5a2a33e65
material,#vd/gfx_decal_exp_blast_03|dup
material,#ei/gfx_gib_metal_01_lit|dup
material,#ei/gfx_fol_leaves_vine_lit|dup
material,#hash_f73dae7323b4314e
material,#hash_7776d60c0a35bcd6
material,#hash_f79f1467ea8314e1
material,#hash_f8e03deb2245f76e
material,#ei/gfx_dust_light_lit|dup
material,#hash_f92eeca423da1c40
material,#hash_fa0f01a470714850
material,#hash_fad70468c1c49624
material,#hash_fb6bb573f140cd84
material,#ei/gfx_smk_billow_sm_anim_lit|dup
material,#hash_fc683e28a7838213
material,#hash_fc7d51fc0efd7cb6
material,#hash_fd144ba78eac0b5b
material,#hash_fe08dd8b1e8d6985
material,#hash_7e24706c867f63b7
material,#hash_7eb54b7e07cbae0c
material,#hash_ff01811998209733
material,#ei/gfx_web_strands_02_lit|dup
material,#hash_ffab040f0448a794
techset,#hash_801d2a8e4d6ca519
techset,#hash_8037a4428701c770
techset,#hash_8040be4d80b92bc0
techset,#hash_4b3bda8d1d0281
techset,#hash_6e6fcea00eeff8
techset,#hash_77475b60f52ee1
techset,#hash_80881a6d87d39a4d
techset,#hash_80a59b43faa75e91
techset,#hash_80ca8d4c13b3954c
techset,#hash_100ec91eb6f7198
techset,#hash_108753a01a9a75a
techset,#hash_14334343f4a58da
techset,#hash_8147cc13cacb7c57
techset,#hash_814b00e89df87671
techset,#hash_8199b2615a278728
techset,#hash_1d8d5afb6b1777c
techset,#hash_81e9c6a1b924f972
techset,#hash_2587b26d1792de9
techset,#hash_2938d55bf2169f3
techset,#hash_2a79489f0777435
techset,#hash_82d99603e522a61f
techset,#hash_82fa4f6f7b2fd820
techset,#hash_82fe2fa8f7609ff1
techset,#hash_830b0f2a627a4b72
techset,#hash_832bfe3620342224
techset,#hash_833832cd9511a3ad
techset,#hash_8356031ec4205e2d
techset,#hash_35e156eb4e02152
techset,#hash_3764eb49f330496
techset,#hash_837b4f93b0c80f18
techset,#hash_37dbcc788522c31
techset,#hash_3802df4c7f1448c
techset,#hash_38b651922ad2c63
techset,#hash_3c532afd2a27d8f
techset,#hash_3e1660916ec3779
techset,#hash_3ee9b903a76a3f3
techset,#hash_840377ba301c84f4
techset,#hash_41946f6a6986119
techset,#hash_41f2466887daa73
techset,#hash_4338b7c5386c43b
techset,#hash_8499618b0e9e37ac
techset,#hash_84c6c48eb1ac7db4
techset,#hash_5052ea61b360391
techset,#hash_55c5c01698381a4
techset,#hash_56ad8624086bdbe
techset,#hash_85829877265abb24
techset,#hash_859ebd739c81585c
techset,#hash_85b1083525cd6811
techset,#hash_614e45700ddb6a9
techset,#hash_63c919e62d9fa26
techset,#hash_8668635acd60b94b
techset,#hash_690e77ad0434d19
techset,#hash_86a2b97ce3b8ff10
techset,#hash_8780a6496396f386
techset,#hash_8780a7496396f539
techset,#hash_87a900b5a28c7299
techset,#hash_7b370c1d914ebf2
techset,#hash_87d58eca040bbe5b
techset,#hash_7dbef62c98d56de
techset,#hash_7e6f442645c6710
techset,#hash_87f52a25fafe3bac
techset,#hash_883843d150c0e5a4
techset,#hash_85f77272d53f177
techset,#hash_886375ac93797c07
techset,#hash_8869d987f49a54f2
techset,#hash_8c9ec274b009503
techset,#hash_8f98d38fe51f149
techset,#hash_89161c6271b19e8e
techset,#hash_89214180b763806c
techset,#hash_894ccebf3ed16d6f
techset,#hash_8962df23e07a3cc5
techset,#hash_89633723e07ad24d
techset,#hash_897363aed128bf61
techset,#hash_898e1504e2e9f25f
techset,#hash_89996e7194f630af
techset,#hash_8a1dd9c28ed116f5
techset,#hash_8a79be8180ae1ca4
techset,#hash_8a9255b83c6ffe7b
techset,#hash_8acc8fd0620ca849
techset,#hash_8acc98d0620cb794
techset,#hash_8b1c39bcade61583
techset,#hash_b2918c726e068e1
techset,#hash_8b624e00836dab9d
techset,#hash_bd09b42fe41b630
techset,#hash_8be355eacc23e443
techset,#hash_8c209e70e5b56f8f
techset,#hash_c28b889a281b8b3
techset,#hash_c4676b589025f60
techset,#hash_8c516d69e005c29d
techset,#hash_8c7b30aae3dbed2b
techset,#hash_c86c7735b2e710f
techset,#hash_8cb166fc55a261fa
techset,#hash_8cd3dcfb49e2b9aa
techset,#hash_8cda48ac7d89fde8
techset,#hash_d178b7f7fdd7012
techset,#hash_8d2269c389a6f76b
techset,#hash_8d2bddb3bf293ad1
techset,#hash_d432895415f9d41
techset,#hash_d5979db405a252a
techset,#hash_8d5b3707d48162ca
techset,#hash_d7d5febaba0b413
techset,#hash_8dd68b26c6034f96
techset,#hash_8dd68e26c60354af
techset,#hash_8e521c0ded6fee60
techset,#hash_8e95241dbb61055a
techset,#hash_8ec26daaf92a579a
techset,#hash_ed3f2c9666223d5
techset,#hash_8f06ca4e062f1f82
techset,#hash_f57874d4f86648f
techset,#hash_8f7a27fcb5336bac
techset,#hash_f7c3e2472eb3a6b
techset,#hash_f8dba4de13379d0
techset,#hash_8f99eee7891ef19b
techset,#hash_fbac28a6db22cd5
techset,#hash_8fd0ef3fcbb5e886
techset,#hash_ff3720f02fd8086
techset,#hash_90152f364792fef3
techset,#hash_902cd2bbdb6e64fd
techset,#hash_90788c92d689b408
techset,#hash_90788d92d689b5bb
techset,#hash_1079ef964e628dd2
techset,#hash_907d84e0c918e6c3
techset,#hash_9092ed616ccfb5ad
techset,#hash_90a2c85098a6fc61
techset,#hash_10f233e3665598fc
techset,#hash_910fe91c69a313e3
techset,#hash_112f35bc99413499
techset,#hash_115c725df5ec1129
techset,#hash_9167eb2d2bc473a0
techset,#hash_916ac72d2bc66c4b
techset,#hash_91980812a6cd117f
techset,#hash_919a0e9ee9aa5dc1
techset,#hash_91fa8c1960248eb4
techset,#hash_92159cdb8245597c
techset,#hash_923b1e1eada019fc
techset,#hash_123da793c6f56250
techset,#hash_125a335cb370fe89
techset,#hash_9267da978ce4dd47
techset,#hash_9281156cdf4d8ac2
techset,#hash_92971f8504cdf639
techset,#hash_130ababc8225e2a2
techset,#hash_932eb62d85dd915b
techset,#hash_934531ad05fca4f2
techset,#hash_936ab33bad18197a
techset,#hash_9370d5b36a090845
techset,#hash_93a133816e8f4019
techset,#hash_93a905d0ad27a69a
techset,#hash_93b5e1db9658f56c
techset,#hash_93bdda73afc6fd84
techset,#hash_93e465e8fcde18c8
techset,#hash_941e9a7d2b751e26
techset,#hash_142599476d130a56
techset,#hash_142713ddb919f128
techset,#hash_943d54cd89973435
techset,#hash_945eea8f6b0b5a90
techset,#hash_947479a9e87658d6
techset,#hash_1487ad49af1cf6b0
techset,#hash_948918e30bf7668d
techset,#hash_948cc7966c9e7f16
techset,#hash_948cc8966c9e80c9
techset,#hash_1494438499e0939e
techset,#hash_94d665d575b6c5ab
techset,#hash_151488bcaffc105b
techset,#hash_951599d79dd5c38c
techset,#hash_153d93ca555d2f5e
techset,#hash_95476c41926a1ae1
techset,#hash_95916b6543dc3378
techset,#hash_15c1bf30f890e453
techset,#hash_1636b699475a728e
techset,#hash_163f83928c12e67b
techset,#hash_167fa1304c9411bc
techset,#hash_96b7aa354e468fda
techset,#hash_96ca435bfef970ac
techset,#hash_96d5e3c594c26b2a
techset,#hash_172916985a753cde
techset,#hash_985d1d5dced020ae
techset,#hash_1863b40c55ce3e44
techset,#hash_18be14814fb9dac0
techset,#hash_19425a9edb794e7c
techset,#hash_19425b9edb79502f
techset,#hash_1945ca5245b505b9
techset,#hash_99dbbfc98e389ae8
techset,#hash_1a0d367d59ee885f
techset,#hash_1a13ef915d9547e0
techset,#hash_1a1e7b7702a39fce
techset,#hash_9a263d167273ca7b
techset,#hash_9a3dd0098bd086f8
techset,#hash_1a6289a59e3d8a9a
techset,#hash_1a6864e4358471e4
techset,#hash_1a864bcc5bf3b0fd
techset,#hash_9ab8a9f0808f3330
techset,#hash_9ab8b8f0808f4cad
techset,#hash_9abc25c8dc3ae059
techset,#hash_9ae76e082fd0929f
techset,#hash_1b2b640a12607906
techset,#hash_1b34ee7bcbe108d2
techset,#hash_9b3d9e410a0cc5d5
techset,#hash_1b77f11875e39508
techset,#hash_9bb2757666d95511
techset,#hash_1be4e47a6f165f91
techset,#hash_9c4947992ade3e2e
techset,#hash_1c6fd6c4d0c46281
techset,#hash_1d02ac80ba071a00
techset,#hash_9d03479f6e191d78
techset,#hash_9d07f4f5d5a58ec5
techset,#hash_9d4a395a42d5e9ba
techset,#hash_1d57192f311aee73
techset,#hash_9d8638ac7f8fac48
techset,#hash_9dc668e6ea90e9f3
techset,#hash_9dd0b9ba4e7a9aa4
techset,#hash_9de8e106c2428404
techset,#hash_1e20e398ab301a20
techset,#hash_9e2e4d5d05124d44
techset,#hash_1e5554f60af48c93
techset,#hash_9e57b7a230dfb01f
techset,#hash_9e5fd4c27e2f0fff
techset,#hash_9e5fd5c27e2f11b2
techset,#hash_9e64eba6a9a3b5ac
techset,#hash_1ecb9918e41eecf9
techset,#hash_9eda40632dbcc792
techset,#hash_9f83a9e92436d34f
techset,#hash_1fb004fbd6d95b73
techset,#hash_1fb4541006456dca
techset,#hash_1fcb7d405f10535f
techset,#hash_1fcd2e8a15bd3674
techset,#hash_2006a0a6eae0a07a
techset,#hash_a01de2284542d9c0
techset,#hash_a01de5284542ded9
techset,#hash_2023d0a245fdcc47
techset,#hash_20477eb683fe2bd6
techset,#hash_a08a368465cd0745
techset,#hash_a0bf2952606dd8dc
techset,#hash_20d96e5435ba4b37
techset,#hash_211e78ad3210ba6f
techset,#hash_213bcfa776d2fc59
techset,#hash_a14a98da4078dd3c
techset,#hash_a1562690b8fd0932
techset,#hash_a16571851af04bdf
techset,#hash_216b2ba488d92b48
techset,#hash_a19868a25fcda0b0
techset,#hash_a1ac09e87ed6f011
techset,#hash_2279f4ec68c5f195
techset,#hash_228925a33ab9375d
techset,#hash_a2ba731548cb1f1b
techset,#hash_a2d8e64dd095ca9b
techset,#hash_a30069adc840a7d1
techset,#hash_a327d2b6b4796b01
techset,#hash_23473df3f7b49158
techset,#hash_2360b5ec5df9aa85
techset,#hash_a38a6bf6d7541bc4
techset,#hash_23be73726e39f54e
techset,#hash_a3bea807069df0b4
techset,#hash_a3c1dc0706a07ee7
techset,#hash_a3e51f17d6f6d53f
techset,#hash_a3e52417d6f6ddbe
techset,#hash_23e831c6ed5b295e
techset,#hash_23f0d19320144cf2
techset,#hash_a448440ce049c1c0
techset,#hash_a469148a182c1d3e
techset,#hash_a4b22043d0613c84
techset,#hash_24edd4ff781adb83
techset,#hash_a4f89278d6830129
techset,#hash_a50310abe13f23cb
techset,#hash_a565910db8fc51b0
techset,#hash_a567ad2598177b1a
techset,#hash_a60a8f565d8c477c
techset,#hash_a60ac7565d8ca6a4
techset,#hash_a6410963cc9b6acd
techset,#hash_a64df9a9a359c158
techset,#hash_a656ab69d7e5b667
techset,#hash_265d4fc37c5b25e2
techset,#hash_26847195f73d0018
techset,#hash_a6cd354ada70f938
techset,#hash_a6e394f6ac10475f
techset,#hash_26f73809dabe1b10
techset,#hash_a707550fdcfaf9ae
techset,#hash_a7bb29365d467c05
techset,#hash_a7dd2878d2144440
techset,#hash_27ee03c5f2615915
techset,#hash_a80fff466fda31c3
techset,#hash_a877f5efc22c3951
techset,#hash_a8892c02cfb037b9
techset,#hash_a8cd752838d35459
techset,#hash_a8e3488ea8338a1f
techset,#hash_2901b424ad2a4cfd
techset,#hash_291520b8d0ccde52
techset,#hash_2946d999cf257f07
techset,#hash_298c89c74ed1cbda
techset,#hash_2993edf3867522d9
techset,#hash_a998757d1038aed2
techset,#hash_299a75e4b7c46f62
techset,#hash_299f14f8cd4b9192
techset,#hash_29a87da6477386d6
techset,#hash_29b489f2ae3a4711
techset,#hash_29b519b78a70a25c
techset,#hash_aa05168319ec8049
techset,#hash_2a4b512592d0431e
techset,#hash_aa7b8e9c70f6f242
techset,#hash_2a824366cf6ff0f3
techset,#hash_aaa51f9041999d78
techset,#hash_aaf2089b8af087ea
techset,#hash_2b33aadcf4d9fc6f
techset,#hash_2b811638c8fa5b7d
techset,#hash_2bc10a8c18deac9c
techset,#hash_2beed4cbe36a46c1
techset,#hash_2c0c0d0d7727e8d9
techset,#hash_2c2701aca3b6e295
techset,#hash_ac6902b74490eb49
techset,#hash_2c7bec44a47047dc
techset,#hash_2c899207fb7f3a35
techset,#hash_ac91aec7d5e0b37d
techset,#hash_2c943cd77180a61b
techset,#hash_aca2da84a1cc96a8
techset,#hash_aca49f64c3ef2632
techset,#hash_ad2acca65a886243
techset,#hash_2d3558eb56eec5a3
techset,#hash_ad4e813f2a93c265
techset,#hash_2d8cc2d955331015
techset,#hash_ad966b5b4485a0c1
techset,#hash_adb29aa67250f568
techset,#hash_adba6ca0636b9975
techset,#hash_addc83626b74c144
techset,#hash_ade69b04dd0d4aa1
techset,#hash_2e0ed0e4d9bf0c38
techset,#hash_2e5444027addaa63
techset,#hash_2e551e0122c7402c
techset,#hash_2e86979a2542f2ff
techset,#hash_ae9ab9270a9a0033
techset,#hash_ae9abe270a9a08b2
techset,#hash_aed141626c44bc96
techset,#hash_2ed240d2a032711f
techset,#hash_2ef97ecbd3816783
techset,#hash_2fb519ece62fee59
techset,#hash_2fcda7d218f8dc82
techset,#hash_b02856f53c7c9949
techset,#hash_b0372a9f5c039ace
techset,#hash_3082c5dee5835dcb
techset,#hash_30b529c2372f3649
techset,#hash_b111ba9190084897
techset,#hash_314f1acfdeddf1d6
techset,#hash_316f01c9e68b8dbc
techset,#hash_b1e016e33db05603
techset,#hash_326f3807dcb13eee
techset,#hash_b273e49156bf9b8b
techset,#hash_b273e59156bf9d3e
techset,#hash_b29080472bf04019
techset,#hash_b2d27045539c6d91
techset,#hash_b31e85fa0bfc1145
techset,#hash_b43d6b802a1a74fd
techset,#hash_b440b14466945444
techset,#hash_344d9d50ccfd3154
techset,#hash_b4897e6aaec0dbd2
techset,#hash_3504a8ca730735be
techset,#hash_353efbb8241eb309
techset,#hash_b563501a224800eb
techset,#hash_b5688e5f10a42bd3
techset,#hash_b5924ad8cedce445
techset,#hash_35b63d1ee31ff027
techset,#hash_b5c50c9575596bde
techset,#hash_b5c50d9575596d91
techset,#hash_35cb90253e3dfefd
techset,#hash_b5db7173c87fe55e
techset,#hash_b5e21174b9a73768
techset,#hash_35edb88738aa08e5
techset,#hash_b5fb1328ef1687cd
techset,#hash_b609a4cef56a7f64
techset,#hash_36425fd3d39c2c8d
techset,#hash_365cab98cd2db0e0
techset,#hash_b666e7e31c75d3de
techset,#hash_b6d7061a424d06d3
techset,#hash_b6fbaeace175942b
techset,#hash_b704c36ed51141c5
techset,#hash_377a3382a637d8c2
techset,#hash_b799747cce261eab
techset,#hash_379a541814afa03b
techset,#hash_b7c21bd144b5692d
techset,#hash_37fcec551462d3d8
techset,#hash_b80cb77064ae0ae2
techset,#hash_b857e5b5ad606e24
techset,#hash_38cedba129638f27
techset,#hash_b8f0f4cf847f4e8b
techset,#hash_b8f4984ba9cbb86b
techset,#hash_391278ba7df7af7f
techset,#hash_b9416be3e4b51f5c
techset,#hash_3971730cf4c75243
techset,#hash_3976a55319315b3c
techset,#hash_b9dc24f77bc40c28
techset,#hash_39dcc87677ffbd60
techset,#hash_b9dfc0f77bc74b13
techset,#hash_b9ea85af9c27f50c
techset,#hash_3a1bca2469c89ea7
techset,#hash_ba4a94a4de402125
techset,#hash_ba63cbc4cee3d9ac
techset,#hash_3a7bbd0de1a0c485
techset,#hash_ba8f01d1b3681467
techset,#hash_3a8f02d1b368161a
techset,#hash_ba9540cfdb6968ec
techset,#hash_baacb1ebcb18212d
techset,#hash_bab14be0d76b7ae8
techset,#hash_bb34142ab0c85ed6
techset,#hash_3b392e19342f1f80
techset,#hash_3b4be6bca877c3c2
techset,#hash_bbb8539f15977ed9
techset,#hash_3bcf8e8b3be92d64
techset,#hash_3beeef7c6a0829f5
techset,#hash_bc1ee8038c65bce4
techset,#hash_3c1eeb038c65c1fd
techset,#hash_bc3ccc4eb4a73203
techset,#hash_3c4a8582258476bb
techset,#hash_3cbd2c1db8e29d7c
techset,#hash_bcf97d823cf562b0
techset,#hash_bcfa56d9b8fff4b3
techset,#hash_3d1b0f0aedf5ec86
techset,#hash_3d2ead1a9fd50611
techset,#hash_bd4c445eeda2f298
techset,#hash_bd4c4b5eeda2fe7d
techset,#hash_3d6ce55a7100f3ab
techset,#hash_3d756fda50e6c3f8
techset,#hash_bd8b963832f365ae
techset,#hash_3da7e3e5b282513f
techset,#hash_3dac909e2122a332
techset,#hash_3dc559314f789920
techset,#hash_3dcd9beda73dcaff
techset,#hash_3e252e83478a271b
techset,#hash_3e993ef9309737fd
techset,#hash_be9a99dd42e5eb48
techset,#hash_3f170314cad7a78a
techset,#hash_bf2ee604156c17bb
techset,#hash_bf47cb02ecb961b7
techset,#hash_bf47cc02ecb9636a
techset,#hash_bf55005a678c6cd1
techset,#hash_bf66834e521a1f12
techset,#hash_3f66b2baa081979a
techset,#hash_bf8286c5cb475c9a
techset,#hash_bf856734b871672a
techset,#hash_3f9d93967523547a
techset,#hash_3fd563b3d84b7dec
techset,#hash_bfd58903428b8a69
techset,#hash_bfd5ca94d5e07254
techset,#hash_3fe28228b83a6d07
techset,#hash_400304b81203a16d
techset,#hash_4021c1f92b4f6277
techset,#hash_c052954b3daa2e0f
techset,#hash_c0863fc8a2d84ae3
techset,#hash_40c5766693c892c0
techset,#hash_40cfee80ca11ccd1
techset,#hash_c0d6e98c96dac4e8
techset,#hash_40dc522ddff77a30
techset,#hash_c1ac585ac8bb8faf
techset,#hash_41b43a46b2a1ef81
techset,#hash_c1d06081f3f338a2
techset,#hash_425c5fe07a3728ca
techset,#hash_c2697ed914316d26
techset,#hash_42701cde474bec90
techset,#hash_428eefb3036f599e
techset,#hash_c2ad83054977b0b4
techset,#hash_c2ad86054977b5cd
techset,#hash_c2ccbf572a322c5e
techset,#hash_c2f1b063bc4bb70b
techset,#hash_43428edc762c91f4
techset,#hash_4352e004ad804865
techset,#hash_c38399eb5063bd76
techset,#hash_c3a26ea259d01f8f
techset,#hash_c3d16617db061039
techset,#hash_c3d4a403bf3e7c01
techset,#hash_c3d4c21cfd7acd9a
techset,#hash_43e0395fefd6b58d
techset,#hash_c3f8a75e7e81037a
techset,#hash_4408da97b045e2d5
techset,#hash_c44e2dc1d87ca7df
techset,#hash_44cc6406e10a18e0
techset,#hash_c4ec54fcc7765d3d
techset,#hash_c521b07323dcf3f2
techset,#hash_454a8a65b2f5f07d
techset,#hash_45ac9cc3bc358aa8
techset,#hash_c62b1b591873670c
techset,#hash_463cad153f29c981
techset,#hash_c63e30cbcb31457f
techset,#hash_4689a01a85eb7ca3
techset,#hash_c6ab9f54533205e4
techset,#hash_46eccadeffbaa104
techset,#hash_c6eccbdeffbaa2b7
techset,#hash_4760c552438b4835
techset,#hash_47ca787350abee41
techset,#hash_c7dc40161c3d4fb1
techset,#hash_c80a7709d9cb8d48
techset,#hash_48290cc374aee714
techset,#hash_486dd6fac04412fc
techset,#hash_c874d3e7994a47b7
techset,#hash_c8fb0dee17ee1fe6
techset,#hash_490f078f94fb1cbd
techset,#hash_49244bf99508734a
techset,#hash_c9263b04faf202a1
techset,#hash_493f48cc8185d473
techset,#hash_496a501d2ef289f1
techset,#hash_4971e2557825a0c8
techset,#hash_49741a5328c100bd
techset,#hash_c98693326dd6f655
techset,#hash_49bcad085c9fe443
techset,#hash_49bd28d8604c6c4a
techset,#hash_c9befee9cf876a30
techset,#hash_49f3564f29c66eb6
techset,#hash_ca88a1ef1e616645
techset,#hash_ca9ed5eee0027e51
techset,#hash_cab986b14388f6f4
techset,#hash_cac4c3e9e781a095
techset,#hash_4adbea373a3d026c
techset,#hash_4aeed79bc1f720e7
techset,#hash_4b229b8544b7fc10
techset,#hash_4b22a7844324dddf
techset,#hash_4b8bbff5af379f13
techset,#hash_4bb39362a2eb8e32
techset,#hash_4bc6aac059b1edc3
techset,#hash_cbc93ea4115192bd
techset,#hash_cbf833200f48307a
techset,#hash_cc28022306a12740
techset,#hash_4c6ef28a396c3acd
techset,#hash_4cad3c4de9c7e692
techset,#hash_cce93bac257c2bec
techset,#hash_ccfb8773852b0eac
techset,#hash_4cfb8873852b105f
techset,#hash_cd0908d70b161b7c
techset,#hash_4d2d49cd75c8ead5
techset,#hash_cd6e680b7ec1de3a
techset,#hash_cdba127465028db3
techset,#hash_cdfff922116e3e42
techset,#hash_4e7f3b4d3ae94aa5
techset,#hash_4e88eabf4e65ab9f
techset,#hash_ce9e9247c52ea875
techset,#hash_ced4c869fc4804c0
techset,#hash_cee24e3ab063f0c0
techset,#hash_cef6f2a02f0069d7
techset,#hash_4f4f048294e31ad1
techset,#hash_4f5683826fba680c
techset,#hash_4f67e1803aeb2fa9
techset,#hash_4f6ead60b6e18bec
techset,#hash_4f789ad4ff05988c
techset,#hash_cf7a8b71d1233eec
techset,#hash_cf7a8e71d1234405
techset,#hash_cf9badcb77aded4d
techset,#hash_cfa8dae10beb80d0
techset,#hash_cfbae649dfe6b1d4
techset,#hash_cfbf980ff563ec01
techset,#hash_4fd45189b1be9f66
techset,#hash_cfd96e88feb7e426
techset,#hash_cfe095f4a261f498
techset,#hash_50007843c2ba76ca
techset,#hash_d004d241d10786d7
techset,#hash_d029f4e1320fe709
techset,#hash_d033abc484322797
techset,#hash_50368250bdb0933f
techset,#hash_d04f84060674789e
techset,#hash_d04f850606747a51
techset,#hash_5060939bd9aedd57
techset,#hash_d0a1c7cdb7669e8e
techset,#hash_d0a31668b5a6369a
techset,#hash_50d3311c7a7e3fc5
techset,#hash_d0d6fe1a72d947cd
techset,#hash_51203ed96da4c051
techset,#hash_d14da41363615e58
techset,#hash_518f1cbe80f4974f
techset,#hash_51e39f94e6aa0073
techset,#hash_d20b0e69cd81ab24
techset,#hash_522c61862387d72f
techset,#hash_52391377bc2aba11
techset,#hash_52547ca68330ec87
techset,#hash_d2638fd784b2d8a1
techset,#hash_d2983af3c4b8e8a7
techset,#hash_d2983bf3c4b8ea5a
techset,#hash_52c10e030e17020b
techset,#hash_d2caecd81a97d70b
techset,#hash_52f00d2006710ede
techset,#hash_5307b6f5d79c1c05
techset,#hash_5377dc84c175a201
techset,#hash_d37f7652a72f872c
techset,#hash_d3afe2db79b15f39
techset,#hash_53b90ca71461541d
techset,#hash_d4121edbb44af8f0
techset,#hash_d43c930fb81e45de
techset,#hash_d4458ed4603895c3
techset,#hash_544d9b9e8f586c14
techset,#hash_5461549cb4d94ec4
techset,#hash_d4a44ef0dced8f55
techset,#hash_d4a805c6eaca72be
techset,#hash_54b92906ea7572b2
techset,#hash_54c87af40a30ca22
techset,#hash_d4d90f769f1135cc
techset,#hash_d51eb0bf73e59a79
techset,#hash_556838b5a3371b59
techset,#hash_5598c33346e6676d
techset,#hash_d66941daf97b3a8f
techset,#hash_567b4b31dbbece04
techset,#hash_567f5b8c6cf0182c
techset,#hash_56a3a29fbe3553cd
techset,#hash_56cc503cbc800789
techset,#hash_56d97a016226955c
techset,#hash_d6e40b71235df537
techset,#hash_575917c536b044ca
techset,#hash_57beec37478975b0
techset,#hash_580e344994c63b97
techset,#hash_d83d6dd96bfd449c
techset,#hash_d83d6ed96bfd464f
techset,#hash_5848dd9d5569515d
techset,#hash_584e365fa9754905
techset,#hash_d89a8a6703d39201
techset,#hash_589bb4369de59aa4
techset,#hash_58c8db7916571efb
techset,#hash_d8f8e40f2e7fe0b1
techset,#hash_58f9b4a26a9f2373
techset,#hash_d947f726a785b60e
techset,#hash_59a2fd3ba7322ac6
techset,#hash_d9ce91fc9291a81d
techset,#hash_da12aeba7b853ae4
techset,#hash_5ac6f36ae915d106
techset,#hash_dac9c0c337709fb6
techset,#hash_daf1bec2a8886dd9
techset,#hash_db01ec0e588d26c5
techset,#hash_db45097c2c250483
techset,#hash_db514395124c5aa8
techset,#hash_5b6c1365b52af1d1
techset,#hash_db6eb25c7420232b
techset,#hash_dbabc850ade9da78
techset,#hash_5c432de2a7216b69
techset,#hash_5c45db5497678c87
techset,#hash_dc6204ec3ab6bd28
techset,#hash_dc620bec3ab6c90d
techset,#hash_dcd433498676dcfe
techset,#hash_5cd624a7aca979df
techset,#hash_5cecbdab7e8459f2
techset,#hash_5d2b5220a99825d6
techset,#hash_5d45183ca86242a6
techset,#hash_dd50b9795ab5391c
techset,#hash_dd50bc795ab53e35
techset,#hash_5d56d98f41f39903
techset,#hash_dd7806ca7bd75253
techset,#hash_dd9cbd5b0bfc8566
techset,#hash_ddb2dae66bab6f47
techset,#hash_5dbf1362911fb4fe
techset,#hash_ddd328cb0d176936
techset,#hash_5dd8b5604957fa20
techset,#hash_5de039b1a6eeb56c
techset,#hash_5e1e9536071bfa7a
techset,#hash_de276b400a45b1dc
techset,#hash_5e4e8a7106fbf8f4
techset,#hash_de73c64a93f8d2df
techset,#hash_de8276eca49cc041
techset,#hash_dea2fd76e6b90c1b
techset,#hash_5ea44ddd14f03357
techset,#hash_deb2b0f336528ed5
techset,#hash_5eebe8645bf973f8
techset,#hash_defc94badb3dfa66
techset,#hash_5f260376b3051d74
techset,#hash_5fa3b45935d3cd72
techset,#hash_dfbdce6cbfda8a59
techset,#hash_dff3ac46085baafc
techset,#hash_dff68ef1bfba6ceb
techset,#hash_e00124f3d78a9d7a
techset,#hash_6013189bd6a9218e
techset,#hash_6064d794894c7f72
techset,#hash_e06cb00cf0f8732b
techset,#hash_e079e2ca852af75d
techset,#hash_e088df1f798aed59
techset,#hash_60cae46200d73f28
techset,#hash_e0e10104ef8a98f3
techset,#hash_e0e42cd5f4214f28
techset,#hash_e0f45632b0d09c8b
techset,#hash_618c91b2f43af092
techset,#hash_e195cb32ad36bf1b
techset,#hash_61d8688a5e2e2f28
techset,#hash_61fd811fa7c5da47
techset,#hash_6208f8a7e89809e2
techset,#hash_620b4ab12ac3904d
techset,#hash_62159f5db923b5d7
techset,#hash_623174a1fe0acab4
techset,#hash_62472ad9c2e25ba2
techset,#hash_626dc13069bf7880
techset,#hash_e2935c0991804eea
techset,#hash_62a41e3596354caa
techset,#hash_e2cd869e8d706929
techset,#hash_e2d82ceb80c4737f
techset,#hash_e2e748374a459b2a
techset,#hash_e33a632cd909917e
techset,#hash_e33a642cd9099331
techset,#hash_6376988a31d44445
techset,#hash_637cd5d721ca9516
techset,#hash_e38df208a00312eb
techset,#hash_63d68fa07748836f
techset,#hash_e3e4effc0d8a0554
techset,#hash_e3e4f0fc0d8a0707
techset,#hash_63fb47bb90c61d64
techset,#hash_e407e3646b1838b8
techset,#hash_e411c9e9fae6bb71
techset,#hash_64e818cd2260aab4
techset,#hash_e501ce4e5189367a
techset,#hash_651e0185c77cc6e7
techset,#hash_e5578c1c8002cc13
techset,#hash_e5578d1c8002cdc6
techset,#hash_656f8e4f79d9c3f5
techset,#hash_658a3596483dec62
techset,#hash_e5c265ed57aeb12e
techset,#hash_65d2a48ffa7436c3
techset,#hash_6615bf1f417e6433
techset,#hash_662d3d0c96f88674
techset,#hash_66352cf0812d01d6
techset,#hash_e6fd87b095808a36
techset,#hash_671e5d77b1298232
techset,#hash_676f4ac5135149ae
techset,#hash_e79e92e0b9123125
techset,#hash_e79e93e0b91232d8
techset,#hash_e7e0d9ee9d308ee4
techset,#hash_e7f1e4cfa61c9849
techset,#hash_67f5199cb755616d
techset,#hash_e7fd42ba4d283534
techset,#hash_e7fd43ba4d2836e7
techset,#hash_68213ed72f0817cd
techset,#hash_e870b485c7d16b09
techset,#hash_e88dbe88ec100657
techset,#hash_e8ccfe5c19d28bf1
techset,#hash_e8e58b39e6d6c719
techset,#hash_e928e8900b7e75e3
techset,#hash_692ed6468eaa3fc7
techset,#hash_6931f5aabe05065f
techset,#hash_6975eb80bc83f5fd
techset,#hash_6985beb3b0f45a66
techset,#hash_69a72bcac6cd3eb0
techset,#hash_e9da3e2f5faf9ea0
techset,#hash_69f99a44f47db269
techset,#hash_e9fc168b63a37295
techset,#hash_e9ffcd40ef942138
techset,#hash_ea2af0b9942f5f34
techset,#hash_ea2b36b8e8063210
techset,#hash_6a57da9a329c660e
techset,#hash_ea7581f473891552
techset,#hash_ea83bf063d16e87e
techset,#hash_ea8e83063d208a0f
techset,#hash_eaae01c8ade153ce
techset,#hash_eab422a02f320d69
techset,#hash_6ae50e2f06b5620f
techset,#hash_eaec0330b224a8b7
techset,#hash_ebcec8ae72f24c8c
techset,#hash_ebe3d897a039d70a
techset,#hash_6c057eb404831704
techset,#hash_ec0e8aeeea0470bd
techset,#hash_ec5f9c7effbea468
techset,#hash_6c7821350156e9c8
techset,#hash_ec8690574d303cd4
techset,#hash_eca0b4ac5ca3f9fd
techset,#hash_ecec77a1ffd337ae
techset,#hash_ecf0acc527939843
techset,#hash_6cf49212f6be4c0a
techset,#hash_ed10dccace56dc07
techset,#hash_6d1dfd65e43c6fd1
techset,#hash_ed5645444c68c7e7
techset,#hash_ed9d0fbbb703c4f1
techset,#hash_edc38d9cd98a6903
techset,#hash_ee04c4d8d4459513
techset,#hash_ee2b4ae7ccc56328
techset,#hash_ee2d739848d08ea5
techset,#hash_6e47ded5b65147a1
techset,#hash_ee727ef9861ca602
techset,#hash_ee84117552b00a93
techset,#hash_6eacaf66472c2e15
techset,#hash_6edefceef85532ba
techset,#hash_eee56467a894011c
techset,#hash_6efc1fd4f39ce388
techset,#hash_ef280fd2f23a84d1
techset,#hash_6f2a7afb50e0d7f3
techset,#hash_ef4497afc0757a62
techset,#hash_6fe71f861f2767c4
techset,#hash_6fe720861f276977
techset,#hash_f024a98a002058a3
techset,#hash_f06d7e4be8e829ad
techset,#hash_706e2dc259c63df2
techset,#hash_f07c807cd77339ac
techset,#hash_709398899ae9aad2
techset,#hash_f0a8aa20ff1b48f3
techset,#hash_70b875154f8d2aaa
techset,#hash_f133d83a162b5eac
techset,#hash_f133d93a162b605f
techset,#hash_f14914ff6459caef
techset,#hash_f14915ff6459cca2
techset,#hash_f1531261eb32c506
techset,#hash_f1531561eb32ca1f
techset,#hash_f164a8a402077284
techset,#hash_f164a9a402077437
techset,#hash_71d5bd797368c96f
techset,#hash_f1f5c6ae14fc9665
techset,#hash_72250e8bbc985dcd
techset,#hash_7241d96eef692896
techset,#hash_f28852db3dffd88b
techset,#hash_f28f4002bdf4a4cc
techset,#hash_f28f4102bdf4a67f
techset,#hash_7299e71ef7836c09
techset,#hash_f30e868bd067924d
techset,#hash_733e4cbcb0d698c0
techset,#hash_f3612a23b9f8f44e
techset,#hash_737c0eb68bc5aebf
techset,#hash_73849f8c67976c5f
techset,#hash_7385809db4ff41f1
techset,#hash_f3bcb678ec219542
techset,#hash_f3c2c3bfd804931a
techset,#hash_f3e5245542ab5197
techset,#hash_740819f04eceab44
techset,#hash_f44a590d5ba1fb66
techset,#hash_f452198509f62caf
techset,#hash_74776f79a2f5e879
techset,#hash_f49d9132b52ff4e6
techset,#hash_f4a16a07bdea4e7f
techset,#hash_f4a7ff6f81981fcd
techset,#hash_f4b2d648ecc6f91e
techset,#hash_f4bfe1bb9113df68
techset,#hash_f4d330ec2bd2c391
techset,#hash_f573e4242525afde
techset,#hash_759061051a62ba80
techset,#hash_75b7a255436c8840
techset,#hash_f5def35d7ea087f3
techset,#hash_f5fb0a9412334bfe
techset,#hash_f60a0b00e09f57e4
techset,#hash_f615346333341f5d
techset,#hash_76184d265d619e7e
techset,#hash_762724ec4513461a
techset,#hash_f627cf1a521dc52b
techset,#hash_f638c1e2fc1a8a98
techset,#hash_767b5023728d510f
techset,#hash_f6a7ed741fbb523d
techset,#hash_f6b9c5145a940e61
techset,#hash_775984ab0953f057
techset,#hash_7767423031a9ee06
techset,#hash_f788adc30ef68c58
techset,#hash_f79a3b3d7ba6cb7f
techset,#hash_f7b5fce6a5c72df2
techset,#hash_77d7c5037bf2508b
techset,#hash_f7e9d8accd1bcdeb
techset,#hash_780c1db2f986fe7d
techset,#hash_f83092f99d25bcf8
techset,#hash_f846e64525e7040f
techset,#hash_f873ebe3aaeb2448
techset,#hash_f896540f6f30db85
techset,#hash_78a5eeaad02ee002
techset,#hash_78bab93a54f8e522
techset,#hash_78cf6ca3b583324d
techset,#hash_f8d9f0ffd167aaf1
techset,#hash_78ea86e0946efaba
techset,#hash_f933697506ee311c
techset,#hash_f9336c7506ee3635
techset,#hash_7949378d905657d6
techset,#hash_7974d5b1eab9aeee
techset,#hash_f98618fcdee08d9f
techset,#hash_f9a77a5029e4d6b2
techset,#hash_79b6a1c15b30f3bc
techset,#hash_f9d79abe94b95a19
techset,#hash_f9f5916f37d271db
techset,#hash_f9f5966f37d27a5a
techset,#hash_f9fd4d5d9f0e8201
techset,#hash_7a034ad0401036d6
techset,#hash_7a0d7a3cc9de9093
techset,#hash_7a309eb7f389ff5c
techset,#hash_fa5629edc4596fbb
techset,#hash_7adf49b8810e92df
techset,#hash_7b16ef0f615e4e78
techset,#hash_7b185b1816819fab
techset,#hash_7b38a94fb4cb2240
techset,#hash_fb39310ab4d88e9b
techset,#hash_7b51edef6450ae28
techset,#hash_fb51eeef6450afdb
techset,#hash_fb8ded9cfebe5d14
techset,#hash_7be05f76d374cc59
techset,#hash_fbe0b6d53cad55de
techset,#hash_fc1d7c88995454b9
techset,#hash_fc74ccec2904cee4
techset,#hash_7c85c2b12bc00533
techset,#hash_fca19e858c598548
techset,#hash_7caf3053d575c20b
techset,#hash_fcbaf9d6448a3590
techset,#hash_fcdf8869adc7f316
techset,#hash_fcdf8969adc7f4c9
techset,#hash_7d71126818510f1a
techset,#hash_fdc19c329af8ecde
techset,#hash_fdc19f329af8f1f7
techset,#hash_fdd3355393efcd46
techset,#hash_fdddd84fc0883dbc
techset,#hash_fdef631bae76f6aa
techset,#hash_fe46247dff0a911f
techset,#hash_fe5fba807526ecdf
techset,#hash_fe67b7e4d082e54a
techset,#hash_7e67b8e4d082e6fd
techset,#hash_fe88c3232f31a194
techset,#hash_fe88c4232f31a347
techset,#hash_7eb0bdd75b6870a1
techset,#hash_7eb72299f83bcce2
techset,#hash_7ecb031a72ab5eec
techset,#hash_7ee83ffb25ca832e
techset,#hash_feecd3b4f3aa794f
techset,#hash_7ef98a89d6b5f609
techset,#hash_ff0fd6dec6a0640f
techset,#hash_ff1753c98e2deb9b
techset,#hash_ff1813031a257c82
techset,#hash_ff1814031a257e35
techset,#hash_ff1b8adbf5509fe8
techset,#hash_ff2d5fb7ef238bb1
techset,#hash_ff3a914cdf7ce2d5
techset,#hash_7f5dcfa479cb73b0
techset,#hash_7f76c9ca603aef11
techset,#hash_ff8e5442ea6fb5c6
techset,#hash_ff8e5742ea6fbadf
techset,#hash_7f8f69b480583305
techset,#hash_ff9ee271022b89e3
techset,#hash_7fb068031fa7f549
techset,#hash_7fc232d7a5df47b9
image,#hash_8004e4ff7b5d2603
image,#hash_10cffce0bc045d
image,#i_mtl_p8_zm_esc_bed_infirmary_mattress_01_cloth_o
image,#i_mtl_p8_zm_esc_bed_infirmary_mattress_01_cloth_n
image,#i_mtl_p8_zm_esc_bed_infirmary_mattress_01_cloth_c
image,#i_t7_damage_decal_plaster_damage_01_drk_c
image,#hash_802511a9025f1825
image,#ui_icon_weapon_melee_stopsign_render
image,#i_mtl_p8_wz_ep_fishing_pole_rod_n
image,#i_mtl_p8_wz_ep_fishing_pole_rod_o
image,#i_mtl_p8_wz_ep_fishing_pole_rod_m
image,#i_t8_wpn_pistol_revolver_handle_sig_01_s
image,#i_t8_wpn_pistol_revolver_handle_sig_01_g
image,#i_t8_wpn_pistol_revolver_handle_sig_01_c
image,#i_t8_wpn_pistol_revolver_handle_sig_01_o
image,#i_t8_wpn_pistol_revolver_handle_sig_01_n
image,#i_mtl_t8_wpn_smg_accurate_stock_sig_01_r
image,#hash_8044281073d971a6
image,#hash_80442c1073d97872
image,#hash_8044341073d9860a
image,#hash_8044351073d987bd
image,#hash_8044381073d98cd6
image,#hash_8045b62c411efdba
image,#i_mtl_p7_ban_light_hanging_set_n
image,#i_mtl_p7_ban_light_hanging_set_m
image,#hash_804a9fc5e43d2366
image,#hash_804aafc5e43d3e96
image,#hash_804ab3c5e43d4562
image,#hash_804abbc5e43d52fa
image,#hash_804abcc5e43d54ad
image,#i_mtl_p7_zm_tra_booth_chair_decal_03_c
image,#hash_4fedc8ce7bc137
image,#i_mtl_veh_t8_civ_forklift_modular_decal_dent_big_n
image,#i_mtl_p8_zm_esc_pipe_metal_dark_m
image,#fxt8_rain_light_mask
image,#ui_icon_attachment_dualoptic
image,#hash_6573c03b39043e
image,#i_t8_decal_tech_detail_vent_fan_n
image,#i_t8_decal_tech_detail_vent_fan_c
image,#i_mtl_p7_wall_mobile_dep_decal_details_01_normal_m
image,#hash_807035d812f90302
image,#loot_02_ui_icon_blackmarket_stream_tr_midburst_sig_02
image,#hash_788bcafb54de7b
image,#hash_788ccafb54e02e
image,#hash_788dcafb54e1e1
image,#i_t8_decal_tech_detail_low_tech_13_n
image,#i_t8_decal_tech_detail_low_tech_13_o
image,#i_t8_decal_tech_detail_low_tech_13_c
image,#i_wpn_t8_sniper_power_semi_decals_c
image,#i_p8_zm_esc_cell_shower_head_decal_r
image,#i_mtl_p8_wz_spray_can_decal_02_n
image,#i_mtl_p8_wz_spray_can_decal_02_c
image,#i_mtl_p7_wes_washstand_vintage_wood_m
image,#i_mtl_p7_wes_washstand_vintage_wood_n
image,#hash_80954a7e11f8031d
image,#i_mtl_p7_bookcase_wood_3_shelves_c
image,#i_mtl_p7_bookcase_wood_3_shelves_n
image,#hash_809925282532ce07
image,#i_t7_concrete_wall_painted_peel_01_r
image,#i_t8_graphics_nitrogen_cylinder_labels_04_c
image,#i_wpn_t8_ar_accurate_sig_01_stock_n
image,#i_wpn_t8_ar_accurate_sig_01_stock_o
image,#i_wpn_t8_ar_accurate_sig_01_stock_g
image,#i_wpn_t8_ar_accurate_sig_01_stock_c
image,#i_wpn_t8_ar_accurate_sig_01_stock_r
image,#i_wpn_t8_ar_accurate_sig_01_stock_s
image,#i_veh_t7_dlc_grunge_rust_01_r
image,#i_mtl_p8_ice_curtains_02_n
image,#i_wpn_t8_launcher_standard_body_front_n
image,#i_wpn_t8_launcher_standard_body_front_o
image,#i_wpn_t8_launcher_standard_body_front_c
image,#i_wpn_t8_launcher_standard_body_front_g
image,#i_wpn_t8_launcher_standard_body_front_r
image,#i_wpn_t8_launcher_standard_body_front_s
image,#i_t8_decal_damage_concrete_asphalt_seam_01_c
image,#i_t8_decal_damage_concrete_asphalt_seam_01_n
image,#i_mtl_wpn_t8_ar_stealth_sig_01_rail_base_g
image,#i_mtl_wpn_t8_ar_stealth_sig_01_rail_base_c
image,#i_mtl_wpn_t8_ar_stealth_sig_01_rail_base_o
image,#i_mtl_wpn_t8_ar_stealth_sig_01_rail_base_n
image,#i_mtl_wpn_t8_ar_stealth_sig_01_rail_base_s
image,#i_veh_t8_decal_sign_triangle_01_cutout_c
image,#i_mtl_p8_col_rock_large_04c_o
image,#i_mtl_p8_col_rock_large_04c_n
image,#i_mtl_p8_col_rock_large_04c_c
image,#hash_80b68d2a74e183b4
image,#i_wpn_t8_crossbow_rail_base_s
image,#i_wpn_t8_crossbow_rail_base_c
image,#i_wpn_t8_crossbow_rail_base_g
image,#i_wpn_t8_crossbow_rail_base_n
image,#i_wpn_t8_crossbow_rail_base_o
image,#hash_bc08bcff0b332a
image,#i_t7_wes_decal_woos_hole_c
image,#i_t7_wes_decal_woos_hole_n
image,#hash_80bcbe9bf4868a8c
image,#hash_be15bb5edf7f66
image,#hash_be22bb5edf957d
image,#i_mtl_t8_loot_wpn_smg_folding_sight_mk2_m
image,#i_mtl_p7_foliage_weeds_n
image,#ui_icon_obit_tr_powersemi
image,#i_c_t8_zmb_homunculus_head_o
image,#i_c_t8_zmb_homunculus_head_n
image,#i_c_t8_zmb_homunculus_head_g
image,#i_c_t8_zmb_homunculus_head_c
image,#hash_cafe9dd3c55483
image,#i_mtl_p7_wes_washstand_vintage_towel_c
image,#i_mtl_p7_wes_washstand_vintage_towel_n
image,#hash_80d878574d26c940
image,#hash_80d87c574d26d00c
image,#hash_80d880574d26d6d8
image,#hash_80d881574d26d88b
image,#hash_80d88c574d26eb3c
image,#i_wpn_t8_ar_accurate_sights_base_n
image,#i_wpn_t8_ar_accurate_sights_base_o
image,#i_wpn_t8_ar_accurate_sights_base_c
image,#i_wpn_t8_ar_accurate_sights_base_g
image,#i_wpn_t8_ar_accurate_sights_base_r
image,#i_wpn_t8_ar_accurate_sights_base_s
image,#i_p8_zm_esc_power_house_door_metal_rolling_rail_n
image,#i_wpn_t8_loot_smg_burst_grip_mk2_n
image,#i_wpn_t8_loot_smg_burst_grip_mk2_m
image,#i_mtl_p7_debris_metal_scrap_01_s
image,#i_mtl_p7_debris_metal_scrap_01_o
image,#i_mtl_p7_debris_metal_scrap_01_n
image,#i_mtl_p7_debris_metal_scrap_01_g
image,#i_mtl_p8_zm_esc_book_pile_character_c
image,#i_mtl_p8_col_mobile_generator_control_box_01_r
image,#i_mtl_p8_zm_esc_security_console_decal_bolt_n
image,#i_mtl_p8_zm_esc_security_console_decal_bolt_c
image,#i_t8_decal_tech_detail_high_tech_54_n
image,#hash_80fd01d7d15e802a
image,#i_t7_decal_grunge_rust_blend_r
image,#i_wpn_t8_sniper_power_semi_stock_n
image,#i_wpn_t8_sniper_power_semi_stock_o
image,#i_wpn_t8_sniper_power_semi_stock_g
image,#i_wpn_t8_sniper_power_semi_stock_c
image,#i_wpn_t8_sniper_power_semi_stock_r
image,#i_wpn_t8_sniper_power_semi_stock_s
image,#hash_8108273ff089838d
image,#i_t8_concrete_damaged_norebar_01_n
image,#i_t8_concrete_damaged_norebar_01_o
image,#i_t8_concrete_damaged_norebar_01_c
image,#i_t8_concrete_damaged_norebar_01_g
image,#i_t8_concrete_damaged_norebar_01_r
image,#i_mtl_wpn_t8_ar_modular_mag_sig_03_s
image,#i_mtl_wpn_t8_ar_modular_mag_sig_03_c
image,#i_mtl_wpn_t8_ar_modular_mag_sig_03_g
image,#i_mtl_wpn_t8_ar_modular_mag_sig_03_o
image,#i_mtl_wpn_t8_ar_modular_mag_sig_03_n
image,#i_t8_decal_grunge_rust_04_c
image,#i_t8_decal_grunge_rust_04_n
image,#i_t8_decal_graphics_text_ice_2_r
image,#i_mtl_veh_t8_decal_screw_2_c
image,#hash_81184c4dc973f5d2
image,#hash_81184d4dc973f785
image,#i_p8_foliage_flower_lavender_plant_02_spring_t
image,#i_p8_foliage_flower_lavender_plant_02_spring_r
image,#i_mtl_p7_barrel_metal_55gal_lid_ao
image,#i_mtl_p7_cai_skybridge_roof_support_set_metal_n
image,#hash_8120689fb78d89a0
image,#i_wpn_t8_smg_capacity_receiver_rear_base_mk2_m
image,#i_wpn_t8_smg_capacity_receiver_rear_base_mk2_n
image,#i_mtl_p8_ice_gas_console_box_01_m
image,#i_mtl_p8_ice_gas_console_box_01_n
image,#i_mtl_p8_ice_gas_console_box_01_o
image,#hash_812c5d079d3ba76c
image,#hash_812c5f079d3baad2
image,#hash_812c60079d3bac85
image,#hash_812c63079d3bb19e
image,#hash_812c67079d3bb86a
image,#hash_812c73079d3bccce
image,#hash_12e87c3ae589bf8
image,#fxt8_fog_slow_md_anim
image,#i_wpn_t8_smg_accurate_tail_wisps_sig_03_c
image,#i_wpn_t8_smg_accurate_tail_wisps_sig_03_n
image,#hash_140ff54efd31971
image,#hash_81446207f91eca8b
image,#i_wpn_t8_ar_kn57_sights_o
image,#i_wpn_t8_ar_kn57_sights_n
image,#i_wpn_t8_ar_kn57_sights_g
image,#i_wpn_t8_ar_kn57_sights_c
image,#i_wpn_t8_ar_kn57_sights_s
image,#i_wpn_t8_ar_kn57_sights_r
image,#hash_157b02da1126f52
image,#hash_157b92da1127e9d
image,#hash_15b636e7718da05
image,#i_mtl_p7_zm_ver_box_electric_panel_lable_c
image,#i_mtl_p7_zm_ver_box_electric_panel_lable_n
image,#i_wpn_t8_sniper_koshka_mid_cylinder_02_s
image,#i_wpn_t8_sniper_koshka_mid_cylinder_02_r
image,#i_wpn_t8_sniper_koshka_mid_cylinder_02_g
image,#i_wpn_t8_sniper_koshka_mid_cylinder_02_o
image,#i_wpn_t8_sniper_koshka_mid_cylinder_02_n
image,#i_mtl_p8_chi_comm_antenna_roof_dirt_c
image,#i_t7_glass_water_stained_g
image,#i_t7_glass_water_stained_c
image,#i_mtl_wpn_t8_loot_pistol_auto_decals_sig_c
image,#i_mtl_wpn_t8_loot_pistol_auto_decals_sig_g
image,#i_mtl_wpn_t8_loot_pistol_auto_decals_sig_n
image,#i_mtl_wpn_t8_loot_pistol_auto_decals_sig_s
image,#i_t8_zm_esc_roof_shingles_asphalt_01_g
image,#i_t8_zm_esc_roof_shingles_asphalt_01_c
image,#i_t8_zm_esc_roof_shingles_asphalt_01_n
image,#i_mtl_p8_kit_col_row_03_railing_01_wood_white02_n
image,#i_mtl_p8_kit_col_row_03_railing_01_wood_white02_m
image,#i_veh_t8_decal_text_sensory_unit_c
image,#hash_8176c3ffb640644f
image,#i_p8_col_military_ship_hull_seams_n
image,#i_p8_col_military_ship_hull_seams_m
image,#i_veh_t8_decal_leaking_01_c
image,#i_attach_t8_loot_shotgun_fullauto_drummag_lid_o
image,#i_attach_t8_loot_shotgun_fullauto_drummag_lid_n
image,#i_attach_t8_loot_shotgun_fullauto_drummag_lid_g
image,#i_attach_t8_loot_shotgun_fullauto_drummag_lid_c
image,#i_attach_t8_loot_shotgun_fullauto_drummag_lid_s
image,#i_mtl_p7_zm_der_magic_box_wood_02_c
image,#i_mtl_p7_zm_der_magic_box_wood_02_n
image,#i_mtl_p8_wood_plank_generic_02_n
image,#i_mtl_p8_wood_plank_generic_02_o
image,#i_mtl_p8_wood_plank_generic_02_c
image,#i_p8_zm_esc_power_house_door_metal_rolling_cons_n
image,#hash_81848819f78066d6
image,#i_p8_zm_esc_power_house_door_metal_rolling_cons_r
image,#hash_1860a3c29180745
image,#i_t8_zm_esc_ceramic_tiles_03_g
image,#i_t8_zm_esc_ceramic_tiles_03_c
image,#i_t8_zm_esc_ceramic_tiles_03_o
image,#i_t8_zm_esc_ceramic_tiles_03_n
image,#i_t7_concrete_floor_painted_blend_grey_c
image,#i_t7_concrete_floor_painted_blend_grey_r
image,#hash_818a79acbf55cb20
image,#hash_818a89acbf55e650
image,#hash_818a8dacbf55ed1c
image,#hash_818a95acbf55fab4
image,#hash_818a96acbf55fc67
image,#i_mtl_mtl_veh_t8_mil_air_gunship_02_ir
image,#i_wpn_t8_sniper_powersemi_misc_sig_02_e
image,#hash_8190100f520aefd3
image,#hash_8190200f520b0b03
image,#hash_8190240f520b11cf
image,#hash_81902b0f520b1db4
image,#hash_81902c0f520b1f67
image,#hash_819217efb50928f9
image,#i_mtl_p8_foliage_weeds_bunch_01_n
image,#i_mtl_p8_foliage_weeds_bunch_01_c
image,#i_wpn_tr_powersemi_grip_sig_02_g
image,#i_wpn_tr_powersemi_grip_sig_02_e
image,#i_wpn_tr_powersemi_grip_sig_02_c
image,#i_wpn_tr_powersemi_grip_sig_02_n
image,#i_wpn_tr_powersemi_grip_sig_02_o
image,#i_wpn_tr_powersemi_grip_sig_02_s
image,#i_mtl_p8_wz_foliage_bush_erigonum_02_autumn_proxy_depth
image,#hash_819869f72b93c042
image,#i_mtl_wpn_t8_loot_pistol_auto_body_sig_s
image,#i_mtl_wpn_t8_loot_pistol_auto_body_sig_n
image,#i_mtl_wpn_t8_loot_pistol_auto_body_sig_o
image,#i_mtl_wpn_t8_loot_pistol_auto_body_sig_g
image,#i_mtl_wpn_t8_loot_pistol_auto_body_sig_c
image,#i_mtl_p7_bucket_plastic_5_gal_m
image,#i_mtl_p7_bucket_plastic_5_gal_n
image,#i_mtl_wpn_t8_zm_towers_scorpion_foregrip_s
image,#i_mtl_wpn_t8_zm_towers_scorpion_foregrip_g
image,#i_mtl_wpn_t8_zm_towers_scorpion_foregrip_c
image,#i_mtl_wpn_t8_zm_towers_scorpion_foregrip_n
image,#i_mtl_wpn_t8_zm_towers_scorpion_foregrip_o
image,#loot07_ui_icon_blackmarket_reserves_weapon_amuletfist
image,#hash_1a6a771da245f93
image,#hash_1a6b271da247244
image,#hash_81a7d950288c1f60
image,#i_mtl_p8_foliage_grass_blades_tall_set_c_c
image,#i_mtl_p8_foliage_grass_blades_tall_set_c_n
image,#i_mtl_p8_foliage_grass_blades_tall_set_c_t
image,#i_t7_decal_damage_concrete_ground_01_c
image,#i_t7_decal_damage_concrete_ground_01_n
image,#fxt8_decal_blood_fatal_01_s
image,#fxt8_decal_blood_fatal_01_n
image,#hash_1c3400abe4c5e85
image,#i_mtl_t8_loot_wpn_smg_folding_shroud_c
image,#i_mtl_t8_loot_wpn_smg_folding_shroud_g
image,#i_mtl_t8_loot_wpn_smg_folding_shroud_s
image,#i_mtl_p7_zm_ver_freezer_morgue_door_m
image,#i_mtl_p7_zm_ver_freezer_morgue_door_n
image,#hash_1d63bf6b67f3988
image,#hash_1d63cf6b67f3b3b
image,#hash_1d63df6b67f3cee
image,#i_mtl_p8_wz_supply_stash_chest_metal_02_m
image,#i_wpn_t8_eqp_smartcover_decals04_n
image,#i_wpn_t8_eqp_smartcover_decals04_c
image,#i_wpn_t8_eqp_smartcover_decals04_g
image,#i_t7_spa_stone_granite_floor_01_c
image,#i_mtl_p8_kit_zt8_thi_01_beam_01_threeway_painted_metal_n
image,#i_mtl_p8_kit_zt8_thi_01_beam_01_threeway_painted_metal_m
image,#hash_81eafb2f63f17aed
image,#i_t8_wpn_pistol_revolver_body_sig_01_s
image,#i_t8_wpn_pistol_revolver_body_sig_01_o
image,#i_t8_wpn_pistol_revolver_body_sig_01_n
image,#i_t8_wpn_pistol_revolver_body_sig_01_c
image,#i_t8_wpn_pistol_revolver_body_sig_01_g
image,#img_wpn_t7_chaser_plastic_detail3_n
image,#i_wpn_t8_eqp_semtex_pastique_o
image,#i_wpn_t8_eqp_semtex_pastique_n
image,#i_wpn_t8_eqp_semtex_pastique_m
image,#i_wpn_t8_micro_metal_gunmetal_v01_s
image,#i_wpn_t8_micro_metal_gunmetal_v01_g
image,#i_wpn_t8_micro_metal_gunmetal_v01_c
image,#fxt_lightning_cloud_mask
image,#hash_8207251e0a1d69ff
image,#i_p7_foliage_plant_massangeana_leaves_dry_t
image,#i_p7_foliage_plant_massangeana_leaves_dry_n
image,#i_p7_foliage_plant_massangeana_leaves_dry_c
image,#i_t7_zm_ctl_container115_glass_bubbles_c
image,#hash_82114fd53b75446e
image,#hash_821150d53b754621
image,#hash_8212b56100ea2587
image,#i_t7_micro_grunge_rust_02_c
image,#i_t7_micro_grunge_rust_02_g
image,#i_t7_micro_grunge_rust_02_n
image,#i_t7_detail_metal_brushed_01
image,#i_t7_decal_damage_concrete_dust_r
image,#i_t7_decal_damage_concrete_dust_c
image,#i_mtl_p7_slu_fuse_box_electric_set_n
image,#i_mtl_p7_slu_fuse_box_electric_set_m
image,#i_p7_wes_picture_frame_image_10_c
image,#i_t8_wpn_shotgun_semi_mag_n
image,#i_t8_wpn_shotgun_semi_mag_o
image,#i_t8_wpn_shotgun_semi_mag_c
image,#i_t8_wpn_shotgun_semi_mag_g
image,#i_t8_wpn_shotgun_semi_mag_s
image,#i_mtl_p8_chi_pipe_cloth_2_m
image,#i_mtl_p8_chi_pipe_cloth_2_n
image,#i_mtl_p7_light_spot_cinema_01_lens_n
image,#i_mtl_p7_light_spot_cinema_01_lens_c
image,#i_mtl_p7_light_spot_cinema_01_lens_t
image,#hash_822205f5666a2158
image,#hash_822206f5666a230b
image,#hash_822211f5666a35bc
image,#hash_822212f5666a376f
image,#hash_822215f5666a3c88
image,#hash_822219f5666a4354
image,#i_mtl_t8_dirt_rocky_01_r
image,#i_c_t8_detail_metal_brushed_horiz_n
image,#i_mtl_p8_zm_zod_clock_grand_hands_c
image,#i_mtl_p8_zm_zod_clock_grand_hands_n
image,#hash_8232d09479bc6677
image,#i_wpn_t8_lmg_hades_ring_base_r
image,#i_wpn_t8_lmg_hades_ring_base_n
image,#i_wpn_t8_lmg_hades_ring_base_o
image,#i_mtl_wpn_t8_loot_ar_peacekeeper_base_mk2_n
image,#hash_2389ba51d107d94
image,#hash_2389ea51d1082ad
image,#i_mtl_p7_zm_isl_medical_stool_leather_n
image,#i_mtl_p7_zm_isl_medical_stool_leather_m
image,#hash_824924d704412338
image,#hash_824930d70441379c
image,#hash_824931d70441394f
image,#hash_824932d704413b02
image,#hash_824934d704413e68
image,#hash_824938d704414534
image,#hash_250e792b8488fef
image,#hash_8250ee92b8489bd4
image,#i_mtl_veh_t8_decal_text_c4_c
image,#hash_8260b9bc60aa849e
image,#i_mtl_p8_debris_asphalt_chunks_md_05_o
image,#i_mtl_p8_debris_asphalt_chunks_md_05_n
image,#hash_826ac7cfe9c88878
image,#i_mtl_p7_zm_asc_machinery_industrial_n
image,#i_wpn_t8_sig_grapple_gun_base_s
image,#i_wpn_t8_sig_grapple_gun_base_c
image,#i_wpn_t8_sig_grapple_gun_base_g
image,#i_wpn_t8_sig_grapple_gun_base_o
image,#i_wpn_t8_sig_grapple_gun_base_n
image,#i_wpn_t8_tac_rifle_swordfish_sig02_barrel_s
image,#i_wpn_t8_tac_rifle_swordfish_sig02_barrel_g
image,#i_wpn_t8_tac_rifle_swordfish_sig02_barrel_c
image,#i_wpn_t8_tac_rifle_swordfish_sig02_barrel_o
image,#i_wpn_t8_tac_rifle_swordfish_sig02_barrel_n
image,#fxt8_water_bubble_lg_mask
image,#i_mtl_wes_blacksmith_door_wood_c
image,#i_t8_decal_signage_esc_submarine_number_01_r
image,#i_wpn_t8_eqp_heal_aid_decal_n
image,#i_wpn_t8_eqp_heal_aid_decal_c
image,#hash_2a22fb78523142a
image,#hash_2a233b785231af6
image,#i_mtl_p7_fir_targetdummy_rail_color_01_c
image,#i_mtl_p8_zm_esc_radiator_vintage_metal_n
image,#i_mtl_p8_zm_esc_radiator_vintage_metal_m
image,#i_mtl_p7_zm_moo_console_control_e
image,#i_mtl_p7_zm_moo_console_control_c
image,#i_mtl_p7_zm_moo_console_control_n
image,#i_wpn_t8_tr_midburst_fabric_sig_01_n
image,#i_wpn_t8_tr_midburst_fabric_sig_01_o
image,#i_wpn_t8_tr_midburst_fabric_sig_01_g
image,#i_wpn_t8_tr_midburst_fabric_sig_01_c
image,#i_wpn_t8_tr_midburst_fabric_sig_01_s
image,#i_mtl_wpn_t8_zm_blundergat_barrel_n
image,#i_mtl_wpn_t8_zm_blundergat_barrel_o
image,#i_mtl_wpn_t8_zm_blundergat_barrel_c
image,#i_mtl_wpn_t8_zm_blundergat_barrel_g
image,#i_mtl_wpn_t8_zm_blundergat_barrel_s
image,#hash_2b56229e61d0870
image,#hash_2b56329e61d0a23
image,#hash_2b56b29e61d17bb
image,#hash_2b56f29e61d1e87
image,#hash_2b7b047be20718f
image,#i_mtl_p8_chi_comm_antenna_roof_base_metal_01_m
image,#$black_reveal
image,#hash_2c1942ebe469f2c
image,#hash_2c1952ebe46a0df
image,#hash_2c1982ebe46a5f8
image,#hash_2c19c2ebe46acc4
image,#i_veh_t8_decal_edge_wear_04_c
image,#i_veh_t8_decal_edge_wear_04_g
image,#i_mtl_p7_ris_paint_roller_stick_set_01_n
image,#i_mtl_p8_ice_med_rock_01_c
image,#i_mtl_p8_ice_med_rock_01_n
image,#$default_channel_r
image,#$default_channel_g
image,#$default_channel_b
image,#i_mtl_p8_zm_chaos_sack_swirl_c_e
image,#i_mtl_p8_ice_gas_console_lrg_frame_m
image,#i_mtl_p8_ice_gas_console_lrg_frame_n
image,#i_mtl_p8_ice_gas_console_lrg_frame_o
image,#ui_icon_weapon_hud_hero_annihilator
image,#hash_82dcd147da2b1b54
image,#hash_82de121ebdf76fd1
image,#hash_82de221ebdf78b01
image,#hash_82df49fe8001fe13
image,#hash_82e1fd8848bb03ac
image,#hash_82e2128848bb275b
image,#i_t7_glass_window_warehouse_transparent_c
image,#i_t7_veh_decal_bolt_09_n
image,#ui_icon_weapon_smg_handling_render
image,#i_mtl_veh_t8_decal_screw_2_inset_r
image,#i_mtl_p8_wz_door_garage_buttons_decal_signage_r
image,#i_mtl_p8_wz_door_garage_buttons_decal_signage_c
image,#i_mtl_p8_zm_esc_warden_house_plank_g
image,#i_mtl_p8_zm_esc_warden_house_plank_c
image,#i_mtl_p8_zm_esc_warden_house_plank_n
image,#i_mtl_attach_t8_loot_ar_an94_foregrip_01_c
image,#i_mtl_attach_t8_loot_ar_an94_foregrip_01_g
image,#i_mtl_attach_t8_loot_ar_an94_foregrip_01_o
image,#i_mtl_attach_t8_loot_ar_an94_foregrip_01_n
image,#i_mtl_attach_t8_loot_ar_an94_foregrip_01_s
image,#i_wpn_t8_ar_kn57_grip_o
image,#i_wpn_t8_ar_kn57_grip_n
image,#i_wpn_t8_ar_kn57_grip_g
image,#i_wpn_t8_ar_kn57_grip_c
image,#i_wpn_t8_ar_kn57_grip_s
image,#i_wpn_t8_ar_kn57_grip_r
image,#i_attach_t8_loot_ar_peacekeeper_ext_mag_s
image,#i_attach_t8_loot_ar_peacekeeper_ext_mag_n
image,#i_attach_t8_loot_ar_peacekeeper_ext_mag_o
image,#i_attach_t8_loot_ar_peacekeeper_ext_mag_g
image,#i_attach_t8_loot_ar_peacekeeper_ext_mag_c
image,#i_attach_t8_ar_kn57_upper_02_r
image,#i_attach_t8_ar_kn57_upper_02_s
image,#i_attach_t8_ar_kn57_upper_02_n
image,#i_attach_t8_ar_kn57_upper_02_o
image,#i_attach_t8_ar_kn57_upper_02_c
image,#i_attach_t8_ar_kn57_upper_02_g
image,#i_attach_t8_smg_handling_silencer_n
image,#i_attach_t8_smg_handling_silencer_o
image,#i_attach_t8_smg_handling_silencer_m
image,#i_attach_t8_smg_handling_silencer_g
image,#i_attach_t8_smg_handling_silencer_c
image,#i_attach_t8_smg_handling_silencer_r
image,#i_attach_t8_smg_handling_silencer_s
image,#i_mtl_p8_zm_esc_gondola_bolt_n
image,#i_mtl_p8_zm_esc_gondola_bolt_m
image,#i_mtl_veh_t8_decal_text_c4_distressed_c
image,#i_p7_rug_cloth_rolled_lrg_03_c
image,#i_mtl_p7_fir_wire_spool_wood_nail_c
image,#i_mtl_p7_fir_wire_spool_wood_nail_g
image,#t7_hud_mp_inventory_hatchet
image,#i_mtl_p7_electrical_box_set_box_2_n
image,#i_mtl_p7_electrical_box_set_box_2_c
image,#i_attach_t8_lmg_titan_bolts_s
image,#i_attach_t8_lmg_titan_bolts_o
image,#i_attach_t8_lmg_titan_bolts_n
image,#i_attach_t8_lmg_titan_bolts_g
image,#i_attach_t8_lmg_titan_bolts_c
image,#i_mtl_p7_light_metal_recessed_led_n
image,#i_t7_decal_bullet_concrete_03_n
image,#i_t7_decal_bullet_concrete_03_c
image,#i_t7_fir_plywood_natural_1_c
image,#i_t7_fir_plywood_natural_1_n
image,#i_mtl_t8_concrete_floor_rough_02_c
image,#hash_8330ae5f898bc49e
image,#hash_8330ba5f898bd902
image,#hash_8330bb5f898bdab5
image,#hash_8330be5f898bdfce
image,#hash_8330c25f898be69a
image,#i_wpn_t8_shotgun_semi_screws02_sig_01_s
image,#i_wpn_t8_shotgun_semi_screws02_sig_01_g
image,#i_wpn_t8_shotgun_semi_screws02_sig_01_c
image,#i_wpn_t8_shotgun_semi_screws02_sig_01_n
image,#i_wpn_t8_shotgun_semi_screws02_sig_01_o
image,#i_mtl_p8_zm_esc_gun_gallery_metal_plate_03_multi_m
image,#i_veh_t8_metal_bare_worn_01_n
image,#i_t8_wpn_smg_accurate_stock_sig_02_c
image,#i_t8_wpn_smg_accurate_stock_sig_02_g
image,#i_t8_wpn_smg_accurate_stock_sig_02_o
image,#i_t8_wpn_smg_accurate_stock_sig_02_n
image,#i_t8_wpn_smg_accurate_stock_sig_02_s
image,#i_wpn_t8_lmg_titan_sig_02_upper_mid_o
image,#i_wpn_t8_lmg_titan_sig_02_upper_mid_n
image,#i_wpn_t8_lmg_titan_sig_02_upper_mid_g
image,#i_wpn_t8_lmg_titan_sig_02_upper_mid_e
image,#i_wpn_t8_lmg_titan_sig_02_upper_mid_c
image,#i_wpn_t8_lmg_titan_sig_02_upper_mid_s
image,#hash_833b6f55dae0125e
image,#i_t7_decal_damage_plaster_drywall_01_c
image,#i_t7_decal_damage_plaster_drywall_01_n
image,#i_wpn_t8_loot_tac_rifle_damageburst_barrel_r
image,#i_wpn_t8_loot_tac_rifle_damageburst_barrel_s
image,#i_wpn_t8_loot_tac_rifle_damageburst_barrel_g
image,#i_wpn_t8_loot_tac_rifle_damageburst_barrel_c
image,#i_wpn_t8_loot_tac_rifle_damageburst_barrel_n
image,#i_wpn_t8_loot_tac_rifle_damageburst_barrel_o
image,#i_attach_t8_ar_fastfire_stock_c
image,#i_attach_t8_ar_fastfire_stock_g
image,#i_attach_t8_ar_fastfire_stock_n
image,#i_attach_t8_ar_fastfire_stock_o
image,#i_attach_t8_ar_fastfire_stock_m
image,#i_attach_t8_ar_fastfire_stock_s
image,#i_t7_concrete_wall_damaged_01_bare_c
image,#i_t7_concrete_wall_damaged_01_bare_n
image,#$half_reveal
image,#i_mtl_wpn_t8_loot_lmg_mk48_bodytop_mk2_multi_m
image,#i_t7_micro_metal_rough_01_g
image,#i_t7_micro_metal_rough_01_n
image,#i_t8_zm_gla_cel_stone_wall_cut_01_n
image,#i_t8_zm_gla_cel_stone_wall_cut_01_o
image,#i_t8_zm_gla_cel_stone_wall_cut_01_c
image,#i_t8_zm_gla_cel_stone_wall_cut_01_g
image,#i_t8_wpn_pistol_auto_mag_ext_s
image,#i_t8_zm_gla_cel_stone_wall_cut_01_r
image,#i_t8_wpn_pistol_auto_mag_ext_n
image,#i_t8_wpn_pistol_auto_mag_ext_o
image,#i_t8_wpn_pistol_auto_mag_ext_g
image,#white_light
image,#i_t8_wpn_pistol_revolver_hammer_sig_01_g
image,#i_t8_wpn_pistol_revolver_hammer_sig_01_c
image,#i_t8_wpn_pistol_revolver_hammer_sig_01_o
image,#i_t8_wpn_pistol_revolver_hammer_sig_01_n
image,#i_t8_wpn_pistol_revolver_hammer_sig_01_s
image,#hash_83624b6f8dc015e8
image,#hash_8362ee7349871e5d
image,#hash_8362f17349872376
image,#hash_8362f27349872529
image,#hash_8362fa73498732c1
image,#hash_8362fe734987398d
image,#hash_8364c7cdb7f69305
image,#i_veh_t8_mil_heli_light_skids_n
image,#i_veh_t8_mil_heli_light_skids_o
image,#i_veh_t8_mil_heli_light_skids_m
image,#loot05_ui_icon_blackmarket_reserves_smg_handling_mk2
image,#i_t8_ceramic_tile_01_o
image,#i_t8_ceramic_tile_01_g
image,#i_mtl_p7_slu_alarm_fire_metal_m
image,#hash_398de313b0470f9
image,#hash_398e9313b0483aa
image,#i_veh_t8_metal_heavy_painted_01_512_n
image,#i_mtl_wpn_t8_ar_stealth_sig_01_assist_base_g
image,#i_mtl_wpn_t8_ar_stealth_sig_01_assist_base_c
image,#i_mtl_wpn_t8_ar_stealth_sig_01_assist_base_n
image,#i_mtl_wpn_t8_ar_stealth_sig_01_assist_base_o
image,#i_mtl_wpn_t8_ar_stealth_sig_01_assist_base_s
image,#i_mtl_wpn_t8_camo_topology_04_c
image,#i_t8_decal_graphics_signage_ice_warning_rads_02_c
image,#i_mtl_p8_col_storage_chem_lab_wood_decal_02_m
image,#i_mtl_p8_col_storage_chem_lab_wood_decal_02_n
image,#i_mtl_p7_zm_mob_table_mess_hall_set_01_n
image,#i_mtl_p7_zm_mob_table_mess_hall_set_01_m
image,#hash_83bd788784fbf680
image,#hash_83bd7a8784fbf9e6
image,#hash_83bd7b8784fbfb99
image,#hash_83bd978784fc2b2d
image,#hash_83bf36a9a212d659
image,#hash_83bf4aa9a212f855
image,#hash_83bf71a391b8fdf8
image,#hash_83bf7da391b9125c
image,#hash_83bf7ea391b9140f
image,#hash_83bf81a391b91928
image,#hash_83bf85a391b91ff4
image,#hash_83c049208de6eef3
image,#hash_83c04d208de6f5bf
image,#hash_83c076e38cacce45
image,#hash_83c079e38cacd35e
image,#i_mtl_p8_col_generator_garage_set_generator_m
image,#i_mtl_p8_col_generator_garage_set_generator_n
image,#i_attach_t8_optic_acog_rail_mount_c
image,#i_attach_t8_optic_acog_rail_mount_g
image,#i_attach_t8_optic_acog_rail_mount_n
image,#i_attach_t8_optic_acog_rail_mount_o
image,#i_attach_t8_optic_acog_rail_mount_s
image,#i_mtl_p7_light_hanging_egyptian_01_chain_g
image,#hash_83c5c3ebc957a27d
image,#hash_83c5c6ebc957a796
image,#hash_83c5c7ebc957a949
image,#hash_83c5cfebc957b6e1
image,#hash_83c5d3ebc957bdad
image,#i_mtl_p7_zm_debris_newspaper_german_c
image,#i_mtl_p7_zm_debris_newspaper_german_n
image,#i_t8_wpn_shotgun_semi_bolt_s
image,#i_t8_wpn_shotgun_semi_bolt_n
image,#i_t8_wpn_shotgun_semi_bolt_o
image,#i_t8_wpn_shotgun_semi_bolt_g
image,#i_t8_wpn_shotgun_semi_bolt_c
image,#i_mtl_p7_medical_surgical_tools_syringe_c
image,#hash_3db1ee0c2dbb6f0
image,#hash_3db1fe0c2dbb8a3
image,#hash_3db2be0c2dbcd07
image,#i_mtl_p7_debris_concrete_rubble_sm_c
image,#i_mtl_p7_debris_concrete_rubble_sm_n
image,#i_t7_micro_wood_rough_01_n
image,#i_t7_micro_wood_rough_01_g
image,#i_t7_micro_wood_rough_01_c
image,#i_veh_t8_decal_button_06_n
image,#i_veh_t8_decal_button_06_c
image,#i_mtl_p7_crate_wood_01_c
image,#i_mtl_p7_crate_wood_01_n
image,#hash_3ef0ea870a66139
image,#i_t8_wpn_smg_accurate_decals_sig_01_s
image,#i_t8_wpn_smg_accurate_decals_sig_01_c
image,#i_t8_wpn_smg_accurate_decals_sig_01_g
image,#i_t8_wpn_smg_accurate_decals_sig_01_n
image,#i_mtl_p8_wz_ammo_pickup_decal_bullets50_n
image,#i_mtl_p8_wz_ammo_pickup_decal_bullets50_m
image,#hash_3f39599d45b37c6
image,#hash_3f39799d45b3b2c
image,#hash_3f39899d45b3cdf
image,#hash_3f39a99d45b4045
image,#i_t7_glass_reinforced_wavy_n
image,#i_t7_glass_reinforced_wavy_o
image,#i_t7_glass_reinforced_wavy_c
image,#i_t7_glass_reinforced_wavy_g
image,#i_t7_glass_reinforced_wavy_s
image,#i_veh_t8_mil_heli_attack_tailfin_o
image,#i_veh_t8_mil_heli_attack_tailfin_n
image,#i_t7_zm_ctl_metal_diamond_plate_clean_m
image,#i_t7_zm_ctl_metal_diamond_plate_clean_o
image,#i_t7_zm_ctl_metal_diamond_plate_clean_n
image,#i_attach_wpn_t8_loot_pistol_auto_stock_n
image,#i_attach_wpn_t8_loot_pistol_auto_stock_o
image,#i_attach_wpn_t8_loot_pistol_auto_stock_m
image,#i_attach_wpn_t8_loot_pistol_auto_stock_g
image,#i_attach_wpn_t8_loot_pistol_auto_stock_c
image,#i_attach_wpn_t8_loot_pistol_auto_stock_s
image,#i_wpn_t8_ar_accurate_sig_01_grip_c
image,#i_wpn_t8_ar_accurate_sig_01_grip_n
image,#i_wpn_t8_ar_accurate_sig_01_grip_o
image,#i_wpn_t8_ar_accurate_sig_01_grip_s
image,#i_mtl_wpn_t8_ar_modular_mount_sig_03_mask
image,#hash_409c143a8cdc3b8
image,#i_p8_jnt_security_electrical_cabinet_01_s
image,#i_p8_jnt_security_electrical_cabinet_01_n
image,#i_p8_jnt_security_electrical_cabinet_01_o
image,#i_p8_jnt_security_electrical_cabinet_01_c
image,#i_p8_jnt_security_electrical_cabinet_01_e
image,#i_p8_jnt_security_electrical_cabinet_01_g
image,#i_wpn_t8_tr_midburst_laser_sig_01_c
image,#i_wpn_t8_tr_midburst_laser_sig_01_g
image,#i_wpn_t8_tr_midburst_laser_sig_01_n
image,#i_wpn_t8_tr_midburst_laser_sig_01_o
image,#i_wpn_t8_tr_midburst_laser_sig_01_s
image,#i_t8_wpn_smg_accurate_handguard_sig_02_alt1_c
image,#i_wpn_t8_eqp_smartcover_solar_decal_n
image,#i_mtl_p8_mad_tape_n
image,#i_mtl_p8_mad_tape_c
image,#i_mtl_p8_wmd_generator_metal_glass_c
image,#i_mtl_p8_zm_esc_gondola_lift_floor_n
image,#i_mtl_p8_zm_esc_gondola_lift_floor_m
image,#i_mtl_p8_zm_esc_gondola_lift_floor_c
image,#i_t7_micro_ceramic_brick_tile_2x4_n
image,#i_t7_micro_ceramic_brick_tile_2x4_c
image,#i_t7_micro_ceramic_brick_tile_2x4_g
image,#ui_icon_equipment_semtex
image,#fxt8_water_bubble_md_anim
image,#i_t7_cru_ice_waves_01_r
image,#i_mtl_wpn_t8_loot_ar_standard_grip_sig_02_s
image,#i_mtl_wpn_t8_loot_ar_standard_grip_sig_02_g
image,#i_mtl_wpn_t8_loot_ar_standard_grip_sig_02_c
image,#i_mtl_wpn_t8_loot_ar_standard_grip_sig_02_o
image,#i_mtl_wpn_t8_loot_ar_standard_grip_sig_02_n
image,#ui_icon_attachment_pistol_grip
image,#fxt_light_taillight
image,#i_t7_snow_powder_01_n
image,#i_t7_snow_powder_01_r
image,#i_veh_t7_decal_greeble_10_dark_r
image,#i_mtl_p8_col_oven_kitchen_decal04_n
image,#i_wpn_t8_loot_ar_peacekeeper_decal_g
image,#i_wpn_t8_loot_ar_peacekeeper_decal_c
image,#i_wpn_t8_loot_ar_peacekeeper_decal_n
image,#hash_844fd7e1e4c3c60c
image,#hash_844fd8e1e4c3c7bf
image,#hash_844fdce1e4c3ce8b
image,#hash_844fe0e1e4c3d557
image,#hash_844fece1e4c3e9bb
image,#hash_8451f35b16fbe78f
image,#hash_8451f45b16fbe942
image,#hash_45473c039694e4b
image,#i_t8_decal_graphics_signage_usa_sub_hazard_label_c
image,#i_mtl_p8_drain_round_floor_iron_c
image,#i_mtl_p8_drain_round_floor_iron_g
image,#i_mtl_p8_drain_round_floor_iron_n
image,#i_mtl_p8_drain_round_floor_iron_o
image,#i_veh_t8_decal_grunge_plaster_stains_r
image,#hash_463731d4c3cfa15
image,#hash_4637a1d4c3d05fa
image,#hash_4637b1d4c3d07ad
image,#i_t7_decal_grunge_dirty_sml_c
image,#hash_46a0683fe19a736
image,#i_veh_t8_decal_gauge_02_c
image,#i_mtl_p8_wep_warehouse_crane_decal_dirt_02_c
image,#i_mtl_p8_wz_supply_stash_health_extras_o
image,#i_mtl_p8_wz_supply_stash_health_extras_n
image,#i_mtl_p8_wz_supply_stash_health_extras_g
image,#i_mtl_p8_wz_supply_stash_health_extras_c
image,#i_mtl_p7_box_wood_metal_s
image,#i_mtl_p7_box_wood_metal_o
image,#i_mtl_p7_box_wood_metal_n
image,#i_mtl_p7_box_wood_metal_g
image,#i_mtl_p7_box_wood_metal_c
image,#i_t7_ban_decal_signage_graffiti_scribble_02_c
image,#ui_icon_weapon_hud_smg_fastfire_operator_wz
image,#hash_479886c1a9a31cc
image,#hash_4798a6c1a9a3532
image,#hash_4798b6c1a9a36e5
image,#hash_479d1ebe04ceb1b
image,#hash_479d2ebe04cecce
image,#ui_icon_weapon_melee_spork_render
image,#hash_48ab3a49d9811a1
image,#i_t8_decal_grunge_stain_floodline_01_c
image,#i_mtl_p7_duct_metal_rectangle_straight_64_n
image,#i_mtl_p7_duct_metal_rectangle_straight_64_o
image,#i_mtl_p7_jun_water_river_c
image,#i_mtl_p8_wz_ep_fishing_pole_plasticdark_n
image,#i_t8_water_distortion_noise_c
image,#i_t7_ceramic_tile_checker_m
image,#i_t8_micro_rock_basalt_01_n
image,#i_mtl_attach_t8_sniper_vanguard_bipod_02_r
image,#i_mtl_p8_zm_esc_power_station_panel_set_gauges_02_matelpainted_m
image,#i_mtl_p8_zm_esc_power_station_panel_set_gauges_02_matelpainted_n
image,#i_veh_t8_decal_panel_08_n
image,#i_veh_t8_decal_panel_08_o
image,#i_veh_t8_decal_panel_08_g
image,#i_veh_t8_decal_panel_08_c
image,#i_veh_t8_decal_panel_08_r
image,#i_wpn_t8_ar_fastfire_stock_r
image,#i_wpn_t8_ar_fastfire_stock_s
image,#i_wpn_t8_ar_fastfire_stock_n
image,#i_wpn_t8_ar_fastfire_stock_o
image,#i_wpn_t8_ar_fastfire_stock_m
image,#i_wpn_t8_ar_fastfire_stock_c
image,#i_wpn_t8_ar_fastfire_stock_g
image,#i_mtl_p8_ice_gas_console_handle_m
image,#i_mtl_p8_ice_gas_console_handle_o
image,#i_mtl_p8_ice_gas_console_handle_n
image,#hash_84ce58d714cd6700
image,#hash_84ce59d714cd68b3
image,#hash_84ce61d714cd764b
image,#hash_84ce65d714cd7d17
image,#hash_84ce74d714cd9694
image,#hash_84ce75d714cd9847
image,#i_veh_t8_glass_pattern_03_n
image,#hash_84d4a33689f7ac98
image,#hash_84d4a43689f7ae4b
image,#hash_84d4af3689f7c0fc
image,#hash_84d4b03689f7c2af
image,#hash_84d4b33689f7c7c8
image,#hash_84d4b73689f7ce94
image,#ui_icon_obit_sniper_damagesemi
image,#cookie_flicker
image,#hash_4d7c914a0b7f68d
image,#hash_4d9b05f586934b4
image,#hash_4d9b15f58693667
image,#hash_4d9b25f5869381a
image,#hash_84da802709040108
image,#i_veh_t8_base_paint_21_dead02_c
image,#i_t7_decal_damage_plaster_tile_01_n
image,#i_t7_decal_damage_plaster_tile_01_c
image,#i_mtl_p7_debris_bath_towels_01_n
image,#i_mtl_p7_debris_bath_towels_01_c
image,#hash_84e3cd47b297979d
image,#hash_84e3d047b2979cb6
image,#hash_84e3d147b2979e69
image,#hash_84e3d947b297ac01
image,#hash_84e3dd47b297b2cd
image,#hash_4ede3bcc4486a32
image,#i_veh_t8_decal_grunge_paint_discolored_01_r
image,#fxt8_smk_cigar_whisp_blur
image,#hash_8501cd72121ccf80
image,#hash_8501d172121cd64c
image,#hash_8501d972121ce3e4
image,#hash_8501da72121ce597
image,#hash_8501dd72121ceab0
image,#$occlusion
image,#i_mtl_p7_slu_outlet_electrical_n
image,#i_mtl_p7_slu_outlet_electrical_m
image,#ui_icon_weapon_sniper_fastrechamber_tactical_render
image,#i_t8_micro_cloth_carpet_looped_02_n
image,#i_attach_t7_shotty_prec_ext_mag_02_s
image,#i_attach_t7_shotty_prec_ext_mag_02_o
image,#i_attach_t7_shotty_prec_ext_mag_02_n
image,#i_attach_t7_shotty_prec_ext_mag_02_g
image,#i_t7_wood_beam_worn_oak_bleached_c
image,#i_veh_t8_decal_text_do_not_stow_c
image,#i_p8_zm_whi_bed_wood_queen_02_frame_r
image,#i_p8_zm_whi_bed_wood_queen_02_frame_o
image,#i_p8_zm_whi_bed_wood_queen_02_frame_n
image,#i_wpn_t8_loot_ar_peacekeeper_bolt_base_s
image,#i_wpn_t8_loot_ar_peacekeeper_bolt_base_n
image,#i_wpn_t8_loot_ar_peacekeeper_bolt_base_o
image,#i_wpn_t8_loot_ar_peacekeeper_bolt_base_c
image,#i_wpn_t8_loot_ar_peacekeeper_bolt_base_g
image,#i_c_gen_reveal_512_sq_r
image,#i_wpn_t8_sig_annihilator_frame_ir
image,#i_t7_ra2_decal_grunge_plaster_stains_c
image,#i_t7_ra2_decal_grunge_plaster_stains_r
image,#i_attach_wpn_t8_loot_pistol_auto_suppressor_n
image,#i_attach_wpn_t8_loot_pistol_auto_suppressor_o
image,#i_attach_wpn_t8_loot_pistol_auto_suppressor_g
image,#i_attach_wpn_t8_loot_pistol_auto_suppressor_c
image,#i_attach_wpn_t8_loot_pistol_auto_suppressor_s
image,#hash_853b993b2bfd31dd
image,#hash_853b9c3b2bfd36f6
image,#hash_853b9d3b2bfd38a9
image,#hash_853ba53b2bfd4641
image,#hash_853ba93b2bfd4d0d
image,#hash_854188f0679a7a57
image,#hash_85418bf0679a7f70
image,#hash_85418cf0679a8123
image,#hash_854194f0679a8ebb
image,#hash_854198f0679a9587
image,#i_t7_zm_shi_walls_tunnel_wood_c
image,#i_t7_zm_shi_walls_tunnel_wood_n
image,#hash_8548a608ba6abf5e
image,#hash_8548b308ba6ad575
image,#hash_8548b608ba6ada8e
image,#i_mtl_attach_t8_loot_lmg_mk48_ext_barrel_s
image,#i_mtl_attach_t8_loot_lmg_mk48_ext_barrel_c
image,#i_mtl_attach_t8_loot_lmg_mk48_ext_barrel_g
image,#i_mtl_attach_t8_loot_lmg_mk48_ext_barrel_n
image,#i_mtl_attach_t8_loot_lmg_mk48_ext_barrel_o
image,#hash_854eaacf973946b6
image,#i_veh_t8_plaster_smooth_dirty_01_512_c
image,#hash_557f0f77dca1e88
image,#i_wpn_t8_sig_annihilator_barrel_ir
image,#i_mtl_p7_medical_sanitation_towels01_c
image,#i_mtl_p7_medical_sanitation_towels01_n
image,#hash_56c90ff921e2a9f
image,#i_wpn_t8_sniper_power_semi_shroud_s
image,#i_wpn_t8_sniper_power_semi_shroud_r
image,#i_wpn_t8_sniper_power_semi_shroud_c
image,#i_wpn_t8_sniper_power_semi_shroud_g
image,#i_wpn_t8_sniper_power_semi_shroud_o
image,#i_wpn_t8_sniper_power_semi_shroud_n
image,#detail_map_rock_bumps_n
image,#i_t7_mud_sludge_wet_01_reveal_g
image,#hash_85836c7f5d0c8c82
image,#hash_8586548fad39801c
image,#hash_8586558fad3981cf
image,#hash_8586578fad398535
image,#fxt_smk_whisp_anim
image,#i_mtl_p7_foliage_plant_aloe_dwala_leaves_dry_c
image,#i_mtl_p8_wep_cargo_container_military_dirty_01_c
image,#i_t7_con_rock_lava_solid_cracks_e
image,#i_mtl_p7_chemistry_kit_metal_01_n
image,#i_t8_grass_wz_st_augustine_autumn_c
image,#hash_59f915f92579b80
image,#hash_59f9e5f9257b197
image,#i_mtl_wpn_t8_loot_lmg_mk48_stock_mk2_multi_m
image,#hash_85a19884dec19212
image,#hash_85a1a484dec1a676
image,#hash_85a1a884dec1ad42
image,#hash_85a1ac84dec1b40e
image,#hash_85a1ad84dec1b5c1
image,#i_p8_zm_esc_power_house_door_metal_rolling_baseslat_r
image,#i_t7_micro_wood_fine_01_c
image,#i_t7_micro_wood_fine_01_n
image,#hash_85aa75a31638bb44
image,#hash_85aa77a31638beaa
image,#hash_85aa78a31638c05d
image,#i_mtl_p7_eth_light_wall_02_glass_t
image,#i_c_t8_zmb_mob_zombie_head4_o
image,#i_c_t8_zmb_mob_zombie_head4_n
image,#i_c_t8_zmb_mob_zombie_head4_c
image,#i_c_t8_zmb_mob_zombie_head4_g
image,#i_mtl_p8_zm_esc_box_cardboard_c_closed_damaged_n
image,#i_c_gen_detail_plastic3_n
image,#i_t7_decal_bullet_dirt_c
image,#i_t7_decal_bullet_dirt_n
image,#i_t7_decal_bullet_dirt_o
image,#hash_85badc60c6d95c6c
image,#i_mtl_p7_zm_kin_dumpster_lid_n
image,#i_mtl_p7_zm_kin_dumpster_lid_m
image,#i_c_t8_detail_leather_fine_n
image,#i_t7_camo_ce_115_g
image,#fxt_spark_01_pcloud
image,#i_p7_box_cardboard_open02_g
image,#i_mtl_p8_wood_plank_04_n
image,#i_mtl_p8_wood_plank_04_o
image,#i_mtl_p8_wood_plank_04_g
image,#i_mtl_p8_wood_plank_04_c
image,#i_mtl_wpn_t8_sniper_vanguard_magwell_v2_n
image,#i_mtl_wpn_t8_sniper_vanguard_magwell_v2_o
image,#i_mtl_wpn_t8_sniper_vanguard_magwell_v2_g
image,#i_mtl_wpn_t8_sniper_vanguard_magwell_v2_c
image,#i_mtl_wpn_t8_sniper_vanguard_magwell_v2_r
image,#i_mtl_wpn_t8_sniper_vanguard_magwell_v2_s
image,#i_mtl_p8_wz_rock_cliff_large_01b_c
image,#i_wpn_t8_sniper_vanguard_handle_v2_m
image,#i_mtl_p7_zm_tra_stove_kitchen_dirt_c
image,#i_wpn_t8_ar_accurate_receiver_base_s
image,#i_wpn_t8_ar_accurate_receiver_base_r
image,#i_wpn_t8_ar_accurate_receiver_base_c
image,#i_wpn_t8_ar_accurate_receiver_base_g
image,#i_wpn_t8_ar_accurate_receiver_base_o
image,#i_wpn_t8_ar_accurate_receiver_base_n
image,#i_mtl_p7_fir_targetdummy_rail_metal_n
image,#fxt8_liquid_drop
image,#i_veh_t8_decal_round_slit_n
image,#i_veh_t8_decal_round_slit_r
image,#i_t7_decal_grunge_concrete_stain_01_c
image,#fxt8_snow_flake_flurry
image,#i_mtl_p8_foliage_grass_blades_tall_sml_dry_proxy_specular
image,#i_t7_concrete_bare_wet_warm_n
image,#hash_601a07f8b77a620
image,#hash_601a47f8b77acec
image,#hash_601ac7f8b77ba84
image,#hash_601ad7f8b77bc37
image,#hash_601b17f8b77c303
image,#i_mtl_p7_zm_mob_door_frame_security_n
image,#i_t8_zm_esc_rocky_dirt_cliff_c
image,#i_t8_zm_esc_rocky_dirt_cliff_n
image,#i_veh_t7_drone_attack_gun_dead_o
image,#i_mtl_attach_t8_ar_kn57_ext_mag_alt_mk2_multi_m
image,#hash_6137511131a7171
image,#hash_861d405e6812940b
image,#hash_861d445e68129ad7
image,#hash_861d505e6812af3b
image,#i_mtl_p7_zm_mob_crate_wood_lrg_cloth03_m
image,#i_t7_decal_signage_letters_upper_c
image,#i_t7_decal_signage_letters_upper_r
image,#i_mtl_p8_zm_esc_book_03_n
image,#i_mtl_p8_zm_esc_book_03_m
image,#ui_icon_weapon_hud_smg_capacity_tactical_wz
image,#i_mtl_p7_zm_ctl_column_capital_greathall_n
image,#i_mtl_p7_zm_ctl_column_capital_greathall_o
image,#i_mtl_p7_zm_ctl_column_capital_greathall_r
image,#hash_629abbb5b6cfc63
image,#hash_629acbb5b6cfe16
image,#hash_629adbb5b6cffc9
image,#hash_862c953499aa54ec
image,#hash_862c963499aa569f
image,#hash_862c993499aa5bb8
image,#hash_862c9d3499aa6284
image,#hash_862ca93499aa76e8
image,#i_t7_plaster_paint_chipped_wall_02_blend_r
image,#ui_icon_weapon_hud_melee_action_figure
image,#hash_8632300ed1ea0fc6
image,#i_mtl_wpn_t8_loot_lmg_mk48_bodytop_mk2_n
image,#i_p8_wood_plank_generic_01_c
image,#i_p8_wood_plank_generic_01_o
image,#i_p8_wood_plank_generic_01_n
image,#hash_64386728e5e7169
image,#i_attach_t8_lmg_titan_front_grip_c
image,#i_attach_t8_lmg_titan_front_grip_g
image,#i_attach_t8_lmg_titan_front_grip_o
image,#i_attach_t8_lmg_titan_front_grip_n
image,#i_attach_t8_lmg_titan_front_grip_s
image,#i_wpn_t8_tac_rifle_swordfish_stock_g
image,#i_wpn_t8_tac_rifle_swordfish_stock_c
image,#i_wpn_t8_tac_rifle_swordfish_stock_o
image,#i_wpn_t8_tac_rifle_swordfish_stock_n
image,#i_wpn_t8_tac_rifle_swordfish_stock_m
image,#i_wpn_t8_tac_rifle_swordfish_stock_s
image,#i_wpn_t8_tac_rifle_swordfish_stock_r
image,#i_veh_t8_decal_text_hydraulic_refill_c
image,#i_wpn_t8_eqp_trophy_system_body_s
image,#i_wpn_t8_eqp_trophy_system_body_o
image,#i_wpn_t8_eqp_trophy_system_body_n
image,#i_wpn_t8_eqp_trophy_system_body_g
image,#i_wpn_t8_eqp_trophy_system_body_c
image,#i_mtl_p8_col_oven_kitchen_02_m
image,#i_mtl_p8_col_oven_kitchen_02_n
image,#i_mtl_p8_zm_esc_decal_paint_concrete_white_c
image,#i_mtl_p8_zm_esc_decal_paint_concrete_white_g
image,#i_wpn_t8_shotgun_semi_mag_sig_01_n
image,#i_wpn_t8_shotgun_semi_mag_sig_01_o
image,#i_wpn_t8_shotgun_semi_mag_sig_01_g
image,#i_wpn_t8_shotgun_semi_mag_sig_01_c
image,#i_wpn_t8_shotgun_semi_mag_sig_01_s
image,#i_t8_micro_metal_grunge_galvanized_01_g
image,#hash_8668a3a187ae6e1f
image,#i_wpn_t8_loot_ar_double_tap_decals_c
image,#i_wpn_t8_loot_ar_double_tap_decals_n
image,#hash_867497c5cfeb9d39
image,#hash_86749bc5cfeba405
image,#hash_86749ec5cfeba91e
image,#hash_86749fc5cfebaad1
image,#hash_8674aac5cfebbd82
image,#hash_8674abc5cfebbf35
image,#ui_icon_weapon_hud_smg_accurate
image,#i_attach_t8_tac_rifle_mid_burst_grip_m
image,#i_attach_t8_tac_rifle_mid_burst_grip_o
image,#i_attach_t8_tac_rifle_mid_burst_grip_n
image,#i_mtl_p7_zm_asc_pipe_modular_set_bolt_n
image,#i_mtl_p7_zm_asc_pipe_modular_set_bolt_m
image,#i_attach_t7_optic_reflex1_lens_c
image,#i_mtl_p8_zm_esc_power_house_door_frame_03_n
image,#i_mtl_p8_zm_esc_power_house_door_frame_03_o
image,#i_mtl_p8_zm_esc_power_house_door_frame_03_m
image,#i_t8_metal_corrugated_wide_01_g
image,#i_t8_metal_corrugated_wide_01_o
image,#i_t8_metal_corrugated_wide_01_n
image,#ui_icon_weapon_hud_pistol_revolver
image,#hash_8698327f5931a33c
image,#i_mtl_wpn_t8_loot_shotgun_fullauto_handguard_mk2_multi_m
image,#hash_869a5ee4bd2ff252
image,#i_mtl_veh_t8_decal_text_4_c
image,#hash_869f29bf45d6c9bf
image,#hash_869f2abf45d6cb72
image,#i_mtl_wpn_t8_ar_stealth_sig_01_upper_receiver_right_g
image,#i_mtl_wpn_t8_ar_stealth_sig_01_upper_receiver_right_n
image,#i_mtl_wpn_t8_ar_stealth_sig_01_upper_receiver_right_o
image,#i_mtl_wpn_t8_ar_stealth_sig_01_upper_receiver_right_s
image,#i_t7_paint_shop_copper_s
image,#ui_icon_obit_pistol_standard
image,#hash_6a40a4ae9e5bed8
image,#hash_6a40d4ae9e5c3f1
image,#i_c_t8_mp_spe_armor_medium_m2
image,#hash_86a47e5e7b61f8b2
image,#hash_86a47f5e7b61fa65
image,#hash_86a4835e7b620131
image,#hash_86a4875e7b6207fd
image,#hash_86a4935e7b621c61
image,#hash_6a54eff22ab10e6
image,#i_mtl_wpn_t8_zm_towers_scorpion_handle_splitback_n
image,#i_mtl_wpn_t8_zm_towers_scorpion_handle_splitback_o
image,#i_mtl_wpn_t8_zm_towers_scorpion_handle_splitback_c
image,#i_mtl_wpn_t8_zm_towers_scorpion_handle_splitback_g
image,#i_mtl_wpn_t8_zm_towers_scorpion_handle_splitback_s
image,#i_mtl_wpn_t8_zm_towers_scorpion_claw_s
image,#i_mtl_wpn_t8_zm_towers_scorpion_claw_o
image,#i_mtl_wpn_t8_zm_towers_scorpion_claw_n
image,#i_mtl_wpn_t8_zm_towers_scorpion_claw_c
image,#i_mtl_wpn_t8_zm_towers_scorpion_claw_e
image,#ui_icon_armor_wz_light
image,#i_mtl_wpn_t8_zm_towers_scorpion_claw_g
image,#global_window_glass_opa_c
image,#i_mtl_p8_debris_asphalt_chunks_md_1_and_2_n
image,#i_mtl_p8_debris_asphalt_chunks_md_1_and_2_o
image,#hash_6b4eaf3964059b3
image,#i_mtl_p8_zm_zod_debris_wood_oak_dark_dmg_c
image,#i_mtl_p8_zm_zod_debris_wood_oak_dark_dmg_n
image,#i_mtl_wpn_t8_loot_ar_double_barrel_grip_o
image,#i_mtl_wpn_t8_loot_ar_double_barrel_grip_n
image,#i_mtl_wpn_t8_loot_ar_double_barrel_grip_g
image,#i_mtl_wpn_t8_loot_ar_double_barrel_grip_c
image,#i_mtl_wpn_t8_loot_ar_double_barrel_grip_s
image,#hash_86bb8cab4e6490e4
image,#i_wpn_t8_tac_rifle_surgeon_magpul_g
image,#i_wpn_t8_tac_rifle_surgeon_magpul_c
image,#i_wpn_t8_tac_rifle_surgeon_magpul_o
image,#i_wpn_t8_tac_rifle_surgeon_magpul_n
image,#i_wpn_t8_tac_rifle_surgeon_magpul_s
image,#hash_6c54558560c0778
image,#hash_6c54958560c0e44
image,#i_mtl_attach_t8_loot_sniper_semiauto_stock_02_g
image,#i_mtl_attach_t8_loot_sniper_semiauto_stock_02_c
image,#i_mtl_attach_t8_loot_sniper_semiauto_stock_02_o
image,#i_mtl_attach_t8_loot_sniper_semiauto_stock_02_n
image,#i_mtl_attach_t8_loot_sniper_semiauto_stock_02_s
image,#i_mtl_attach_t8_loot_sniper_semiauto_stock_02_r
image,#i_wpn_t8_pistol_standard_grip_base_o
image,#i_wpn_t8_pistol_standard_grip_base_n
image,#i_wpn_t8_pistol_standard_grip_base_g
image,#i_wpn_t8_pistol_standard_grip_base_c
image,#i_wpn_t8_pistol_standard_grip_base_s
image,#i_wpn_t8_pistol_standard_grip_base_r
image,#i_wpn_t8_tac_rifle_swordfish_reticle_c
image,#i_mtl_p7_rope_pile_lrg_c
image,#i_mtl_p7_rope_pile_lrg_n
image,#i_mtl_p7_foliage_distictis_hanging_ledge_32_long_proxy_albedo
image,#i_mtl_mtl_veh_t8_mil_heli_attack_wing_ir
image,#hash_6ea5112e293ae7b
image,#hash_6ea5212e293b02e
image,#i_mtl_p8_usa_submarine_interior_consoles_details_gauge_05_g
image,#i_mtl_p8_usa_submarine_interior_consoles_details_gauge_05_c
image,#i_mtl_p8_usa_submarine_interior_consoles_details_gauge_05_n
image,#hash_86f432d782948853
image,#i_t7_micro_concrete_pebbles_01_n
image,#i_t7_micro_concrete_pebbles_01_c
image,#i_t8_zm_whi_concrete_trim_damaged_n
image,#hash_87072308edbd0ee6
image,#hash_87072708edbd15b2
image,#hash_87072f08edbd234a
image,#hash_87073008edbd24fd
image,#hash_87073308edbd2a16
image,#i_mtl_p8_zm_wall_buy_symbol_icons_c
image,#i_mtl_p8_bottles_broken_ashore_04_n
image,#i_t7_micro_metal_grunge_scratch_03_n
image,#i_t7_micro_metal_grunge_scratch_03_g
image,#i_attach_t8_ar_kn57_stock_02
image,#i_mtl_veh_t8_drone_rcxd_wheel_rubber_n
image,#i_mtl_veh_t8_drone_rcxd_wheel_rubber_o
image,#i_mtl_veh_t8_drone_rcxd_wheel_rubber_m
image,#hash_71cf81c1e517c89
image,#i_mtl_p8_zm_esc_generator_lrg_metal_02_unique_m
image,#i_mtl_p8_zm_esc_generator_lrg_metal_02_unique_o
image,#i_mtl_p8_zm_esc_generator_lrg_metal_02_unique_n
image,#fxt8_spark_shower_radial_sparse_alpha
image,#i_wpn_t8_wz_lmg_titan_mag_c
image,#i_mtl_p7_zm_sta_couch_destroyed_set_cloth_05_n
image,#i_mtl_p7_zm_sta_couch_destroyed_set_cloth_05_m
image,#i_mtl_p8_col_rock_large_03c_n
image,#i_mtl_p8_col_rock_large_03c_o
image,#i_mtl_p8_col_rock_large_03c_c
image,#i_mtl_p8_light_bulb_filament_e
image,#hash_734028c9ef146d1
image,#hash_8735f3e9db64dfca
image,#i_wpn_t8_ar_modular_weapon_sig_01_s
image,#i_wpn_t8_ar_modular_weapon_sig_01_n
image,#i_wpn_t8_ar_modular_weapon_sig_01_o
image,#i_wpn_t8_ar_modular_weapon_sig_01_c
image,#i_wpn_t8_ar_modular_weapon_sig_01_g
image,#i_mtl_p7_slu_bag_cement_pallet_m
image,#i_mtl_p7_slu_bag_cement_pallet_n
image,#core_wood_med_n
image,#hash_874fcb73fdfae4fd
image,#i_mtl_p7_medical_ceiling_console_decal_n
image,#i_mtl_p7_medical_ceiling_console_decal_c
image,#hash_87546155c51fc54a
image,#i_p8_usa_oc_wood_planks_03_r
image,#i_veh_t8_mil_heli_light_cockpit_ir
image,#hash_8763ed5b35dbbec5
image,#hash_8763f05b35dbc3de
image,#hash_8763f15b35dbc591
image,#i_mtl_p7_zm_tra_billiard_vintage_cover_damaged_01_c
image,#i_wpn_t8_smg_fastfire_handguard_01_r
image,#i_wpn_t8_lmg_hades_decals_02_s
image,#i_wpn_t8_lmg_hades_decals_02_c
image,#i_mtl_p7_jun_foliage_bush_01_proxy_depth
image,#i_t8_decal_tech_detail_high_tech_13_c
image,#i_t8_decal_tech_detail_high_tech_13_n
image,#i_t8_decal_tech_detail_high_tech_13_o
image,#hash_877b5b87e980767c
image,#ui_icon_obit_warmachine
image,#hash_878480a63a8c47ff
image,#i_mtl_p7_mou_barrel_metal_02_damg_wet_decal_01_c
image,#i_p7_fxp_debris_dirt_rocky_01_n
image,#i_p7_fxp_debris_dirt_rocky_01_c
image,#i_mtl_p7_debris_trash_bottle_water_01_n
image,#i_mtl_p7_debris_trash_bottle_water_01_c
image,#i_wpn_t8_smg_capacity_handguard_base_m
image,#i_wpn_t8_smg_capacity_handguard_base_n
image,#i_wpn_t8_smg_capacity_handguard_base_o
image,#i_wpn_t8_smg_capacity_handguard_base_r
image,#i_mtl_p8_wz_foliage_sycamore_wood_c
image,#i_mtl_p8_wz_foliage_sycamore_wood_n
image,#ui_icon_weapon_smg_standard_render
image,#i_t8_micro_cloth_linen_01_n
image,#i_t8_micro_cloth_linen_01_c
image,#i_attach_t7_optic_hybrid_d1
image,#hash_79d6df40d03de99
image,#i_c_t8_zmb_homunculus_armor_s
image,#i_c_t8_zmb_homunculus_armor_c
image,#i_c_t8_zmb_homunculus_armor_g
image,#i_c_t8_zmb_homunculus_armor_m
image,#i_c_t8_zmb_homunculus_armor_n
image,#i_c_t8_zmb_homunculus_armor_o
image,#i_veh_t8_decal_hole_01_o
image,#i_veh_t8_decal_hole_01_n
image,#i_veh_t8_decal_hole_01_g
image,#i_veh_t8_decal_hole_01_r
image,#i_t8_wz_esc_pictures_tallpics1a_c
image,#i_mtl_veh_t7_decal_danger_c
image,#i_mtl_p8_zm_esc_cell_bed_decal_07_n
image,#i_mtl_p8_zm_esc_cell_bed_decal_07_c
image,#i_wpn_t8_smg_handling_mag_n
image,#i_wpn_t8_smg_handling_mag_o
image,#i_wpn_t8_smg_handling_mag_g
image,#i_wpn_t8_smg_handling_mag_s
image,#i_mtl_aml_fish_market_c
image,#i_mtl_aml_fish_market_n
image,#i_wpn_t8_lmg_titan_handle_c
image,#i_wpn_t8_lmg_titan_handle_g
image,#i_wpn_t8_lmg_titan_handle_o
image,#i_wpn_t8_lmg_titan_handle_n
image,#i_wpn_t8_lmg_titan_handle_s
image,#i_wpn_t8_lmg_titan_handle_r
image,#i_wpn_t8_loot_smg_burst_bolt_s
image,#i_wpn_t8_loot_smg_burst_bolt_c
image,#i_wpn_t8_loot_smg_burst_bolt_g
image,#i_wpn_t8_loot_smg_burst_bolt_n
image,#i_wpn_t8_loot_smg_burst_bolt_o
image,#hash_87b8f03895d6b802
image,#i_t7_ban_metal_painted_scraped_n
image,#i_t7_ban_metal_painted_scraped_g
image,#i_t7_ban_metal_painted_scraped_c
image,#i_mtl_t8_wpn_smg_accurate_mag_r
image,#hash_7c3ea3806adffb4
image,#hash_7c3ec3806ae031a
image,#hash_7c3ed3806ae04cd
image,#hash_87c7bf9df881082c
image,#hash_87c7c09df88109df
image,#i_mtl_p7_zm_ori_pump_tank_pipe_m
image,#i_mtl_p7_zm_ori_pump_tank_pipe_n
image,#i_mtl_attach_t8_loot_lmg_mk48_suppressor_s
image,#i_mtl_attach_t8_loot_lmg_mk48_suppressor_n
image,#i_mtl_attach_t8_loot_lmg_mk48_suppressor_o
image,#i_mtl_attach_t8_loot_lmg_mk48_suppressor_c
image,#i_mtl_attach_t8_loot_lmg_mk48_suppressor_g
image,#i_mtl_wpn_t8_loot_ar_standard_mag_sig_02_n
image,#i_mtl_wpn_t8_loot_ar_standard_mag_sig_02_o
image,#i_mtl_wpn_t8_loot_ar_standard_mag_sig_02_g
image,#i_mtl_wpn_t8_loot_ar_standard_mag_sig_02_c
image,#i_mtl_wpn_t8_loot_ar_standard_mag_sig_02_s
image,#hash_7d1860292ee0283
image,#i_t7_metal_grunge_light_02_g
image,#i_mtl_veh_t7_decal_unlatch_c
image,#i_mtl_p7_eth_vista_water_n
image,#fxt8_muzzleflash_omni_mask
image,#hash_7dd0426cd2a496a
image,#i_mtl_p8_zm_esc_candle_tall_n
image,#i_mtl_p8_zm_esc_candle_tall_e
image,#i_mtl_p8_zm_esc_candle_tall_g
image,#i_mtl_p8_zm_esc_candle_tall_c
image,#i_t7_decal_tech_vent_sm_c
image,#i_t7_decal_tech_vent_sm_n
image,#hash_87e7dc31ca4df9c7
image,#i_t8_graphics_nitrogen_cylinder_labels_05_c
image,#hash_87f072b9935386e0
image,#i_mtl_p7_foliage_plant_meskel_flower_t
image,#i_mtl_p7_foliage_plant_meskel_flower_r
image,#i_veh_t8_mil_heli_light_bench_m
image,#i_veh_t8_mil_heli_light_bench_n
image,#i_veh_t8_mil_heli_light_bench_o
image,#i_veh_t8_decal_logo_02_c
image,#ui_icon_obit_dart
image,#hash_87fdb93047577c73
image,#hash_87fdbd304757833f
image,#hash_87fdc43047578f24
image,#hash_87fdc530475790d7
image,#hash_87fdc930475797a3
image,#i_t7_out_metal_base_r
image,#i_t7_out_metal_base_c
image,#i_t7_out_metal_base_g
image,#i_t7_out_metal_base_n
image,#i_mtl_p8_col_rock_large_04b_c
image,#i_mtl_p8_col_rock_large_04b_n
image,#i_mtl_p8_col_rock_large_04b_o
image,#i_wpn_t8_lmg_titan_sig_01_clamp_s
image,#i_wpn_t8_lmg_titan_sig_01_clamp_n
image,#i_wpn_t8_lmg_titan_sig_01_clamp_o
image,#i_wpn_t8_lmg_titan_sig_01_clamp_c
image,#i_wpn_t8_lmg_titan_sig_01_clamp_g
image,#i_t7_metal_chainlink_s
image,#i_t7_metal_chainlink_c
image,#i_t7_metal_chainlink_o
image,#i_t7_metal_chainlink_n
image,#i_p8_wz_foliage_bush_coyote_d_r
image,#i_t8_moss_macro_01_r
image,#i_mtl_p7_light_metal_hanging_mechanic_s
image,#i_mtl_p7_light_metal_hanging_mechanic_c
image,#i_mtl_p7_light_metal_hanging_mechanic_g
image,#i_mtl_p7_light_metal_hanging_mechanic_n
image,#i_mtl_p7_light_metal_hanging_mechanic_o
image,#fxt8_light_ray_cone_mask
image,#hash_836c6079d9ac163
image,#i_mtl_wpn_t8_zm_raygun_metal_c
image,#i_mtl_wpn_t8_zm_raygun_metal_g
image,#i_mtl_wpn_t8_zm_raygun_metal_o
image,#i_mtl_wpn_t8_zm_raygun_metal_n
image,#i_mtl_wpn_t8_zm_raygun_metal_s
image,#i_wpn_t8_launcher_standard_top_s
image,#i_wpn_t8_launcher_standard_top_r
image,#i_wpn_t8_launcher_standard_top_o
image,#i_wpn_t8_launcher_standard_top_n
image,#i_wpn_t8_launcher_standard_top_m
image,#i_wpn_t8_launcher_standard_top_c
image,#i_wpn_t8_launcher_standard_top_g
image,#hash_8854e235ec734440
image,#hash_8854e335ec7345f3
image,#hash_8854e435ec7347a6
image,#hash_8854ea35ec7351d8
image,#hash_8854ee35ec7358a4
image,#hash_8854fe35ec7373d4
image,#i_mtl_wpn_t8_ar_modular_barrel_sig_03_mask
image,#i_mtl_p8_pallet_military_metal_decal_rust_01_n
image,#i_mtl_p8_pallet_military_metal_decal_rust_01_c
image,#hash_885c92944f05274b
image,#i_p7_pallet_wood_splinters_tiled_c
image,#i_p7_pallet_wood_splinters_tiled_n
image,#hash_88637c16265c5e31
image,#hash_88643d06e5921813
image,#hash_88643e06e59219c6
image,#ui_icon_weapon_hud_ar_modular_tactical_wz
image,#i_t8_decal_grunge_rust_peeling_01_b_c
image,#i_mtl_p7_slu_wire_m
image,#i_mtl_p7_slu_wire_n
image,#i_mtl_veh_t8_decal_panel_55_r
image,#i_mtl_veh_t8_decal_panel_55_n
image,#i_mtl_veh_t8_decal_panel_55_o
image,#hash_886ec19fbb4e2fdb
image,#i_t8_brick_worn_dirty_painted_white_n
image,#i_t8_brick_worn_dirty_painted_white_r
image,#hash_88714ca582869824
image,#fxt8_light_core_soft
image,#i_wpn_t8_tr_midburst_furdecal_sig_02_c
image,#i_wpn_t8_tr_midburst_furdecal_sig_02_n
image,#i_mtl_p7_zm_tra_billiard_rope_n
image,#i_mtl_p7_zm_tra_billiard_rope_c
image,#i_wpn_t8_eqp_turret_mini_belt_s
image,#i_wpn_t8_eqp_turret_mini_belt_n
image,#i_wpn_t8_eqp_turret_mini_belt_o
image,#i_wpn_t8_eqp_turret_mini_belt_g
image,#i_wpn_t8_eqp_turret_mini_belt_c
image,#i_t8_grass_wild_01_g
image,#i_t8_grass_wild_01_c
image,#i_t8_grass_wild_01_n
image,#i_t8_grass_wild_01_o
image,#i_mtl_p8_zm_esc_sheet_metal_2_4x4_m
image,#i_mtl_p8_zm_esc_sheet_metal_2_4x4_n
image,#i_mtl_p8_zm_esc_bed_infirmary_mattress_01_cloth_02_n
image,#i_t8_ice_icbm_metal_bare_01_c
image,#i_t8_ice_icbm_metal_bare_01_g
image,#i_t8_ice_icbm_metal_bare_01_t
image,#i_mtl_p7_zm_isl_cage_trap_light_c
image,#i_attach_t8_smg_capacity_handguard_01_n
image,#i_attach_t8_smg_capacity_handguard_01_o
image,#i_attach_t8_smg_capacity_handguard_01_m
image,#i_attach_t8_smg_capacity_handguard_01_g
image,#i_attach_t8_smg_capacity_handguard_01_r
image,#i_attach_t8_smg_capacity_handguard_01_s
image,#i_mtl_p8_gutter_01_n
image,#i_mtl_p8_gutter_01_o
image,#i_mtl_p8_gutter_01_m
image,#i_c_t8_zmb_homunculus_necklace_g
image,#i_c_t8_zmb_homunculus_necklace_c
image,#i_c_t8_zmb_homunculus_necklace_o
image,#i_c_t8_zmb_homunculus_necklace_n
image,#hash_89dec622c4768d4
image,#hash_89def622c476ded
image,#ui_icon_weapon_hud_sparrow
image,#i_wpn_t8_ar_heavy_decal_reaper_c
image,#hash_88aa5247d6b46232
image,#hash_88aa5347d6b463e5
image,#hash_88aa5647d6b468fe
image,#hash_88aa5a47d6b46fca
image,#hash_88aa6647d6b4842e
image,#i_t7_micro_wood_worn_varnished_01_n
image,#i_t7_micro_wood_worn_varnished_01_g
image,#i_t7_micro_wood_worn_varnished_01_c
image,#fxt8_fire_md_lick_deplete_anim_hdr
image,#i_wpn_t8_loot_sniper_mini14_scope_bolt_mk2_n
image,#i_wpn_t8_loot_sniper_mini14_scope_bolt_mk2_m
image,#i_mtl_p7_debris_glass_shattered_sm_n
image,#i_mtl_p7_debris_glass_shattered_sm_g
image,#i_wpn_t8_shotgun_semi_straps01_sig_01_c
image,#i_wpn_t8_shotgun_semi_straps01_sig_01_g
image,#i_wpn_t8_shotgun_semi_straps01_sig_01_m
image,#i_wpn_t8_shotgun_semi_straps01_sig_01_o
image,#i_wpn_t8_shotgun_semi_straps01_sig_01_n
image,#i_wpn_t8_shotgun_semi_straps01_sig_01_s
image,#$gray_color
image,#i_mtl_p7_zm_asc_pipe_modular_set_metal_n
image,#i_mtl_p7_slu_plank_wood_set_n
image,#i_mtl_p7_slu_plank_wood_set_m
image,#i_veh_t8_decal_sign_property_01_n
image,#i_veh_t8_decal_sign_property_01_c
image,#i_attach_t8_loot_ar_peacekeeper_silencer_s
image,#i_attach_t8_loot_ar_peacekeeper_silencer_n
image,#i_attach_t8_loot_ar_peacekeeper_silencer_o
image,#i_attach_t8_loot_ar_peacekeeper_silencer_c
image,#i_attach_t8_loot_ar_peacekeeper_silencer_g
image,#i_veh_t8_detail_char05_c
image,#hash_8c682144597b29b
image,#hash_8c688144597bccd
image,#ui_icon_weapon_smg_fastfire_tactical_render
image,#i_wpn_t7_camo_ice_e
image,#i_mtl_wpn_t8_smg_burst_foregrip_sig_s
image,#i_mtl_wpn_t8_smg_burst_foregrip_sig_g
image,#i_mtl_wpn_t8_smg_burst_foregrip_sig_c
image,#i_mtl_wpn_t8_smg_burst_foregrip_sig_n
image,#i_mtl_wpn_t8_smg_burst_foregrip_sig_o
image,#i_p8_zm_esc_turbine_generator_pipeparts_o
image,#i_p8_zm_esc_turbine_generator_pipeparts_n
image,#hash_88d0a981a4fff30c
image,#i_mtl_p8_wood_plank_generic_05_c
image,#i_mtl_p8_wood_plank_generic_05_g
image,#i_mtl_p8_wood_plank_generic_05_o
image,#i_mtl_p8_wood_plank_generic_05_n
image,#hash_88d4927c07c675db
image,#hash_88d4937c07c6778e
image,#i_wpn_t8_crossbow_stock_base_r
image,#i_wpn_t8_crossbow_stock_base_s
image,#i_wpn_t8_crossbow_stock_base_g
image,#i_wpn_t8_crossbow_stock_base_c
image,#i_wpn_t8_crossbow_stock_base_n
image,#i_wpn_t8_crossbow_stock_base_o
image,#i_t7_wood_trim_inset_01_m
image,#i_t7_wood_trim_inset_01_n
image,#i_t8_decal_grunge_rust_peeling_02_n
image,#i_t8_decal_grunge_rust_peeling_02_c
image,#i_attach_t8_loot_sniper_locus_stock_02_g
image,#i_attach_t8_loot_sniper_locus_stock_02_c
image,#i_attach_t8_loot_sniper_locus_stock_02_n
image,#i_attach_t8_loot_sniper_locus_stock_02_o
image,#i_attach_t8_loot_sniper_locus_stock_02_s
image,#i_mtl_p7_fxanim_gp_vine_strand_ivy_64_smod_proxy_normal
image,#i_p8_ice_control_consoles_01_decal_construtction_lines_n
image,#hash_88f7ff14c0a1baf8
image,#hash_8f89f4f937688e6
image,#hash_8f8a94f937699e4
image,#hash_8f8ac4f93769efd
image,#hash_8f8b04f9376a5c9
image,#i_p8_zm_esc_bodybag_bloody_buckle_m
image,#i_p8_zm_esc_bodybag_bloody_buckle_n
image,#ui_icon_obit_melee_demohammer
image,#hash_89038dede8f9587f
image,#hash_890399ede8f96ce3
image,#hash_89039dede8f973af
image,#hash_8903a0ede8f978c8
image,#hash_8903a1ede8f97a7b
image,#hash_8903a3ede8f97de1
image,#i_t8_wz_window_glass_dirty_c
image,#i_t8_wz_window_glass_dirty_g
image,#i_mtl_wpn_t8_loot_shotgun_fullauto_receiver_parts_alt_mk2_m
image,#i_caulk
image,#i_mtl_p8_zm_esc_water_tower_01_tank_middle_m
image,#i_mtl_p8_zm_esc_water_tower_01_tank_middle_o
image,#i_mtl_p8_zm_esc_water_tower_01_tank_middle_n
image,#ui_icon_weapons_zm_ar_accurate_sig_01
image,#hash_89113a4bd1b38c65
image,#hash_891198e92707c60c
image,#hash_891199e92707c7bf
image,#hash_89119ce92707ccd8
image,#hash_8911a0e92707d3a4
image,#hash_8911ace92707e808
image,#hash_8911be06d2c5aaca
image,#i_mtl_p8_hatch_door_frame_m
image,#i_mtl_p8_hatch_door_frame_n
image,#hash_91208f5b28f1791
image,#i_mtl_p8_hatch_door_full_01_m
image,#i_mtl_p8_hatch_door_full_01_n
image,#i_mtl_p8_hatch_door_full_01_o
image,#ui_icon_weapons_zm_sniperfastrechamber
image,#hash_9191ff350de8376
image,#hash_91920f350de8529
image,#i_wpn_t8_zm_dg2_pipe_s
image,#i_wpn_t8_zm_dg2_pipe_c
image,#i_wpn_t8_zm_dg2_pipe_g
image,#i_wpn_t8_zm_dg2_pipe_o
image,#i_wpn_t8_zm_dg2_pipe_n
image,#i_t8_decal_grunge_rust_02_blend_o
image,#i_t8_decal_grunge_rust_02_blend_n
image,#i_t8_decal_grunge_rust_02_blend_c
image,#hash_8921b009802cec53
image,#hash_92543f6ba410920
image,#hash_92544f6ba410ad3
image,#hash_92546f6ba410e39
image,#i_veh_t8_decal_light_reflector_10_n
image,#hash_8929be5b0b86df4f
image,#i_t7_wes_wood_paint_thick_blend_r
image,#i_t8_plaster_wall_02_c
image,#i_t8_plaster_wall_02_n
image,#i_t7_decal_grunge_water_puddle_blend_r
image,#i_wpn_t8_ar_kn57_receiver_lower_r
image,#i_wpn_t8_ar_kn57_receiver_lower_s
image,#i_wpn_t8_ar_kn57_receiver_lower_c
image,#i_wpn_t8_ar_kn57_receiver_lower_g
image,#i_wpn_t8_ar_kn57_receiver_lower_n
image,#i_wpn_t8_ar_kn57_receiver_lower_o
image,#i_mtl_wpn_t8_ar_stealth_sig_01_base_weapon_02_s
image,#i_mtl_wpn_t8_ar_stealth_sig_01_base_weapon_02_n
image,#i_mtl_wpn_t8_ar_stealth_sig_01_base_weapon_02_o
image,#i_mtl_wpn_t8_ar_stealth_sig_01_base_weapon_02_c
image,#i_mtl_wpn_t8_ar_stealth_sig_01_base_weapon_02_g
image,#i_mtl_p7_cai_train_subway_painted_metal_c
image,#loot_03_ui_icon_blackmarket_stream_melee_coinbag
image,#i_attach_t8_loot_ar_peacekeeper_dbal_c
image,#i_attach_t8_loot_ar_peacekeeper_dbal_g
image,#i_attach_t8_loot_ar_peacekeeper_dbal_n
image,#i_attach_t8_loot_ar_peacekeeper_dbal_o
image,#i_attach_t8_loot_ar_peacekeeper_dbal_s
image,#i_mtl_p8_ice_gas_console_box_02_o
image,#i_mtl_p8_ice_gas_console_box_02_n
image,#i_mtl_p8_ice_gas_console_box_02_m
image,#i_mtl_p7_cai_work_table_metal_01_white_n
image,#i_mtl_p7_cai_work_table_metal_01_white_m
image,#i_mtl_p7_zm_tra_bench_wood_n
image,#i_mtl_p7_eth_light_wall_03_metal_detailmaps_n
image,#i_t8_micro_noise_01_t
image,#i_t8_micro_noise_01_c
image,#i_t8_micro_noise_01_n
image,#i_c_t8_zmb_mob_zombie_body1_rightleg_s
image,#i_c_t8_zmb_mob_zombie_body1_rightleg_o
image,#i_c_t8_zmb_mob_zombie_body1_rightleg_n
image,#i_c_t8_zmb_mob_zombie_body1_rightleg_m
image,#i_c_t8_zmb_mob_zombie_body1_rightleg_g
image,#i_c_t8_zmb_mob_zombie_body1_rightleg_c
image,#i_wpn_t8_sniper_koshka_base_sig_02_o
image,#i_wpn_t8_sniper_koshka_base_sig_02_n
image,#i_mtl_p7_zm_mob_medical_cabinet_metal_02_m
image,#hash_8979807d1d5ef3b3
image,#i_mtl_p8_news_age_glass_worn_scratch_g
image,#i_mtl_wpn_t8_ar_stealth_base_weapon_02_mk2_n
image,#hash_898c0e20bfff0164
image,#i_t8_attach_optic_reflex_decals_c
image,#i_t8_attach_optic_reflex_decals_n
image,#i_mtl_wpn_t8_loot_smg_minigun_barrel_m
image,#i_mtl_wpn_t8_loot_smg_minigun_barrel_n
image,#i_mtl_wpn_t8_loot_smg_minigun_barrel_o
image,#i_mtl_wpn_t8_loot_smg_minigun_barrel_c
image,#i_mtl_wpn_t8_loot_smg_minigun_barrel_g
image,#i_mtl_wpn_t8_loot_smg_minigun_barrel_s
image,#hash_995aa9f9ccd7a5e
image,#hash_8997230aad78ffc8
image,#ui_icon_weapon_smg_capacity_tactical_render
image,#i_wpn_t8_sniper_power_semi_scope_mount_c
image,#i_wpn_t8_sniper_power_semi_scope_mount_g
image,#i_wpn_t8_sniper_power_semi_scope_mount_n
image,#i_wpn_t8_sniper_power_semi_scope_mount_o
image,#i_wpn_t8_sniper_power_semi_scope_mount_r
image,#i_wpn_t8_sniper_power_semi_scope_mount_s
image,#i_t7_zm_ctl_wood_trim_subtle_01_n
image,#hash_9a95faf1f5304a9
image,#hash_9a963af1f530b75
image,#hash_9a966af1f53108e
image,#hash_9a967af1f531241
image,#i_c_spc_corvus_m
image,#hash_9ae253c2d91e7e6
image,#hash_9ae2e3c2d91f731
image,#hash_9ae323c2d91fdfd
image,#i_wpn_t8_smg_accurate_sights_sig_03_g
image,#i_wpn_t8_smg_accurate_sights_sig_03_c
image,#i_wpn_t8_smg_accurate_sights_sig_03_n
image,#i_wpn_t8_smg_accurate_sights_sig_03_s
image,#i_wpn_t8_loot_melee_amulet_rocks_n
image,#i_wpn_t8_loot_melee_amulet_rocks_o
image,#i_t7_glass_dirty_streaks_512_g
image,#i_mtl_p8_zm_esc_cloth_pile_01_change_m
image,#i_t8_wood_wall_planks_painted_n
image,#i_t8_wood_wall_planks_painted_m
image,#hash_89c04a24b6626819
image,#hash_89c04e24b6626ee5
image,#hash_89c05124b66273fe
image,#hash_89c05e24b6628a15
image,#i_mtl_wpn_t8_zm_monkey_clothes_s
image,#i_mtl_wpn_t8_zm_monkey_clothes_g
image,#i_mtl_wpn_t8_zm_monkey_clothes_c
image,#i_mtl_wpn_t8_zm_monkey_clothes_o
image,#i_mtl_wpn_t8_zm_monkey_clothes_n
image,#i_t7_decal_damage_concrete_tile_01a_r
image,#i_wpn_t7_camo_gold_g
image,#i_wpn_t7_camo_gold_n
image,#i_wpn_t8_sig_bow_holder_cylinder_s
image,#i_wpn_t8_sig_bow_holder_cylinder_o
image,#i_wpn_t8_sig_bow_holder_cylinder_n
image,#i_wpn_t8_sig_bow_holder_cylinder_c
image,#i_wpn_t8_sig_bow_holder_cylinder_g
image,#i_p8_wz_foliage_leymus_grass_01_a_r
image,#loot_03_ui_icon_blackmarket_stream_enforcer
image,#hash_89d7646f90c85ea3
image,#i_mtl_p7_gib_chunk_set_n
image,#i_mtl_p7_gib_chunk_set_c
image,#i_mtl_wpn_t8_loot_melee_action_figure_cape_c
image,#i_mtl_wpn_t8_loot_melee_action_figure_cape_g
image,#i_mtl_wpn_t8_loot_melee_action_figure_cape_n
image,#i_mtl_wpn_t8_loot_melee_action_figure_cape_o
image,#i_wpn_t8_ar_stealth_stock_s
image,#i_wpn_t8_ar_stealth_stock_r
image,#i_wpn_t8_ar_stealth_stock_c
image,#i_wpn_t8_ar_stealth_stock_g
image,#i_wpn_t8_ar_stealth_stock_m
image,#i_wpn_t8_ar_stealth_stock_o
image,#i_wpn_t8_ar_stealth_stock_n
image,#i_t7_zm_isl_cobweb_scriptable_01_t
image,#fxt8_decal_blood_fatal_02_n
image,#fxt8_decal_blood_fatal_02_s
image,#ui_icon_weapon_smg_handling_tactical_render
image,#i_t7_rubber_floor_tiles_grip_yellow_c
image,#i_t7_rubber_floor_tiles_grip_yellow_n
image,#i_wpn_t8_ar_heavy_receiver_rear_mk2_m
image,#i_mtl_p8_wz_foliage_bush_erigonum_stem_01_n
image,#i_mtl_p8_wz_foliage_bush_erigonum_stem_01_c
image,#i_mtl_p7_debris_cardboard_flat_06_c
image,#i_mtl_p7_debris_cardboard_flat_06_n
image,#i_attach_t8_smg_mp9_bullet_n
image,#i_attach_t8_smg_mp9_bullet_o
image,#i_attach_t8_smg_mp9_bullet_g
image,#i_attach_t8_smg_mp9_bullet_s
image,#hash_89fed9dc4d011ee5
image,#hash_89fee5dc4d013349
image,#hash_89fee9dc4d013a15
image,#hash_89feecdc4d013f2e
image,#hash_89feeddc4d0140e1
image,#i_mtl_p7_ammo_resupply_02_tile01_c
image,#i_mtl_p7_ammo_resupply_02_tile01_g
image,#i_mtl_p8_usa_submarine_interior_consoles_details_knob_03_n
image,#i_t8_decal_trim_tape_masking_01_r
image,#i_t8_decal_trim_tape_masking_01_n
image,#i_t8_decal_trim_tape_masking_01_c
image,#hash_8a11d61646a934df
image,#i_mtl_wpn_t8_ar_stealth_sig_02_upper_receiver_right_o
image,#i_mtl_wpn_t8_ar_stealth_sig_02_upper_receiver_right_n
image,#i_mtl_wpn_t8_ar_stealth_sig_02_upper_receiver_right_g
image,#i_mtl_wpn_t8_ar_stealth_sig_02_upper_receiver_right_e
image,#i_mtl_wpn_t8_ar_stealth_sig_02_upper_receiver_right_c
image,#i_mtl_wpn_t8_ar_stealth_sig_02_upper_receiver_right_s
image,#hash_8a12d23734a7e5fe
image,#i_wpn_tr_powersemi_mag_sig_02_o
image,#i_wpn_tr_powersemi_mag_sig_02_n
image,#i_wpn_tr_powersemi_mag_sig_02_c
image,#i_wpn_tr_powersemi_mag_sig_02_g
image,#i_wpn_tr_powersemi_mag_sig_02_s
image,#i_t7_micro_metal_rust_heavy_02_c
image,#i_t8_micro_paint_01_c
image,#i_t8_micro_paint_01_g
image,#i_t8_micro_paint_01_n
image,#i_wpn_t8_launcher_standard_stock_r
image,#i_wpn_t8_launcher_standard_stock_s
image,#i_wpn_t8_launcher_standard_stock_m
image,#i_wpn_t8_launcher_standard_stock_n
image,#i_wpn_t8_launcher_standard_stock_o
image,#i_wpn_t8_launcher_standard_stock_g
image,#i_wpn_t8_launcher_standard_stock_c
image,#hash_a23827e8b0fbbfc
image,#hash_8a260b0cc6a30b33
image,#hash_8a26100cc6a313b2
image,#hash_8a26200cc6a32ee2
image,#hash_8a26250cc6a33761
image,#i_mtl_p7_electrical_cabinet_01_n
image,#i_mtl_p7_electrical_cabinet_01_g
image,#i_mtl_p7_electrical_cabinet_01_c
image,#i_mtl_p7_ris_tarp_lab02_01_n
image,#i_mtl_wpn_t8_camo_geometric_03_n
image,#i_mtl_wpn_t8_camo_geometric_03_g
image,#i_mtl_wpn_t8_camo_geometric_03_c
image,#i_mtl_wpn_t8_camo_geometric_03_s
image,#i_attach_t8_shotgun_semi_strobe_n
image,#i_attach_t8_shotgun_semi_strobe_o
image,#i_attach_t8_shotgun_semi_strobe_m
image,#i_attach_t8_shotgun_semi_strobe_g
image,#i_attach_t8_shotgun_semi_strobe_c
image,#i_attach_t8_shotgun_semi_strobe_r
image,#i_attach_t8_shotgun_semi_strobe_s
image,#i_t8_decal_graphics_signage_chi_warning_pipe_pressure_01_c
image,#i_mtl_wpn_t8_loot_smg_minigun_sights_g
image,#i_mtl_wpn_t8_loot_smg_minigun_sights_c
image,#i_mtl_wpn_t8_loot_smg_minigun_sights_n
image,#i_mtl_wpn_t8_loot_smg_minigun_sights_o
image,#i_mtl_wpn_t8_loot_smg_minigun_sights_m
image,#i_mtl_wpn_t8_loot_smg_minigun_sights_s
image,#hash_8a3f37fd06985d19
image,#i_t8_decal_tech_detail_high_tech_65_g
image,#i_t8_decal_tech_detail_high_tech_65_c
image,#i_t8_decal_tech_detail_high_tech_65_o
image,#i_t8_decal_tech_detail_high_tech_65_n
image,#i_mtl_t7_plastic_tarp_reinforced_clear_n
image,#i_mtl_t7_plastic_tarp_reinforced_clear_a
image,#hash_8a48ff2bfa91d81b
image,#hash_8a4d0c376ab20d6d
image,#i_mtl_wpn_t8_sniper_vanguard_mag_v2_s
image,#i_mtl_wpn_t8_sniper_vanguard_mag_v2_g
image,#i_mtl_wpn_t8_sniper_vanguard_mag_v2_c
image,#i_mtl_wpn_t8_sniper_vanguard_mag_v2_n
image,#i_mtl_wpn_t8_sniper_vanguard_mag_v2_o
image,#hash_8a51fb57a8d2580a
image,#i_attach_t8_ar_kn57_upper_01_o
image,#i_attach_t8_ar_kn57_upper_01_n
image,#i_attach_t8_ar_kn57_upper_01_g
image,#i_attach_t8_ar_kn57_upper_01_c
image,#i_attach_t8_ar_kn57_upper_01_s
image,#i_wpn_t8_tr_midburst_compass_sig_02_s
image,#i_wpn_t8_tr_midburst_compass_sig_02_n
image,#i_wpn_t8_tr_midburst_compass_sig_02_o
image,#i_wpn_t8_tr_midburst_compass_sig_02_g
image,#i_wpn_t8_tr_midburst_compass_sig_02_c
image,#ui_icon_weapon_hud_melee_cutlass
image,#hash_a5a9d01f7728fba
image,#hash_a5a9e01f772916d
image,#i_t7_zm_mob_window_cellhouse_ext_n
image,#i_t7_zm_mob_window_cellhouse_ext_g
image,#i_t7_zm_mob_window_cellhouse_ext_c
image,#i_mtl_p8_col_cabinet_lab_wood_btm_m
image,#i_mtl_p8_col_cabinet_lab_wood_btm_n
image,#ui_icon_weapon_hud_lmg_heavy
image,#i_wpn_t7_shotty_prec_ammo_door_base_g
image,#i_wpn_t7_shotty_prec_ammo_door_base_c
image,#i_wpn_t7_shotty_prec_ammo_door_base_n
image,#i_wpn_t7_shotty_prec_ammo_door_base_o
image,#i_wpn_t7_shotty_prec_ammo_door_base_s
image,#i_mtl_p8_panel_debris_metal_set_decal_grunge_c
image,#i_t7_stone_pebbles_01_n
image,#hash_8a694d190d7577f2
image,#hash_8a694e190d7579a5
image,#hash_8a6951190d757ebe
image,#hash_8a6955190d75858a
image,#hash_8a6961190d7599ee
image,#hash_8a6962190d759ba1
image,#i_wpn_t8_shotgun_pump_sig_01_sight_s
image,#i_wpn_t8_shotgun_pump_sig_01_sight_n
image,#i_wpn_t8_shotgun_pump_sig_01_sight_o
image,#i_wpn_t8_shotgun_pump_sig_01_sight_g
image,#i_t8_metal_roll_up_door_rough_01_s
image,#i_t8_metal_roll_up_door_rough_01_o
image,#i_t8_metal_roll_up_door_rough_01_n
image,#i_t8_metal_roll_up_door_rough_01_g
image,#hash_8a6c5e718efa07c6
image,#hash_8a6c6e718efa22f6
image,#hash_8a6c72718efa29c2
image,#i_mtl_p7_zm_sta_cabinet_antique_dmg_02_n
image,#i_mtl_p7_zm_sta_cabinet_antique_dmg_02_m
image,#ui_icon_weapons_zm_smghandling
image,#hash_8a76b31c545db255
image,#i_wpn_t8_launcher_standard_reticle_c
image,#i_mtl_wpn_t8_sniper_vanguard_sig_01_barrel_g
image,#i_mtl_wpn_t8_sniper_vanguard_sig_01_barrel_c
image,#i_mtl_wpn_t8_sniper_vanguard_sig_01_barrel_n
image,#i_mtl_wpn_t8_sniper_vanguard_sig_01_barrel_o
image,#i_mtl_wpn_t8_sniper_vanguard_sig_01_barrel_s
image,#i_attach_t8_tac_rifle_mid_burst_uber_m
image,#i_attach_t8_tac_rifle_mid_burst_uber_o
image,#i_attach_t8_tac_rifle_mid_burst_uber_n
image,#i_mtl_p7_rug_round_02_persian_dirty_c
image,#ui_icon_weapons_zm_smg_minigun
image,#hash_a8a66aeb71148a2
image,#hash_a8a6baeb7115121
image,#i_attach_t7_ar_arak_bolt_01_d1_n
image,#ui_icon_obit_frag
image,#i_t7_zm_bgb_copper_tarnished_01_g
image,#i_t7_zm_bgb_copper_tarnished_01_c
image,#i_t7_zm_bgb_copper_tarnished_01_n
image,#i_mtl_p7_boxing_dirty_c
image,#hash_aa0d3fb004c76ca
image,#i_mtl_p7_curtain_hanging_36x72_break_n
image,#i_mtl_p7_curtain_hanging_36x72_break_c
image,#i_mtl_t8_camo_dlc3_spacedust_03_c
image,#i_t8_decal_tech_detail_line_trim_03_m
image,#i_t8_decal_tech_detail_line_trim_03_o
image,#i_t8_decal_tech_detail_line_trim_03_n
image,#i_t8_decal_tech_detail_line_trim_03_c
image,#i_attach_t8_tac_rifle_swordfish_foregrip_01_r
image,#hash_aab93b9ae5b1b44
image,#hash_aab94b9ae5b1cf7
image,#hash_aab96b9ae5b205d
image,#i_attach_t8_sniper_powersemi_foregrip_c
image,#i_attach_t8_sniper_powersemi_foregrip_g
image,#i_attach_t8_sniper_powersemi_foregrip_o
image,#i_attach_t8_sniper_powersemi_foregrip_n
image,#i_attach_t8_sniper_powersemi_foregrip_s
image,#i_attach_t8_sniper_powersemi_foregrip_r
image,#i_t7_glass_led_light_01_c
image,#hash_ab06b80e7b381b6
image,#i_mtl_p8_hangar_scaffolding_decal_dirty_04_c
image,#i_mtl_p7_picture_frame_back_paper_c
image,#i_wpn_t8_lmg_titan_sig_01_upper_mid_n
image,#i_wpn_t8_lmg_titan_sig_01_upper_mid_o
image,#i_wpn_t8_lmg_titan_sig_01_upper_mid_c
image,#i_wpn_t8_lmg_titan_sig_01_upper_mid_g
image,#i_wpn_t8_lmg_titan_sig_01_upper_mid_s
image,#i_mtl_p8_foliage_grass_long_skinny_lrg_dry_proxy_specular
image,#i_t7_decal_damage_wood_splinter_01_n
image,#i_t7_decal_damage_wood_splinter_01_c
image,#hash_8ac193fade301ed3
image,#hash_8ac1a3fade303a03
image,#hash_8ac1a7fade3040cf
image,#hash_8ac1aefade304cb4
image,#hash_8ac1affade304e67
image,#hash_8ac1b1fade3051cd
image,#i_attach_t8_loot_smg_burst_quickdraw_n
image,#i_attach_t8_loot_smg_burst_quickdraw_o
image,#i_attach_t8_loot_smg_burst_quickdraw_c
image,#i_attach_t8_loot_smg_burst_quickdraw_g
image,#i_attach_t8_loot_smg_burst_quickdraw_s
image,#hash_8ac2d24ee1a02b24
image,#hash_ad5ae5224f88c93
image,#i_mtl_p7_3arc_park_con_wall_hole_c
image,#global_window_glass_frosted_c
image,#global_window_glass_frosted_g
image,#hash_8ad972a56ac2e676
image,#i_veh_t8_decal_gauge_03_c
image,#fxt_light_orb_hot_mask
image,#i_veh_t7_decal_bolt_03_tint_dark_r
image,#i_t8_decal_tech_detail_high_tech_08_n
image,#i_t8_decal_tech_detail_high_tech_08_o
image,#i_t8_decal_tech_detail_high_tech_08_c
image,#i_t8_decal_tech_detail_high_tech_08_g
image,#i_t8_decal_tech_detail_line_trim_13_c
image,#i_t8_decal_tech_detail_line_trim_13_n
image,#i_t8_decal_tech_detail_line_trim_13_o
image,#i_t8_decal_tech_detail_line_trim_13_m
image,#i_mtl_p8_col_conveyor_unit_logo_03_c
image,#i_t8_mix_noise_clouds_01_m
image,#hash_8af38cd1369bd0cb
image,#i_t8_micro_rock_gneiss_01_c
image,#i_t8_micro_rock_gneiss_01_n
image,#hash_8afa7d84a906bd6b
image,#hash_8afa8884a906d01c
image,#hash_8afa8d84a906d89b
image,#hash_8afa9184a906df67
image,#i_mtl_p8_zm_zod_pump_engine_room_bolt_white_n
image,#i_mtl_p8_zm_zod_pump_engine_room_bolt_white_m
image,#i_t7_micro_concrete_grooves_n
image,#$height
image,#hash_8b0f49359080b6e5
image,#hash_8b0f55359080cb49
image,#hash_8b0f59359080d215
image,#hash_8b0f5c359080d72e
image,#hash_8b0f5d359080d8e1
image,#hash_8b116e80d81bdae5
image,#hash_8b117a80d81bef49
image,#hash_8b117e80d81bf615
image,#hash_8b118180d81bfb2e
image,#i_mtl_p7_wall_radiator_vintage_c
image,#i_mtl_p7_wall_radiator_vintage_n
image,#i_attach_t8_lmg_heavy_foregrip_s
image,#i_attach_t8_lmg_heavy_foregrip_n
image,#i_attach_t8_lmg_heavy_foregrip_o
image,#i_attach_t8_lmg_heavy_foregrip_c
image,#i_attach_t8_lmg_heavy_foregrip_g
image,#i_wpn_t8_ar_galil_barrel_base_c
image,#i_wpn_t8_ar_galil_barrel_base_g
image,#i_wpn_t8_ar_galil_barrel_base_o
image,#i_wpn_t8_ar_galil_barrel_base_n
image,#i_mtl_p7_zm_ctl_table_metal_vintage_set_metal01_m
image,#i_mtl_p7_zm_ctl_table_metal_vintage_set_metal01_n
image,#i_t8_wpn_pistol_auto_mk2_body_n
image,#i_wpn_t8_smg_accurate_sling_loop_sig_03_s
image,#i_wpn_t8_smg_accurate_sling_loop_sig_03_g
image,#i_wpn_t8_smg_accurate_sling_loop_sig_03_c
image,#hash_b21cb9a357fd934
image,#i_t8_micro_cloth_carpet_looped_n
image,#i_mtl_p7_electrical_box_tall_trim_o
image,#i_mtl_p7_electrical_box_tall_trim_n
image,#i_mtl_p7_electrical_box_tall_trim_m
image,#i_mtl_p7_cai_sign_billboard_light_glass_c
image,#i_t8_brick_worn_dirty_painted_whitebeige_n
image,#i_t8_brick_worn_dirty_painted_whitebeige_c
image,#i_t7_micro_wood_rough_02_c
image,#i_t7_micro_wood_rough_02_g
image,#i_t7_micro_wood_rough_02_n
image,#hash_b2f76911d648d22
image,#hash_b2f77911d648ed5
image,#hash_b303cd913989b4b
image,#i_veh_t8_micro_paint_distressed_n
image,#i_attach_t8_pistol_standard_hammer_o
image,#i_attach_t8_pistol_standard_hammer_n
image,#i_attach_t8_pistol_standard_hammer_g
image,#i_attach_t8_pistol_standard_hammer_c
image,#i_attach_t8_pistol_standard_hammer_s
image,#i_t7_metal_panel_2x1_n
image,#i_t7_metal_panel_2x1_o
image,#i_wpn_t8_loot_ar_double_tap_body_mk2_m
image,#i_wpn_t8_loot_ar_double_tap_body_mk2_n
image,#fxt8_spark_shower_core_hdr
image,#i_t8_decal_tech_detail_indent_02_normal_m
image,#i_t8_decal_tech_detail_indent_02_normal_o
image,#i_t8_decal_tech_detail_indent_02_normal_n
image,#i_mtl_wpn_t8_zm_raygun_plastic_s
image,#i_mtl_wpn_t8_zm_raygun_plastic_n
image,#i_mtl_wpn_t8_zm_raygun_plastic_o
image,#i_mtl_wpn_t8_zm_raygun_plastic_g
image,#i_mtl_wpn_t8_zm_raygun_plastic_c
image,#i_wpn_t8_tr_midburst_ammopouch_sig_02_g
image,#i_wpn_t8_tr_midburst_ammopouch_sig_02_c
image,#i_wpn_t8_tr_midburst_ammopouch_sig_02_o
image,#i_wpn_t8_tr_midburst_ammopouch_sig_02_n
image,#i_mtl_wpn_t8_lmg_heavy_grip_sig_02_s
image,#i_mtl_wpn_t8_lmg_heavy_grip_sig_02_c
image,#i_mtl_wpn_t8_lmg_heavy_grip_sig_02_g
image,#i_mtl_wpn_t8_lmg_heavy_grip_sig_02_o
image,#i_mtl_wpn_t8_lmg_heavy_grip_sig_02_n
image,#i_mtl_p8_towels_folded_rack_n
image,#i_mtl_p8_towels_folded_rack_o
image,#i_mtl_p8_towels_folded_rack_m
image,#i_wpn_t8_tr_midburst_laser_sig_02_s
image,#i_wpn_t8_tr_midburst_laser_sig_02_g
image,#i_wpn_t8_tr_midburst_laser_sig_02_c
image,#i_wpn_t8_tr_midburst_laser_sig_02_o
image,#i_wpn_t8_tr_midburst_laser_sig_02_n
image,#ui_icon_equipment_gadget_frag
image,#i_mlt_p8_zm_vapor_altar_danu_stone_emissive_eyes_e
image,#ui_icon_weapon_lmg_standard_render
image,#i_mtl_wpn_t8_ar_kn57_stock_alt_mk2_m
image,#i_t8_wpn_pistol_revolver_grip_o
image,#i_t8_wpn_pistol_revolver_grip_n
image,#i_t8_wpn_pistol_revolver_grip_c
image,#i_t8_wpn_pistol_revolver_grip_g
image,#i_t8_wpn_pistol_revolver_grip_s
image,#i_t8_wpn_pistol_revolver_grip_r
image,#$camo_base_gloss
image,#i_t7_zm_asc_concrete_burnt_n
image,#i_wpn_t8_ar_heavy_receiver_sig_01_c
image,#i_wpn_t8_ar_heavy_receiver_sig_01_g
image,#i_wpn_t8_ar_heavy_receiver_sig_01_n
image,#i_wpn_t8_ar_heavy_receiver_sig_01_o
image,#i_wpn_t8_ar_heavy_receiver_sig_01_s
image,#ui_icon_inventory_spray_can
image,#ui_icon_obit_melee_action_figure
image,#i_t8_concrete_spackle_01_r
image,#i_t8_concrete_spackle_01_n
image,#hash_8b8d1b3174270dcb
image,#hash_8b8d33f7bc854044
image,#i_mtl_veh_t8_mil_air_gunship_body_02_multi_m
image,#hash_8b8ef0fb9f1bc3b8
image,#i_mtl_p7_tent_military_modular_tubes_t
image,#i_mtl_p7_tent_military_modular_tubes_n
image,#i_mtl_p7_suspension_bridge_bolt_01_m
image,#i_mtl_p7_suspension_bridge_bolt_01_o
image,#i_mtl_p7_suspension_bridge_bolt_01_n
image,#i_t7_mp_cry_decal_tech_details_01_c
image,#i_t7_mp_cry_decal_tech_details_01_n
image,#i_t7_mp_cry_decal_tech_details_01_s
image,#i_material_veh_t7_metal_rusty_04_c
image,#ui_icon_obit_smg_minigun
image,#hash_8b9da73944b6ec95
image,#i_t7_zm_isl_decal_signage_stripe_caution_r
image,#i_t7_zm_isl_decal_signage_stripe_caution_c
image,#i_t7_micro_metal_bare_brush_01_g
image,#i_t7_micro_metal_bare_brush_01_n
image,#i_mtl_veh_t8_mil_helicopter_transport_decal_dirty_01_c
image,#i_mtl_p7_bottle_plastic_soap_clean_n
image,#i_mtl_wpn_t8_loot_smg_vmp_bolt_base_s
image,#i_mtl_wpn_t8_loot_smg_vmp_bolt_base_o
image,#i_mtl_wpn_t8_loot_smg_vmp_bolt_base_n
image,#i_mtl_wpn_t8_loot_smg_vmp_bolt_base_c
image,#i_mtl_wpn_t8_loot_smg_vmp_bolt_base_g
image,#i_p7_fir_bathroom_sink_tap_n
image,#ui_icon_obit_tripwire
image,#i_mtl_p7_foliage_plant_aloe_dwala_leaves_t
image,#i_mtl_p7_foliage_plant_aloe_dwala_leaves_n
image,#i_t7_graphic_display_military_octagon_c
image,#i_t8_decal_tech_detail_high_tech_55_c
image,#i_t8_decal_tech_detail_high_tech_55_g
image,#i_t8_decal_tech_detail_high_tech_55_n
image,#i_t8_decal_tech_detail_high_tech_55_o
image,#i_mtl_wpn_t8_camo_skulls_04_c
image,#$black_spec_illegal
image,#i_t8_decal_grunge_rust_05_n
image,#i_t8_decal_grunge_rust_05_o
image,#i_t8_decal_grunge_rust_05_c
image,#hash_bc6ac7e996fe840
image,#i_t8_usa_snow_ice_waves_02_n
image,#i_t8_decal_graphics_text_ice_3_r
image,#i_mtl_p8_wep_door_rollup_decal_dust_c
image,#i_t8_micro_metal_rust_heavy_01_g
image,#hash_8bd3c366e3522edd
image,#i_mtl_p7_zm_kin_bed_antique_cloth_n
image,#i_mtl_p7_zm_kin_bed_antique_cloth_c
image,#i_mtl_intro_ground_dirt_gravel_01_nml
image,#i_mtl_p8_container_bottle_wine_label_01_c
image,#i_mtl_p8_container_bottle_wine_label_01_n
image,#i_t8_zm_zod_trim_rubber_01_n
image,#hash_8bddaefbe87908a0
image,#i_mtl_p7_zm_ctl_meteor_crystal_c
image,#i_mtl_p7_door_mat_coir_03_c
image,#i_mtl_p7_door_mat_coir_03_n
image,#i_mtl_p8_zm_esc_cell_skylight_frame_top_o
image,#i_mtl_p8_zm_esc_cell_skylight_frame_top_n
image,#i_mtl_p8_zm_esc_cell_skylight_frame_top_m
image,#i_t7_decal_grunge_stain_02_c
image,#i_mtl_p7_jars_glass_c
image,#i_mtl_p7_jars_glass_g
image,#i_mtl_p7_jars_glass_n
image,#i_mtl_wpn_t8_loot_smg_minigun_rail_c
image,#i_mtl_wpn_t8_loot_smg_minigun_rail_g
image,#i_mtl_wpn_t8_loot_smg_minigun_rail_n
image,#i_mtl_wpn_t8_loot_smg_minigun_rail_o
image,#i_mtl_wpn_t8_loot_smg_minigun_rail_s
image,#i_t7_decal_blood_splatter_02_c
image,#i_t7_decal_blood_splatter_02_n
image,#ui_icon_obit_sniper_powersemi
image,#hash_8bf97b07ffc3e006
image,#i_wpn_t8_loot_tac_rifle_damageburst_stock_r
image,#i_wpn_t8_loot_tac_rifle_damageburst_stock_s
image,#i_wpn_t8_loot_tac_rifle_damageburst_stock_c
image,#i_wpn_t8_loot_tac_rifle_damageburst_stock_g
image,#i_wpn_t8_loot_tac_rifle_damageburst_stock_n
image,#i_wpn_t8_loot_tac_rifle_damageburst_stock_o
image,#i_mtl_wpn_t8_loot_lmg_mk48_display_s
image,#i_mtl_wpn_t8_loot_lmg_mk48_display_c
image,#i_mtl_wpn_t8_loot_lmg_mk48_display_g
image,#i_mtl_wpn_t8_loot_lmg_mk48_display_n
image,#i_mtl_wpn_t8_loot_lmg_mk48_display_o
image,#i_wpn_t8_smg_capacity_mag_plastic_n
image,#fxt_dust_clump
image,#i_wpn_t8_shotgun_pump_reciever_rail_base_mk2_m
image,#i_wpn_t8_lmg_titan_sig_01_handle_s
image,#i_wpn_t8_lmg_titan_sig_01_handle_o
image,#i_wpn_t8_lmg_titan_sig_01_handle_n
image,#i_wpn_t8_lmg_titan_sig_01_handle_c
image,#i_wpn_t8_lmg_titan_sig_01_handle_g
image,#hash_8c1429060d8c1352
image,#hash_8c142a060d8c1505
image,#hash_8c142e060d8c1bd1
image,#hash_8c1432060d8c229d
image,#hash_8c143d060d8c354e
image,#hash_8c143e060d8c3701
image,#hash_8c14a810c1c99d58
image,#i_veh_t8_decal_caution_triangle_c
image,#i_t7_wood_planks_rustic_n
image,#i_t7_wood_planks_rustic_c
image,#hash_8c1e44c9975ca2ca
image,#hash_8c1e48c9975ca996
image,#hash_8c1e49c9975cab49
image,#hash_8c1e50c9975cb72e
image,#hash_8c1e54c9975cbdfa
image,#i_t8_zm_esc_roof_tar_01_o
image,#i_t8_zm_esc_roof_tar_01_n
image,#i_t8_zm_esc_roof_tar_01_c
image,#i_t8_zm_esc_roof_tar_01_g
image,#ui_icon_weapon_smg_folding_mk2_render
image,#hash_8c2d83e3b5649d13
image,#hash_8c2d87e3b564a3df
image,#hash_8c2d8ee3b564afc4
image,#hash_8c2d8fe3b564b177
image,#hash_8c2d91e3b564b4dd
image,#hash_8c2d93e3b564b843
image,#i_mtl_p7_fire_extinguisher_s
image,#i_mtl_p7_fire_extinguisher_n
image,#i_mtl_p7_fire_extinguisher_o
image,#i_mtl_p7_fire_extinguisher_g
image,#i_mtl_p7_fire_extinguisher_e
image,#i_mtl_p7_fire_extinguisher_c
image,#i_mtl_p8_wep_cargo_container_military_decal_03_n
image,#i_mtl_wpn_t8_smg_fastfire_clip_mk2_m
image,#hash_8c2ffdedbfdc63b3
image,#i_t7_graphic_display_medical_12_c
image,#i_mtl_p8_wmd_generator_metal_decal_paint_01_c
image,#hash_c3a3e4280601b7b
image,#hash_c3a3f4280601d2e
image,#$identitynormalmap
image,#hash_8c4159ff1ae6f62c
image,#hash_8c415aff1ae6f7df
image,#hash_8c415eff1ae6feab
image,#hash_8c4162ff1ae70577
image,#hash_8c416eff1ae719db
image,#hash_8c45089333865240
image,#hash_8c450993338653f3
image,#hash_8c450b9333865759
image,#hash_8c4511933386618b
image,#hash_8c45159333866857
image,#hash_8c45259333868387
image,#hash_8c471b6e2a86c972
image,#fxt8_spark_shower_core_sparse_alpha
image,#fxt_smk_wisp_string
image,#i_mtl_p8_wz_ammo_pickup_decal_graphic_c
image,#fxt8_light_ray_cone
image,#i_mtl_p7_zm_clt_bunkbed_wood_01_n
image,#i_mtl_p7_zm_clt_bunkbed_wood_01_m
image,#i_wpn_t8_ar_stealth_rapidfire_m
image,#i_wpn_t8_ar_stealth_rapidfire_o
image,#i_wpn_t8_ar_stealth_rapidfire_n
image,#i_wpn_t8_ar_stealth_rapidfire_g
image,#i_wpn_t8_ar_stealth_rapidfire_c
image,#i_wpn_t8_ar_stealth_rapidfire_s
image,#i_wpn_t8_ar_stealth_rapidfire_r
image,#i_mtl_p8_industrial_scissor_lift_metal_m
image,#i_wpn_t8_ar_heavy_barrel_base_mk2_m
image,#i_mtl_p8_wep_gantry_crane_decal_04_c
image,#i_c_t8_zmb_mob_zombie_body1_belts_s
image,#i_c_t8_zmb_mob_zombie_body1_belts_o
image,#i_c_t8_zmb_mob_zombie_body1_belts_n
image,#i_c_t8_zmb_mob_zombie_body1_belts_m
image,#i_c_t8_zmb_mob_zombie_body1_belts_g
image,#i_c_t8_zmb_mob_zombie_body1_belts_c
image,#i_wpn_t8_lmg_heavy_grip_s
image,#i_wpn_t8_lmg_heavy_grip_n
image,#i_wpn_t8_lmg_heavy_grip_o
image,#i_wpn_t8_lmg_heavy_grip_g
image,#i_wpn_t8_lmg_heavy_grip_c
image,#hash_8c805c9ac99ace60
image,#hash_8c80609ac99ad52c
image,#hash_8c80689ac99ae2c4
image,#hash_8c80699ac99ae477
image,#ui_icon_weapon_ar_accurate_sig_03_render
image,#i_t8_zm_esc_concrete_paint_peel_old_tm
image,#i_veh_t8_decal_trim_weld_c
image,#hash_8c8841550497f6b2
image,#hash_8c8842550497f865
image,#hash_8c8845550497fd7e
image,#hash_8c8849550498044a
image,#hash_8c885555049818ae
image,#hash_8c8936c72f111306
image,#i_attach_t8_lmg_titan_grip_o
image,#i_attach_t8_lmg_titan_grip_n
image,#i_attach_t8_lmg_titan_grip_c
image,#i_attach_t8_lmg_titan_grip_g
image,#i_attach_t8_lmg_titan_grip_s
image,#i_mtl_p8_wz_supply_stash_chest_metal_03_m
image,#i_wpn_t7_ar_mnwr_tritium_red
image,#i_wpn_t8_eqp_smartcover_decals05_c
image,#i_wpn_t8_eqp_smartcover_decals05_g
image,#i_wpn_t8_eqp_smartcover_decals05_n
image,#hash_c91b578f188cddf
image,#hash_c91b678f188cf92
image,#hash_c91b778f188d145
image,#i_wpn_t8_ar_heavy_receiver_upper_mk2_n
image,#i_wpn_t8_ar_heavy_receiver_upper_mk2_m
image,#i_wpn_t8_lmg_hades_decal_stamp_n
image,#i_wpn_t8_lmg_hades_decal_stamp_c
image,#i_mtl_t8_loot_wpn_smg_folding_rails_o
image,#i_mtl_t8_loot_wpn_smg_folding_rails_n
image,#i_mtl_t8_loot_wpn_smg_folding_rails_g
image,#i_mtl_t8_loot_wpn_smg_folding_rails_c
image,#i_t8_decal_tech_detail_high_tech_46_c
image,#i_t8_decal_tech_detail_high_tech_46_n
image,#i_t8_decal_tech_detail_high_tech_46_o
image,#i_t8_decal_tech_detail_high_tech_46_m
image,#i_mtl_t8_loot_wpn_smg_folding_rails_s
image,#i_veh_t8_decal_panel_12_r
image,#i_veh_t8_decal_panel_12_o
image,#i_veh_t8_decal_panel_12_n
image,#i_t8_micro_metal_rust_01_g
image,#i_t8_micro_metal_rust_01_c
image,#i_t8_micro_metal_rust_01_n
image,#i_wpn_t8_ar_fastfire_mag_sig_02_g
image,#i_wpn_t8_ar_fastfire_mag_sig_02_c
image,#i_wpn_t8_ar_fastfire_mag_sig_02_n
image,#i_wpn_t8_ar_fastfire_mag_sig_02_o
image,#i_wpn_t8_ar_fastfire_mag_sig_02_s
image,#i_t8_wpn_pistol_revolver_grip_mk2_r
image,#i_t7_ban_metal_painted_rusty_g
image,#i_attach_t8_loot_ar_peacekeeper_upper_s
image,#i_attach_t8_loot_ar_peacekeeper_upper_g
image,#i_attach_t8_loot_ar_peacekeeper_upper_c
image,#i_attach_t8_loot_ar_peacekeeper_upper_o
image,#i_attach_t8_loot_ar_peacekeeper_upper_n
image,#ui_icon_weapon_smg_accurate_view
image,#i_mtl_p7_book_vintage_page_01_burn_n
image,#i_mtl_p7_book_vintage_page_01_burn_c
image,#i_wpn_t8_lmg_hades_weapon_part_1_sig_01_g
image,#i_wpn_t8_lmg_hades_weapon_part_1_sig_01_n
image,#i_wpn_t8_lmg_hades_weapon_part_1_sig_01_o
image,#i_wpn_t8_lmg_hades_weapon_part_1_sig_01_r
image,#i_wpn_t8_lmg_hades_weapon_part_1_sig_01_s
image,#i_t7_decal_metal_fasteners_o
image,#i_t7_decal_metal_fasteners_n
image,#i_t7_decal_metal_fasteners_g
image,#i_t7_decal_metal_fasteners_c
image,#i_wpn_t8_loot_ar_double_tap_receiver_c
image,#i_wpn_t8_loot_ar_double_tap_receiver_g
image,#i_wpn_t8_loot_ar_double_tap_receiver_m
image,#i_wpn_t8_loot_ar_double_tap_receiver_o
image,#i_wpn_t8_loot_ar_double_tap_receiver_n
image,#i_wpn_t8_loot_ar_double_tap_receiver_s
image,#i_mtl_p7_pallet_truck_clean_n
image,#i_t7_decal_grunge_scratch_pockmark_r
image,#i_t7_decal_grunge_scratch_pockmark_n
image,#i_t7_decal_grunge_scratch_pockmark_g
image,#i_attach_t8_optic_hybrid_pieces_s
image,#i_attach_t8_optic_hybrid_pieces_g
image,#i_mtl_p8_wz_ammo_pickup_45acp_paper_n
image,#i_attach_t8_optic_hybrid_pieces_c
image,#i_mtl_p8_wz_ammo_pickup_45acp_paper_c
image,#i_attach_t8_optic_hybrid_pieces_o
image,#i_attach_t8_optic_hybrid_pieces_n
image,#i_mtl_p8_wz_ammo_pickup_45acp_paper_g
image,#i_t7_decal_tech_details_03_s
image,#i_t7_decal_tech_details_03_g
image,#i_t7_decal_tech_details_03_c
image,#i_t7_decal_tech_details_03_o
image,#i_t7_decal_tech_details_03_n
image,#i_t7_decal_tech_details_03_m
image,#hash_cd6b398b9983588
image,#hash_cd6b598b99838ee
image,#hash_cd6b698b9983aa1
image,#i_mtl_p7_barge_crane_deck_decal_welding_trace_c
image,#ui_icon_weapon_hud_melee_bowie_bloody
image,#i_wpn_t8_ar_heavy_lower_handguard_sig_01_s
image,#i_wpn_t8_ar_heavy_lower_handguard_sig_01_o
image,#i_wpn_t8_ar_heavy_lower_handguard_sig_01_n
image,#i_wpn_t8_ar_heavy_lower_handguard_sig_01_g
image,#i_wpn_t8_ar_heavy_lower_handguard_sig_01_c
image,#hash_8ceb48d5130ac3c0
image,#hash_8ceb49d5130ac573
image,#hash_8ceb50d5130ad158
image,#hash_8ceb54d5130ad824
image,#hash_8ceb64d5130af354
image,#i_wpn_t8_smg_fastfire_body_01_r
image,#i_wpn_t8_smg_fastfire_body_01_s
image,#i_wpn_t8_smg_fastfire_body_01_g
image,#i_wpn_t8_smg_fastfire_body_01_c
image,#i_wpn_t8_smg_fastfire_body_01_n
image,#i_wpn_t8_smg_fastfire_body_01_o
image,#i_c_t8_zmb_mob_brutus_pads_igc_g
image,#i_c_t8_zmb_mob_brutus_pads_igc_c
image,#i_c_t8_zmb_mob_brutus_pads_igc_n
image,#i_c_t8_zmb_mob_brutus_pads_igc_o
image,#i_wpn_t8_ar_stealth_dbal_g
image,#i_wpn_t8_ar_stealth_dbal_c
image,#i_wpn_t8_ar_stealth_dbal_n
image,#i_wpn_t8_ar_stealth_dbal_o
image,#i_wpn_t8_ar_stealth_dbal_r
image,#i_wpn_t8_ar_stealth_dbal_s
image,#i_mtl_t8_loot_wpn_smg_folding_grip_s
image,#i_mtl_t8_loot_wpn_smg_folding_grip_n
image,#i_mtl_t8_loot_wpn_smg_folding_grip_o
image,#i_mtl_t8_loot_wpn_smg_folding_grip_c
image,#i_mtl_t8_loot_wpn_smg_folding_grip_g
image,#i_mtl_p8_zm_esc_crate_wood_sml_g
image,#i_mtl_p8_foliage_grass_blades_tall_sml_dry_proxy_normal
image,#hash_8cfa38b155033ffa
image,#ui_icon_inventory_concussion_grenade
image,#i_t8_wpn_smg_accurate_body_lower_sig_02_alt1_c
image,#i_mtl_p8_foliage_grass_long_skinny_lrg_dry_proxy_albedo
image,#i_mtl_p8_wz_foliage_bush_erigonum_01_proxy_normal
image,#hash_8d0e61e44255b172
image,#hash_8d0e62e44255b325
image,#i_t8_concrete_cast_01_n
image,#i_t8_concrete_cast_01_c
image,#i_wpn_t8_loot_melee_hammer_demo_head_n
image,#i_wpn_t8_loot_melee_hammer_demo_head_o
image,#i_wpn_t8_loot_melee_hammer_demo_head_g
image,#i_wpn_t8_loot_melee_hammer_demo_head_c
image,#i_wpn_t8_loot_melee_hammer_demo_head_s
image,#i_mtl_p8_debris_asphalt_chunks_md_04_n
image,#i_mtl_p8_debris_asphalt_chunks_md_04_o
image,#i_mtl_p8_wz_rock_cliff_large_01c_c
image,#ui_icon_weapons_loot_smg_accurate_sig_02
image,#hash_8d22965694ef34b5
image,#i_mtl_wpn_t8_ar_stealth_sig_02_front_handguard_g
image,#i_mtl_wpn_t8_ar_stealth_sig_02_front_handguard_c
image,#i_mtl_wpn_t8_ar_stealth_sig_02_front_handguard_n
image,#i_mtl_wpn_t8_ar_stealth_sig_02_front_handguard_o
image,#i_mtl_wpn_t8_ar_stealth_sig_02_front_handguard_s
image,#i_t8_wpn_smg_accurate_sling_loop_sig_02_c
image,#i_t8_wpn_smg_accurate_sling_loop_sig_02_g
image,#i_t8_wpn_smg_accurate_sling_loop_sig_02_o
image,#i_t8_wpn_smg_accurate_sling_loop_sig_02_n
image,#i_t8_wpn_smg_accurate_sling_loop_sig_02_s
image,#i_t8_wpn_smg_capacity_receiver_parts_sig_n
image,#i_t8_wpn_smg_capacity_receiver_parts_sig_o
image,#i_t8_micro_concrete_g
image,#i_t7_graphic_display_military_10_c
image,#hash_8d3dff734f728280
image,#hash_8d3e0f734f729db0
image,#hash_8d3e13734f72a47c
image,#hash_8d3e1b734f72b214
image,#hash_8d3e1c734f72b3c7
image,#i_mtl_p8_wz_ammo_pickup_45acp_decal_01_c
image,#i_wpn_t8_sig_bow_symmetry_middle_close_c
image,#i_wpn_t8_sig_bow_symmetry_middle_close_g
image,#i_wpn_t8_sig_bow_symmetry_middle_close_o
image,#i_wpn_t8_sig_bow_symmetry_middle_close_n
image,#i_wpn_t8_sig_bow_symmetry_middle_close_s
image,#hash_d41429277ff9434
image,#i_wpn_t8_lmg_titan_sig_01_mag_c
image,#i_wpn_t8_lmg_titan_sig_01_mag_g
image,#i_wpn_t8_lmg_titan_sig_01_mag_n
image,#i_wpn_t8_lmg_titan_sig_01_mag_o
image,#i_wpn_t8_lmg_titan_sig_01_mag_s
image,#i_mtl_wpn_t8_ar_stealth_sights_mk2_n
image,#loot04_ui_icon_blackmarket_reserves_weapon_ ar_peacekeeper
image,#i_mtl_veh_t8_metal_heavy_painted_01_512_n
image,#i_c_t8_detail_synthetic_perforated_n
image,#hash_d4fe87f8f382f78
image,#hash_d4ff47f8f3843dc
image,#hash_d4ff57f8f38458f
image,#hash_d4ff97f8f384c5b
image,#hash_d4ffd7f8f385327
image,#i_attach_t8_lmg_titan_hipfire_barrel_c
image,#i_attach_t8_lmg_titan_hipfire_barrel_g
image,#i_attach_t8_lmg_titan_hipfire_barrel_o
image,#i_attach_t8_lmg_titan_hipfire_barrel_n
image,#i_attach_t8_lmg_titan_hipfire_barrel_s
image,#i_mtl_p7_cai_hav_hydraulic_column_arm_metal_m
image,#i_mtl_wpn_t8_ar_kn57_stock_connector_alt_mk2_m
image,#i_wpn_t8_ar_accurate_decal_base_c
image,#i_mtl_p7_zm_asc_box_electrical_02_n
image,#i_mtl_p7_zm_asc_box_electrical_02_m
image,#fxt_gas_blur_core_thick_mask
image,#i_mtl_p8_zm_crafting_table_alchemy_jar_03_cloth_g
image,#i_mtl_p8_zm_crafting_table_alchemy_jar_03_cloth_c
image,#i_mtl_p8_zm_crafting_table_alchemy_jar_03_cloth_n
image,#hash_8d65ed3c5205e88e
image,#i_mtl_attach_t8_loot_sniper_semiauto_foregrip_g
image,#i_mtl_attach_t8_loot_sniper_semiauto_foregrip_c
image,#i_mtl_attach_t8_loot_sniper_semiauto_foregrip_n
image,#i_mtl_attach_t8_loot_sniper_semiauto_foregrip_o
image,#i_mtl_attach_t8_loot_sniper_semiauto_foregrip_r
image,#i_mtl_attach_t8_loot_sniper_semiauto_foregrip_s
image,#hash_d71ffd32214ef9c
image,#ui_icon_weapons_zm_ardamage
image,#compassping_enemy_diamond_bottom
image,#i_veh_t8_decal_edge_wear_05_n
image,#i_veh_t8_decal_edge_wear_05_c
image,#i_mtl_wpn_t8_loot_ar_peacekeeper_stock_base_alt_m
image,#i_t7_wood_plywood_01_c
image,#ui_icon_weapon_tr_flechette_sig02_render
image,#i_wpn_t8_lmg_heavy_rearsight_s
image,#i_wpn_t8_lmg_heavy_rearsight_r
image,#i_wpn_t8_lmg_heavy_rearsight_g
image,#i_wpn_t8_lmg_heavy_rearsight_c
image,#i_wpn_t8_lmg_heavy_rearsight_o
image,#i_wpn_t8_lmg_heavy_rearsight_n
image,#i_wpn_t8_loot_tac_rifle_damageburst_grip_n
image,#i_wpn_t8_loot_tac_rifle_damageburst_grip_o
image,#i_wpn_t8_loot_tac_rifle_damageburst_grip_c
image,#i_wpn_t8_loot_tac_rifle_damageburst_grip_g
image,#i_wpn_t8_loot_tac_rifle_damageburst_grip_r
image,#i_wpn_t8_shotgun_semi_griptape_sig_02_s
image,#i_wpn_t8_shotgun_semi_griptape_sig_02_g
image,#i_wpn_t8_shotgun_semi_griptape_sig_02_n
image,#i_wpn_t8_shotgun_semi_griptape_sig_02_o
image,#hash_8da412198a779440
image,#ui_icon_weapon_melee_action_figure_render
image,#i_veh_t8_metal_rust_01_s
image,#i_veh_t8_metal_rust_01_n
image,#i_veh_t8_metal_rust_01_g
image,#i_veh_t8_metal_rust_01_c
image,#i_veh_t8_decal_blackburn_c
image,#ui_icon_weapon_hud_pistol_burst
image,#i_wpn_t8_ar_stealth_front_hical_s
image,#i_wpn_t8_ar_stealth_front_hical_n
image,#i_wpn_t8_ar_stealth_front_hical_o
image,#i_wpn_t8_ar_stealth_front_hical_g
image,#i_wpn_t8_ar_stealth_front_hical_c
image,#hash_8db4b9e15c3dd873
image,#hash_8db4bde15c3ddf3f
image,#hash_8db4c0e15c3de458
image,#hash_8db4c1e15c3de60b
image,#i_t8_wpn_shotgun_semi_decals_n
image,#hash_8db4cde15c3dfa6f
image,#i_t8_wpn_shotgun_semi_decals_c
image,#i_t7_decal_foliage_moss_small_c
image,#i_t7_decal_foliage_moss_small_n
image,#i_t7_decal_foliage_moss_small_m
image,#i_veh_t8_mil_boat_tactical_raft_floor_m
image,#i_veh_t8_mil_boat_tactical_raft_floor_o
image,#i_veh_t8_mil_boat_tactical_raft_floor_n
image,#i_mtl_p7_construction_netting_02_c
image,#i_mtl_p7_construction_netting_02_m
image,#i_mtl_p7_construction_netting_02_n
image,#i_mtl_p7_pottery_terracotta_g_n
image,#i_mtl_p7_pottery_terracotta_g_c
image,#hash_8dc2dcc5d3ac2178
image,#hash_8dc2ddc5d3ac232b
image,#hash_8dc2e8c5d3ac35dc
image,#hash_8dc2e9c5d3ac378f
image,#hash_8dc2ecc5d3ac3ca8
image,#hash_8dc2f0c5d3ac4374
image,#i_c_t8_detail_plastic_bumpy_n
image,#i_attach_t8_smg_handling_foregrip_s
image,#i_attach_t8_smg_handling_foregrip_r
image,#i_attach_t8_smg_handling_foregrip_m
image,#i_attach_t8_smg_handling_foregrip_o
image,#i_attach_t8_smg_handling_foregrip_n
image,#i_attach_t8_smg_handling_foregrip_g
image,#i_attach_t8_smg_handling_foregrip_c
image,#hash_8dcbaed7aace88dc
image,#i_attach_t8_lmg_heavy_barrel_muzzle_s
image,#i_attach_t8_lmg_heavy_barrel_muzzle_n
image,#i_attach_t8_lmg_heavy_barrel_muzzle_o
image,#i_attach_t8_lmg_heavy_barrel_muzzle_c
image,#i_attach_t8_lmg_heavy_barrel_muzzle_g
image,#i_t8_decal_tech_detail_screw_06_c
image,#hash_dce1276f28b9658
image,#hash_dce1676f28b9d24
image,#hash_dce2776f28bba07
image,#hash_dce63324a5107cc
image,#i_t7_wood_planks_weathered_teak_g
image,#ui_icon_weapon_ar_peacekeeper_mk2_render
image,#i_wpn_t8_smg_accurate_wisps_03_sig_03_c
image,#i_mtl_p7_zm_tra_stove_kitchen_screw_n
image,#mtl_t6_attach_optic_reticle_noise
image,#i_caution_access_panel_c
image,#i_wpn_t8_smg_handling_upper_s
image,#i_wpn_t8_smg_handling_upper_r
image,#i_wpn_t8_smg_handling_upper_o
image,#i_wpn_t8_smg_handling_upper_n
image,#i_wpn_t8_smg_handling_upper_c
image,#i_wpn_t8_smg_handling_upper_g
image,#i_mtl_wpn_t8_loot_smg_vmp_mag_g
image,#i_mtl_wpn_t8_loot_smg_vmp_mag_c
image,#i_mtl_wpn_t8_loot_smg_vmp_mag_o
image,#i_mtl_wpn_t8_loot_smg_vmp_mag_n
image,#i_mtl_wpn_t8_loot_smg_vmp_mag_s
image,#hash_ddf9a4ec78860a3
image,#i_wpn_t8_smg_handling_mag_sig_01_n
image,#i_wpn_t8_smg_handling_mag_sig_01_o
image,#i_wpn_t8_smg_handling_mag_sig_01_c
image,#i_wpn_t8_smg_handling_mag_sig_01_g
image,#i_wpn_t8_smg_handling_mag_sig_01_s
image,#i_wpn_t8_sig_bow_unique_middle_s
image,#i_wpn_t8_sig_bow_unique_middle_c
image,#i_wpn_t8_sig_bow_unique_middle_g
image,#i_wpn_t8_sig_bow_unique_middle_o
image,#i_wpn_t8_sig_bow_unique_middle_n
image,#hash_8de8b7e4c0f0988d
image,#i_mtl_p7_bio_scanner_02_rust_c
image,#i_mtl_p7_bio_scanner_02_rust_n
image,#i_mtl_p7_bio_scanner_02_rust_s
image,#i_attach_t7_shotty_prec_stock_02_s
image,#i_attach_t7_shotty_prec_stock_02_g
image,#i_attach_t7_shotty_prec_stock_02_c
image,#i_attach_t7_shotty_prec_stock_02_n
image,#i_attach_t7_shotty_prec_stock_02_o
image,#i_t7_concrete_edge_crease_seam_light_01_c
image,#i_attach_t8_lmg_titan_rails_s
image,#i_attach_t8_lmg_titan_rails_n
image,#i_attach_t8_lmg_titan_rails_o
image,#i_attach_t8_lmg_titan_rails_c
image,#i_attach_t8_lmg_titan_rails_g
image,#i_wpn_t8_smg_handling_grip_o
image,#i_wpn_t8_smg_handling_grip_n
image,#i_wpn_t8_smg_handling_grip_c
image,#i_wpn_t8_smg_handling_grip_g
image,#i_wpn_t8_smg_handling_grip_s
image,#i_wpn_t8_smg_handling_grip_r
image,#i_c_t8_mp_spe_armor_shared_heavy_c
image,#hash_8e02c2f146b573f8
image,#i_mtl_p7_zm_ver_stove_vintage_02_m
image,#i_mtl_p7_zm_ver_stove_vintage_02_n
image,#ui_icon_weapon_smg_fastburst_mk2_render
image,#i_t7_coffee_beans_loose_c
image,#i_t7_coffee_beans_loose_o
image,#i_t7_coffee_beans_loose_n
image,#hash_8e0d34975a4dfce0
image,#hash_8e0d44975a4e1810
image,#hash_8e0d48975a4e1edc
image,#hash_8e0d50975a4e2c74
image,#hash_8e0d51975a4e2e27
image,#i_wpn_t8_sniper_koshka_charm_g
image,#i_wpn_t8_sniper_koshka_charm_c
image,#i_wpn_t8_sniper_koshka_charm_n
image,#i_wpn_t8_sniper_koshka_charm_o
image,#i_wpn_t8_sniper_koshka_charm_r
image,#i_wpn_t8_sniper_koshka_charm_s
image,#ui_icon_weapon_ar_modular_view
image,#fxt_water_droplet
image,#i_attach_t8_ar_kn57_bolt_r
image,#i_attach_t8_ar_kn57_bolt_s
image,#i_attach_t8_ar_kn57_bolt_c
image,#i_attach_t8_ar_kn57_bolt_g
image,#i_attach_t8_ar_kn57_bolt_n
image,#i_attach_t8_ar_kn57_bolt_o
image,#hash_8e27ff3f8a93fa5a
image,#i_wpn_t8_shotgun_semi_sight_sig_02_s
image,#i_wpn_t8_shotgun_semi_sight_sig_02_o
image,#i_wpn_t8_shotgun_semi_sight_sig_02_n
image,#i_wpn_t8_shotgun_semi_sight_sig_02_c
image,#i_wpn_t8_shotgun_semi_sight_sig_02_g
image,#hash_8e32cc6073ac3680
image,#hash_8e32d56073ac45cb
image,#hash_8e32d96073ac4c97
image,#hash_8e32e66073ac62ae
image,#i_wpn_t8_ar_kn57_bolt_n
image,#i_wpn_t8_ar_kn57_bolt_o
image,#i_wpn_t8_ar_kn57_bolt_c
image,#i_wpn_t8_ar_kn57_bolt_g
image,#i_wpn_t8_ar_kn57_bolt_r
image,#i_wpn_t8_ar_kn57_bolt_s
image,#i_mtl_p7_3arc_lobby_desk_wood_c
image,#i_t7_ven_metal_panels_painted_n
image,#i_t7_ven_metal_panels_painted_c
image,#i_mtl_p7_zm_mob_crate_wood_lrg_cloth04_n
image,#i_t7_concrete_wall_grunge_01_c
image,#i_t7_concrete_wall_grunge_01_n
image,#i_veh_t8_mil_heli_light_optic_m
image,#i_veh_t8_mil_heli_light_optic_o
image,#i_veh_t8_mil_heli_light_optic_n
image,#hash_8e50e5aac1b7ff62
image,#hash_8e50e6aac1b80115
image,#hash_e5194924f2b11b7
image,#hash_e52d6bb5fe8ab34
image,#hash_e52d7bb5fe8ace7
image,#hash_e52d8bb5fe8ae9a
image,#i_wpn_t8_loot_smg_burst_barrel_s
image,#i_wpn_t8_loot_smg_burst_barrel_g
image,#i_wpn_t8_loot_smg_burst_barrel_c
image,#i_wpn_t8_loot_smg_burst_barrel_o
image,#i_wpn_t8_loot_smg_burst_barrel_n
image,#i_t7_cru_metal_railing_trim_black_03_n
image,#i_t7_cru_metal_railing_trim_black_03_c
image,#i_mtl_attach_t8_lmg_heavy_fastmag_alt_e
image,#i_wpn_t8_ar_accurate_sig_02_embers_e
image,#i_wpn_t8_eqp_datapad_lens_s
image,#i_wpn_t8_eqp_datapad_lens_g
image,#i_wpn_t8_eqp_datapad_lens_n
image,#hash_8e76b110f53afee1
image,#i_t7_decal_signage_caution_stripes_r
image,#i_t7_decal_signage_caution_stripes_c
image,#i_mtl_p8_col_oven_kitchen_01_m
image,#i_mtl_p8_zm_esc_power_station_panel_set_box_01_rust_n
image,#i_mtl_p8_zm_esc_power_station_panel_set_box_01_rust_m
image,#i_mtl_attach_t8_loot_lmg_mk48_mag_top_c
image,#i_mtl_attach_t8_loot_lmg_mk48_mag_top_g
image,#i_mtl_attach_t8_loot_lmg_mk48_mag_top_o
image,#i_mtl_attach_t8_loot_lmg_mk48_mag_top_n
image,#i_mtl_attach_t8_loot_lmg_mk48_mag_top_s
image,#hash_e9ffeddd0771913
image,#i_wpn_t8_tr_midburst_grip_sig_02_s
image,#i_wpn_t8_tr_midburst_grip_sig_02_n
image,#i_wpn_t8_tr_midburst_grip_sig_02_o
image,#i_wpn_t8_tr_midburst_grip_sig_02_g
image,#i_wpn_t8_tr_midburst_grip_sig_02_c
image,#hash_ea96da0962a06c2
image,#ui_icon_weapon_lmg_heavy
image,#hash_eaa709fde934185
image,#ui_icon_weapons_zm_smg_standard_sig_01
image,#ui_icon_weapon_hud_melee_spork
image,#i_mtl_p8_wz_foliage_poppy_01_stems_n
image,#i_mtl_p8_wz_foliage_poppy_01_stems_c
image,#i_mtl_p8_wz_foliage_poppy_01_stems_g
image,#i_mtl_p7_jun_rock_lrg_02_snow_n_n
image,#i_p8_jnt_security_electrical_cabinet_02_o
image,#i_p8_jnt_security_electrical_cabinet_02_n
image,#i_p8_jnt_security_electrical_cabinet_02_g
image,#i_p8_jnt_security_electrical_cabinet_02_c
image,#i_p8_jnt_security_electrical_cabinet_02_s
image,#i_wpn_t8_eqp_heal_aid_1_s
image,#i_wpn_t8_eqp_heal_aid_1_o
image,#i_wpn_t8_eqp_heal_aid_1_n
image,#i_wpn_t8_eqp_heal_aid_1_c
image,#i_wpn_t8_eqp_heal_aid_1_g
image,#i_wpn_t8_smg_handling_base_n
image,#i_wpn_t8_smg_handling_base_o
image,#i_wpn_t8_smg_handling_base_c
image,#i_wpn_t8_smg_handling_base_g
image,#i_wpn_t8_smg_handling_base_r
image,#i_wpn_t8_smg_handling_base_s
image,#i_t8_decal_tech_detail_high_tech_10_o
image,#i_t8_decal_tech_detail_high_tech_10_n
image,#i_t8_decal_tech_detail_high_tech_10_c
image,#i_attach_t8_ar_heavy_fmj_mag_bullets_s
image,#i_attach_t8_ar_heavy_fmj_mag_bullets_g
image,#i_attach_t8_ar_heavy_fmj_mag_bullets_n
image,#i_attach_t8_ar_heavy_fmj_mag_bullets_o
image,#loot04_ui_icon_blackmarket_reserves_weapon_shotgun_fullauto_mk2
image,#i_p8_zm_esc_weasel_hat_stitches_n
image,#i_p8_zm_esc_weasel_hat_stitches_c
image,#i_wpn_t8_shotgun_pump_grip_base_mk2_m
image,#i_p8_zm_esc_file_cab_metal_02_rusty_filename_c
image,#i_p8_zm_esc_file_cab_metal_02_rusty_filename_g
image,#ui_icon_weapon_smg_mp40
image,#hash_8ee4a5ab52e0211f
image,#i_mtl_p7_cai_sign_billboard_01_lights_o
image,#i_mtl_p7_cai_sign_billboard_01_lights_m
image,#i_mtl_wpn_t8_loot_lmg_mk48_handguard_mk2_multi_m
image,#i_mtl_wpn_t8_loot_shotgun_fullauto_stock_alt_sig_n
image,#i_mtl_wpn_t8_loot_shotgun_fullauto_stock_alt_sig_o
image,#i_mtl_wpn_t8_loot_shotgun_fullauto_stock_alt_sig_c
image,#i_mtl_wpn_t8_loot_shotgun_fullauto_stock_alt_sig_g
image,#i_mtl_wpn_t8_loot_shotgun_fullauto_stock_alt_sig_s
image,#i_wpn_t8_shotgun_pump_sig_02_barrel_g
image,#i_wpn_t8_shotgun_pump_sig_02_barrel_c
image,#i_wpn_t8_shotgun_pump_sig_02_barrel_s
image,#hash_eec3894763c21e4
image,#hash_eec3b94763c26fd
image,#i_mtl_p7_box_cardboard_open01_c
image,#i_veh_t8_decal_danger_02_c
image,#fxt8_smk_tendrils_varied
image,#i_wpn_t8_lmg_titan_iron_sights_r
image,#i_wpn_t8_lmg_titan_iron_sights_s
image,#i_wpn_t8_lmg_titan_iron_sights_c
image,#i_wpn_t8_lmg_titan_iron_sights_g
image,#i_wpn_t8_lmg_titan_iron_sights_n
image,#i_wpn_t8_lmg_titan_iron_sights_o
image,#i_mtl_p7_crate_plastic_tech_01_g
image,#i_mtl_p7_crate_plastic_tech_01_c
image,#i_mtl_p7_crate_plastic_tech_01_o
image,#i_mtl_p7_crate_plastic_tech_01_n
image,#hash_ef9d986abe3864e
image,#i_wpn_t8_loot_ar_peacekeeper_stock_base_o
image,#i_wpn_t8_loot_ar_peacekeeper_stock_base_n
image,#i_wpn_t8_loot_ar_peacekeeper_stock_base_g
image,#i_wpn_t8_loot_ar_peacekeeper_stock_base_c
image,#i_wpn_t8_loot_ar_peacekeeper_stock_base_s
image,#i_t8_decal_tech_detail_indent_03_normal_n
image,#i_t8_decal_tech_detail_indent_03_normal_o
image,#i_t8_decal_tech_detail_indent_03_normal_m
image,#hash_8f02c072176a7a46
image,#hash_8f02c172176a7bf9
image,#hash_8f02c872176a87de
image,#hash_8f02cc72176a8eaa
image,#hash_8f02dc72176aa9da
image,#i_mtl_veh_t8_drone_rcxd_suspension_o
image,#i_mtl_veh_t8_drone_rcxd_suspension_n
image,#i_mtl_veh_t8_drone_rcxd_suspension_m
image,#fxt_decal_blood_nonfatal_01_n
image,#ui_icon_weapon_camo_active_sig_pistol_revolver_cyberpunk
image,#i_mtl_p7_inf_toilet_vintage_n
image,#i_mtl_p7_inf_toilet_vintage_m
image,#i_wpn_t8_lmg_hades_rail_base_m
image,#i_wpn_t8_lmg_hades_rail_base_n
image,#i_wpn_t8_lmg_hades_rail_base_o
image,#i_mtl_wpn_t8_ar_modular_mount_sig_03_s
image,#i_mtl_wpn_t8_ar_modular_mount_sig_03_o
image,#i_mtl_wpn_t8_ar_modular_mount_sig_03_n
image,#i_mtl_wpn_t8_ar_modular_mount_sig_03_c
image,#i_mtl_wpn_t8_ar_modular_mount_sig_03_g
image,#i_mtl_mp_chinatown_temple_wood_03_n
image,#i_t8_micro_moss_wooly_01_c
image,#i_t7_decal_grunge_dirt_erosion_n
image,#i_t7_decal_grunge_dirt_erosion_c
image,#i_wpn_t8_ar_accurate_mag_base_g
image,#i_wpn_t8_ar_accurate_mag_base_c
image,#i_wpn_t8_ar_accurate_mag_base_o
image,#i_wpn_t8_ar_accurate_mag_base_n
image,#i_wpn_t8_ar_accurate_mag_base_s
image,#i_wpn_t8_ar_accurate_mag_base_r
image,#hash_f2572cb2710262b
image,#hash_f257dcb271038dc
image,#hash_f2582cb2710415b
image,#fxt8_water_bubble_md
image,#i_wpn_t8_tac_rifle_swordfish_sig02_shroud_s
image,#i_wpn_t8_tac_rifle_swordfish_sig02_shroud_n
image,#i_wpn_t8_tac_rifle_swordfish_sig02_shroud_o
image,#i_wpn_t8_tac_rifle_swordfish_sig02_shroud_c
image,#i_wpn_t8_tac_rifle_swordfish_sig02_shroud_g
image,#i_t8_decal_tech_detail_low_tech_23_g
image,#i_t8_decal_tech_detail_low_tech_23_c
image,#i_t8_decal_tech_detail_low_tech_23_o
image,#i_t8_decal_tech_detail_low_tech_23_n
image,#i_t7_metal_grunge_light_01_g
image,#i_t7_metal_grunge_light_01_c
image,#i_t7_metal_grunge_light_01_s
image,#i_mtl_wpn_t8_camo_sub_01_c
image,#hash_8f30074206df9d92
image,#i_wpn_tac_rifle_mid_burst_stock_o
image,#hash_8f300c4206dfa611
image,#hash_8f30104206dfacdd
image,#i_wpn_tac_rifle_mid_burst_stock_r
image,#i_t7_metal_wall_circles_03_c
image,#i_t7_metal_wall_circles_03_n
image,#i_mtl_p8_wz_cu_respirator_s
image,#i_mtl_p8_wz_cu_respirator_m
image,#i_mtl_p8_wz_cu_respirator_o
image,#i_mtl_p8_wz_cu_respirator_n
image,#i_mtl_p8_wz_cu_respirator_c
image,#i_mtl_p8_wz_cu_respirator_g
image,#i_veh_t8_detail_char06_n
image,#hash_f3b9914489ff7f0
image,#hash_f3b9d14489ffebc
image,#hash_f3b9f1448a00222
image,#i_wpn_t8_lmg_hades_mag_sig_02_n
image,#i_wpn_t8_lmg_hades_mag_sig_02_c
image,#i_wpn_t8_lmg_hades_mag_sig_02_g
image,#i_wpn_t8_lmg_hades_mag_sig_02_s
image,#i_t8_decal_grunge_concrete_sidewalk_gum_01_c
image,#i_t8_decal_grunge_concrete_sidewalk_gum_01_r
image,#hash_8f3f7e99273eaa8b
image,#hash_8f3f8999273ebd3c
image,#hash_8f3f8a99273ebeef
image,#hash_8f3f8e99273ec5bb
image,#hash_8f3f9299273ecc87
image,#i_mtl_p8_wz_foliage_bush_creosote_02_dry_proxy_depth
image,#i_mtl_p8_wz_esc_road_stone_cobblestone_c
image,#i_mtl_p8_wz_esc_road_stone_cobblestone_n
image,#hash_f4756276adcaa4a
image,#hash_f4a5fca09070489
image,#i_mtl_p7_sin_bio_monument_boat_cabin_o
image,#i_mtl_p7_sin_bio_monument_boat_cabin_m
image,#i_wpn_t8_eqp_smartcover_kevlar_upper
image,#i_wpn_t8_sniper_koshka_scope_03_o
image,#i_wpn_t8_sniper_koshka_scope_03_n
image,#i_wpn_t8_sniper_koshka_scope_03_g
image,#i_wpn_t8_sniper_koshka_scope_03_c
image,#i_wpn_t8_sniper_koshka_scope_03_s
image,#i_wpn_t8_sniper_koshka_scope_03_r
image,#hash_f5c538ca36b8334
image,#hash_f6a56e7072feaf3
image,#hash_f6a57e7072feca6
image,#i_mtl_p7_ammo_resupply_02_box_s
image,#i_mtl_p7_ammo_resupply_02_box_c
image,#i_mtl_p7_ammo_resupply_02_box_n
image,#i_mtl_p7_ammo_resupply_02_box_o
image,#i_mtl_p8_wmd_corrugated_metal_roof_ridge_decal_scratch_c
image,#hash_8f703d81232508ad
image,#i_t8_dirt_rocky_11_g
image,#i_t8_dirt_rocky_11_c
image,#i_t8_dirt_rocky_11_n
image,#i_t8_dirt_rocky_11_o
image,#i_t8_dirt_rocky_11_r
image,#i_t8_decal_tech_detail_indent_01_normal_m
image,#i_t8_decal_tech_detail_indent_01_normal_n
image,#i_t8_decal_tech_detail_indent_01_normal_o
image,#ui_icon_weapon_smg_handling_mk2_render
image,#i_t8_metal_grating_circular_01_g
image,#$wetness_flow
image,#i_mtl_p8_wep_ceiling_structure_beam_grunge_02
image,#i_mtl_p8_wep_ceiling_structure_beam_grunge_03
image,#i_mtl_p8_wep_ceiling_structure_beam_grunge_01
image,#hash_f85af132d87539e
image,#hash_8f85b3132d875a6a
image,#i_wpn_t8_shotgun_pump_sig_02_handguard_01_s
image,#i_wpn_t8_shotgun_pump_sig_02_handguard_01_g
image,#i_t7_damage_decal_plaster_damage_01_n
image,#i_t8_decal_graphics_signage_usa_sub_hazard_danger_02_c
image,#i_t8_micro_food_sugar_powdered_n
image,#i_t8_micro_food_sugar_powdered_r
image,#i_mtl_p8_zm_esc_crane_metal_m
image,#i_mtl_p8_vent_roof_01_metal_n
image,#i_mtl_p7_sin_signage_help_wanted_01_n
image,#i_mtl_p7_sin_signage_help_wanted_01_c
image,#i_mtl_p8_zm_zod_debris_wood_m
image,#i_t7_metal_diamond_plate_worn_n
image,#i_t7_metal_diamond_plate_worn_o
image,#ui_icon_inventory_cymbal_monkey
image,#i_mtl_wpn_t8_zm_monkey_metal_s
image,#i_mtl_wpn_t8_zm_monkey_metal_n
image,#i_mtl_wpn_t8_zm_monkey_metal_o
image,#i_t7_concrete_bunker_layered_02_n
image,#i_mtl_wpn_t8_zm_monkey_metal_c
image,#i_mtl_wpn_t8_zm_monkey_metal_g
image,#i_t7_concrete_bunker_layered_02_c
image,#i_wpn_t8_ar_accurate_decals_base_n
image,#i_t7_micro_stain_01_c
image,#i_mtl_p8_zm_esc_gondola_lift_metal_n
image,#hash_8fb5ee70f9a3d9d3
image,#hash_8fb5f270f9a3e09f
image,#hash_8fb5f970f9a3ec84
image,#hash_8fb5fa70f9a3ee37
image,#hash_8fb5fe70f9a3f503
image,#i_t7_glass_dirty_dome_01_512_c
image,#ui_icon_weapon_shotgun_fullauto_mk2_render
image,#i_mtl_wpn_t8_loot_shotgun_fullauto_sights_sig_s
image,#i_mtl_wpn_t8_loot_shotgun_fullauto_sights_sig_g
image,#i_mtl_wpn_t8_loot_shotgun_fullauto_sights_sig_c
image,#i_mtl_wpn_t8_loot_shotgun_fullauto_sights_sig_n
image,#i_mtl_wpn_t8_loot_shotgun_fullauto_sights_sig_o
image,#ui_icon_weapon_ar_accurate_tactical_render
image,#i_mtl_wpn_t8_smg_fastfire_body_01_alt_mk2_m
image,#i_attach_t8_shotgun_pump_loader_n
image,#i_attach_t8_shotgun_pump_loader_o
image,#i_attach_t8_shotgun_pump_loader_c
image,#i_attach_t8_shotgun_pump_loader_g
image,#i_attach_t8_shotgun_pump_loader_s
image,#i_t8_decal_tech_detail_high_tech_70_o
image,#i_t8_decal_tech_detail_high_tech_70_n
image,#i_t8_decal_tech_detail_high_tech_70_c
image,#i_mtl_p8_lab_tech_rack_label_decal_05_c
image,#fxt_lf_streak_04
image,#fxt_lf_streak_01
image,#fxt_lf_streak_02
image,#fxt_lf_streak_03
image,#ui_icon_weapon_ray_gun_mk2y_render
image,#ui_icon_weapon_hud_sig_blade
image,#i_wpn_t8_eqp_turret_mini_case_panel_01_interior_g
image,#i_wpn_t8_eqp_turret_mini_case_panel_01_interior_c
image,#i_wpn_t8_eqp_turret_mini_case_panel_01_interior_o
image,#i_wpn_t8_eqp_turret_mini_case_panel_01_interior_n
image,#i_wpn_t8_eqp_turret_mini_case_panel_01_interior_s
image,#i_mtl_p8_military_electronics_case_handle_locks_01_m
image,#i_mtl_p8_military_electronics_case_handle_locks_01_o
image,#i_mtl_p8_military_electronics_case_handle_locks_01_n
image,#i_t8_camo_115_alt_s
image,#i_t8_camo_115_alt_n
image,#i_t8_camo_115_alt_c
image,#i_t8_camo_115_alt_g
image,#i_t8_decal_tech_detail_low_tech_11_c
image,#i_t8_decal_tech_detail_low_tech_11_n
image,#i_t8_decal_tech_detail_low_tech_11_o
image,#hash_8ffadbae02a85441
image,#i_mtl_p8_zm_esc_barrel_drum_n
image,#i_mtl_p8_zm_esc_barrel_drum_c
image,#i_mtl_p8_zm_esc_barrel_drum_g
image,#i_mtl_p8_chi_monitor_01_c
image,#i_mtl_p8_chi_monitor_01_n
image,#i_attach_t8_loot_tr_flechette_bolt_o
image,#i_attach_t8_loot_tr_flechette_bolt_n
image,#i_attach_t8_loot_tr_flechette_bolt_m
image,#i_attach_t8_loot_tr_flechette_bolt_g
image,#i_attach_t8_loot_tr_flechette_bolt_c
image,#i_attach_t8_loot_tr_flechette_bolt_s
image,#i_attach_t8_lmg_titan_muzzle_s
image,#i_attach_t8_lmg_titan_muzzle_n
image,#i_attach_t8_lmg_titan_muzzle_o
image,#i_attach_t8_lmg_titan_muzzle_g
image,#i_attach_t8_lmg_titan_muzzle_c
image,#hash_1006f5452f483e0a
image,#i_mtl_p7_wes_bottle_whiskey_01_label_c
image,#i_attach_t8_pistol_revolver_scope_screws_n
image,#loot_02_ui_icon_blackmarket_stream_smg_fastburst
image,#ui_icon_obit_shotgun_prec
image,#i_wpn_tac_rifle_mid_burst_scope_mk2_m
image,#i_wpn_tac_rifle_mid_burst_scope_mk2_n
image,#i_t8_zm_esc_plaster_paint_peel_02_r
image,#i_t8_zm_esc_plaster_paint_peel_02_c
image,#i_t8_zm_esc_plaster_paint_peel_02_g
image,#i_t8_zm_esc_plaster_paint_peel_02_n
image,#i_wpn_t8_smg_handling_sights_c
image,#i_wpn_t8_smg_handling_sights_g
image,#i_wpn_t8_smg_handling_sights_o
image,#i_wpn_t8_smg_handling_sights_n
image,#i_wpn_t8_smg_handling_sights_s
image,#i_wpn_t8_smg_handling_sights_r
image,#ui_icon_weapons_zm_pistolburst
image,#core_concrete_dark_c
image,#i_mtl_t8_loot_wpn_smg_folding_handgrip_mk2_n
image,#i_mtl_t8_loot_wpn_smg_folding_handgrip_mk2_m
image,#i_mtl_p8_foliage_grass_blades_wild_set_07_c
image,#i_mtl_p8_foliage_grass_blades_wild_set_07_n
image,#ui_icon_weapon_ar_galil
image,#i_wpn_t8_smg_handling_sights_mk2_n
image,#i_wpn_t8_smg_handling_sights_mk2_m
image,#hash_904f1aa86541fa00
image,#hash_1050cd41b00dd763
image,#i_wpn_t8_shotgun_pump_slide_base_s
image,#i_wpn_t8_shotgun_pump_slide_base_c
image,#i_wpn_t8_shotgun_pump_slide_base_g
image,#i_wpn_t8_shotgun_pump_slide_base_n
image,#i_wpn_t8_shotgun_pump_slide_base_o
image,#hash_9055a879d50ba5a6
image,#hash_9055b079d50bb33e
image,#hash_9055b179d50bb4f1
image,#hash_9055bc79d50bc7a2
image,#i_wpn_t8_loot_sniper_mini14_handguard_r
image,#i_attach_t8_ar_kn57_laser_c
image,#i_attach_t8_ar_kn57_laser_g
image,#i_attach_t8_ar_kn57_laser_n
image,#i_attach_t8_ar_kn57_laser_o
image,#i_attach_t8_ar_kn57_laser_r
image,#i_attach_t8_ar_kn57_laser_s
image,#i_mtl_wpn_t8_sniper_powersemi_handguard_02_sig_02_s
image,#i_mtl_wpn_t8_sniper_powersemi_handguard_02_sig_02_g
image,#i_mtl_wpn_t8_sniper_powersemi_handguard_02_sig_02_c
image,#i_mtl_wpn_t8_sniper_powersemi_handguard_02_sig_02_o
image,#i_mtl_wpn_t8_sniper_powersemi_handguard_02_sig_02_n
image,#i_mtl_p8_zm_zod_debris_wood_burnt_n
image,#i_mtl_p8_zm_zod_debris_wood_burnt_c
image,#i_mtl_p8_street_curb_set_n
image,#i_mtl_p8_street_curb_set_m
image,#i_t8_wpn_pistol_auto_mk2_fmj_n
image,#i_t8_decal_grunge_wall_lg_02_r
image,#i_mtl_p7_corrugated_sheet_metal_rust_06_proxy_albedo
image,#i_wpn_t8_ar_galil_grip_base_s
image,#i_wpn_t8_ar_galil_grip_base_o
image,#i_wpn_t8_ar_galil_grip_base_n
image,#i_wpn_t8_ar_galil_grip_base_c
image,#i_wpn_t8_ar_galil_grip_base_g
image,#fxt_laser_beam
image,#i_t8_decal_blood_streaks_floor_heavy_01_c
image,#i_mtl_t8_sand_smooth_flat_g
image,#hash_907f9f209ef2c7ae
image,#i_mtl_p8_pallet_military_metal_decal_rust_02_c
image,#fxt8_decal_damage_blast_impact_01_n
image,#i_t7_micro_metal_painted_01_c
image,#i_t7_micro_metal_painted_01_g
image,#i_t7_micro_metal_painted_01_n
image,#i_wpn_t8_lmg_titan_bullet_s
image,#i_wpn_t8_lmg_titan_bullet_g
image,#i_wpn_t8_lmg_titan_bullet_c
image,#i_wpn_t8_lmg_titan_bullet_o
image,#i_wpn_t8_lmg_titan_bullet_n
image,#i_mtl_p7_eth_light_wall_03_metal1_detailmaps1_n
image,#i_mtl_p7_eth_light_wall_03_metal1_detailmaps1_c
image,#i_wpn_t8_pistol_burst_decals_c
image,#i_wpn_t8_pistol_burst_decals_n
image,#i_attach_t8_ar_heavy_fast_mag_c
image,#i_attach_t8_ar_heavy_fast_mag_g
image,#i_attach_t8_ar_heavy_fast_mag_o
image,#i_attach_t8_ar_heavy_fast_mag_n
image,#i_mtl_p7_mou_electric_switch_metal_01_m
image,#i_mtl_p7_mou_electric_switch_metal_01_n
image,#hash_10bf094d453b1e6b
image,#i_mtl_p7_foliage_grass_tussock_dry_c
image,#hash_90c6a2d7a23efc86
image,#hash_90c6a3d7a23efe39
image,#hash_90c6abd7a23f0bd1
image,#hash_90c6afd7a23f129d
image,#hash_90c6bfd7a23f2dcd
image,#i_t8_micro_cloth_canvas_01_c
image,#i_t8_micro_cloth_canvas_01_n
image,#i_t8_micro_cloth_canvas_01_h
image,#i_t8_micro_wood_rough_01_c
image,#i_t8_micro_wood_rough_01_g
image,#i_t8_micro_wood_rough_01_o
image,#i_t8_micro_wood_rough_01_n
image,#i_t8_micro_wood_rough_01_r
image,#i_attach_t8_smg_accurate_stock_attach_s
image,#i_attach_t8_smg_accurate_stock_attach_n
image,#i_attach_t8_smg_accurate_stock_attach_o
image,#i_attach_t8_smg_accurate_stock_attach_g
image,#i_attach_t8_smg_accurate_stock_attach_c
image,#i_mtl_p8_col_sprinkler_metal_n
image,#fxt_gib_glass_pcloud_02
image,#fxt_gib_glass_pcloud_03
image,#fxt_gib_glass_pcloud_01
image,#i_mtl_p8_zm_zod_shelf_locker_provisions_dust_c
image,#i_wpn_t7_zmb_perk_bottle_metal_g
image,#i_wpn_t7_zmb_perk_bottle_metal_o
image,#i_wpn_t7_zmb_perk_bottle_metal_n
image,#i_t7_rock_granite_smooth_n
image,#i_wpn_t8_loot_ar_double_tap_grip_mk2_m
image,#i_wpn_t8_loot_ar_double_tap_grip_mk2_n
image,#i_mtl_p8_zm_esc_generator_lrg_bare_metal_unique_o
image,#i_mtl_p8_zm_esc_generator_lrg_bare_metal_unique_n
image,#i_mtl_p8_zm_esc_generator_lrg_bare_metal_unique_c
image,#i_mtl_p7_monitor_military_safehouse_01_c
image,#i_mtl_p7_monitor_military_safehouse_01_n
image,#i_mtl_p7_zm_ctl_radio_reciever_03_metal_01_m
image,#i_mtl_p7_zm_ctl_radio_reciever_03_metal_01_n
image,#i_t7_wes_wood_cedar_worn_c
image,#i_wpn_t8_launcher_standard_ammo_g
image,#i_wpn_t8_launcher_standard_ammo_c
image,#i_wpn_t8_launcher_standard_ammo_n
image,#i_wpn_t8_launcher_standard_ammo_o
image,#i_t7_metal_bare_brushed_2_dull_g
image,#i_wpn_t8_launcher_standard_screens_c
image,#i_mtl_p7_signage_metal_exit_n
image,#hash_90f954f6233babfa
image,#i_t8_zm_esc_ceramic_tiles_01_c
image,#i_t8_zm_esc_ceramic_tiles_01_g
image,#i_t8_zm_esc_ceramic_tiles_01_n
image,#i_t8_zm_esc_ceramic_tiles_01_r
image,#hash_90fe76319d4f72eb
image,#hash_90fe81319d4f859c
image,#hash_90fe82319d4f874f
image,#hash_90fe86319d4f8e1b
image,#hash_90fe8a319d4f94e7
image,#i_mtl_p7_eth_light_wall_03_decal2_n
image,#i_mtl_p7_rus_insulator_electrical_snow_screw_m
image,#i_mtl_p7_rus_insulator_electrical_snow_screw_n
image,#i_mtl_p8_box_cardboard_c_closed_n
image,#i_mtl_p8_box_cardboard_c_closed_m
image,#i_mtl_p7_wes_bookshelf_wood_vintage_n
image,#i_mtl_p7_wes_bookshelf_wood_vintage_c
image,#i_mtl_wpn_t8_shotgun_pump_shell_uber_c
image,#i_mtl_p8_stairs_stone_set_01_step_03_n
image,#i_mtl_p8_stairs_stone_set_01_step_03_g
image,#i_mtl_p8_stairs_stone_set_01_step_03_c
image,#i_mtl_t8_camo_dlc3_spacedust_02_c
image,#hash_911cc2419c483a33
image,#hash_911cd2419c485563
image,#hash_911cd6419c485c2f
image,#hash_911cdd419c486814
image,#hash_911cde419c4869c7
image,#hash_9121eddb93e42329
image,#hash_9121f8db93e435da
image,#i_veh_t8_mil_boat_tactical_raft_wrinkles_n
image,#i_attach_t8_optic_holo_decal_s
image,#i_attach_t8_optic_holo_decal_o
image,#i_attach_t8_optic_holo_decal_n
image,#i_attach_t8_optic_holo_decal_g
image,#i_attach_t8_optic_holo_decal_c
image,#i_mtl_p8_wz_rock_cliff_large_01ab_c
image,#fxt8_decal_blood_fatal_03_n
image,#fxt8_decal_blood_fatal_03_s
image,#i_mtl_p7_cai_train_subway_ac_painted_g
image,#i_t7_decal_grunge_leaking_04_g
image,#i_t7_plastic_tape_caution_clean_c
image,#ui_icon_weapon_smg_fastfire_render
image,#ui_icon_obit_melee_cutlass
image,#hash_913e68d0527247d1
image,#i_mtl_p8_zm_esc_fence_pole_02_n
image,#i_mtl_p8_zm_esc_fence_pole_02_c
image,#i_mtl_p7_debris_cardboard_flat_07_n
image,#i_mtl_p7_debris_cardboard_flat_07_c
image,#i_mtl_p7_mirror_wood_ornate_wood_c
image,#i_mtl_p7_mirror_wood_ornate_wood_n
image,#i_wpn_t8_smg_fastfire_handguard_02_r
image,#i_wpn_t8_wz_sniper_vanguard_mag_v2_c
image,#i_mtl_p8_pallet_military_metal_decal_dirty_01_c
image,#hash_914ff04123733dd3
image,#hash_914ff4412373449f
image,#hash_914ff741237349b8
image,#hash_914ff84123734b6b
image,#hash_9150044123735fcf
image,#i_attach_t8_tac_rifle_surgeon_fast_mag_c
image,#i_attach_t8_tac_rifle_surgeon_fast_mag_g
image,#i_attach_t8_tac_rifle_surgeon_fast_mag_n
image,#i_attach_t8_tac_rifle_surgeon_fast_mag_s
image,#fxt_light_ray_thruster_mask
image,#hash_9151f5aa76ee4c3f
image,#i_mtl_wpn_t8_ar_stealth_sig_02_barrel_s
image,#i_mtl_wpn_t8_ar_stealth_sig_02_barrel_n
image,#i_mtl_wpn_t8_ar_stealth_sig_02_barrel_o
image,#i_mtl_wpn_t8_ar_stealth_sig_02_barrel_g
image,#i_mtl_p7_zm_mob_bed_infirmary_spring_n
image,#i_mtl_p7_zm_mob_bed_infirmary_spring_c
image,#i_attach_t8_loot_ar_peacekeeper_stock_s
image,#i_attach_t8_loot_ar_peacekeeper_stock_g
image,#i_attach_t8_loot_ar_peacekeeper_stock_c
image,#i_attach_t8_loot_ar_peacekeeper_stock_o
image,#i_attach_t8_loot_ar_peacekeeper_stock_n
image,#ui_icon_weapon_tr_midburst_mk2_render
image,#i_mtl_p8_zm_esc_pipe_metal_decal_normal_03_n
image,#i_t8_zm_esc_window_bars_glass_01_o
image,#i_t8_zm_esc_window_bars_glass_01_n
image,#i_t8_zm_esc_window_bars_glass_01_g
image,#i_mtl_p7_fxanim_gp_vine_strand_ivy_64_smod_proxy_specular
image,#i_t8_concrete_sidewalk_paver_01_n
image,#i_t8_concrete_sidewalk_paver_01_c
image,#i_t8_concrete_sidewalk_paver_01_g
image,#i_wpn_t8_tac_rifle_swordfish_scope_g
image,#i_wpn_t8_tac_rifle_swordfish_scope_c
image,#i_wpn_t8_tac_rifle_swordfish_scope_m
image,#i_wpn_t8_tac_rifle_swordfish_scope_o
image,#i_wpn_t8_tac_rifle_swordfish_scope_n
image,#i_wpn_t8_tac_rifle_swordfish_scope_s
image,#i_wpn_t8_tac_rifle_swordfish_scope_r
image,#i_mtl_p8_zm_zod_engine_cylinder_support_coulmns_conduit_fitting_n
image,#hash_1188130efc71e872
image,#ui_icon_obit_shotgun_semiauto
image,#hash_1188290efc720dd4
image,#hash_11882c0efc7212ed
image,#i_mtl_p7_zm_mob_cell_bed_metal_c
image,#i_mtl_p7_zm_mob_cell_bed_metal_n
image,#i_mtl_p7_zm_mob_cell_bed_metal_m
image,#i_wpn_t7_camo_obsidian_e
image,#i_wpn_t7_camo_obsidian_c
image,#i_wpn_t7_camo_obsidian_n
image,#i_wpn_t7_camo_obsidian_r
image,#i_t8_decal_grunge_concrete_sidewalk_01_c
image,#i_t8_decal_grunge_concrete_sidewalk_01_r
image,#hash_919fc767ef2b9cd3
image,#hash_919fcb67ef2ba39f
image,#hash_919fd267ef2baf84
image,#hash_919fd367ef2bb137
image,#hash_919fd767ef2bb803
image,#i_veh_t8_decal_caution_10_c
image,#i_wpn_t8_micro_metal_powder_coat_flake_n
image,#hash_91a1d97d21d93dae
image,#1_t7_micro_wood_planks_n
image,#hash_91abb1e6891602cd
image,#i_mtl_p7_zm_der_magic_box_lid_wood_c
image,#i_mtl_p7_zm_der_magic_box_lid_wood_n
image,#i_t8_wood_sugi_01_n
image,#i_t8_wood_sugi_01_c
image,#i_mtl_p8_wz_high_quality_case_details_decal_01_n
image,#i_mtl_p8_wz_high_quality_case_details_decal_01_c
image,#i_t7_glass_dirty_grimes_01_cracked_n
image,#i_t8_graphics_nitrogen_cylinder_labels_02_c
image,#img_wpn_t7_xr2_screen_glass_c
image,#i_mtl_t8_wpn_lmg_heavy_grip_mk2_n
image,#i_mtl_t8_wpn_lmg_heavy_grip_mk2_m
image,#i_t8_concrete_damaged_rebar_01_o
image,#i_t8_concrete_damaged_rebar_01_n
image,#i_t8_concrete_damaged_rebar_01_c
image,#i_t8_concrete_damaged_rebar_01_g
image,#i_t8_concrete_damaged_rebar_01_r
image,#hash_11d2daaebd9386f9
image,#i_mtl_p7_zm_tra_stove_kitchen_metal_01_m
image,#i_mtl_p7_zm_tra_stove_kitchen_metal_01_n
image,#i_mtl_wpn_t8_sniper_vanguard_cheekrest_v2_mk2_multi_m
image,#i_p8_zm_esc_rubble_piles_brick_01_c
image,#i_p8_zm_esc_rubble_piles_brick_01_n
image,#i_mtl_p7_zm_ori_pump_tank_metal_01_m
image,#i_mtl_p7_zm_ori_pump_tank_metal_01_n
image,#i_wpn_t8_ar_modular_weapon_sig_02_o
image,#i_wpn_t8_ar_modular_weapon_sig_02_n
image,#i_wpn_t8_ar_modular_weapon_sig_02_g
image,#i_wpn_t8_ar_modular_weapon_sig_02_c
image,#i_wpn_t8_ar_modular_weapon_sig_02_s
image,#fxt_model_newspaper_c
image,#i_mtl_p8_usa_submarine_interior_consoles_details_handle_n
image,#hash_11fd7572ed9a27c3
image,#i_mtl_p8_zm_esc_crate_wood_sml_dirt_c
image,#i_mtl_p8_zm_off_monitor_security_screen_v2_static_c
image,#hash_9204155cf902d67d
image,#i_wpn_t8_tr_midburst_furbase_sig_02_c
image,#i_wpn_t8_tr_midburst_furbase_sig_02_n
image,#ui_icon_weapon_hud_sniper_mini14_wz
image,#i_t7_decal_damage_paint_peeling_r
image,#i_t7_decal_damage_paint_peeling_n
image,#i_t7_decal_damage_paint_peeling_c
image,#i_wpn_t8_smg_handling_bullets_s
image,#i_wpn_t8_smg_handling_bullets_g
image,#i_wpn_t8_smg_handling_bullets_n
image,#i_wpn_t8_smg_handling_bullets_o
image,#fxt_smk_tendril_1
image,#fxt_smk_tendril_2
image,#hash_9211209d9bdfbc79
image,#hash_9211249d9bdfc345
image,#hash_9211279d9bdfc85e
image,#hash_9211289d9bdfca11
image,#hash_9211349d9bdfde75
image,#i_mtl_p7_jun_foliage_bush_branches_01_n
image,#i_mtl_p7_jun_foliage_bush_branches_01_c
image,#i_mtl_p7_jun_foliage_bush_branches_01_t
image,#i_fir_bathroom_sink_tap_m
image,#i_veh_t8_jpn_glass_cracked_01_n
image,#i_veh_t8_jpn_glass_cracked_01_c
image,#i_mtl_wpn_t8_smg_fastfire_barrel_mk2_m
image,#hash_121a909a5e974df0
image,#hash_922098c057392282
image,#hash_922099c057392435
image,#i_mtl_veh_t8_decal_greeble_22_lens_r
image,#hash_92303db03a2be3fc
image,#i_t7_micro_wood_varied_teak_n
image,#i_t7_micro_wood_varied_teak_g
image,#i_t7_micro_wood_varied_teak_c
image,#core_snow_dark_c
image,#hash_923bae69af33b8b3
image,#hash_923bb269af33bf7f
image,#hash_923bb569af33c498
image,#hash_923bb669af33c64b
image,#i_attach_t8_ar_galil_bolt_s
image,#i_attach_t8_ar_galil_bolt_g
image,#i_attach_t8_ar_galil_bolt_c
image,#i_attach_t8_ar_galil_bolt_n
image,#i_attach_t8_ar_galil_bolt_o
image,#i_t8_micro_foam_eggshell_01_o
image,#i_t8_micro_foam_eggshell_01_n
image,#i_mtl_p7_drain_metal_shower_g
image,#i_mtl_p7_drain_metal_shower_c
image,#i_mtl_p7_drain_metal_shower_o
image,#i_mtl_p7_drain_metal_shower_n
image,#i_mtl_p7_drain_metal_shower_s
image,#hash_924e6ecb7ab586ed
image,#i_wpn_t8_ar_heavy_fmj_base_mk2_m
image,#i_mtl_veh_t8_decal_grunge_scorch_02_ir
image,#i_wpn_t8_tac_rifle_swordfish_mag_mk2_n
image,#i_wpn_t8_tac_rifle_swordfish_mag_mk2_m
image,#i_mtl_p7_mou_wirebundle_plastic_tiling_m
image,#i_mtl_p7_mou_wirebundle_plastic_tiling_n
image,#ui_icon_weapon_tr_powersemi_tactical_render
image,#ui_icon_weapon_sniper_powersemi_sig_02_render
image,#hash_925db149d1083808
image,#i_mtl_p7_baby_carriage_vintage_screw_decal_c
image,#i_mtl_p7_baby_carriage_vintage_screw_decal_n
image,#i_mtl_wpn_t8_loot_ar_an94_base02_c
image,#i_mtl_wpn_t8_loot_ar_an94_base02_g
image,#i_mtl_wpn_t8_loot_ar_an94_base02_n
image,#i_mtl_wpn_t8_loot_ar_an94_base02_o
image,#i_mtl_wpn_t8_loot_ar_an94_base02_s
image,#i_mtl_wpn_t8_zm_monkey_plastic_s
image,#i_mtl_wpn_t8_zm_monkey_plastic_o
image,#i_mtl_wpn_t8_zm_monkey_plastic_n
image,#i_mtl_wpn_t8_zm_monkey_plastic_c
image,#i_mtl_wpn_t8_zm_monkey_plastic_g
image,#i_mtl_p8_zm_esc_power_station_panel_set_decal_c
image,#hash_926ed40802cc9581
image,#hash_92725ce21ddf168a
image,#hash_92725ee21ddf19f0
image,#hash_927260e21ddf1d56
image,#hash_927261e21ddf1f09
image,#hash_927268e21ddf2aee
image,#hash_92726ce21ddf31ba
image,#i_mtl_p8_kit_zt8_thi_01_door_handle_m
image,#i_mtl_p8_kit_zt8_thi_01_door_handle_n
image,#hash_927970a82ddd6bc0
image,#hash_927971a82ddd6d73
image,#hash_927973a82ddd70d9
image,#hash_92798ca82ddd9b54
image,#hash_128039d1973322c5
image,#hash_12804dd1973344c1
image,#i_attach_t8_ar_accurate_sure_grip_n
image,#i_attach_t8_ar_accurate_sure_grip_o
image,#i_attach_t8_ar_accurate_sure_grip_c
image,#i_attach_t8_ar_accurate_sure_grip_g
image,#i_attach_t8_ar_accurate_sure_grip_s
image,#i_p7_rug_cloth_rolled_lrg_01_n
image,#hash_9283e4b5dcc58664
image,#hash_9283e9b5dcc58ee3
image,#hash_9283f0b5dcc59ac8
image,#hash_9283f4b5dcc5a194
image,#i_t8_rubber_floor_mat_interlock_01_m
image,#i_t8_rubber_floor_mat_interlock_01_n
image,#i_mtl_p7_cai_work_table_metal_white_paint_n
image,#i_mtl_p7_cai_work_table_metal_white_paint_c
image,#i_veh_t8_sand_pebbles_fine_c
image,#i_wpn_t8_loot_sniper_mini14_handguard_mk2_n
image,#i_wpn_t8_loot_sniper_mini14_handguard_mk2_m
image,#loot06_ui_icon_blackmarket_reserves_stealth_mk2
image,#i_wpn_t8_eqp_tripwire_slingshot_arms_n
image,#i_wpn_t8_eqp_tripwire_slingshot_arms_o
image,#i_wpn_t8_eqp_tripwire_slingshot_arms_m
image,#i_mtl_wpn_t8_camo_dyn_vanguard_samurai_01_02_c
image,#hash_92aa1e9dc16f80d9
image,#i_mtl_wpn_t8_camo_diamond_05_c
image,#ui_icon_attachment_advancedmags
image,#i_mtl_p8_heist_bank_money_50k
image,#i_p8_zm_esc_turbine_generator_paintednumbers_01_r
image,#i_eqp_t8_grenade_emp_decals_c
image,#i_mtl_p7_foliage_flower_bouquet_petal_dead_c
image,#i_mtl_p7_foliage_flower_bouquet_petal_dead_n
image,#hash_92c6e0dfa3257b21
image,#hash_92c794d1c74be4e1
image,#i_t7_plaster_rough_light_01_micro_n
image,#i_t7_plaster_rough_light_01_micro_c
image,#i_veh_t8_mil_heli_light_rotor_blade_m
image,#i_veh_t8_mil_heli_light_rotor_blade_n
image,#i_wpn_t8_shotgun_pump_grip_base_g
image,#i_wpn_t8_shotgun_pump_grip_base_c
image,#i_wpn_t8_shotgun_pump_grip_base_o
image,#i_wpn_t8_shotgun_pump_grip_base_n
image,#i_wpn_t8_shotgun_pump_grip_base_s
image,#i_t8_decal_damage_concrete_cracks_02_c
image,#i_t8_decal_damage_concrete_cracks_02_o
image,#i_t8_decal_damage_concrete_cracks_02_n
image,#i_t8_decal_damage_concrete_cracks_02_r
image,#i_mtl_t8_spa_statue_metal_01_micro_metal_rough_c
image,#fxt8_water_bubble_group
image,#loot_03_ui_icon_blackmarket_stream_demohammer
image,#i_wpn_tac_rifle_mid_burst_mainbody_alt_mk2_m
image,#i_wpn_t8_sniper_koshka_base_alt_mk2_m
image,#i_wpn_t8_sniper_koshka_base_alt_mk2_n
image,#i_mtl_p8_crane_suspended_01_stainless_01_m
image,#i_mtl_p8_crane_suspended_01_stainless_01_n
image,#i_wpn_t8_eqp_smartcover_wall_outer
image,#i_t8_attach_optic_acog_reticle_usmc_01b_c
image,#$white_multimask
image,#i_p7_foliage_grass_tussock_r
image,#i_wpn_t8_lmg_heavy_foregrip_s
image,#i_wpn_t8_lmg_heavy_foregrip_c
image,#i_wpn_t8_lmg_heavy_foregrip_g
image,#i_wpn_t8_lmg_heavy_foregrip_n
image,#i_wpn_t8_lmg_heavy_foregrip_o
image,#i_t7_wood_painted_peeling_r
image,#i_t7_wood_painted_peeling_n
image,#hash_92fc77d5cc54788c
image,#hash_92fc78d5cc547a3f
image,#hash_92fc7bd5cc547f58
image,#hash_92fc7fd5cc548624
image,#hash_92fc8bd5cc549a88
image,#i_wpn_t8_ar_accurate_decals_sig_03_r
image,#i_wpn_t8_ar_accurate_decals_sig_03_n
image,#i_wpn_t8_ar_accurate_decals_sig_03_c
image,#i_mtl_p8_zm_esc_citadel_metal_beam_01_o
image,#i_mtl_p8_zm_esc_citadel_metal_beam_01_n
image,#i_mtl_p8_zm_esc_citadel_metal_beam_01_m
image,#i_mtl_attach_t8_sniper_vanguard_stock_01_r
image,#i_t8_decal_tech_detail_line_trim_14_r
image,#i_t8_decal_tech_detail_line_trim_14_o
image,#i_t8_decal_tech_detail_line_trim_14_n
image,#i_t8_decal_tech_detail_line_trim_14_c
image,#i_mtl_p8_col_rock_smooth_set_01_lrg_01_g
image,#i_mtl_p8_col_rock_smooth_set_01_lrg_01_c
image,#i_mtl_p8_col_rock_smooth_set_01_lrg_01_o
image,#i_mtl_p8_col_rock_smooth_set_01_lrg_01_n
image,#i_mtl_p8_esc_generator_lrg_mech_m
image,#i_mtl_p8_esc_generator_lrg_mech_n
image,#i_attach_t8_optic_acog_body_r
image,#i_attach_t8_optic_acog_body_s
image,#i_attach_t8_optic_acog_body_g
image,#i_attach_t8_optic_acog_body_c
image,#i_attach_t8_optic_acog_body_n
image,#i_attach_t8_optic_acog_body_o
image,#i_mtl_p7_cai_hallway_blocker_dirty_c
image,#hash_1328ffca6617bd52
image,#hash_132900ca6617bf05
image,#i_mtl_p7_couch_victorian_01_cloth_o
image,#i_mtl_p7_couch_victorian_01_cloth_n
image,#i_wpn_t7_arak_mag_c
image,#i_wpn_t7_arak_mag_g
image,#i_wpn_t7_arak_mag_o
image,#i_wpn_t7_arak_mag_n
image,#i_wpn_t7_arak_mag_s
image,#hash_932ea0be563efc39
image,#hash_932ea4be563f0305
image,#hash_932ea7be563f081e
image,#hash_932ea8be563f09d1
image,#hash_932eadbe563f1250
image,#hash_932eb4be563f1e35
image,#i_mtl_wpn_t8_sniper_vanguard_sig_02_grip_s
image,#i_mtl_wpn_t8_sniper_vanguard_sig_02_grip_o
image,#i_mtl_wpn_t8_sniper_vanguard_sig_02_grip_n
image,#i_mtl_wpn_t8_sniper_vanguard_sig_02_grip_g
image,#i_mtl_wpn_t8_sniper_vanguard_sig_02_grip_c
image,#i_mtl_p7_luggage_soft_large_bag_s
image,#i_mtl_p7_luggage_soft_large_bag_n
image,#i_mtl_p7_luggage_soft_large_bag_g
image,#i_mtl_p7_luggage_soft_large_bag_c
image,#i_mtl_p7_zm_der_magic_box_qmark_bg_c
image,#hash_1332ed11d970b229
image,#hash_1332ef11d970b58f
image,#hash_1332f811d970c4da
image,#i_t8_metal_painted_dirty_03_c
image,#hash_933945bfb783ab3e
image,#hash_933946bfb783acf1
image,#hash_933951bfb783bfa2
image,#hash_933952bfb783c155
image,#hash_933955bfb783c66e
image,#hash_933959bfb783cd3a
image,#i_p8_zm_esc_bones_human_set_bone_m
image,#i_p8_zm_esc_bones_human_set_bone_n
image,#i_mtl_p8_zm_esc_light_industrial_socket_n
image,#i_mtl_p8_zm_esc_light_industrial_socket_c
image,#i_mtl_p8_zm_esc_light_industrial_socket_g
image,#i_wpn_t8_zm_crossbow_impaler_sight_base_c
image,#i_wpn_t8_zm_crossbow_impaler_sight_base_g
image,#i_wpn_t8_zm_crossbow_impaler_sight_base_n
image,#i_wpn_t8_zm_crossbow_impaler_sight_base_o
image,#i_wpn_t8_zm_crossbow_impaler_sight_base_s
image,#hash_1345476546006837
image,#hash_1346b8a08bf14140
image,#i_mtl_wpn_t8_loot_smg_vmp_base_c
image,#i_mtl_wpn_t8_loot_smg_vmp_base_g
image,#i_mtl_wpn_t8_loot_smg_vmp_base_o
image,#i_mtl_wpn_t8_loot_smg_vmp_base_n
image,#i_mtl_wpn_t8_loot_smg_vmp_base_s
image,#i_mtl_wpn_t8_loot_smg_vmp_base_r
image,#i_mtl_p7_bathtub_clawfoot_01_pipes_n
image,#i_mtl_p7_bathtub_clawfoot_01_pipes_o
image,#i_mtl_p7_bathtub_clawfoot_01_pipes_m
image,#i_mtl_p8_wz_ep_fishing_pole_crank_m
image,#i_mtl_p8_wz_ep_fishing_pole_crank_n
image,#i_mtl_p8_wz_ep_fishing_pole_crank_o
image,#hash_93534965f0692d72
image,#i_mtl_p8_col_rail_tower_metal_m
image,#i_mtl_p7_wes_bottle_whiskey_01_glass_01_c
image,#i_p8_cable_wires_01_c
image,#i_p8_cable_wires_01_g
image,#i_mtl_p7_wes_bottle_whiskey_01_glass_01_n
image,#i_p8_cable_wires_01_o
image,#i_p8_cable_wires_01_n
image,#i_p8_cable_wires_01_s
image,#i_t7_decal_line_horizontal_black_clear_m
image,#$thickness_base
image,#hash_135df8530f29fdb7
image,#hash_135df9530f29ff6a
image,#hash_135e16ebf3514ba9
image,#hash_135e21ebf3515e5a
image,#i_mtl_p8_zm_zod_chair_victorian_wood_n
image,#i_p8_spa_trashcan_lid_g
image,#i_p8_spa_trashcan_lid_c
image,#i_p8_spa_trashcan_lid_n
image,#hash_13640c7291806bd8
image,#i_t7_graphic_display_window_01_c
image,#i_p7_pallet_wood_damaged_c
image,#i_p7_pallet_wood_damaged_n
image,#$reveal
image,#tactical_gren_reticle
image,#i_mtl_wpn_t8_sniper_vanguard_sig_02_rail_g
image,#i_mtl_wpn_t8_sniper_vanguard_sig_02_rail_o
image,#i_mtl_wpn_t8_sniper_vanguard_sig_02_rail_n
image,#i_t8_concrete_wall_blocks_01_paint_peel_orange_rvl_r
image,#i_t8_wz_window_glass_dirty_horiz_c
image,#i_t8_wz_window_glass_dirty_horiz_g
image,#i_t8_wz_window_glass_dirty_horiz_n
image,#i_p7_container_storage_plastic_worn_32_n
image,#i_p7_container_storage_plastic_worn_32_c
image,#i_mtl_p7_mou_electric_switch_decal_word_01_c
image,#i_wpn_t8_tac_rifle_surgeon_upper_o
image,#i_wpn_t8_tac_rifle_surgeon_upper_n
image,#i_wpn_t8_tac_rifle_surgeon_upper_g
image,#i_wpn_t8_tac_rifle_surgeon_upper_c
image,#i_wpn_t8_tac_rifle_surgeon_upper_s
image,#i_wpn_t8_tac_rifle_surgeon_upper_r
image,#hash_937fd98fcbcfa1b1
image,#fxt_fog_slow_lg_anim
image,#$camo_base_detail
image,#ui_icon_weapon_melee_coinbag_render
image,#hash_9383a12263769232
image,#hash_9383a222637693e5
image,#hash_9383ad226376a696
image,#hash_9383b1226376ad62
image,#hash_9383b5226376b42e
image,#hash_9383b6226376b5e1
image,#i_mtl_wpn_t8_sniper_vanguard_sig_02_stock_back_s
image,#i_mtl_wpn_t8_sniper_vanguard_sig_02_stock_back_o
image,#i_mtl_wpn_t8_sniper_vanguard_sig_02_stock_back_n
image,#i_mtl_wpn_t8_sniper_vanguard_sig_02_stock_back_g
image,#i_mtl_wpn_t8_sniper_vanguard_sig_02_stock_back_c
image,#i_t8_decal_graphics_signage_usa_sub_hazard_numbers_01_c
image,#i_mtl_wpn_t8_sniper_vanguard_handle_v2_s
image,#i_mtl_wpn_t8_sniper_vanguard_handle_v2_r
image,#i_mtl_wpn_t8_sniper_vanguard_handle_v2_c
image,#i_mtl_wpn_t8_sniper_vanguard_handle_v2_g
image,#i_mtl_wpn_t8_sniper_vanguard_handle_v2_o
image,#i_mtl_wpn_t8_sniper_vanguard_handle_v2_n
image,#hash_1390ea2da6f452b6
image,#hash_9393ce409439c7d2
image,#ui_icon_weapon_hud_slaybell
image,#hash_93956049a6fc51fd
image,#i_mtl_p7_debris_concrete_rubble_med_02_g
image,#i_t8_decal_grunge_rust_peeling_01_n
image,#i_mtl_veh_t8_decal_text_sensory_unit_c
image,#i_mtl_wpn_t8_loot_shotgun_fullauto_receiver_parts_alt_sig_c
image,#i_mtl_wpn_t8_loot_shotgun_fullauto_receiver_parts_alt_sig_g
image,#i_mtl_wpn_t8_loot_shotgun_fullauto_receiver_parts_alt_sig_n
image,#i_mtl_wpn_t8_loot_shotgun_fullauto_receiver_parts_alt_sig_o
image,#i_mtl_wpn_t8_loot_shotgun_fullauto_receiver_parts_alt_sig_s
image,#i_wpn_t8_loot_sniper_mini14_back_receiver_mk2_n
image,#i_wpn_t8_loot_sniper_mini14_back_receiver_mk2_m
image,#i_t8_wpn_lmg_heavy_lever_sig_01_s
image,#i_t8_wpn_lmg_heavy_lever_sig_01_c
image,#i_t8_wpn_lmg_heavy_lever_sig_01_g
image,#i_t8_wpn_lmg_heavy_lever_sig_01_n
image,#i_t8_wpn_lmg_heavy_lever_sig_01_o
image,#i_mtl_p7_foliage_distictis_hanging_ledge_32_long_proxy_normal
image,#hash_93b91e8284141a38
image,#loot_02_ui_icon_blackmarket_stream_secretsanta
image,#i_attach_t8_pistol_standard_barrel_rear_g
image,#i_attach_t8_pistol_standard_barrel_rear_c
image,#i_attach_t8_pistol_standard_barrel_rear_n
image,#i_attach_t8_pistol_standard_barrel_rear_o
image,#i_attach_t8_pistol_standard_barrel_rear_s
image,#i_t8_decal_tech_detail_bolt_02_c
image,#i_t8_decal_tech_detail_bolt_02_n
image,#i_t8_decal_tech_detail_bolt_02_o
image,#i_t8_decal_tech_detail_bolt_02_s
image,#i_mtl_p8_hatch_door_full_02_o
image,#i_mtl_p8_hatch_door_full_02_n
image,#i_mtl_p8_hatch_door_full_02_m
image,#i_wpn_t8_pistol_burst_weapon_c
image,#i_wpn_t8_pistol_burst_weapon_g
image,#i_wpn_t8_pistol_burst_weapon_n
image,#i_wpn_t8_pistol_burst_weapon_o
image,#i_wpn_t8_pistol_burst_weapon_r
image,#i_wpn_t8_pistol_burst_weapon_s
image,#i_t7_decal_painted_camo_digital_r
image,#i_mtl_p7_zm_asc_hose_set_straight_m
image,#i_mtl_p7_zm_asc_hose_set_straight_n
image,#hash_93cff9fd03930106
image,#hash_93cffafd039302b9
image,#hash_93d001fd03930e9e
image,#hash_93d005fd0393156a
image,#hash_93d015fd0393309a
image,#hash_93d0adca60d016ea
image,#i_t8_micro_ceiling_tile_01_n
image,#i_t7_wes_wood_paint_thick_n
image,#i_t7_wes_wood_paint_thick_c
image,#i_t7_wes_wood_paint_thick_g
image,#i_veh_t8_decal_hole02_c
image,#ar_fastfire_t8_camo_sig02_icon
image,#i_wpn_t8_eqp_smartcover_decals06_g
image,#i_wpn_t8_eqp_smartcover_decals06_c
image,#i_wpn_t8_eqp_smartcover_decals06_n
image,#hash_93dc46bbf1e29c0d
image,#i_t8_ice_paint_caution_stripes_c
image,#hash_93ec6b45aacf67e8
image,#fxt8_muzzleflash_sparks_omni
image,#hash_93efd9ba89b2187e
image,#i_t7_decal_blood_hand_05_c
image,#i_mtl_wpn_t8_ar_modular_bolt_sig_03_s
image,#i_mtl_wpn_t8_ar_modular_bolt_sig_03_g
image,#i_mtl_wpn_t8_ar_modular_bolt_sig_03_c
image,#i_mtl_wpn_t8_ar_modular_bolt_sig_03_o
image,#i_mtl_wpn_t8_ar_modular_bolt_sig_03_n
image,#i_veh_t7_drone_attack_gun_n
image,#hash_13fbdbae25482ddf
image,#i_wpn_t8_shotgun_pump_sig_02_handcuffs_g
image,#i_wpn_t8_shotgun_pump_sig_02_handcuffs_n
image,#i_wpn_t8_shotgun_pump_sig_02_handcuffs_s
image,#hash_9402390ccc90539d
image,#hash_9402490ccc906ecd
image,#hash_940acd54c66bb4ad
image,#i_wpn_t8_smg_handling_sights_sig_01_g
image,#i_wpn_t8_smg_handling_sights_sig_01_c
image,#i_wpn_t8_smg_handling_sights_sig_01_o
image,#i_wpn_t8_smg_handling_sights_sig_01_n
image,#i_wpn_t8_smg_handling_sights_sig_01_s
image,#i_t8_plaster_01_n
image,#i_t8_plaster_01_o
image,#ui_icon_obit_ar_modular
image,#i_mtl_p8_zm_esc_crate_wood_lrg_wear_m
image,#i_mtl_p8_zm_esc_crate_wood_lrg_wear_c
image,#i_t7_mud_sludge_wet_03_n
image,#fxt_spark_grind_anim
image,#hash_141b6bb35e3883ef
image,#i_t8_micro_noise_02_c
image,#hash_141ecb33430975d3
image,#i_c_t8_mp_gear_stem_shot_g
image,#i_c_t8_mp_gear_stem_shot_c
image,#i_c_t8_mp_gear_stem_shot_n
image,#i_c_t8_mp_gear_stem_shot_s
image,#i_wpn_t8_ar_fastfire_stock_sig_01_s
image,#i_wpn_t8_ar_fastfire_stock_sig_01_n
image,#i_wpn_t8_ar_fastfire_stock_sig_01_o
image,#i_wpn_t8_ar_fastfire_stock_sig_01_c
image,#i_wpn_t8_ar_fastfire_stock_sig_01_g
image,#i_wpn_t8_loot_sniper_mini14_barrel_stand_mk2_m
image,#i_wpn_t8_loot_sniper_mini14_barrel_stand_mk2_n
image,#hash_94352b9d5d2ec110
image,#hash_94352f9d5d2ec7dc
image,#hash_9435339d5d2ecea8
image,#hash_9435349d5d2ed05b
image,#i_t7_plastic_building_wrap_n
image,#i_mtl_wpn_t8_loot_smg_vmp_barrel_base_n
image,#i_mtl_wpn_t8_loot_smg_vmp_barrel_base_o
image,#i_mtl_wpn_t8_loot_smg_vmp_barrel_base_c
image,#i_mtl_wpn_t8_loot_smg_vmp_barrel_base_g
image,#i_mtl_wpn_t8_loot_smg_vmp_barrel_base_r
image,#i_mtl_wpn_t8_loot_smg_vmp_barrel_base_s
image,#hash_944544da21970d06
image,#i_t7_decal_grunge_charred_stain_01_c
image,#i_t7_metal_worn_chrome_base_g
image,#i_t7_metal_worn_chrome_base_s
image,#i_veh_t8_mil_heli_light_body_rear_o
image,#i_veh_t8_mil_heli_light_body_rear_n
image,#i_veh_t8_mil_heli_light_body_rear_m
image,#hash_1453c9b54ebe3bbd
image,#i_mtl_p8_wz_foliage_primrose_flowers_n
image,#i_mtl_p8_wz_foliage_primrose_flowers_c
image,#hash_94597c0f3ea1c317
image,#i_wpn_t8_hero_war_machine_sight_c
image,#i_wpn_t8_hero_war_machine_sight_g
image,#i_wpn_t8_hero_war_machine_sight_n
image,#i_wpn_t8_hero_war_machine_sight_o
image,#i_wpn_t8_hero_war_machine_sight_s
image,#i_mtl_p7_bottle_milk_caddy_metal_n
image,#i_mtl_p7_bottle_milk_caddy_metal_m
image,#i_mtl_p8_debris_asphalt_chunks_md_03_o
image,#i_mtl_p8_debris_asphalt_chunks_md_03_n
image,#i_mtl_wpn_t8_sniper_vanguard_sig_01_scope_back_v2_c
image,#i_mtl_wpn_t8_sniper_vanguard_sig_01_scope_back_v2_g
image,#i_mtl_wpn_t8_sniper_vanguard_sig_01_scope_back_v2_o
image,#i_mtl_wpn_t8_sniper_vanguard_sig_01_scope_back_v2_n
image,#i_mtl_wpn_t8_sniper_vanguard_sig_01_scope_back_v2_s
image,#hash_9472f6329f2b497c
image,#i_t7_decal_signage_stand_clear_01_c
image,#hash_94758f24bd07c858
image,#hash_94759b24bd07dcbc
image,#hash_94759c24bd07de6f
image,#hash_94759f24bd07e388
image,#hash_9475a324bd07ea54
image,#i_t8_decal_tech_detail_line_trim_02_c
image,#i_t8_decal_tech_detail_line_trim_02_m
image,#i_t8_decal_tech_detail_line_trim_02_n
image,#i_t8_decal_tech_detail_line_trim_02_o
image,#i_t7_decal_damage_crack_line_c
image,#i_t7_decal_damage_crack_line_n
image,#i_t7_decal_damage_crack_line_r
image,#hash_948934c605b4a7d6
image,#hash_948941c605b4bded
image,#i_wpn_t8_smg_capacity_mag_base_m
image,#i_wpn_t8_smg_capacity_mag_base_o
image,#i_wpn_t8_smg_capacity_mag_base_n
image,#hash_948c7d6f976d741e
image,#i_mtl_p8_wz_ammo_pickup_45acp_decal_02_c
image,#i_t7_micro_metal_dent_01_n
image,#i_t8_zm_esc_micro_heavy_rust_01_c
image,#i_wpn_t8_tac_rifle_swordfish_flipbook_mk2_c
image,#i_t8_zm_esc_micro_heavy_rust_01_g
image,#i_t8_zm_esc_micro_heavy_rust_01_n
image,#i_mtl_wpn_t8_ar_modular_sights_sig_03_g
image,#i_mtl_wpn_t8_ar_modular_sights_sig_03_c
image,#i_mtl_wpn_t8_ar_modular_sights_sig_03_n
image,#i_mtl_wpn_t8_ar_modular_sights_sig_03_o
image,#i_mtl_wpn_t8_ar_modular_sights_sig_03_s
image,#i_mtl_p8_chi_comm_antenna_roof_bolt_n
image,#hash_9498e01f553406b2
image,#hash_9498e11f55340865
image,#hash_9498ec1f55341b16
image,#hash_9498f01f553421e2
image,#hash_9498f41f553428ae
image,#hash_9498f51f55342a61
image,#hash_14a1429e5dccd221
image,#i_mtl_p7_pipe_metal_hp_12_support_m
image,#i_mtl_p7_pipe_metal_hp_12_support_n
image,#i_wpn_t8_sniper_power_semi_bolt_s
image,#i_wpn_t8_sniper_power_semi_bolt_r
image,#i_wpn_t8_sniper_power_semi_bolt_o
image,#i_wpn_t8_sniper_power_semi_bolt_n
image,#i_wpn_t8_sniper_power_semi_bolt_g
image,#i_wpn_t8_sniper_power_semi_bolt_c
image,#hash_14a4af37f8da4e56
image,#i_mtl_p8_usa_submarine_interior_consoles_details_cable_connector_n
image,#i_t7_metal_trim_worn_iron_dark_invert_m
image,#i_mtl_veh_t8_mil_helicopter_transport_attach_04_n
image,#i_mtl_veh_t8_mil_helicopter_transport_attach_04_o
image,#hash_14b49d2236855c3f
image,#hash_14b4a02236856158
image,#i_attach_t8_optic_holo_body_r
image,#i_mtl_p8_usa_submarine_interior_consoles_details_knob_02_n
image,#i_wpn_t8_tr_midburst_scope_glass_sig_01_c
image,#i_wpn_t8_tr_midburst_scope_glass_sig_01_g
image,#i_wpn_t8_tr_midburst_scope_glass_sig_01_n
image,#i_wpn_t8_tr_midburst_scope_glass_sig_01_o
image,#i_wpn_t8_tr_midburst_scope_glass_sig_01_s
image,#fxt_debris_spike_lg
image,#i_mtl_mtl_veh_t8_decal_screw_hex_inset_a
image,#fxt_decal_blood_fatal_01_n
image,#i_mtl_p7_fir_brace_support_rivet_n
image,#i_mtl_p7_fir_brace_support_rivet_g
image,#i_p7_bucket_janitor_plastic_rolling_s
image,#img_wpn_t7_chaser_plastic_detail1_n
image,#i_mtl_p8_crate_metal_military_medium_decals_c
image,#i_t8_wpn_pistol_revolver_various_sig_01_c
image,#i_t8_wpn_pistol_revolver_various_sig_01_g
image,#i_t8_wpn_pistol_revolver_various_sig_01_n
image,#i_t8_wpn_pistol_revolver_various_sig_01_o
image,#i_t8_wpn_pistol_revolver_various_sig_01_s
image,#i_p8_zm_esc_power_house_tank_peeledpaint_r
image,#i_p8_zm_esc_power_house_tank_peeledpaint_n
image,#hash_14dbee69cc4af400
image,#hash_14e3baf2cc035a5f
image,#i_wpn_t8_pistol_standard_mag_base_s
image,#i_wpn_t8_pistol_standard_mag_base_n
image,#i_wpn_t8_pistol_standard_mag_base_o
image,#i_wpn_t8_pistol_standard_mag_base_c
image,#i_wpn_t8_pistol_standard_mag_base_g
image,#hash_14ee62e7071889bc
image,#i_wpn_t8_loot_sniper_locus_mag_g
image,#hash_94f576f68f2c16fe
image,#i_wpn_t8_loot_sniper_locus_mag_c
image,#i_wpn_t8_loot_sniper_locus_mag_m
image,#i_wpn_t8_loot_sniper_locus_mag_n
image,#i_wpn_t8_loot_sniper_locus_mag_o
image,#i_wpn_t8_loot_sniper_locus_mag_s
image,#i_mtl_p7_sgen_big_bld_ext_wall_dirty02_c
image,#i_mtl_p7_spl_table_dining_vintage_set_decal_01_c
image,#hash_94fbe564b7b32601
image,#hash_14fe926d26773e24
image,#hash_14fe976d267746a3
image,#hash_14fe9e6d26775288
image,#hash_14fea26d26775954
image,#i_t8_decal_graphics_camo_angular_white_c
image,#hash_9504b8acea690898
image,#hash_9506043e5e90b014
image,#i_decal_caution_stripe_c
image,#hash_950ade2a0fab8118
image,#hash_950aea2a0fab957c
image,#hash_950aeb2a0fab972f
image,#hash_950aee2a0fab9c48
image,#hash_950af22a0faba314
image,#hash_150fa501fe178852
image,#hash_150fa601fe178a05
image,#i_t7_shr_wood_wall_weathered_v2_blend_r
image,#i_wpn_t8_smg_fastfire_body_02_o
image,#i_wpn_t8_smg_fastfire_body_02_n
image,#i_wpn_t8_smg_fastfire_body_02_c
image,#i_wpn_t8_smg_fastfire_body_02_g
image,#i_wpn_t8_smg_fastfire_body_02_s
image,#i_wpn_t8_smg_fastfire_body_02_r
image,#i_wpn_t8_ar_kn57_stock_s
image,#i_wpn_t8_ar_kn57_stock_r
image,#i_wpn_t8_ar_kn57_stock_g
image,#i_wpn_t8_ar_kn57_stock_c
image,#i_wpn_t8_ar_kn57_stock_o
image,#i_wpn_t8_ar_kn57_stock_n
image,#i_wpn_t8_tr_midburst_grip_sig_01_s
image,#i_wpn_t8_tr_midburst_grip_sig_01_c
image,#i_wpn_t8_tr_midburst_grip_sig_01_g
image,#i_wpn_t8_tr_midburst_grip_sig_01_o
image,#i_wpn_t8_tr_midburst_grip_sig_01_n
image,#i_mtl_wpn_t8_ar_stealth_sig_02_rail_base1_o
image,#i_mtl_wpn_t8_ar_stealth_sig_02_rail_base1_n
image,#i_mtl_wpn_t8_ar_stealth_sig_02_rail_base1_e
image,#i_mtl_wpn_t8_ar_stealth_sig_02_rail_base1_g
image,#i_mtl_wpn_t8_ar_stealth_sig_02_rail_base1_s
image,#i_mtl_t8_wpn_smg_accurate_body_r
image,#i_t8_wpn_pistol_auto_grip_s
image,#i_t8_wpn_pistol_auto_grip_o
image,#i_t8_wpn_pistol_auto_grip_n
image,#i_t8_wpn_pistol_auto_grip_m
image,#i_t8_wpn_pistol_auto_grip_c
image,#i_t8_wpn_pistol_auto_grip_g
image,#i_mtl_wpn_t8_sniper_vanguard_sig_01_body_top_s
image,#i_mtl_wpn_t8_sniper_vanguard_sig_01_body_top_g
image,#i_mtl_wpn_t8_sniper_vanguard_sig_01_body_top_c
image,#i_mtl_wpn_t8_sniper_vanguard_sig_01_body_top_n
image,#i_mtl_wpn_t8_sniper_vanguard_sig_01_body_top_o
image,#i_t7_cloth_tent_military_panel_02_c
image,#i_t7_cloth_tent_military_panel_02_n
image,#i_t8_zm_whi_concrete_sidewalk_slab_01_o
image,#i_t8_zm_whi_concrete_sidewalk_slab_01_n
image,#i_t8_zm_whi_concrete_sidewalk_slab_01_g
image,#i_t8_zm_whi_concrete_sidewalk_slab_01_c
image,#hash_9524c6c504734ee3
image,#hash_9524cac5047355af
image,#hash_9524d1c504736194
image,#hash_9524d2c504736347
image,#i_t8_mud_sludge_wet_02_sml_c
image,#hash_152ced6ed5c83576
image,#hash_152cfa6ed5c84b8d
image,#i_p8_jnt_security_electrical_cabinet_03_g
image,#i_p8_jnt_security_electrical_cabinet_03_n
image,#i_t8_aus_res_catwalks_pipe_couplings_m
image,#i_t8_aus_res_catwalks_pipe_couplings_n
image,#i_wpn_t8_lmg_heavy_stock_r
image,#i_wpn_t8_lmg_heavy_stock_s
image,#i_wpn_t8_lmg_heavy_stock_c
image,#i_wpn_t8_lmg_heavy_stock_g
image,#i_wpn_t8_lmg_heavy_stock_n
image,#i_wpn_t8_lmg_heavy_stock_o
image,#i_wpn_t8_lmg_titan_clamp_r
image,#i_wpn_t8_lmg_titan_clamp_s
image,#i_wpn_t8_lmg_titan_clamp_n
image,#i_wpn_t8_lmg_titan_clamp_o
image,#i_wpn_t8_lmg_titan_clamp_c
image,#i_wpn_t8_lmg_titan_clamp_g
image,#i_veh_t8_decal_bolt_04_o
image,#i_veh_t8_decal_bolt_04_n
image,#i_veh_t8_decal_bolt_04_c
image,#hash_9540bca4b9f23aac
image,#hash_9540bda4b9f23c5f
image,#fxt_gib_metal_02
image,#fxt_gib_metal_01
image,#ui_icon_obit_melee_secretsanta
image,#i_t8_decal_tech_detail_high_tech_48_m
image,#i_p8_bolt_sub_model_01_o
image,#i_p8_bolt_sub_model_01_n
image,#i_p8_bolt_sub_model_01_r
image,#i_mtl_t8_loot_wpn_smg_folding_decals_n
image,#i_mtl_t8_loot_wpn_smg_folding_decals_c
image,#hash_95555d775450db12
image,#hash_95555e775450dcc5
image,#hash_955561775450e1de
image,#hash_955565775450e8aa
image,#hash_955571775450fd0e
image,#hash_9557ae60f0dc1342
image,#i_wpn_t8_ar_heavy_receiver_rear_o
image,#i_wpn_t8_ar_heavy_receiver_rear_n
image,#i_wpn_t8_ar_heavy_receiver_rear_c
image,#i_wpn_t8_ar_heavy_receiver_rear_g
image,#i_wpn_t8_ar_heavy_receiver_rear_s
image,#i_wpn_t8_ar_heavy_receiver_rear_r
image,#i_veh_t8_concrete_bare_01_c
image,#i_veh_t8_decal_danger_03_c
image,#i_t7_metal_corrugated_rust_s
image,#i_t7_metal_corrugated_rust_n
image,#i_t7_metal_corrugated_rust_g
image,#i_t7_metal_corrugated_rust_c
image,#i_t7_glass_dirty_streaks_02_sml_g
image,#fxt8_wisp_heat_tile_mask
image,#i_t7_snow_powder_03_r
image,#i_t7_snow_powder_03_t
image,#i_mtl_p7_wes_bed_victorian_ornate_wood_02_n
image,#i_mtl_p7_wes_bed_victorian_ornate_wood_02_m
image,#i_veh_t8_decal_greeble_16_t
image,#i_veh_t8_decal_greeble_16_c
image,#i_veh_t8_decal_greeble_16_o
image,#i_veh_t8_decal_greeble_16_n
image,#i_mtl_wpn_t8_loot_shotgun_fullauto_decals_sig_c
image,#i_mtl_p8_col_oven_kitchen_decal02_n
image,#i_wpn_tac_rifle_mid_burst_rail_mk2_n
image,#i_mtl_p7_slu_berlin_office_ceiling_light_t
image,#i_mtl_p7_pipe_metal_hp_12_valve_01_n
image,#i_mtl_p7_pipe_metal_hp_12_valve_01_o
image,#i_mtl_p7_pipe_metal_hp_12_valve_01_m
image,#hash_9588683963123253
image,#hash_9588693963123406
image,#hash_95886a39631235b9
image,#hash_958885396312639a
image,#i_t7_zm_ctl_decal_damage_bullet_plaster_01_c
image,#i_t7_zm_ctl_decal_damage_bullet_plaster_01_n
image,#i_t7_zm_ctl_decal_damage_bullet_plaster_01_o
image,#i_t7_zm_ctl_decal_damage_bullet_plaster_01_r
image,#hash_159b952908ef8c7d
image,#i_attach_t8_loot_smg_burst_fastmag_s
image,#i_attach_t8_loot_smg_burst_fastmag_n
image,#i_attach_t8_loot_smg_burst_fastmag_o
image,#i_attach_t8_loot_smg_burst_fastmag_c
image,#i_attach_t8_loot_smg_burst_fastmag_g
image,#hash_159cfff941128146
image,#hash_159d00f9411282f9
image,#i_wpn_t8_smg_mp9_decals_n
image,#i_wpn_t8_smg_mp9_decals_c
image,#i_mtl_p7_tape_masking_black_s
image,#i_mtl_p7_tape_masking_black_g
image,#i_mtl_p7_tape_masking_black_c
image,#i_mtl_p7_tape_masking_black_n
image,#i_wpn_t8_ar_fastfire_sights_sig_01_g
image,#i_wpn_t8_ar_fastfire_sights_sig_01_c
image,#i_wpn_t8_ar_fastfire_sights_sig_01_n
image,#i_wpn_t8_ar_fastfire_sights_sig_01_o
image,#i_wpn_t8_ar_fastfire_sights_sig_01_s
image,#i_t8_zm_ctl_container115_glass_bubbles_c
image,#i_t8_decal_tech_detail_high_tech_87_c
image,#hash_15ac7f836650305c
image,#hash_15ac878366503df4
image,#i_t8_decal_tech_detail_high_tech_87_n
image,#i_mtl_p8_box_electric_commercial_med_01_metal_m
image,#hash_95b02d24132a17c6
image,#hash_95b02e24132a1979
image,#hash_95b03524132a255e
image,#hash_95b04924132a475a
image,#hash_95b2a0fac4086716
image,#i_veh_t8_glass_pattern_11_n
image,#i_veh_t7_dlc_grunge_rust_01_512_r
image,#i_attach_t8_optic_hybrid_decals_c
image,#i_t8_micro_metal_rough_01_r
image,#i_wpn_t8_pistol_standard_mag_base_sig_02_o
image,#i_wpn_t8_pistol_standard_mag_base_sig_02_n
image,#i_wpn_t8_pistol_standard_mag_base_sig_02_g
image,#i_wpn_t8_pistol_standard_mag_base_sig_02_c
image,#i_wpn_t8_pistol_standard_mag_base_sig_02_s
image,#hash_95c7bbbc908e7574
image,#i_mtl_wpn_t8_loot_ar_standard_spider_sig_02_s
image,#i_mtl_wpn_t8_loot_ar_standard_spider_sig_02_c
image,#i_mtl_wpn_t8_loot_ar_standard_spider_sig_02_g
image,#i_mtl_wpn_t8_loot_ar_standard_spider_sig_02_n
image,#i_mtl_wpn_t8_loot_ar_standard_spider_sig_02_o
image,#i_c_gen_detail_fiberous_n
image,#i_t7_micro_wood_rough_03_n
image,#i_t7_micro_wood_rough_03_c
image,#i_t7_micro_wood_rough_03_g
image,#hash_15e35aaf7499f28c
image,#hash_15e35baf7499f43f
image,#hash_15e35eaf7499f958
image,#hash_15e36faf749a163b
image,#i_t7_decal_signage_cai_military_gloss_g
image,#i_mtl_p8_chi_pipe_support_04_o
image,#i_mtl_p8_chi_pipe_support_04_n
image,#fxt_light_orb_hot
image,#hash_15f33e19ca856af7
image,#i_mtl_p7_bed_boxspring_queen_02_cloth_02_n
image,#i_mtl_p7_bed_boxspring_queen_02_cloth_02_c
image,#i_wpn_t8_smg_accurate_stock_sig_03_g
image,#i_wpn_t8_smg_accurate_stock_sig_03_c
image,#i_wpn_t8_smg_accurate_stock_sig_03_n
image,#i_wpn_t8_smg_accurate_stock_sig_03_o
image,#i_wpn_t8_smg_accurate_stock_sig_03_s
image,#i_wpn_t8_launcher_standard_screws_o
image,#i_wpn_t8_launcher_standard_screws_n
image,#i_wpn_t8_launcher_standard_screws_g
image,#i_wpn_t8_launcher_standard_screws_c
image,#i_wpn_t8_launcher_standard_screws_s
image,#hash_95fc9c7df21711ab
image,#i_wpn_t8_sniper_koshka_bolt_g
image,#i_wpn_t8_sniper_koshka_bolt_c
image,#i_wpn_t8_sniper_koshka_bolt_n
image,#i_wpn_t8_sniper_koshka_bolt_o
image,#i_wpn_t8_sniper_koshka_bolt_s
image,#hash_16075cc119a8edb8
image,#hash_16075fc119a8f2d1
image,#hash_9607ad81d9b418d9
image,#hash_9607b881d9b42b8a
image,#hash_1607d87fb09b9d11
image,#i_wpn_t8_ar_accurate_fire_sig_03_s
image,#i_wpn_t8_ar_accurate_fire_sig_03_n
image,#i_wpn_t8_ar_accurate_fire_sig_03_o
image,#i_wpn_t8_ar_accurate_fire_sig_03_g
image,#i_wpn_t8_tac_rifle_swordfish_upper_mk2_t
image,#i_wpn_t8_tac_rifle_swordfish_upper_mk2_m
image,#i_mtl_p8_foliage_grass_long_skinny_lrg_dry_proxy_normal
image,#i_wpn_t8_smg_handling_mag_sig_02_s
image,#i_wpn_t8_smg_handling_mag_sig_02_n
image,#i_wpn_t8_smg_handling_mag_sig_02_g
image,#i_wpn_t8_smg_handling_mag_sig_02_c
image,#i_wpn_t8_micro_fabric_strap_01_n
image,#i_wpn_t8_micro_fabric_strap_01_g
image,#i_wpn_t8_micro_fabric_strap_01_c
image,#hash_96129aaf5f38b786
image,#i_wpn_t8_crossbow_mag_lock_base_g
image,#i_wpn_t8_crossbow_mag_lock_base_c
image,#i_wpn_t8_crossbow_mag_lock_base_o
image,#i_wpn_t8_crossbow_mag_lock_base_n
image,#i_wpn_t8_crossbow_mag_lock_base_s
image,#i_wpn_t8_crossbow_mag_lock_base_r
image,#hash_962df0584191b546
image,#ui_icon_weapon_pistol_burst
image,#hash_96376bc3965e0a04
image,#hash_96376fc3965e10d0
image,#hash_963770c3965e1283
image,#hash_963777c3965e1e68
image,#hash_96377bc3965e2534
image,#i_mtl_p7_box_cardboard_open02_c
image,#i_mtl_p7_tank_nitrogen_metal_n
image,#fxt_spark_single_mask
image,#i_mtl_p8_usa_submarine_interior_periscope_bolts_n
image,#i_mtl_p8_usa_submarine_interior_periscope_bolts_o
image,#i_mtl_p8_usa_submarine_interior_periscope_bolts_m
image,#i_wpn_t8_smg_capacity_rail_base_r
image,#i_wpn_t8_smg_capacity_rail_base_m
image,#i_wpn_t8_smg_capacity_rail_base_n
image,#i_wpn_t8_smg_capacity_rail_base_o
image,#hash_1644f7b93c9bd6b5
image,#i_mtl_wpn_t8_zm_towers_scorpion_body_plate_front_c
image,#i_mtl_wpn_t8_zm_towers_scorpion_body_plate_front_e
image,#i_mtl_wpn_t8_zm_towers_scorpion_body_plate_front_g
image,#i_mtl_wpn_t8_zm_towers_scorpion_body_plate_front_o
image,#i_mtl_wpn_t8_zm_towers_scorpion_body_plate_front_n
image,#i_mtl_wpn_t8_zm_towers_scorpion_body_plate_front_s
image,#i_mtl_attach_t8_loot_smg_vmp_barrel_01_c
image,#i_mtl_attach_t8_loot_smg_vmp_barrel_01_g
image,#i_mtl_attach_t8_loot_smg_vmp_barrel_01_n
image,#i_mtl_attach_t8_loot_smg_vmp_barrel_01_o
image,#i_mtl_attach_t8_loot_smg_vmp_barrel_01_r
image,#i_mtl_attach_t8_loot_smg_vmp_barrel_01_s
image,#i_mtl_p8_wz_foliage_bush_creosote_02_dry_proxy_albedo
image,#hash_964d9bc731fbd141
image,#hash_164ef5b25ea9246e
image,#i_mtl_attach_t8_loot_smg_minigun_fmj01_n
image,#i_mtl_attach_t8_loot_smg_minigun_fmj01_o
image,#i_mtl_attach_t8_loot_smg_minigun_fmj01_g
image,#i_mtl_attach_t8_loot_smg_minigun_fmj01_c
image,#i_mtl_attach_t8_loot_smg_minigun_fmj01_s
image,#ui_icon_weapon_flamethrower_render
image,#i_mtl_p7_slu_alarm_fire_decal_c
image,#i_mtl_p7_signage_metal_exit_screen_c
image,#mtl_p8_zm_scepter_beacon_sphere_c
image,#i_t8_decal_grunge_water_puddle_tiling_01_128_n
image,#i_t8_decal_grunge_water_puddle_tiling_01_128_t
image,#i_t8_decal_grunge_water_puddle_tiling_01_128_r
image,#i_mtl_wpn_t8_camo_sub_02_c
image,#i_t8_wpn_smg_accurate_barrel_sig_01_c
image,#i_t8_wpn_smg_accurate_barrel_sig_01_g
image,#i_t8_wpn_smg_accurate_barrel_sig_01_n
image,#i_t8_wpn_smg_accurate_barrel_sig_01_o
image,#i_t8_wpn_smg_accurate_barrel_sig_01_s
image,#hash_168294ba0afe2903
image,#hash_168298ba0afe2fcf
image,#hash_16829bba0afe34e8
image,#i_t7_micro_concrete_bare_weathered_02_g
image,#i_t7_micro_concrete_bare_weathered_02_c
image,#i_t7_micro_concrete_bare_weathered_02_n
image,#i_wpn_t8_shotgun_semi_base_sig_01_c
image,#i_wpn_t8_shotgun_semi_base_sig_01_g
image,#i_wpn_t8_shotgun_semi_base_sig_01_n
image,#i_wpn_t8_shotgun_semi_base_sig_01_o
image,#i_wpn_t8_shotgun_semi_base_sig_01_r
image,#i_wpn_t8_shotgun_semi_base_sig_01_s
image,#i_mtl_p8_wz_supply_stash_chest_decal_01_n
image,#hash_1690beef18b1ecb6
image,#hash_1690cbef18b202cd
image,#hash_9690f60a52c6bd69
image,#i_wpn_t8_loot_smg_burst_weapon_g
image,#i_wpn_t8_loot_smg_burst_weapon_c
image,#i_wpn_t8_loot_smg_burst_weapon_o
image,#i_wpn_t8_loot_smg_burst_weapon_n
image,#i_wpn_t8_loot_smg_burst_weapon_s
image,#i_wpn_t8_loot_smg_burst_weapon_r
image,#hash_96940ab67b0285d8
image,#hash_9697dce71c3b4c70
image,#hash_9697dfe71c3b5189
image,#i_wpn_t8_ar_fastfire_decals_sig_01_n
image,#i_wpn_t8_ar_fastfire_decals_sig_01_o
image,#i_wpn_t8_ar_fastfire_decals_sig_01_g
image,#i_wpn_t8_ar_fastfire_decals_sig_01_c
image,#i_wpn_t8_ar_fastfire_decals_sig_01_s
image,#i_mtl_attach_t8_shotgun_semi_ext_mag_02_r
image,#i_t7_plaster_paint_peel_c
image,#i_wpn_t8_lmg_titan_sig_02_upper_s
image,#i_wpn_t8_lmg_titan_sig_02_upper_c
image,#i_wpn_t8_lmg_titan_sig_02_upper_e
image,#i_wpn_t8_lmg_titan_sig_02_upper_g
image,#i_wpn_t8_lmg_titan_sig_02_upper_n
image,#i_wpn_t8_lmg_titan_sig_02_upper_o
image,#hash_969f28c9f5d8f306
image,#i_mtl_p8_wz_foliage_bush_erigonum_flower_01_n
image,#i_mtl_p8_wz_foliage_bush_erigonum_flower_01_c
image,#i_mtl_p8_tree_dead_large_01_c
image,#i_mtl_p8_tree_dead_large_01_n
image,#i_mtl_p8_tree_dead_large_01_o
image,#i_t8_decal_tech_detail_line_trim_01b_n
image,#i_t7_decal_blood_splatter_03_n
image,#i_t7_decal_blood_splatter_03_c
image,#i_mtl_wpn_t8_loot_lmg_mk48_handle_mk2_n
image,#i_mtl_wpn_t8_loot_lmg_mk48_handle_mk2_m
image,#i_mtl_t8_wpn_shotgun_semi_straps_r
image,#hash_96ae74046248ca0a
image,#hash_96ae75046248cbbd
image,#hash_96ae78046248d0d6
image,#hash_96ae79046248d289
image,#hash_96ae80046248de6e
image,#hash_96ae84046248e53a
image,#i_mtl_wpn_t8_zm_towers_scorpion_tail_s
image,#i_mtl_wpn_t8_zm_towers_scorpion_tail_g
image,#i_mtl_wpn_t8_zm_towers_scorpion_tail_e
image,#i_mtl_wpn_t8_zm_towers_scorpion_tail_c
image,#i_mtl_wpn_t8_zm_towers_scorpion_tail_n
image,#i_mtl_wpn_t8_zm_towers_scorpion_tail_o
image,#i_mtl_wpn_t8_zm_freeze_gun_01_s
image,#i_mtl_wpn_t8_zm_freeze_gun_01_g
image,#i_mtl_wpn_t8_zm_freeze_gun_01_o
image,#i_mtl_wpn_t8_zm_freeze_gun_01_n
image,#i_wpn_t8_hero_war_machine_barrel_g
image,#i_wpn_t8_hero_war_machine_barrel_c
image,#i_wpn_t8_hero_war_machine_barrel_o
image,#i_wpn_t8_hero_war_machine_barrel_n
image,#i_wpn_t8_hero_war_machine_barrel_s
image,#i_t7_asphalt_dirty_dark_desert_n
image,#i_t7_asphalt_dirty_dark_desert_c
image,#i_wpn_t7_zmb_perk_bottle_paper_2tap_c
image,#i_wpn_t8_tac_rifle_swordfish_bolt_mk2_m
image,#i_wpn_t8_loot_tac_rifle_damageburst_base_s
image,#i_wpn_t8_loot_tac_rifle_damageburst_base_r
image,#i_wpn_t8_loot_tac_rifle_damageburst_base_o
image,#i_wpn_t8_loot_tac_rifle_damageburst_base_n
image,#i_wpn_t8_loot_tac_rifle_damageburst_base_c
image,#i_wpn_t8_loot_tac_rifle_damageburst_base_g
image,#i_c_t8_zmb_mob_zombie_head2_m
image,#i_c_t8_zmb_mob_zombie_head2_o
image,#i_c_t8_zmb_mob_zombie_head2_n
image,#i_c_t8_zmb_mob_zombie_head2_c
image,#i_c_t8_zmb_mob_zombie_head2_g
image,#i_c_t8_zmb_mob_zombie_head2_s
image,#hash_16e1f6313d3eee89
image,#i_mtl_p7_bottle_glass_wine_n
image,#i_mtl_p7_zm_isl_bed_infirmary_mattress_worn_r
image,#i_mtl_p7_zm_isl_bed_infirmary_mattress_worn_c
image,#i_mtl_p7_zm_isl_bed_infirmary_mattress_worn_n
image,#i_veh_t8_base_paint_07_dead_c
image,#i_wpn_t8_ar_kn57_mag_r
image,#i_wpn_t8_ar_kn57_mag_s
image,#i_wpn_t8_ar_kn57_mag_g
image,#i_wpn_t8_ar_kn57_mag_c
image,#i_wpn_t8_ar_kn57_mag_n
image,#i_wpn_t8_ar_kn57_mag_o
image,#fxt_water_splash_cone_spread_anim
image,#hash_16ff02d9a590e60d
image,#hash_97019ee865c3e771
image,#i_attach_t8_smg_capacity_ext_mag_03_zipper_n
image,#i_attach_t8_smg_capacity_ext_mag_03_zipper_o
image,#i_attach_t8_smg_capacity_ext_mag_03_zipper_g
image,#hash_1706580c7a791d33
image,#i_t8_micro_concrete_cinderblock_01_h
image,#i_t8_micro_concrete_cinderblock_01_n
image,#i_wpn_t8_eqp_turret_mini_case_panel_top_n
image,#i_wpn_t8_eqp_turret_mini_case_panel_top_o
image,#i_wpn_t8_eqp_turret_mini_case_panel_top_c
image,#i_wpn_t8_eqp_turret_mini_case_panel_top_g
image,#i_p8_zm_zod_mail_bag_set_fabric_n
image,#i_p8_zm_zod_mail_bag_set_fabric_c
image,#i_wpn_t8_ar_heavy_decal_caution_c
image,#i_mtl_p7_wires_electrical_s
image,#i_mtl_p7_wires_electrical_c
image,#i_mtl_p7_wires_electrical_g
image,#i_mtl_p7_wires_electrical_n
image,#ui_icon_weapon_hud_smg_fastburst_tactical_wz
image,#hash_971dbd0777059ef3
image,#hash_971dc1077705a5bf
image,#hash_971dc8077705b1a4
image,#hash_971dcd077705ba23
image,#hash_97297def8d2524f7
image,#i_t8_wpn_smg_capacity_stock_sig_n
image,#i_t8_wpn_smg_capacity_stock_sig_o
image,#hash_17303bba05972e35
image,#hash_17303eba0597334e
image,#hash_173042ba05973a1a
image,#hash_9730c32a3c65ab50
image,#i_wpn_t8_lmg_titan_sig_02_handguard_s
image,#i_wpn_t8_lmg_titan_sig_02_handguard_g
image,#i_wpn_t8_lmg_titan_sig_02_handguard_e
image,#i_wpn_t8_lmg_titan_sig_02_handguard_c
image,#i_wpn_t8_lmg_titan_sig_02_handguard_n
image,#i_wpn_t8_lmg_titan_sig_02_handguard_o
image,#i_c_gen_detail_wrinkles_n
image,#hash_173a656a21f55f68
image,#i_mtl_p8_zm_esc_crate_wood_lrg_tear_o
image,#i_mtl_p8_zm_esc_crate_wood_lrg_tear_n
image,#i_mtl_p8_zm_esc_crate_wood_lrg_tear_c
image,#i_mtl_p8_zm_esc_crate_wood_lrg_tear_g
image,#i_t8_wpn_smg_capacity_lower_receiver_sig_o
image,#i_t8_wpn_smg_capacity_lower_receiver_sig_n
image,#ui_icon_obit_ar_standard
image,#i_veh_t8_decal_panel_13_n
image,#i_veh_t8_decal_panel_13_o
image,#i_veh_t8_decal_panel_13_c
image,#i_veh_t8_decal_panel_13_g
image,#i_veh_t8_decal_panel_13_r
image,#i_wpn_t8_sig_flamethrower_dial_c
image,#hash_974ce008c4d1ceec
image,#i_mtl_p7_zm_der_light_set_m
image,#i_mtl_p7_zm_der_light_set_n
image,#i_t8_decal_blood_streaks_wall_light_01_c
image,#i_wpn_t8_sig_blade_hilt_m
image,#i_wpn_t8_sig_blade_hilt_o
image,#i_wpn_t8_sig_blade_hilt_n
image,#hash_17693b2edd78c594
image,#i_wpn_t8_eqp_smartcover_handle_n_track_s
image,#i_wpn_t8_eqp_smartcover_handle_n_track_n
image,#i_wpn_t8_eqp_smartcover_handle_n_track_o
image,#i_wpn_t8_eqp_smartcover_handle_n_track_c
image,#i_wpn_t8_eqp_smartcover_handle_n_track_g
image,#i_t8_micro_sand_01_n
image,#i_mtl_p8_zm_esc_table_wood_lrg_tablecloth_n
image,#i_mtl_p8_zm_esc_table_wood_lrg_tablecloth_r
image,#i_mtl_p7_global_chainlink_fence_kit_01_n
image,#i_mtl_p7_global_chainlink_fence_kit_01_o
image,#ui_icon_weapon_smg_accurate_sig_02_render
image,#i_mtl_t8_wpn_loot_smg_folding_decal_01_mk2_c
image,#limbs_c
image,#limbs_n
image,#i_wpn_t8_sniper_koshka_scope_02_g
image,#i_wpn_t8_sniper_koshka_scope_02_c
image,#i_wpn_t8_sniper_koshka_scope_02_n
image,#i_wpn_t8_sniper_koshka_scope_02_o
image,#i_wpn_t8_sniper_koshka_scope_02_r
image,#i_wpn_t8_sniper_koshka_scope_02_s
image,#i_mtl_wpn_t8_lmg_heavy_stock_sig_02_e
image,#i_mtl_wpn_t8_lmg_heavy_stock_sig_02_g
image,#i_mtl_wpn_t8_lmg_heavy_stock_sig_02_c
image,#i_mtl_wpn_t8_lmg_heavy_stock_sig_02_o
image,#i_mtl_wpn_t8_lmg_heavy_stock_sig_02_n
image,#i_mtl_wpn_t8_lmg_heavy_stock_sig_02_s
image,#i_wpn_t8_loot_smg_burst_sling_mk2_m
image,#i_wpn_t8_tac_rifle_surgeon_barrel_o
image,#i_wpn_t8_tac_rifle_surgeon_barrel_n
image,#i_wpn_t8_tac_rifle_surgeon_barrel_g
image,#i_wpn_t8_tac_rifle_surgeon_barrel_c
image,#i_wpn_t8_tac_rifle_surgeon_barrel_s
image,#fxt_sparks_rndhit
image,#i_mtl_p8_zm_esc_cell_skylight_frame_end_m
image,#i_mtl_p8_zm_esc_cell_skylight_frame_end_o
image,#i_mtl_p8_zm_esc_cell_skylight_frame_end_n
image,#i_mtl_p8_chi_camera_security_bubble_wall_mount_bolts_c
image,#i_mtl_p8_chi_camera_security_bubble_wall_mount_bolts_n
image,#hash_978f401e05e6f5aa
image,#hash_978f441e05e6fc76
image,#hash_978f451e05e6fe29
image,#hash_978f4a1e05e706a8
image,#hash_978f4c1e05e70a0e
image,#hash_978f501e05e710da
image,#i_mtl_p7_coffee_table_wood_02_worn_tile01_n
image,#i_mtl_p7_coffee_table_wood_02_worn_tile01_c
image,#hash_9797467a61c88758
image,#i_veh_t8_decal_gauge_28_n
image,#i_attach_t8_optic_red_dot_mounting_n
image,#i_attach_t8_optic_red_dot_mounting_o
image,#i_attach_t8_optic_red_dot_mounting_g
image,#i_attach_t8_optic_red_dot_mounting_c
image,#i_attach_t8_optic_red_dot_mounting_s
image,#i_mtl_p7_zm_tra_tv_vintage_m
image,#i_mtl_p7_zm_tra_tv_vintage_n
image,#i_veh_t7_detail_char05_c
image,#i_veh_t7_detail_char05_g
image,#fxt8_spark_rndhit_alpha_nomip
image,#ui_icon_weapon_lmg_spray
image,#i_wpn_t8_loot_ar_peacekeeper_base_s
image,#i_wpn_t8_loot_ar_peacekeeper_base_n
image,#i_wpn_t8_loot_ar_peacekeeper_base_o
image,#i_wpn_t8_loot_ar_peacekeeper_base_g
image,#i_wpn_t8_loot_ar_peacekeeper_base_c
image,#i_wpn_t8_sniper_vanguard_bullet_s
image,#i_wpn_t8_sniper_vanguard_bullet_n
image,#i_wpn_t8_sniper_vanguard_bullet_o
image,#i_wpn_t8_sniper_vanguard_bullet_g
image,#i_mtl_wpn_t8_ar_modular_pearl_sig_03_s
image,#i_mtl_wpn_t8_ar_modular_pearl_sig_03_c
image,#i_mtl_wpn_t8_ar_modular_pearl_sig_03_g
image,#i_wpn_t8_ar_kn57_bullet_c
image,#i_wpn_t8_ar_kn57_bullet_g
image,#core_dirt_dark_c
image,#i_wpn_t8_ar_kn57_bullet_o
image,#i_wpn_t8_ar_kn57_bullet_n
image,#i_wpn_t8_ar_kn57_bullet_s
image,#i_wpn_t8_ar_kn57_bullet_r
image,#hash_97af51b15ba85575
image,#i_wpn_t7_shotty_prec_fast_mag_base_s
image,#i_wpn_t7_shotty_prec_fast_mag_base_c
image,#i_wpn_t7_shotty_prec_fast_mag_base_g
image,#i_wpn_t7_shotty_prec_fast_mag_base_o
image,#i_wpn_t7_shotty_prec_fast_mag_base_n
image,#cookie_pulse_multi03
image,#i_p8_col_ship_door_frame_o
image,#i_p8_col_ship_door_frame_n
image,#i_p8_col_ship_door_frame_c
image,#i_p8_col_ship_door_frame_g
image,#i_mtl_p7_mou_cargo_pallet_net_decal_01_n
image,#i_mtl_p7_mou_cargo_pallet_net_decal_01_c
image,#hash_17d5453ce442b579
image,#i_mtl_p7_shelf_industrial_vintage_wood_c
image,#i_mtl_p7_shelf_industrial_vintage_wood_n
image,#i_t7_metal_painted_panels_whie_c
image,#i_t7_metal_painted_panels_whie_n
image,#hash_17d7cb11f800265f
image,#ui_icon_inventory_p7_fir_ball_sports_basketball
image,#hash_17d9dc6ef4a73b62
image,#fxt8_spark_rndhit_core_hdr
image,#i_t7_vista_decal_grunge_burnt_stain_03_r
image,#i_veh_t8_mil_heli_light_navi_light_m
image,#i_veh_t8_mil_heli_light_navi_light_o
image,#i_veh_t8_mil_heli_light_navi_light_n
image,#i_mtl_p7_zm_isl_light_wall_vintage_metal_m
image,#i_mtl_p7_zm_isl_light_wall_vintage_metal_n
image,#hash_17df30ce4bc75ca3
image,#hash_17df3bce4bc76f54
image,#i_wpn_t8_smg_fastfire_handgaurd_01_n
image,#i_wpn_t8_smg_fastfire_handgaurd_01_o
image,#i_wpn_t8_smg_fastfire_handgaurd_01_g
image,#i_wpn_t8_smg_fastfire_handgaurd_01_c
image,#i_wpn_t8_smg_fastfire_handgaurd_01_s
image,#fxt_smk_trail_tracer_chaser
image,#i_t7_plastic_fiberglass_bench_g
image,#i_veh_t8_detail_stucco_01
image,#i_veh_t8_dead_dents_tile_02_n
image,#i_wpn_t8_sniper_vanguard_scope_p4_g
image,#i_wpn_t8_sniper_vanguard_scope_p4_c
image,#i_wpn_t8_sniper_vanguard_scope_p4_m
image,#i_wpn_t8_sniper_vanguard_scope_p4_o
image,#i_wpn_t8_sniper_vanguard_scope_p4_n
image,#i_wpn_t8_sniper_vanguard_scope_p4_s
image,#hash_97ed63db82fd891d
image,#hash_97ed66db82fd8e36
image,#hash_97ed67db82fd8fe9
image,#hash_97ed6fdb82fd9d81
image,#hash_97ed73db82fda44d
image,#i_wpn_t8_ar_modular_02_clip_sig_01_s
image,#i_wpn_t8_ar_modular_02_clip_sig_01_o
image,#i_wpn_t8_ar_modular_02_clip_sig_01_n
image,#i_wpn_t8_ar_modular_02_clip_sig_01_c
image,#i_wpn_t8_ar_modular_02_clip_sig_01_g
image,#hash_17f4c006f118def4
image,#hash_17f4c106f118e0a7
image,#hash_17f4c206f118e25a
image,#i_mtl_p7_zm_der_magic_box_qmark_clds_c
image,#i_t7_concrete_painted_wet_white_c
image,#i_t7_concrete_painted_wet_white_r
image,#i_mtl_p8_zm_esc_hallway_railing_set_02_m
image,#i_mtl_p8_zm_esc_hallway_railing_set_02_n
image,#hash_97f867dc4574dd38
image,#hash_97f873dc4574f19c
image,#hash_97f874dc4574f34f
image,#hash_97f877dc4574f868
image,#hash_97f87bdc4574ff34
image,#i_wpn_t8_tr_midburst_mainbody_sig_02_s
image,#i_wpn_t8_tr_midburst_mainbody_sig_02_c
image,#i_wpn_t8_tr_midburst_mainbody_sig_02_g
image,#i_wpn_t8_tr_midburst_mainbody_sig_02_o
image,#i_wpn_t8_tr_midburst_mainbody_sig_02_n
image,#hash_9800ad36791adf70
image,#i_mtl_p8_ibeam_01_straight_01_s
image,#i_mtl_p8_ibeam_01_straight_01_n
image,#i_mtl_p8_ibeam_01_straight_01_g
image,#i_mtl_p8_ibeam_01_straight_01_c
image,#i_attach_t8_sniper_koshka_grip_02_g
image,#i_attach_t8_sniper_koshka_grip_02_c
image,#i_attach_t8_sniper_koshka_grip_02_n
image,#i_attach_t8_sniper_koshka_grip_02_o
image,#i_attach_t8_sniper_koshka_grip_02_r
image,#i_attach_t8_sniper_koshka_grip_02_s
image,#i_mtl_p7_cai_tent_canvas_stitches_c
image,#i_mtl_p7_cai_tent_canvas_stitches_n
image,#i_mtl_p7_zm_mob_vial_surgical_01_n
image,#i_mtl_p7_zm_mob_vial_surgical_01_c
image,#hash_980fe1744429a0be
image,#hash_98117f634a0fb684
image,#i_t8_linoleum_floor_02_tile_4x4_n
image,#hash_9814c0d7a5ff3e80
image,#hash_9814c4d7a5ff454c
image,#hash_9814ccd7a5ff52e4
image,#hash_9814cdd7a5ff5497
image,#hash_9814d0d7a5ff59b0
image,#i_wpn_t8_crossbow_turnstyle_base_n
image,#i_wpn_t8_crossbow_turnstyle_base_o
image,#i_p8_jpn_bank_money_american_c
image,#i_wpn_t8_tac_rifle_swordfish_decals_c
image,#i_mtl_p7_crate_wood_02_nail_c
image,#i_mtl_p7_crate_wood_02_nail_n
image,#i_mtl_p7_slu_door_white_frame_02_n
image,#i_mtl_p7_slu_door_white_frame_02_m
image,#i_wpn_t8_ar_accurate_handguard_base_r
image,#i_wpn_t8_ar_accurate_handguard_base_s
image,#i_wpn_t8_ar_accurate_handguard_base_n
image,#i_wpn_t8_ar_accurate_handguard_base_o
image,#i_wpn_t8_ar_accurate_handguard_base_c
image,#i_wpn_t8_ar_accurate_handguard_base_g
image,#hash_9826468df2ef000c
image,#hash_9826478df2ef01bf
image,#hash_98264a8df2ef06d8
image,#hash_98264e8df2ef0da4
image,#hash_98265a8df2ef2208
image,#hash_982d8ecddf39a413
image,#hash_982d90cddf39a779
image,#hash_982d92cddf39aadf
image,#hash_982d95cddf39aff8
image,#hash_982d96cddf39b1ab
image,#hash_982da2cddf39c60f
image,#i_t8_zm_gla_nor_stone_marble_floor_01_g
image,#i_p8_zm_zod_wall_box_electrical_set_base_metal_r
image,#i_p8_zm_zod_wall_box_electrical_set_base_metal_n
image,#i_c_t8_zmb_homunculus_torso_g
image,#i_c_t8_zmb_homunculus_torso_c
image,#i_c_t8_zmb_homunculus_torso_n
image,#i_c_t8_zmb_homunculus_torso_o
image,#i_veh_t8_mil_heli_light_body_front_ir
image,#hash_18366e1b07fc3c34
image,#hash_98376212ae707d5e
image,#i_t7_camo_glitter_dd_g
image,#i_t8_micro_stone_01_g
image,#i_mtl_p8_esc_generator_lrg_control_c
image,#i_mtl_p8_esc_generator_lrg_control_m
image,#i_mtl_p8_esc_generator_lrg_control_n
image,#i_mtl_p7_zm_zod_crane_gear_02_n
image,#i_mtl_p7_zm_zod_crane_gear_02_m
image,#hash_98414202be51c973
image,#hash_98415202be51e4a3
image,#hash_98415602be51eb6f
image,#hash_98415d02be51f754
image,#hash_98415e02be51f907
image,#i_mtl_p7_debris_concrete_rubble_med_04_warm_c
image,#i_orange_hazard_light_n
image,#i_orange_hazard_light_c
image,#i_orange_hazard_light_s
image,#hash_985613e95d929d38
image,#i_attach_t8_shotgun_semi_barrel_g
image,#i_attach_t8_shotgun_semi_barrel_c
image,#i_attach_t8_shotgun_semi_barrel_o
image,#i_attach_t8_shotgun_semi_barrel_n
image,#i_attach_t8_shotgun_semi_barrel_s
image,#i_t8_micro_metal_rust_chunky_01_n
image,#i_t8_micro_metal_rust_chunky_01_c
image,#i_t8_decal_tech_detail_high_tech_05_o
image,#i_t8_decal_tech_detail_high_tech_05_n
image,#i_t8_decal_tech_detail_high_tech_05_g
image,#i_t8_decal_tech_detail_high_tech_05_c
image,#i_wpn_t8_eqp_tripwire_slingshot_ammo_o
image,#i_wpn_t8_eqp_tripwire_slingshot_ammo_n
image,#i_wpn_t8_eqp_tripwire_slingshot_ammo_g
image,#i_wpn_t8_eqp_tripwire_slingshot_ammo_c
image,#i_wpn_t8_eqp_tripwire_slingshot_ammo_s
image,#hash_9863a0237b5c514a
image,#hash_9863a1237b5c52fd
image,#hash_9863a4237b5c5816
image,#hash_9863a5237b5c59c9
image,#hash_9863ac237b5c65ae
image,#hash_9863b0237b5c6c7a
image,#i_mtl_p8_zm_esc_cloth_pile_02_dark_m
image,#i_mtl_p8_foliage_grass_blades_wild_set_06_n
image,#i_mtl_p8_foliage_grass_blades_wild_set_06_c
image,#i_mtl_p8_zm_esc_power_house_stair_metal_corner_o
image,#i_mtl_p8_zm_esc_power_house_stair_metal_corner_n
image,#i_mtl_p8_zm_esc_power_house_stair_metal_corner_m
image,#i_t8_concrete_plain_dirty_01_n
image,#i_t8_concrete_plain_dirty_01_c
image,#i_t8_concrete_plain_dirty_01_g
image,#i_wpn_tac_rifle_mid_burst_charginhandle_r
image,#hash_986f60a72a2823b7
image,#hash_986f63a72a2828d0
image,#i_wpn_tac_rifle_mid_burst_charginhandle_o
image,#i_wpn_tac_rifle_mid_burst_charginhandle_g
image,#hash_986f70a72a283ee7
image,#i_mtl_p7_cai_weigh_scale_vintage_paintedmetal_c
image,#i_mtl_p7_cai_weigh_scale_vintage_paintedmetal_n
image,#hash_18766080a0586d76
image,#i_mtl_attach_t8_loot_ar_an94_dbal_01_n
image,#i_mtl_attach_t8_loot_ar_an94_dbal_01_o
image,#i_mtl_attach_t8_loot_ar_an94_dbal_01_g
image,#i_mtl_attach_t8_loot_ar_an94_dbal_01_c
image,#i_mtl_attach_t8_loot_ar_an94_dbal_01_s
image,#i_attach_t8_sniper_vanguard_bipod_01_s
image,#i_attach_t8_sniper_vanguard_bipod_01_m
image,#i_attach_t8_sniper_vanguard_bipod_01_n
image,#i_attach_t8_sniper_vanguard_bipod_01_o
image,#i_attach_t8_sniper_vanguard_bipod_01_g
image,#i_attach_t8_sniper_vanguard_bipod_01_c
image,#i_mtl_wpn_t8_ar_kn57_grip_alt_mk2_multi_m
image,#i_attach_t8_tac_rifle_surgeon_hical_01_r
image,#hash_9881337fbc905e1d
image,#hash_9881367fbc906336
image,#i_mtl_wpn_t8_loot_melee_zombie_arm_bracelet_o
image,#i_mtl_wpn_t8_loot_melee_zombie_arm_bracelet_n
image,#i_mtl_wpn_t8_loot_melee_zombie_arm_bracelet_c
image,#i_mtl_wpn_t8_loot_melee_zombie_arm_bracelet_g
image,#i_mtl_wpn_t8_loot_melee_zombie_arm_bracelet_s
image,#i_t8_glass_wall_solar_plates_n
image,#i_t8_glass_wall_solar_plates_c
image,#i_t8_glass_wall_solar_plates_g
image,#i_mtl_p7_conduit_metal_parts_o
image,#i_mtl_p7_conduit_metal_parts_n
image,#i_mtl_p7_conduit_metal_parts_g
image,#i_mtl_p7_conduit_metal_parts_s
image,#i_p8_ice_kit_gutters_01_g
image,#i_p8_ice_kit_gutters_01_c
image,#i_mtl_p8_col_rocks_sm_beach_set_01_n
image,#i_mtl_p8_col_rocks_sm_beach_set_01_o
image,#i_p8_ice_kit_gutters_01_o
image,#i_mtl_p8_col_rocks_sm_beach_set_01_c
image,#i_mtl_p8_col_rocks_sm_beach_set_01_g
image,#i_wpn_t8_lmg_titan_sig_02_base_front_o
image,#i_wpn_t8_lmg_titan_sig_02_base_front_n
image,#i_wpn_t8_lmg_titan_sig_02_base_front_e
image,#i_wpn_t8_lmg_titan_sig_02_base_front_g
image,#i_wpn_t8_lmg_titan_sig_02_base_front_c
image,#i_wpn_t8_lmg_titan_sig_02_base_front_s
image,#hash_1893557b5a073cf7
image,#i_wpn_t8_eqp_sensor_dart_gun_bolts_s
image,#i_wpn_t8_eqp_sensor_dart_gun_bolts_n
image,#i_wpn_t8_eqp_sensor_dart_gun_bolts_o
image,#i_wpn_t8_eqp_sensor_dart_gun_bolts_c
image,#i_wpn_t8_eqp_sensor_dart_gun_bolts_g
image,#i_t7_micro_cloth_tarp_n
image,#i_veh_t8_decal_damage_glass_shatter_c
image,#i_mtl_p8_pallet_military_metal_decal_dirty_02_c
image,#i_t8_decal_grunge_rust_04_sml_c
image,#i_mtl_p8_zm_esc_sheet_metal_2x8_m
image,#i_mtl_p8_zm_esc_sheet_metal_2x8_o
image,#i_mtl_p8_zm_esc_sheet_metal_2x8_n
image,#i_t8_wpn_smg_accurate_stock_s
image,#i_t8_wpn_smg_accurate_stock_n
image,#i_t8_wpn_smg_accurate_stock_o
image,#i_t8_wpn_smg_accurate_stock_g
image,#i_t8_wpn_smg_accurate_stock_c
image,#i_aml_fish_salmon_halibut_01_s
image,#hash_98aa521b185cb1cc
image,#i_veh_t8_mil_boat_tactical_raft_engine_m
image,#i_veh_t8_mil_boat_tactical_raft_engine_o
image,#i_veh_t8_mil_boat_tactical_raft_engine_n
image,#i_wpn_t8_ar_heavy_decal_01_n
image,#i_wpn_t8_ar_heavy_decal_01_c
image,#i_mtl_veh_t8_drone_rcxd_body_lower_n
image,#i_mtl_veh_t8_drone_rcxd_body_lower_o
image,#i_mtl_veh_t8_drone_rcxd_body_lower_m
image,#hash_98ad5a4544f1dbf9
image,#i_wpn_t8_shotgun_pump_sig_02_body_c
image,#i_wpn_t8_shotgun_pump_sig_02_body_g
image,#i_wpn_t8_shotgun_pump_sig_02_body_n
image,#i_wpn_t8_shotgun_pump_sig_02_body_o
image,#i_wpn_t8_shotgun_pump_sig_02_body_s
image,#hash_98ae85551a6d7696
image,#hash_98ae92551a6d8cad
image,#hash_98b00e6a1806ea24
image,#hash_98b0126a1806f0f0
image,#hash_98b0136a1806f2a3
image,#hash_98b01a6a1806fe88
image,#hash_98b01e6a18070554
image,#i_t8_wpn_pistol_revolver_handle_sig_02_s
image,#i_t8_wpn_pistol_revolver_handle_sig_02_n
image,#i_t8_wpn_pistol_revolver_handle_sig_02_o
image,#i_t8_wpn_pistol_revolver_handle_sig_02_c
image,#i_t8_wpn_pistol_revolver_handle_sig_02_g
image,#i_t7_decal_damage_metal_hole_01_g
image,#i_t7_decal_damage_metal_hole_01_c
image,#i_t7_decal_damage_metal_hole_01_n
image,#i_t7_decal_damage_metal_hole_01_o
image,#i_wpn_t8_tr_midburst_scope_sig_02_g
image,#i_wpn_t8_tr_midburst_scope_sig_02_c
image,#i_wpn_t8_tr_midburst_scope_sig_02_n
image,#i_wpn_t8_tr_midburst_scope_sig_02_o
image,#i_wpn_t8_tr_midburst_scope_sig_02_s
image,#hash_18d8bbcdb5494c93
image,#hash_18d8bccdb5494e46
image,#i_veh_t8_wallpaintchipped_3_c
image,#i_t8_damage_decal_scratches_scrapes_01_sml_r
image,#i_mtl_p8_zm_esc_water_tower_01_detail_01_n
image,#i_mtl_p8_zm_esc_water_tower_01_detail_01_o
image,#i_mtl_p8_zm_esc_water_tower_01_detail_01_m
image,#ui_icon_weapon_warmachine_render
image,#hash_98e3710662697b8b
image,#hash_98e37c0662698e3c
image,#hash_98e37d0662698fef
image,#hash_98e38106626996bb
image,#hash_98e3850662699d87
image,#i_wpn_t8_sniper_vanguard_handguard_v2_m
image,#i_mtl_mtl_p7_rus_machinery_industrial_m_01
image,#ui_icon_weapon_hud_melee_zombie_arm
image,#ui_icon_weapons_zm_trpowersemi
image,#hash_98f84515be02c4ac
image,#hash_98f84615be02c65f
image,#hash_98f84915be02cb78
image,#hash_98f84d15be02d244
image,#hash_98f85915be02e6a8
image,#i_c_t8_zmb_dlc0_hero_bruno_medallions_s
image,#i_c_t8_zmb_dlc0_hero_bruno_medallions_o
image,#i_c_t8_zmb_dlc0_hero_bruno_medallions_n
image,#i_c_t8_zmb_dlc0_hero_bruno_medallions_c
image,#i_c_t8_zmb_dlc0_hero_bruno_medallions_g
image,#hash_98f8e36fe9f4f598
image,#hash_98f8e46fe9f4f74b
image,#hash_98f8ef6fe9f509fc
image,#hash_98f8f06fe9f50baf
image,#hash_98f8f36fe9f510c8
image,#hash_98f8f76fe9f51794
image,#hash_99029668077f56dc
image,#fxt_smk_explosion_03_anim
image,#hash_9905efaac85cfb60
image,#hash_9905f0aac85cfd13
image,#i_mtl_p8_zm_zod_boiler_fastners_m
image,#i_mtl_p8_zm_zod_boiler_fastners_o
image,#i_mtl_p8_zm_zod_boiler_fastners_n
image,#i_attach_t8_shotgun_pump_stock_s
image,#i_attach_t8_shotgun_pump_stock_r
image,#i_attach_t8_shotgun_pump_stock_g
image,#i_attach_t8_shotgun_pump_stock_c
image,#i_attach_t8_shotgun_pump_stock_o
image,#i_attach_t8_shotgun_pump_stock_n
image,#i_t8_graphics_nitrogen_cylinder_labels_03_c
image,#i_t7_metal_worn_iron_dark_c
image,#i_t7_metal_worn_iron_dark_g
image,#i_t7_metal_worn_iron_dark_m
image,#i_t7_metal_worn_iron_dark_s
image,#i_wpn_t8_ar_accurate_mag_plastic_t
image,#i_wpn_t8_ar_accurate_mag_plastic_n
image,#hash_991ae4b99d0151d6
image,#i_p8_zm_esc_file_cab_metal_02_rusty_n
image,#i_p8_zm_esc_file_cab_metal_02_rusty_m
image,#i_t7_micro_wood_oak_32x32_unfinished_c
image,#i_t7_micro_wood_oak_32x32_unfinished_g
image,#i_t7_micro_wood_oak_32x32_unfinished_n
image,#i_wpn_t8_shotgun_semi_strap_sig_02_c
image,#i_wpn_t8_shotgun_semi_strap_sig_02_g
image,#i_mtl_p7_zm_tra_stove_kitchen_metal_02_n
image,#i_wpn_t8_shotgun_semi_strap_sig_02_n
image,#i_mtl_p7_zm_tra_stove_kitchen_metal_02_m
image,#i_wpn_t8_shotgun_semi_strap_sig_02_o
image,#i_wpn_t8_shotgun_semi_strap_sig_02_s
image,#fxt8_debris_ember_mask
image,#i_t8_decal_trim_line_street_01_white_c
image,#hash_992b55e2f5359ccd
image,#i_wpn_t8_eqp_trophy_system_tubes_s
image,#i_wpn_t8_eqp_trophy_system_tubes_g
image,#i_wpn_t8_eqp_trophy_system_tubes_c
image,#i_wpn_t8_eqp_trophy_system_tubes_n
image,#i_wpn_t8_eqp_trophy_system_tubes_o
image,#i_c_t7_reaper_zulu_woodgrain_n
image,#i_mtl_p7_zm_clt_bunkbed_wood_decal_02_n
image,#i_mtl_p7_zm_clt_bunkbed_wood_decal_02_g
image,#i_mtl_p7_zm_clt_bunkbed_wood_decal_02_c
image,#i_attach_t8_sniper_vanguard_barrel_02_muzzle_s
image,#i_attach_t8_sniper_vanguard_barrel_02_muzzle_g
image,#i_attach_t8_sniper_vanguard_barrel_02_muzzle_c
image,#i_attach_t8_sniper_vanguard_barrel_02_muzzle_o
image,#i_attach_t8_sniper_vanguard_barrel_02_muzzle_n
image,#i_mtl_p7_spool_wire_metal_01_c
image,#i_mtl_p7_spool_wire_metal_01_n
image,#ui_icon_weapon_ray_gun_mk2_render
image,#i_t8_decal_signage_carrier_danger_c
image,#i_p8_zm_gla_temple_chandelier_iron_01_main_s
image,#icons_hud_ultimates_blade_dark
image,#cookie_flicker06
image,#cookie_flicker02
image,#cookie_flicker03
image,#hash_9951a8298443c391
image,#i_wpn_t8_lmg_titan_sig_01_rails_c
image,#i_wpn_t8_lmg_titan_sig_01_rails_g
image,#i_wpn_t8_lmg_titan_sig_01_rails_n
image,#i_wpn_t8_lmg_titan_sig_01_rails_o
image,#i_wpn_t8_lmg_titan_sig_01_rails_s
image,#hash_1958e7386226df7c
image,#i_mtl_p7_electrical_box_tall_extra_n
image,#i_mtl_p7_electrical_box_tall_extra_c
image,#i_wpn_t8_camo_geo_gem_diamond_frame_n
image,#hash_1964c85ad768d85a
image,#hash_1964c95ad768da0d
image,#i_mtl_p7_zm_isl_table_operating_set_01_m
image,#i_mtl_p7_zm_isl_table_operating_set_01_n
image,#i_attach_t8_ar_accurate_stock_n
image,#i_attach_t8_ar_accurate_stock_o
image,#i_attach_t8_ar_accurate_stock_c
image,#i_attach_t8_ar_accurate_stock_g
image,#i_attach_t8_ar_accurate_stock_s
image,#hash_9972b118085fef1e
image,#i_t7_plastic_tarp_white_c
image,#i_t7_plastic_tarp_white_n
image,#i_t8_ceramic_roof_tiles_01_n
image,#i_t8_ceramic_roof_tiles_01_o
image,#i_t8_ceramic_roof_tiles_01_g
image,#i_t8_ceramic_roof_tiles_01_c
image,#hash_9984619d40fc63c0
image,#i_wpn_tac_rifle_mid_burst_scope_glass_g
image,#hash_99846d9d40fc7824
image,#hash_99846e9d40fc79d7
image,#i_wpn_tac_rifle_mid_burst_scope_glass_s
image,#i_veh_t8_metal_flakes_n
image,#i_t7_decal_grunge_wet_wall_stain_c
image,#$white_specular_map
image,#i_mtl_p7_blast_wall_concrete_decal_c
image,#hash_9996a71082010573
image,#hash_9996ab1082010c3f
image,#hash_9996ae1082011158
image,#hash_9996af108201130b
image,#hash_9996ba10820125bc
image,#hash_9996bb108201276f
image,#hash_9998f39fc4fb8e11
image,#hash_999b85d40a998a63
image,#hash_999f205958c66c87
image,#i_attach_t8_ar_galil_stock_s
image,#i_attach_t8_ar_galil_stock_c
image,#i_attach_t8_ar_galil_stock_g
image,#i_attach_t8_ar_galil_stock_o
image,#i_attach_t8_ar_galil_stock_n
image,#hash_99b5a89908fb1d72
image,#hash_99b5a99908fb1f25
image,#hash_99b5ac9908fb243e
image,#hash_99b5b09908fb2b0a
image,#hash_99b5bc9908fb3f6e
image,#i_wpn_t8_ar_accurate_bolts_sig_03_n
image,#i_wpn_t8_ar_accurate_bolts_sig_03_o
image,#i_mtl_p7_rug_round_02_persian_n
image,#i_mtl_p8_wz_brd_dart_board_s
image,#i_wpn_t8_ar_accurate_bolts_sig_03_g
image,#i_mtl_p8_wz_brd_dart_board_g
image,#i_mtl_p8_wz_brd_dart_board_c
image,#i_wpn_t8_ar_accurate_bolts_sig_03_s
image,#i_mtl_p8_wz_brd_dart_board_n
image,#i_mtl_p8_col_generator_garage_set_decal_logo_shock_c
image,#i_mtl_p8_wz_foliage_bush_creosote_02_proxy_normal
image,#i_t7_drywall_paited_white_n
image,#i_t7_drywall_paited_white_c
image,#i_t7_glass_dirty_dome_opaque_white_c
image,#hash_99c8af4029e34bc4
image,#hash_99c8b34029e35290
image,#hash_99c8b44029e35443
image,#hash_99c8bb4029e36028
image,#hash_99c8bf4029e366f4
image,#i_mtl_t8_wpn_loot_smg_folding_quickdraw_01_n
image,#i_mtl_t8_wpn_loot_smg_folding_quickdraw_01_g
image,#i_mtl_t8_wpn_loot_smg_folding_quickdraw_01_c
image,#i_mtl_t8_loot_wpn_smg_folding_foregrip_02_o
image,#hash_99d3717d7c3a9ecc
image,#i_t8_plaster_old_dirty_01_c
image,#i_mtl_p8_zm_gla_drawbridge_01_decal_wood_peg_01_c
image,#i_attach_t8_smg_fastfire_barrel_r
image,#i_attach_t8_smg_fastfire_barrel_s
image,#i_attach_t8_smg_fastfire_barrel_c
image,#i_attach_t8_smg_fastfire_barrel_g
image,#i_attach_t8_smg_fastfire_barrel_n
image,#i_attach_t8_smg_fastfire_barrel_o
image,#i_t8_wpn_lmg_heavy_clip_sig_01_n
image,#i_t8_wpn_lmg_heavy_clip_sig_01_o
image,#i_t8_wpn_lmg_heavy_clip_sig_01_c
image,#i_t8_wpn_lmg_heavy_clip_sig_01_g
image,#i_t8_wpn_lmg_heavy_clip_sig_01_s
image,#i_wpn_t8_sniper_koshka_mid_cylinder_01_r
image,#i_wpn_t8_sniper_koshka_mid_cylinder_01_s
image,#i_wpn_t8_sniper_koshka_mid_cylinder_01_n
image,#i_wpn_t8_sniper_koshka_mid_cylinder_01_o
image,#i_wpn_t8_sniper_koshka_mid_cylinder_01_c
image,#i_wpn_t8_sniper_koshka_mid_cylinder_01_g
image,#i_construction_lines_n
image,#ui_icon_weapon_special_crossbow_render
image,#i_mtl_attach_t8_sniper_vanguard_handguard_01_r
image,#i_wpn_t8_eqp_turret_mini_case_latches_s
image,#i_wpn_t8_eqp_turret_mini_case_latches_c
image,#i_wpn_t8_eqp_turret_mini_case_latches_g
image,#i_wpn_t8_eqp_turret_mini_case_latches_n
image,#i_wpn_t8_eqp_turret_mini_case_latches_o
image,#i_wpn_t8_ar_fastfire_bolt_g
image,#i_wpn_t8_ar_fastfire_bolt_c
image,#i_wpn_t8_ar_fastfire_bolt_o
image,#i_wpn_t8_ar_fastfire_bolt_n
image,#i_wpn_t8_ar_fastfire_bolt_s
image,#i_wpn_t8_ar_fastfire_bolt_r
image,#i_wpn_t8_wz_sniper_koshka_mag_c
image,#i_mtl_p8_ice_mb_lift_01_engine_metal_painted_c
image,#i_mtl_p8_ice_mb_lift_01_engine_metal_painted_n
image,#i_p8_zm_esc_window_guard_r
image,#i_p8_zm_esc_window_guard_o
image,#i_p8_zm_esc_window_guard_n
image,#i_t7_decal_damage_concrete_cracks_04_r
image,#i_t7_decal_damage_concrete_cracks_04_n
image,#i_t7_decal_damage_concrete_cracks_04_c
image,#i_veh_t7_detail_char_01_c
image,#i_veh_t7_detail_char_01_n
image,#hash_19fd9903f19fa0bc
image,#hash_19fd9a03f19fa26f
image,#hash_19fd9d03f19fa788
image,#i_mtl_p7_door_metal_tenant_01_rt_door_painted_c
image,#i_mtl_p7_door_metal_tenant_01_rt_door_painted_g
image,#i_mtl_p8_wz_transformer_electrical_grunge_01_r
image,#i_mtl_wpn_t8_loot_lmg_mk48_handguard_mk2_n
image,#hash_1a157383a0334ff1
image,#i_wpn_t8_ar_modular_weapon_sig_03_g
image,#i_wpn_t8_ar_modular_weapon_sig_03_c
image,#i_wpn_t8_ar_modular_weapon_sig_03_n
image,#i_wpn_t8_ar_modular_weapon_sig_03_o
image,#i_wpn_t8_ar_modular_weapon_sig_03_s
image,#i_mtl_p8_zm_esc_dryer_industrial_edge_n
image,#i_mtl_p7_lt_boxes_medicin_02_c
image,#hash_1a243c998defa220
image,#hash_1a268f73592dc392
image,#hash_9a26f83c187ceae6
image,#hash_9a26f93c187cec99
image,#hash_9a27013c187cfa31
image,#hash_9a27053c187d00fd
image,#hash_9a27153c187d1c2d
image,#hash_9a28a4672f033442
image,#hash_9a28a5672f0335f5
image,#i_t8_dirt_rocky_12_r
image,#i_t8_dirt_rocky_12_o
image,#i_t8_dirt_rocky_12_n
image,#i_t8_dirt_rocky_12_c
image,#i_t8_dirt_rocky_12_g
image,#hash_9a2cf94b84b542a2
image,#i_t7_decal_signage_54i_graffiti_07_c
image,#i_t7_detail_hexagon_01
image,#i_wpn_t8_ar_modular_handguard_sig_01_s
image,#i_wpn_t8_ar_modular_handguard_sig_01_n
image,#i_wpn_t8_ar_modular_handguard_sig_01_o
image,#i_wpn_t8_ar_modular_handguard_sig_01_g
image,#i_wpn_t8_ar_modular_handguard_sig_01_c
image,#i_mtl_p7_picture_frame_03_n
image,#i_mtl_p7_picture_frame_03_c
image,#i_wpn_t8_eqp_smartcover_decals_c
image,#hash_1a3464bfac5920d0
image,#hash_1a3465bfac592283
image,#i_t8_decal_nail_01_s
image,#i_t8_decal_nail_01_o
image,#i_t8_decal_nail_01_n
image,#i_t8_decal_nail_01_g
image,#i_t8_decal_nail_01_c
image,#i_mtl_t8_loot_wpn_smg_folding_endscrew_o
image,#i_mtl_t8_loot_wpn_smg_folding_endscrew_n
image,#i_mtl_p7_medical_sanitation_towels02_dirty_c
image,#fxt_wisp_tile
image,#hash_9a5365cb4e9d3920
image,#hash_9a5375cb4e9d5450
image,#hash_9a5379cb4e9d5b1c
image,#hash_9a5381cb4e9d68b4
image,#hash_9a5382cb4e9d6a67
image,#i_t7_glass_smoked_03_c
image,#i_p7_hose_01_rubber_g
image,#i_t7_decal_grunge_concrete_drip_01_blend_r
image,#i_attach_t8_loot_smg_burst_dbal_top_n
image,#i_attach_t8_loot_smg_burst_dbal_top_o
image,#i_attach_t8_loot_smg_burst_dbal_top_c
image,#i_attach_t8_loot_smg_burst_dbal_top_g
image,#i_attach_t8_loot_smg_burst_dbal_top_s
image,#fxt8_light_ray_wide_soft_mask
image,#i_mtl_p7_zm_asc_machinery_industrial_self_decal_c
image,#i_wpn_t8_hero_war_machine_stock_o
image,#i_wpn_t8_hero_war_machine_stock_n
image,#i_wpn_t8_hero_war_machine_stock_c
image,#i_wpn_t8_hero_war_machine_stock_g
image,#i_wpn_t8_hero_war_machine_stock_s
image,#i_t7_decal_grunge_bottom_02_c
image,#i_t8_micro_stone_slate_01_c
image,#i_t8_micro_stone_slate_01_g
image,#i_t8_micro_stone_slate_01_n
image,#t7_micro_wood_varied_teak_02_c
image,#i_t8_decal_signage_caution_pressure_r
image,#hash_1a7545b7657f4990
image,#hash_9a7722c5f31e61bf
image,#hash_9a772ec5f31e7623
image,#hash_9a7732c5f31e7cef
image,#hash_9a7735c5f31e8208
image,#hash_9a7736c5f31e83bb
image,#i_wpn_t8_smg_capacity_sights_base_n
image,#i_wpn_t8_smg_capacity_sights_base_o
image,#i_wpn_t8_smg_capacity_sights_base_m
image,#i_mtl_p8_zm_esc_rubble_pile_stones_trim_n
image,#i_mtl_p8_zm_esc_rubble_pile_stones_trim_o
image,#i_mtl_p8_zm_esc_rubble_pile_stones_trim_c
image,#hash_9a7ce5be59ff8078
image,#hash_9a7ce6be59ff822b
image,#hash_9a7cf2be59ff968f
image,#hash_9a7cf5be59ff9ba8
image,#hash_9a7cf9be59ffa274
image,#i_t7_veh_decal_panel_01_n
image,#i_t7_veh_decal_panel_01_o
image,#hash_9a7e79ff17e32581
image,#i_mtl_p8_zm_crafting_table_alchemy_jar_02_paper_c
image,#hash_9a89c9d548e32bfc
image,#hash_9a89cad548e32daf
image,#i_t7_ban_decal_grunge_rust_corrosion_c
image,#i_t7_ban_decal_grunge_rust_corrosion_n
image,#i_t8_wpn_pistol_revolver_sights_c
image,#i_t8_wpn_pistol_revolver_sights_g
image,#i_t8_wpn_pistol_revolver_sights_o
image,#i_t8_wpn_pistol_revolver_sights_n
image,#i_t8_wpn_pistol_revolver_sights_s
image,#i_mtl_p7_cai_butcher_meat_hooks_g
image,#i_mtl_p7_cai_butcher_meat_hooks_n
image,#i_mtl_p7_cai_butcher_meat_hooks_s
image,#i_mtl_p7_coffee_table_wood_02_wood_m
image,#i_wpn_t8_eqp_turret_mini_case_decal_n
image,#i_wpn_t8_eqp_turret_mini_case_decal_c
image,#i_wpn_t8_eqp_turret_mini_case_decal_g
image,#hash_1aa2a79aa0cd3278
image,#hash_1aa2aa9aa0cd3791
image,#i_mtl_p8_wep_cargo_container_military_door_n
image,#i_mtl_p8_wep_cargo_container_military_door_m
image,#i_t7_cry_metal_flight_deck_rough_n
image,#i_mtl_p7_signage_posted_notices_paper_c
image,#i_mtl_p7_signage_posted_notices_paper_n
image,#i_mtl_wpn_t8_ar_modular_stock_connector_sig_03_g
image,#i_mtl_wpn_t8_ar_modular_stock_connector_sig_03_c
image,#i_mtl_wpn_t8_ar_modular_stock_connector_sig_03_n
image,#i_mtl_wpn_t8_ar_modular_stock_connector_sig_03_o
image,#i_mtl_wpn_t8_ar_modular_stock_connector_sig_03_s
image,#hash_9ab7198a474c7052
image,#hash_9ab71a8a474c7205
image,#hash_9ab71ba49bb81932
image,#hash_9ab71ca49bb81ae5
image,#hash_9ab71fa49bb81ffe
image,#hash_9ab723a49bb826ca
image,#hash_9ab72676e090d843
image,#hash_9ab72fa49bb83b2e
image,#i_t8_zm_esc_metal_painted_container_02_c
image,#i_t8_zm_esc_metal_painted_container_02_n
image,#i_mtl_p7_zm_der_light_spot_body_s
image,#i_mtl_p7_zm_der_light_spot_body_c
image,#i_mtl_p7_zm_der_light_spot_body_g
image,#i_mtl_p7_zm_der_light_spot_body_n
image,#i_mtl_p7_zm_der_light_spot_body_o
image,#i_mtl_p7_debris_plaster_rubble_med_03_n
image,#hash_9acb135199df2094
image,#i_t7_metal_paint_old_c
image,#i_wpn_t8_tac_rifle_surgeon_mag_g
image,#i_wpn_t8_tac_rifle_surgeon_mag_c
image,#i_wpn_t8_tac_rifle_surgeon_mag_n
image,#i_wpn_t8_tac_rifle_surgeon_mag_o
image,#i_wpn_t8_tac_rifle_surgeon_mag_r
image,#i_wpn_t8_tac_rifle_surgeon_mag_s
image,#core_dirt_med_c
image,#i_t7_zm_asc_metal_trim_green_n
image,#i_mtl_p7_shr_weapon_shield_01_m
image,#i_mtl_p7_shr_weapon_shield_01_n
image,#ui_icon_weapon_hud_tr_longburst
image,#i_mtl_p7_eth_light_wall_03_decal3_c
image,#hash_9ae2274097fa6e0d
image,#i_mtl_wpn_t8_loot_shotgun_fullauto_mag_mk2_n
image,#i_mtl_wpn_t8_loot_shotgun_fullauto_mag_mk2_m
image,#i_mtl_t8_wpn_smg_accurate_receiver_sig_01_r
image,#noise2
image,#i_wpn_t8_smg_accurate_body_sig_03_s
image,#i_wpn_t8_smg_accurate_body_sig_03_c
image,#i_wpn_t8_smg_accurate_body_sig_03_e
image,#i_wpn_t8_smg_accurate_body_sig_03_g
image,#i_wpn_t8_smg_accurate_body_sig_03_m
image,#i_wpn_t8_smg_accurate_body_sig_03_n
image,#hash_1af9ebb05c6ed5fd
image,#hash_1af9efb05c6edcc9
image,#ui_icon_obit_smg_vmp
image,#i_t7_decal_damage_concrete_ground_02_c
image,#i_t7_decal_damage_concrete_ground_02_n
image,#i_veh_t7_dlc_number_3_st2_c
image,#i_wpn_t8_shotgun_pump_sig_01_barrel_g
image,#i_mtl_wpn_t8_loot_lmg_mk48_decal_display_c
image,#i_mtl_p7_wes_card_deck_m
image,#i_mtl_p7_wes_card_deck_n
image,#i_mtl_p7_wes_card_deck_c
image,#ui_icon_weapon_hud_smg_fastfire
image,#hash_9b17e6a7b77a672e
image,#i_mtl_wpn_t8_sniper_powersemi_stock_sig_02_n
image,#i_mtl_wpn_t8_sniper_powersemi_stock_sig_02_o
image,#i_mtl_wpn_t8_sniper_powersemi_stock_sig_02_g
image,#i_mtl_wpn_t8_sniper_powersemi_stock_sig_02_c
image,#i_mtl_wpn_t8_sniper_powersemi_stock_sig_02_s
image,#i_mtl_attach_t8_smg_accurate_grip_02_attach_r
image,#i_wpn_t8_ar_kn57_handguard_s
image,#i_wpn_t8_ar_kn57_handguard_r
image,#i_wpn_t8_ar_kn57_handguard_o
image,#i_wpn_t8_ar_kn57_handguard_n
image,#i_wpn_t8_ar_kn57_handguard_c
image,#i_wpn_t8_ar_kn57_handguard_g
image,#i_t8_wpn_pistol_revolver_bolts_sig_01_g
image,#i_t8_wpn_pistol_revolver_bolts_sig_01_c
image,#i_t8_wpn_pistol_revolver_bolts_sig_01_o
image,#i_t8_wpn_pistol_revolver_bolts_sig_01_n
image,#i_t8_wpn_pistol_revolver_bolts_sig_01_s
image,#hash_1b3540bcf371405e
image,#i_t8_decal_grunge_rust_03_n
image,#i_t8_decal_grunge_rust_03_c
image,#i_wpn_t8_smg_capacity_receiver_rear_base_r
image,#i_wpn_t8_smg_capacity_receiver_rear_base_n
image,#i_wpn_t8_smg_capacity_receiver_rear_base_o
image,#i_wpn_t8_smg_capacity_receiver_rear_base_m
image,#i_wpn_t8_loot_melee_amulet_cloth_n
image,#i_wpn_t8_loot_melee_amulet_cloth_m
image,#i_wpn_t8_loot_melee_amulet_cloth_c
image,#i_aml_gen_cockroach_01_n
image,#i_aml_gen_cockroach_01_c
image,#i_t8_decal_graphics_text_ice_1_r
image,#hash_1b432d4e830a04ba
image,#i_mtl_p8_zm_esc_pipe_metal_decal_normal_02_n
image,#i_c_t8_detail_cotton_flannel_n
image,#i_t7_decal_grunge_wall_stain_01_n
image,#i_t7_decal_grunge_wall_stain_01_c
image,#i_t7_decal_grunge_wall_stain_01_r
image,#hash_9b5b188a19664050
image,#i_mtl_p7_cash_register_vintage_m
image,#i_mtl_p7_cash_register_vintage_n
image,#fxt8_liquid_string
image,#i_t7_micro_wood_worn_brown_n
image,#i_t7_micro_wood_worn_brown_c
image,#i_t7_micro_wood_worn_brown_g
image,#i_mtl_p7_slu_outlet_electrical_decal_c
image,#i_mtl_p7_slu_outlet_electrical_decal_n
image,#i_mtl_p7_box_cardboard_tape_c
image,#i_mtl_p7_box_cardboard_tape_n
image,#i_t8_micro_cloth_carpet_backing_01_c
image,#i_t8_micro_cloth_carpet_backing_01_h
image,#i_t8_micro_cloth_carpet_backing_01_n
image,#fxt_smk_trail_wispy
image,#i_veh_t8_mil_heli_light_body_front_m
image,#i_veh_t8_mil_heli_light_body_front_n
image,#i_veh_t8_mil_heli_light_body_front_o
image,#i_p7_zm_sta_newspaper_folded_n
image,#i_p7_zm_sta_newspaper_folded_c
image,#i_mtl_p8_fence_rustic_wood_plank_decal_sand_n
image,#i_mtl_p8_fence_rustic_wood_plank_decal_sand_c
image,#il_wpn_t8_lmg_heavy_clip_r
image,#i_mtl_wpn_t8_sniper_vanguard_sig_02_bolt_v2_g
image,#i_mtl_wpn_t8_sniper_vanguard_sig_02_bolt_v2_c
image,#i_mtl_wpn_t8_sniper_vanguard_sig_02_bolt_v2_o
image,#i_mtl_wpn_t8_sniper_vanguard_sig_02_bolt_v2_n
image,#i_mtl_wpn_t8_sniper_vanguard_sig_02_bolt_v2_s
image,#i_mtl_wpn_t8_zm_raygun_ammo_s
image,#i_mtl_wpn_t8_zm_raygun_ammo_c
image,#i_mtl_wpn_t8_zm_raygun_ammo_g
image,#i_mtl_wpn_t8_zm_raygun_ammo_n
image,#i_mtl_wpn_t8_zm_raygun_ammo_o
image,#i_c_zom_der_zombie_hound_fur_leg_c
image,#i_t8_zm_esc_heavy_rust_01_o
image,#i_t8_zm_esc_heavy_rust_01_n
image,#i_t8_zm_esc_heavy_rust_01_c
image,#i_mtl_p7_zm_ctl_demon_gate_power_up_icon_crystal_e
image,#i_mtl_p7_lab_hazmat_suit_c
image,#i_mtl_p7_lab_hazmat_suit_n
image,#i_t8_micro_rock_surface_cracked_01_c
image,#hash_1bc85c178a24efc5
image,#i_mtl_p8_stairs_stone_set_01_step_02_g
image,#i_mtl_p8_stairs_stone_set_01_step_02_c
image,#i_mtl_p8_stairs_stone_set_01_step_02_n
image,#i_t8_decal_tech_detail_line_trim_01_o
image,#i_t8_decal_tech_detail_line_trim_01_n
image,#i_t8_decal_tech_detail_line_trim_01_c
image,#hash_9bd2613b14a87673
image,#i_t8_micro_sand_flat_01_n
image,#i_t8_micro_sand_flat_01_c
image,#i_t7_metal_copper_oxidized_02_c
image,#i_t7_metal_copper_oxidized_02_g
image,#ui_icon_weapon_hud_hero_warmachine
image,#i_t8_wpn_pistol_revolver_hammer_sig_02_n
image,#i_t8_wpn_pistol_revolver_hammer_sig_02_o
image,#i_t8_wpn_pistol_revolver_hammer_sig_02_g
image,#hash_9bd93a98da71618b
image,#i_mtl_wpn_t8_zm_towers_scorpion_body_plate_back_o
image,#i_mtl_wpn_t8_zm_towers_scorpion_body_plate_back_n
image,#i_mtl_wpn_t8_zm_towers_scorpion_body_plate_back_c
image,#i_mtl_wpn_t8_zm_towers_scorpion_body_plate_back_g
image,#i_mtl_wpn_t8_zm_towers_scorpion_body_plate_back_e
image,#i_mtl_wpn_t8_zm_towers_scorpion_body_plate_back_s
image,#i_mtl_t8_wpn_smg_accurate_rear_sight_r
image,#i_t8_decal_tech_detail_bolt_05_s
image,#i_t8_decal_tech_detail_bolt_05_o
image,#i_t8_decal_tech_detail_bolt_05_n
image,#i_t8_decal_tech_detail_bolt_05_c
image,#i_t7_brick_worn_dirty_tan_c
image,#fxt8_spark_round_hdr
image,#i_mtl_wpn_t8_zm_mp40_clip_s
image,#i_mtl_wpn_t8_zm_mp40_clip_o
image,#i_mtl_wpn_t8_zm_mp40_clip_n
image,#i_mtl_wpn_t8_zm_mp40_clip_c
image,#i_mtl_wpn_t8_zm_mp40_clip_g
image,#i_mtl_veh_t7_zmb_1931_truck_bed_m
image,#i_veh_t8_decal_metal_rust_edge_01_n
image,#i_veh_t8_decal_metal_rust_edge_01_c
image,#i_mtl_p7_zm_tra_billiard_vintage_table_wood_m
image,#i_mtl_p7_zm_tra_billiard_vintage_table_wood_n
image,#i_eqp_t8_grenade_frag_decals_n
image,#i_eqp_t8_grenade_frag_decals_c
image,#hash_9c0633ac21df0d4c
image,#i_t8_concrete_gutter_01_c
image,#i_t8_concrete_gutter_01_g
image,#i_t8_concrete_gutter_01_n
image,#i_wpn_t8_sniper_koshka_trigger_o
image,#i_wpn_t8_sniper_koshka_trigger_n
image,#i_wpn_t8_sniper_koshka_trigger_c
image,#i_wpn_t8_sniper_koshka_trigger_g
image,#i_wpn_t8_sniper_koshka_trigger_s
image,#i_wpn_t8_tr_midburst_scope_glass_sig_02_s
image,#i_wpn_t8_tr_midburst_scope_glass_sig_02_g
image,#i_wpn_t8_tr_midburst_scope_glass_sig_02_o
image,#i_wpn_t8_tr_midburst_scope_glass_sig_02_n
image,#hash_9c0f15e209e35212
image,#hash_9c0f16e209e353c5
image,#hash_9c0f19e209e358de
image,#hash_9c0f1de209e35faa
image,#hash_9c0f29e209e3740e
image,#hash_9c0f2ae209e375c1
image,#hash_9c23735ddcf11080
image,#hash_9c23835ddcf12bb0
image,#hash_9c23875ddcf1327c
image,#hash_9c238f5ddcf14014
image,#hash_9c23905ddcf141c7
image,#hash_9c248a9f1fe8dac7
image,#i_mtl_p7_wes_bank_books_c
image,#i_mtl_p7_wes_bank_books_m
image,#i_mtl_p7_wes_bank_books_n
image,#i_attach_t8_optic_hybrid_body_g
image,#i_attach_t8_optic_hybrid_body_c
image,#i_attach_t8_optic_hybrid_body_n
image,#i_attach_t8_optic_hybrid_body_o
image,#i_attach_t8_optic_hybrid_body_s
image,#i_mtl_p8_spray_paint_can_camo_decal_clean_s
image,#i_mtl_p8_spray_paint_can_camo_decal_clean_g
image,#i_mtl_p8_spray_paint_can_camo_decal_clean_c
image,#i_mtl_p7_wes_metal_pulley_o
image,#i_mtl_p7_wes_metal_pulley_n
image,#i_mtl_p7_wes_metal_pulley_m
image,#hash_9c31d85083073234
image,#hash_1c31f2d87ad1ea88
image,#hash_1c31f3d87ad1ec3b
image,#i_t7_wood_planks_weatherd_teak_n
image,#i_t7_wood_planks_weatherd_teak_c
image,#i_mtl_wpn_t8_ar_stealth_sig_02_upper_receiver_red_glass_n
image,#i_mtl_wpn_t8_ar_stealth_sig_02_upper_receiver_red_glass_c
image,#i_mtl_wpn_t8_ar_stealth_sig_02_upper_receiver_red_glass_g
image,#i_mtl_wpn_t8_ar_stealth_sig_02_upper_receiver_red_glass_s
image,#i_mtl_p7_mou_wirebundle_metal_m
image,#i_mtl_p7_mou_wirebundle_metal_n
image,#i_mtl_p8_light_hanging_billiard_chain_c
image,#i_t8_micro_noise_03_c
image,#i_t8_zm_esc_concrete_square_tile_01_n
image,#i_t8_zm_esc_concrete_square_tile_01_g
image,#i_t8_zm_esc_concrete_square_tile_01_c
image,#smokescreen_reticle
image,#i_wpn_t8_tac_rifle_swordfish_sig02_decal_push_c
image,#i_wpn_t8_tac_rifle_swordfish_sig02_decal_push_n
image,#i_wpn_t8_smg_capacity_barrel_base_m
image,#i_wpn_t8_smg_capacity_barrel_base_n
image,#i_wpn_t8_smg_capacity_barrel_base_o
image,#hash_9c56f27d287e5329
image,#i_mtl_p8_zm_esc_cagelight_wall_n
image,#i_mtl_p8_zm_esc_cagelight_wall_e
image,#i_mtl_p8_zm_esc_cagelight_wall_c
image,#i_mtl_p7_rebar_01_rusty_c
image,#i_t8_dirt_rocky_moss_01_r
image,#i_t8_dirt_rocky_moss_01_g
image,#i_t8_dirt_rocky_moss_01_c
image,#i_t8_dirt_rocky_moss_01_n
image,#i_t8_micro_plastic_scratched_01_g
image,#i_wpn_t8_ar_fastfire_base_sig_01_s
image,#i_wpn_t8_ar_fastfire_base_sig_01_g
image,#i_wpn_t8_ar_fastfire_base_sig_01_c
image,#i_wpn_t8_ar_fastfire_base_sig_01_o
image,#i_wpn_t8_ar_fastfire_base_sig_01_n
image,#i_mtl_wpn_t8_camo_circle_flip_02_c
image,#i_t7_decal_grunge_charred_stain_02_c
image,#i_t7_metal_grating_expanded_01_n
image,#i_t7_metal_grating_expanded_01_c
image,#i_wpn_t8_eqp_smartcover_plastic_ridges_n
image,#i_mtl_p7_3arc_lobby_desk_rubber_c
image,#ui_icon_weapon_hud_tr_damageburst
image,#i_mtl_veh_t7_decal_voltage_c
image,#i_gph_t7_metal_painted_blk02_n
image,#i_mtl_p7_rebar_cap_01_rusty_c
image,#i_t8_wpn_smg_accurate_stock_sig_01_g
image,#i_t8_wpn_smg_accurate_stock_sig_01_c
image,#i_t8_wpn_smg_accurate_stock_sig_01_n
image,#i_t8_wpn_smg_accurate_stock_sig_01_o
image,#i_t8_wpn_smg_accurate_stock_sig_01_m
image,#i_t8_wpn_smg_accurate_stock_sig_01_s
image,#i_attach_t8_ar_heavy_grip_s
image,#i_attach_t8_ar_heavy_grip_c
image,#i_attach_t8_ar_heavy_grip_g
image,#i_attach_t8_ar_heavy_grip_o
image,#i_attach_t8_ar_heavy_grip_n
image,#i_attach_t8_ar_heavy_grip_m
image,#i_p7_zm_ctl_gondola_grunge_decal_01
image,#hash_1c93d136dc312bce
image,#i_wpn_t8_smg_handling_base_mk2_m
image,#i_t8_moss_round_01_c
image,#hash_1c9d515e98ab11f6
image,#hash_1c9d5a5e98ab2141
image,#i_t8_micro_cloth_towel_01_n
image,#i_veh_t8_weathered_paint_02b_c
image,#i_t7_jun_white_paint_moss_c
image,#hash_1cab55bb215db8d0
image,#hash_9cb152c60a2e8d90
image,#hash_9cb274bbda303046
image,#hash_9cb275bbda3031f9
image,#hash_9cb27cbbda303dde
image,#hash_9cb280bbda3044aa
image,#hash_9cb290bbda305fda
image,#hash_9cb4966f9be75159
image,#i_t7_snow_powder_02_n
image,#ui_icon_weapon_hud_smg_standard_tactical_wz
image,#i_wpn_t8_sig_flamethrower_misc_base_n
image,#i_wpn_t8_sig_flamethrower_misc_base_o
image,#i_wpn_t8_sig_flamethrower_misc_base_m
image,#hash_1cc35961f2eb05c0
image,#hash_1cc35d61f2eb0c8c
image,#hash_1cc36561f2eb1a24
image,#hash_1cc36661f2eb1bd7
image,#hash_1cc36961f2eb20f0
image,#i_mtl_p8_centrifuge_device_straps_n
image,#i_mtl_p8_centrifuge_device_straps_o
image,#i_p8_zm_esc_bodybag_bloody_upperpart_n
image,#i_p8_zm_esc_bodybag_bloody_upperpart_c
image,#i_mtl_p7_coffee_table_wood_02_worn_metal_c
image,#i_mtl_p7_coffee_table_wood_02_worn_metal_n
image,#hash_1cd80d4506e6b852
image,#hash_1cd81d4506e6d382
image,#i_mtl_t8_loot_wpn_smg_folding_charging_handle_s
image,#i_mtl_t8_loot_wpn_smg_folding_charging_handle_g
image,#i_mtl_t8_loot_wpn_smg_folding_charging_handle_c
image,#i_mtl_t8_loot_wpn_smg_folding_charging_handle_n
image,#i_mtl_t8_loot_wpn_smg_folding_charging_handle_o
image,#i_veh_t8_metal_painted_01_c
image,#hash_9cdd6f7d5291a2f5
image,#i_mtl_wpn_t8_camo_skulls_02_c
image,#i_mtl_p8_usa_submarine_interior_consoles_details_knob_01_n
image,#i_mtl_p8_usa_submarine_interior_consoles_details_knob_01_g
image,#i_mtl_p8_usa_submarine_interior_consoles_details_knob_01_s
image,#hash_1ce1b229f4fdf020
image,#hash_1ce8c482bbe07a70
image,#i_wpn_t8_smg_handling_bolt_mk2_m
image,#i_wpn_t8_smg_handling_bolt_mk2_o
image,#i_wpn_t8_smg_handling_bolt_mk2_n
image,#ui_icon_inventory_wraith_fire
image,#i_t7_ban_decal_grunge_rust_stain_01_c
image,#i_t8_wpn_smg_capacity_battery_sig_o
image,#i_t8_wpn_smg_capacity_battery_sig_n
image,#i_t7_brick_worn_tan_heavy_grout_c
image,#i_t8_decal_tech_detail_high_tech_86_c
image,#hash_9d049391bbfa8e94
image,#i_t8_micro_moss_base_01_n
image,#i_t8_micro_moss_base_01_g
image,#i_t8_micro_moss_base_01_c
image,#i_t8_micro_moss_base_01_r
image,#i_p7_zm_mob_door_frame_security_m
image,#hash_9d0e5fe8ec6d8ee6
image,#hash_9d0e6fe8ec6daa16
image,#hash_9d0e73e8ec6db0e2
image,#hash_9d0e7be8ec6dbe7a
image,#hash_9d0e7ce8ec6dc02d
image,#i_mtl_veh_t8_civ_suv_dented_decal_01_n
image,#i_mtl_wpn_t8_ar_kn57_receiver_lower_mk2_multi_m
image,#i_veh_t8_decal_data_plate_01_c
image,#fxt_fire_flame_base_1_anim
image,#i_p8_zm_esc_turbine_generator_floor_decal_a_r
image,#i_t8_stone_block_pavers_4x4_rustic_01_r
image,#i_t8_stone_block_pavers_4x4_rustic_01_n
image,#i_t8_stone_block_pavers_4x4_rustic_01_o
image,#i_t8_stone_block_pavers_4x4_rustic_01_c
image,#i_t8_stone_block_pavers_4x4_rustic_01_g
image,#i_mtl_p8_news_age_decal_grunge_fingerprint_t
image,#i_mtl_p8_news_age_decal_grunge_fingerprint_g
image,#i_wpn_t8_ar_fastfire_base_decals_c
image,#i_wpn_t8_lmg_heavy_barrel_s
image,#i_wpn_t8_lmg_heavy_barrel_g
image,#i_wpn_t8_lmg_heavy_barrel_c
image,#i_wpn_t8_lmg_heavy_barrel_n
image,#i_wpn_t8_lmg_heavy_barrel_o
image,#i_t8_stone_marble_tile_polished_2x4_01_n
image,#i_t8_stone_marble_tile_polished_2x4_01_c
image,#i_t8_stone_marble_tile_polished_2x4_01_g
image,#hud_icon_acid_bomb
image,#i_mtl_p8_col_conveyor_unit_decal_rust_c
image,#hash_9d245fdda3799ac8
image,#i_t7_zm_ctl_container115_glass_murk02_c
image,#hash_1d37ef020291b8d0
image,#hash_1d37f0020291ba83
image,#t7_hud_cp_hud_target_locked_indicator
image,#i_wpn_t8_tac_rifle_surgeon_bullet_s
image,#i_wpn_t8_tac_rifle_surgeon_bullet_g
image,#i_wpn_t8_tac_rifle_surgeon_bullet_n
image,#i_mtl_p7_wes_container_vintage_crate_wood_02_m
image,#i_mtl_p7_wes_container_vintage_crate_wood_02_n
image,#i_attach_t8_tac_rifle_surgeon_handguard_s
image,#i_attach_t8_tac_rifle_surgeon_handguard_r
image,#i_attach_t8_tac_rifle_surgeon_handguard_c
image,#i_attach_t8_tac_rifle_surgeon_handguard_g
image,#i_attach_t8_tac_rifle_surgeon_handguard_o
image,#i_attach_t8_tac_rifle_surgeon_handguard_n
image,#i_t7_cloth_tent_military_panel_01_n
image,#i_t7_cloth_tent_military_panel_01_c
image,#hash_9d4b2856bc5449f7
image,#i_t8_sand_tidal_pebbles_01_c
image,#i_t8_sand_tidal_pebbles_01_n
image,#i_t8_sand_tidal_pebbles_01_r
image,#i_wpn_t8_ar_accurate_grip_base_n
image,#i_wpn_t8_ar_accurate_grip_base_o
image,#i_wpn_t8_ar_accurate_grip_base_c
image,#i_wpn_t8_ar_accurate_grip_base_g
image,#i_wpn_t8_ar_accurate_grip_base_r
image,#i_t8_wpn_smg_accurate_charging_handle_s
image,#i_t8_wpn_smg_accurate_charging_handle_m
image,#i_t8_wpn_smg_accurate_charging_handle_n
image,#i_t8_wpn_smg_accurate_charging_handle_o
image,#i_t8_wpn_smg_accurate_charging_handle_g
image,#i_t8_wpn_smg_accurate_charging_handle_c
image,#i_wpn_t8_shotgun_pump_sig_02_sight_g
image,#i_wpn_t8_shotgun_pump_sig_02_sight_c
image,#i_wpn_t8_shotgun_pump_sig_02_sight_s
image,#i_mtl_p7_zm_zod_table_ritual_cloth_blood_g
image,#$white_diffuse
image,#i_mtl_p8_wz_ammo_pickup_ammo_metal_m
image,#i_p7_bucket_plastic_small_dirty_n
image,#i_p7_bucket_plastic_small_dirty_g
image,#i_p7_bucket_plastic_small_dirty_c
image,#i_mtl_veh_t8_mil_helicopter_transport_decal_dirty_01_ir
image,#ui_icon_weapon_ar_damage_tactical_render
image,#i_veh_t8_chrome_discolored_s
image,#i_attach_t8_shotgun_pump_speedreloader_g
image,#i_attach_t8_shotgun_pump_speedreloader_n
image,#i_attach_t8_shotgun_pump_speedreloader_o
image,#i_attach_t8_shotgun_pump_speedreloader_s
image,#i_veh_t8_decal_bolt_05_c
image,#i_veh_t8_decal_bolt_05_n
image,#i_veh_t8_decal_bolt_05_o
image,#i_veh_t8_decal_bolt_05_r
image,#hash_9d69a543b9b0b407
image,#i_wpn_t8_eqp_smartcover_kevlar_lower_n
image,#i_wpn_t8_eqp_smartcover_kevlar_lower_o
image,#i_wpn_t8_eqp_smartcover_kevlar_lower_m
image,#i_mtl_p7_book_vintage_cover_01_c
image,#i_mtl_p7_book_vintage_cover_01_n
image,#i_t8_zm_gla_dirt_soil_dry_01_c
image,#hash_1d729778c1446862
image,#i_t8_wpn_pistol_revolver_screen_overlay_02_sig_02_flipbook
image,#i_mtl_veh_t8_decal_panel_61_r
image,#i_mtl_veh_t8_decal_panel_61_o
image,#i_mtl_veh_t8_decal_panel_61_n
image,#i_mtl_veh_t8_decal_equipment_vent_n
image,#hash_1d7cf1372a68985b
image,#i_mtl_p8_box_electric_commercial_metal_sml_01_m
image,#i_mtl_p8_foliage_grass_long_skinny_page_01_c
image,#hash_9d7ef09347ed1456
image,#i_mtl_p8_foliage_grass_long_skinny_page_01_n
image,#i_mtl_p8_foliage_grass_long_skinny_page_01_t
image,#i_mtl_veh_t8_mil_helicopter_transport_decal_lock_c
image,#i_t7_plaster_wallpaper_pattern_07_c
image,#i_wpn_t8_crossbow_grip_base_r
image,#i_wpn_t8_crossbow_grip_base_s
image,#i_wpn_t8_crossbow_grip_base_n
image,#i_wpn_t8_crossbow_grip_base_o
image,#i_wpn_t8_crossbow_grip_base_m
image,#i_wpn_t8_crossbow_grip_base_c
image,#i_wpn_t8_crossbow_grip_base_g
image,#i_attach_t8_sniper_powersemi_handguard_s
image,#i_attach_t8_sniper_powersemi_handguard_r
image,#i_attach_t8_sniper_powersemi_handguard_g
image,#i_attach_t8_sniper_powersemi_handguard_c
image,#i_attach_t8_sniper_powersemi_handguard_o
image,#i_attach_t8_sniper_powersemi_handguard_n
image,#i_mtl_p8_zm_esc_metal_hook_r
image,#i_mtl_p8_zm_esc_metal_hook_n
image,#i_mtl_p8_zm_esc_warden_dresser_wood_m
image,#i_attach_t8_shotgun_pump_sling_mk2_m
image,#hash_1d9680b11334792d
image,#i_p7_out_modular_building_metal_grate_c
image,#hash_1d98eb8c4fae8ab3
image,#i_wpn_t8_ar_modular_02_stock_connector_sig_01_s
image,#i_wpn_t8_ar_modular_02_stock_connector_sig_01_c
image,#i_wpn_t8_ar_modular_02_stock_connector_sig_01_g
image,#i_wpn_t8_ar_modular_02_stock_connector_sig_01_o
image,#i_wpn_t8_ar_modular_02_stock_connector_sig_01_n
image,#fxt_shockwave_elec_anim
image,#ui_icon_weapon_shotgun_semi_sig_01_render
image,#i_p8_zm_esc_crane_net_c
image,#i_p8_zm_esc_crane_net_g
image,#i_p8_zm_esc_crane_net_m
image,#i_p8_zm_esc_crane_net_n
image,#i_mtl_p8_wz_foliage_poppy_01_flowers_t
image,#i_mtl_p8_wz_foliage_poppy_01_flowers_c
image,#i_mtl_p8_wz_foliage_poppy_01_flowers_n
image,#i_mtl_p8_wz_foliage_poppy_01_flowers_m
image,#i_t7_glass_dirty_dome_01_tile_512_c
image,#hash_9dc66540e1b087a0
image,#hash_9dc66940e1b08e6c
image,#hash_9dc67140e1b09c04
image,#hash_9dc67240e1b09db7
image,#hash_9dc67540e1b0a2d0
image,#i_t7_dirt_rocky_01_r
image,#i_t7_dirt_rocky_01_c
image,#i_t7_dirt_rocky_01_n
image,#i_t7_detail_styrofoam_01
image,#i_t7_decal_grunge_wall_grime_01_n
image,#i_t7_decal_grunge_wall_grime_01_c
image,#i_t7_shr_wood_wall_weathered_c
image,#i_t7_shr_wood_wall_weathered_n
image,#i_t7_shr_wood_wall_weathered_o
image,#i_mtl_wpn_t8_zm_towers_scorpion_handle_splitfront_chain_01_s
image,#i_mtl_wpn_t8_zm_towers_scorpion_handle_splitfront_chain_01_c
image,#i_mtl_wpn_t8_zm_towers_scorpion_handle_splitfront_chain_01_g
image,#i_mtl_wpn_t8_zm_towers_scorpion_handle_splitfront_chain_01_n
image,#i_mtl_wpn_t8_zm_towers_scorpion_handle_splitfront_chain_01_o
image,#i_mtl_p7_dock_wood_rustic_set_decal_05_n
image,#i_mtl_p7_dock_wood_rustic_set_decal_05_c
image,#i_wpn_t8_shotgun_semi_base_sig_02_s
image,#i_wpn_t8_shotgun_semi_base_sig_02_g
image,#i_wpn_t8_shotgun_semi_base_sig_02_c
image,#i_wpn_t8_shotgun_semi_base_sig_02_o
image,#i_wpn_t8_shotgun_semi_base_sig_02_n
image,#hash_1ddf284744f8cce8
image,#i_veh_t8_mil_boat_tactical_raft_details_r
image,#i_veh_t8_mil_boat_tactical_raft_details_o
image,#i_veh_t8_mil_boat_tactical_raft_details_n
image,#i_t8_zm_man_mud_riverbed_c
image,#fxt_water_bubbledeath_group1_anim_n
image,#i_mtl_p8_zm_esc_cell_bed_screw_n
image,#i_mtl_p8_zm_esc_cell_bed_screw_m
image,#i_mtl_p7_electrical_box_set2_boxes_n
image,#i_mtl_p7_electrical_box_set2_boxes_c
image,#i_mtl_p7_zur_nw_tank_cooling_decal_c
image,#i_mtl_p7_zur_nw_tank_cooling_decal_n
image,#i_wpn_tac_rifle_mid_burst_upperfront_s
image,#i_wpn_tac_rifle_mid_burst_upperfront_o
image,#i_wpn_tac_rifle_mid_burst_upperfront_n
image,#i_wpn_tac_rifle_mid_burst_upperfront_g
image,#i_wpn_tac_rifle_mid_burst_upperfront_c
image,#i_mtl_p7_zm_tra_tv_vintage_screen_c
image,#i_mtl_p7_zm_tra_tv_vintage_screen_g
image,#i_mtl_p8_crate_wood_milk_01_g
image,#i_mtl_p8_crate_wood_milk_01_c
image,#i_mtl_p8_crate_wood_milk_01_n
image,#i_mtl_p8_crate_wood_milk_01_s
image,#hash_1e09655e49146676
image,#hash_1e09725e49147c8d
image,#hash_1e0d92c212c0e843
image,#i_mtl_p8_zm_esc_machine_smelting_conveyor_01_m
image,#i_mtl_p8_zm_esc_machine_smelting_conveyor_01_n
image,#i_mtl_p8_zm_esc_machine_smelting_conveyor_01_o
image,#i_mtl_p7_faucet_kitchen_stainless_modern_01_clean_s
image,#i_mtl_p7_faucet_kitchen_stainless_modern_01_clean_g
image,#i_mtl_p8_usa_locker_metal_door_metal_white_m
image,#hash_1e1662268a7a1883
image,#hash_1e1666268a7a1f4f
image,#hash_1e1669268a7a2468
image,#hash_1e166a268a7a261b
image,#hash_9e1a03c6ea11bf66
image,#hash_9e1a07c6ea11c632
image,#hash_9e1a0bc6ea11ccfe
image,#hash_9e1a0cc6ea11ceb1
image,#hash_9e1a17c6ea11e162
image,#hash_9e1a18c6ea11e315
image,#hash_9e1c36c3f439cf12
image,#hash_9e1c37c3f439d0c5
image,#hash_9e1c3bc3f439d791
image,#hash_9e1c3fc3f439de5d
image,#hash_9e1c4bc3f439f2c1
image,#i_t8_grass_wz_st_augustine_base_r
image,#i_t8_grass_wz_st_augustine_base_o
image,#i_t8_grass_wz_st_augustine_base_n
image,#i_t8_grass_wz_st_augustine_base_c
image,#i_veh_t8_decal_rust_14_c
image,#i_veh_t8_decal_rust_14_n
image,#i_mtl_wpn_t8_loot_shotgun_fullauto_mag_release_alt_sig_o
image,#i_mtl_wpn_t8_loot_shotgun_fullauto_mag_release_alt_sig_n
image,#i_mtl_wpn_t8_loot_shotgun_fullauto_mag_release_alt_sig_g
image,#i_mtl_wpn_t8_loot_shotgun_fullauto_mag_release_alt_sig_c
image,#i_mtl_wpn_t8_loot_shotgun_fullauto_mag_release_alt_sig_s
image,#i_mtl_p7_zm_ver_sink_vanity_set_03_m
image,#i_mtl_p7_zm_ver_sink_vanity_set_03_n
image,#i_mtl_p8_news_camera_set_ribbed_n
image,#i_attach_t8_ar_galil_ext_mag_s
image,#i_attach_t8_ar_galil_ext_mag_n
image,#i_attach_t8_ar_galil_ext_mag_o
image,#i_attach_t8_ar_galil_ext_mag_g
image,#i_attach_t8_ar_galil_ext_mag_c
image,#hash_9e396c4daa5c356a
image,#i_mtl_p7_tent_military_modular_frame_02_n
image,#i_mtl_p7_tent_military_modular_frame_02_c
image,#i_c_t8_zmb_homunculus_belt_c
image,#i_c_t8_zmb_homunculus_belt_g
image,#i_c_t8_zmb_homunculus_belt_n
image,#i_c_t8_zmb_homunculus_belt_o
image,#i_c_t8_zmb_homunculus_belt_s
image,#i_mtl_p8_wz_foliage_primrose_stems_c
image,#i_mtl_p8_wz_foliage_primrose_stems_n
image,#i_t8_decal_graphics_signage_usa_sub_hazard_warning_01_c
image,#i_wpn_t8_lmg_hades_stock_sig_01_s
image,#i_wpn_t8_lmg_hades_stock_sig_01_g
image,#i_c_t8_detail_strap_harness_n
image,#i_t8_decal_trim_tech_weld_01_metal_n
image,#i_t8_decal_trim_tech_weld_01_metal_c
image,#i_veh_t8_mil_heli_light_int_ir
image,#i_mtl_p8_zm_esc_rubble_pile_stones_o
image,#i_mtl_p8_zm_esc_rubble_pile_stones_n
image,#i_mtl_p8_zm_esc_rubble_pile_stones_c
image,#i_attach_t8_pistol_revolver_uber_screws_o
image,#i_attach_t8_pistol_revolver_uber_screws_n
image,#i_attach_t8_pistol_revolver_uber_screws_g
image,#i_attach_t8_pistol_revolver_uber_screws_c
image,#i_attach_t8_pistol_revolver_uber_screws_s
image,#i_mtl_wpn_t8_sniper_powersemi_fly_sig_02_g
image,#i_mtl_wpn_t8_sniper_powersemi_fly_sig_02_c
image,#i_mtl_wpn_t8_sniper_powersemi_fly_sig_02_o
image,#i_mtl_wpn_t8_sniper_powersemi_fly_sig_02_n
image,#i_mtl_wpn_t8_sniper_powersemi_fly_sig_02_s
image,#i_mtl_p7_foliage_flower_bougainvillea_stem_n
image,#i_mtl_p7_foliage_flower_bougainvillea_stem_c
image,#i_mtl_p7_spl_table_dining_vintage_01_n
image,#i_t7_micro_metal_handrail_01_s
image,#i_t7_micro_metal_handrail_01_c
image,#i_t7_micro_metal_handrail_01_g
image,#i_t7_micro_metal_handrail_01_n
image,#i_mtl_p8_cell_phone_01_finger_prints_t
image,#i_mtl_p7_debris_drywall_chunks_n
image,#i_mtl_p7_debris_drywall_chunks_c
image,#i_attach_t8_loot_smg_burst_extmag_c
image,#i_attach_t8_loot_smg_burst_extmag_g
image,#i_wpn_t8_pistol_burst_hammer_c
image,#i_wpn_t8_pistol_burst_hammer_g
image,#i_attach_t8_loot_smg_burst_extmag_o
image,#i_attach_t8_loot_smg_burst_extmag_n
image,#i_wpn_t8_pistol_burst_hammer_n
image,#i_attach_t8_loot_smg_burst_extmag_s
image,#i_wpn_t8_pistol_burst_hammer_o
image,#i_wpn_t8_pistol_burst_hammer_s
image,#fxt_trail_laser_mask
image,#i_attach_t8_pistol_burst_suppressor_n
image,#i_attach_t8_pistol_burst_suppressor_o
image,#i_attach_t8_pistol_burst_suppressor_g
image,#i_attach_t8_pistol_burst_suppressor_c
image,#i_attach_t8_pistol_burst_suppressor_s
image,#i_veh_t8_decal_edge_wear_03_n
image,#i_veh_t8_decal_edge_wear_03_c
image,#i_veh_t8_decal_edge_wear_03_s
image,#i_wpn_t7_sniper_locus_scope_n
image,#i_mtl_wpn_t8_sniper_vanguard_body_v2_o
image,#i_mtl_wpn_t8_sniper_vanguard_body_v2_n
image,#i_mtl_wpn_t8_sniper_vanguard_body_v2_c
image,#i_mtl_wpn_t8_sniper_vanguard_body_v2_g
image,#i_mtl_wpn_t8_sniper_vanguard_body_v2_s
image,#i_mtl_wpn_t8_sniper_vanguard_body_v2_r
image,#i_mtl_veh_t8_mil_helicopter_transport_attach_04_multi_m
image,#i_mtl_p8_zm_zod_shelf_locker_provisions_wood_m
image,#i_mtl_p8_zm_zod_shelf_locker_provisions_wood_n
image,#i_mtl_wpn_t8_ar_modular_mag_sig_03_mask
image,#i_mtl_p7_zm_ctl_radio_reciever_set_decal_01_c
image,#i_wpn_tac_rifle_mid_burst_laser_mk2_m
image,#i_wpn_tac_rifle_mid_burst_laser_mk2_n
image,#i_wpn_t8_loot_shotgun_fullauto_handguard_n
image,#i_wpn_t8_loot_shotgun_fullauto_handguard_o
image,#i_wpn_t8_loot_shotgun_fullauto_handguard_g
image,#i_wpn_t8_loot_shotgun_fullauto_handguard_c
image,#i_wpn_t8_loot_shotgun_fullauto_handguard_s
image,#i_wpn_t8_sniper_koshka_scope_01_s
image,#i_wpn_t8_sniper_koshka_scope_01_o
image,#i_wpn_t8_sniper_koshka_scope_01_n
image,#i_wpn_t8_sniper_koshka_scope_01_c
image,#i_wpn_t8_sniper_koshka_scope_01_g
image,#i_veh_t8_mil_heli_attack_rotor_n
image,#i_veh_t8_mil_heli_attack_rotor_o
image,#i_mtl_p7_boxing_bag_leather_c
image,#i_mtl_p7_boxing_bag_leather_n
image,#i_wpn_t8_ar_fastfire_stock_sig_02_o
image,#i_wpn_t8_ar_fastfire_stock_sig_02_n
image,#i_wpn_t8_ar_fastfire_stock_sig_02_g
image,#i_wpn_t8_ar_fastfire_stock_sig_02_c
image,#i_wpn_t8_ar_fastfire_stock_sig_02_s
image,#i_mtl_p7_cabinet_wood_old_01_m
image,#i_mtl_p8_crate_wood_01_set_m
image,#i_mtl_p8_crate_wood_01_set_n
image,#i_t8_wpn_smg_accurate_mag_s
image,#i_t8_wpn_smg_accurate_mag_c
image,#i_t8_wpn_smg_accurate_mag_g
image,#i_t8_wpn_smg_accurate_mag_o
image,#i_t8_wpn_smg_accurate_mag_n
image,#i_t8_wpn_smg_accurate_mag_m
image,#ui_icon_obit_ar_galil
image,#reticle_pineapplegun
image,#i_veh_t7_drone_attack_rocketpods_highres_paintedmetal_g
image,#i_veh_t7_drone_attack_rocketpods_highres_paintedmetal_n
image,#i_veh_t8_decal_greeble_07_r
image,#i_veh_t8_decal_greeble_07_n
image,#i_veh_t8_decal_greeble_07_c
image,#i_mtl_p8_fence_rustic_wood_plank_decal_bolt_n
image,#i_mtl_p8_fence_rustic_wood_plank_decal_bolt_c
image,#i_wpn_t8_tr_midburst_upperfront_sig_01_n
image,#i_wpn_t8_tr_midburst_upperfront_sig_01_o
image,#i_wpn_t8_tr_midburst_upperfront_sig_01_c
image,#i_wpn_t8_tr_midburst_upperfront_sig_01_g
image,#i_wpn_t8_tr_midburst_upperfront_sig_01_s
image,#i_t8_decal_blood_puddle_floor_01_c
image,#i_t8_decal_blood_puddle_floor_01_r
image,#i_t8_brick_old_rough_02_crumble_c
image,#i_t8_brick_old_rough_02_crumble_n
image,#ui_icon_inventory_p8_wz_ammo_pickup_9mm
image,#hash_1f1b4b43650808b0
image,#hash_1f1b4c4365080a63
image,#hash_1f1b4d4365080c16
image,#hash_9f1de848264dbcb3
image,#i_t7_detail_weave_01
image,#mtl_t6_attach_optic_acog_lens_nml
image,#i_attach_t8_sniper_koshka_loader_welds_s
image,#i_attach_t8_sniper_koshka_loader_welds_n
image,#i_attach_t8_sniper_koshka_loader_welds_g
image,#i_attach_t8_sniper_koshka_loader_welds_c
image,#i_t8_wpn_smg_capacity_frame_sig_o
image,#i_t8_wpn_smg_capacity_frame_sig_n
image,#i_t7_wood_worn_dark_brown_g
image,#i_t7_wood_worn_dark_brown_c
image,#i_veh_t8_decal_gauge_11_c
image,#$white_diffuse_hdr
image,#i_mtl_p7_wes_clock_wall_vintage_wood_m
image,#i_mtl_p7_wes_clock_wall_vintage_wood_n
image,#i_mtl_p7_wes_clock_wall_vintage_wood_o
image,#ui_icon_inventory_armor_scrap
image,#i_t8_decal_graphics_caution_stripe_01_m
image,#i_t8_decal_graphics_caution_stripe_01_c
image,#i_t8_decal_graphics_caution_stripe_01_r
image,#i_mtl_wpn_t8_loot_ar_an94_mag_base_s
image,#i_mtl_wpn_t8_loot_ar_an94_mag_base_g
image,#i_mtl_wpn_t8_loot_ar_an94_mag_base_c
image,#i_mtl_wpn_t8_loot_ar_an94_mag_base_n
image,#i_mtl_wpn_t8_loot_ar_an94_mag_base_o
image,#i_t7_mou_concrete_poured_c
image,#i_t7_mou_concrete_poured_g
image,#i_t7_mou_concrete_poured_o
image,#i_t7_mou_concrete_poured_n
image,#i_mtl_p8_col_shelf_warehouse_paint_black_g
image,#hash_9f5ff06cb14184ae
image,#i_mtl_attach_t8_loot_smg_minigun_fmj_02_s
image,#i_mtl_attach_t8_loot_smg_minigun_fmj_02_n
image,#i_mtl_attach_t8_loot_smg_minigun_fmj_02_o
image,#i_mtl_attach_t8_loot_smg_minigun_fmj_02_c
image,#i_mtl_attach_t8_loot_smg_minigun_fmj_02_g
image,#i_t8_decal_tech_detail_low_tech_01_o
image,#i_t8_decal_tech_detail_low_tech_01_n
image,#i_t8_decal_tech_detail_low_tech_01_c
image,#i_t8_decal_tech_detail_low_tech_01_r
image,#i_mtl_p7_debris_rockychunks_small_c
image,#i_mtl_p7_debris_rockychunks_small_n
image,#hash_1f72f4895a78136d
image,#i_mtl_wpn_t8_loot_lmg_mk48_bodytop_o
image,#i_mtl_wpn_t8_loot_lmg_mk48_bodytop_n
image,#i_mtl_wpn_t8_loot_lmg_mk48_bodytop_g
image,#i_mtl_wpn_t8_loot_lmg_mk48_bodytop_c
image,#i_mtl_wpn_t8_loot_lmg_mk48_bodytop_s
image,#i_mtl_wpn_t8_loot_lmg_mk48_display_mk2_multi_m
image,#i_wpn_t8_lmg_hades_grip_sig_01_s
image,#i_wpn_t8_lmg_hades_grip_sig_01_g
image,#hash_9f828617b987e26b
image,#i_wpn_t8_tr_midburst_barrel_sig_02_n
image,#i_wpn_t8_tr_midburst_barrel_sig_02_o
image,#i_wpn_t8_tr_midburst_barrel_sig_02_c
image,#i_wpn_t8_tr_midburst_barrel_sig_02_g
image,#i_wpn_t8_tac_rifle_swordfish_bolt_r
image,#i_wpn_t8_tac_rifle_swordfish_bolt_s
image,#i_wpn_t8_tac_rifle_swordfish_bolt_n
image,#i_wpn_t8_tac_rifle_swordfish_bolt_o
image,#i_wpn_t8_tac_rifle_swordfish_bolt_c
image,#i_wpn_t8_tac_rifle_swordfish_bolt_g
image,#i_attach_t8_smg_handling_grip_c
image,#i_attach_t8_smg_handling_grip_g
image,#i_attach_t8_smg_handling_grip_o
image,#i_attach_t8_smg_handling_grip_n
image,#i_attach_t8_smg_handling_grip_m
image,#i_mtl_p7_glass_shards_c
image,#i_mtl_p7_glass_shards_g
image,#i_mtl_p7_glass_shards_n
image,#i_t8_rock_pebbles_02_n
image,#i_t8_rock_pebbles_02_g
image,#i_t8_rock_pebbles_02_c
image,#i_t8_rock_pebbles_02_r
image,#hash_9f91d3c1a834cf07
image,#hash_9f91d4c1a834d0ba
image,#hash_9f91d5c1a834d26d
image,#i_veh_t8_decal_text_no_handle_c
image,#i_p8_zm_esc_power_house_door_metal_rolling_door_n
image,#i_mtl_p8_usa_submarine_exterior_panels_g
image,#hash_1f94bc40caf76458
image,#ui_icon_obit_ar_stealth
image,#i_wpn_t8_tr_midburst_wings_stock_01_sig_02_c
image,#i_t7_camo_pearl_e
image,#i_wpn_t8_smg_accurate_wisps_01_sig_03_c
image,#i_p7_light_work_utility_hanging_small_c
image,#i_p7_light_work_utility_hanging_small_g
image,#i_p7_light_work_utility_hanging_small_s
image,#i_p7_light_work_utility_hanging_small_t
image,#hash_1fabe612f6baa94e
image,#i_t8_concrete_wall_cast_bare_01_n
image,#i_t8_concrete_wall_cast_bare_01_o
image,#i_t8_concrete_wall_cast_bare_01_g
image,#i_t8_concrete_wall_cast_bare_01_c
image,#i_mtl_p7_substation_set_screw_m
image,#hash_9fbce9711da4aaad
image,#hash_1fbe7b201f4b599c
image,#i_mtl_p7_chemistry_kit_metal_02_n
image,#i_mtl_p7_chemistry_kit_metal_02_o
image,#i_mtl_p8_box_cardboard_01_trim_c
image,#i_mtl_p8_box_cardboard_01_trim_n
image,#i_wpn_t8_ar_accurate_sig_02_mag_s
image,#i_wpn_t8_ar_accurate_sig_02_mag_n
image,#i_wpn_t8_ar_accurate_sig_02_mag_c
image,#i_wpn_t8_ar_accurate_sig_02_mag_g
image,#i_wpn_t8_ar_accurate_sig_02_mag_e
image,#hash_1fc73745b7fd498f
image,#ui_icon_inventory_lightweight
image,#i_t8_metal_trim_flashing_rust_c
image,#i_t8_metal_trim_flashing_rust_g
image,#i_t7_graphic_detail_graph_01_flip_c
image,#i_t8_micro_metal_wall_rough_c
image,#i_t8_micro_metal_wall_rough_g
image,#i_t8_micro_metal_wall_rough_n
image,#i_t7_decal_plastic_mylar_crinkle_n
image,#i_mtl_p7_shr_weapon_shield_01_01_c
image,#hash_1fda1357d6ec3532
image,#hash_1fda1857d6ec3db1
image,#i_wpn_t8_sig_flamethrower_front_base_t
image,#i_wpn_t8_sig_flamethrower_front_base_o
image,#i_wpn_t8_sig_flamethrower_front_base_n
image,#i_wpn_t8_sig_flamethrower_front_base_m
image,#i_t8_wpn_smg_accurate_body_lower_sig_02_s
image,#i_t8_wpn_smg_accurate_body_lower_sig_02_c
image,#i_t8_wpn_smg_accurate_body_lower_sig_02_g
image,#i_t8_wpn_smg_accurate_body_lower_sig_02_o
image,#i_t8_wpn_smg_accurate_body_lower_sig_02_n
image,#i_attach_t8_sniper_vanguard_bolt_01_m
image,#i_attach_t8_sniper_vanguard_bolt_01_o
image,#i_attach_t8_sniper_vanguard_bolt_01_n
image,#i_attach_t8_sniper_vanguard_bolt_01_g
image,#i_attach_t8_sniper_vanguard_bolt_01_c
image,#i_attach_t8_sniper_vanguard_bolt_01_s
image,#i_attach_t8_sniper_vanguard_bolt_01_r
image,#ui_icon_attachment_grip
image,#hash_1ff1f23f71ef9056
image,#i_mtl_p7_ban_fan_industrial_painted06_n
image,#i_mtl_p7_ban_fan_industrial_painted06_m
image,#i_mtl_p7_file_cab_metal_02_drawer_n
image,#i_attach_t8_pistol_revolver_scope_alt_c
image,#i_attach_t8_pistol_revolver_scope_alt_n
image,#i_wz_t8_mp_spe_buffer_body1_syringe_pouch_n
image,#i_wz_t8_mp_spe_buffer_body1_syringe_pouch_c
image,#i_wpn_t8_loot_melee_hammer_demo_decal02_n
image,#i_wpn_t8_loot_melee_hammer_demo_decal02_r
image,#hash_201e06ab96bf2935
image,#fxt8_spark_shower_radial_sparse_hdr
image,#i_t8_decal_grunge_leak_01_c
image,#i_mtl_wpn_t8_sniper_vanguard_magwell_v2_alt_mk2_multi_m
image,#i_mtl_p8_col_oven_kitchen_decal03_n
image,#i_t8_glass_smokey_streaks_01_backlit_t
image,#i_mtl_p7_zm_ver_couch_leather_leather01_m
image,#i_mtl_p7_zm_ver_couch_leather_leather01_n
image,#hash_a035216c53288103
image,#i_t8_decal_signage_caution_stripes_slanted_sml_c
image,#ui_icon_weapon_sniper_powerbolt_tactical_render
image,#hash_20422fea962c67ad
image,#i_wpn_t8_eqp_tripwire_slingshot_ziptie_n
image,#i_attach_t8_loot_shotgun_fullauto_dbal_o
image,#i_attach_t8_loot_shotgun_fullauto_dbal_n
image,#i_attach_t8_loot_shotgun_fullauto_dbal_c
image,#i_attach_t8_loot_shotgun_fullauto_dbal_g
image,#i_attach_t8_loot_shotgun_fullauto_dbal_s
image,#i_wpn_t8_eqp_turret_mini_gun_s
image,#i_wpn_t8_eqp_turret_mini_gun_o
image,#i_wpn_t8_eqp_turret_mini_gun_n
image,#i_wpn_t8_eqp_turret_mini_gun_c
image,#i_wpn_t8_eqp_turret_mini_gun_g
image,#$snow
image,#i_t8_micro_metal_galvanized_01_n
image,#i_t8_micro_metal_galvanized_01_h
image,#i_t8_micro_metal_galvanized_01_g
image,#i_t8_micro_metal_galvanized_01_c
image,#i_t8_micro_metal_galvanized_01_s
image,#i_t8_micro_stone_layered_02_g
image,#i_t8_micro_stone_layered_02_n
image,#i_mtl_wpn_t8_camo_sub_03_c
image,#hash_a0586e2723f3b4c0
image,#hash_a058722723f3bb8c
image,#hash_a058762723f3c258
image,#hash_a058772723f3c40b
image,#hash_a058822723f3d6bc
image,#hash_a059a208fbe4a2b3
image,#hash_a059a608fbe4a97f
image,#hash_a059a908fbe4ae98
image,#hash_a059aa08fbe4b04b
image,#hash_a059b608fbe4c4af
image,#i_t7_micro_wood_plank_01_g
image,#i_t7_micro_wood_plank_01_c
image,#i_t7_micro_wood_plank_01_n
image,#hash_205cda58403f81b0
image,#hash_205cdb58403f8363
image,#i_wpn_t8_ar_heavy_decal_navy_c
image,#i_mtl_attach_t8_loot_ar_double_barrel_dbal_01_c
image,#i_mtl_attach_t8_loot_ar_double_barrel_dbal_01_g
image,#i_mtl_attach_t8_loot_ar_double_barrel_dbal_01_n
image,#i_mtl_attach_t8_loot_ar_double_barrel_dbal_01_o
image,#i_mtl_attach_t8_loot_ar_double_barrel_dbal_01_s
image,#i_attach_t8_pistol_standard_ext_mag_transparent_s
image,#i_attach_t8_pistol_standard_ext_mag_transparent_g
image,#i_attach_t8_pistol_standard_ext_mag_transparent_c
image,#i_attach_t8_pistol_standard_ext_mag_transparent_n
image,#ui_icon_inventory_engineer
image,#i_wpn_t8_ar_modular_02_upper_sig_01_s
image,#i_wpn_t8_ar_modular_02_upper_sig_01_e
image,#i_wpn_t8_ar_modular_02_upper_sig_01_g
image,#i_wpn_t8_ar_modular_02_upper_sig_01_c
image,#i_wpn_t8_ar_modular_02_upper_sig_01_o
image,#i_wpn_t8_ar_modular_02_upper_sig_01_n
image,#i_t8_wpn_lmg_heavy_stock_sig_01_s
image,#i_t8_wpn_lmg_heavy_stock_sig_01_g
image,#i_t8_wpn_lmg_heavy_stock_sig_01_c
image,#i_t8_wpn_lmg_heavy_stock_sig_01_n
image,#i_t8_wpn_lmg_heavy_stock_sig_01_o
image,#i_mtl_p8_wz_cu_typewriter_vintage_m
image,#i_mtl_p8_wz_cu_typewriter_vintage_n
image,#i_mtl_p8_wz_cu_typewriter_vintage_c
image,#i_wpn_t8_shotgun_pump_sig_02_badge_s
image,#i_wpn_t8_shotgun_pump_sig_02_badge_o
image,#i_wpn_t8_shotgun_pump_sig_02_badge_n
image,#i_wpn_t8_shotgun_pump_sig_02_badge_c
image,#i_wpn_t8_shotgun_pump_sig_02_badge_g
image,#i_veh_t8_glass_pattern_10_n
image,#i_attach_t8_optic_acog_back_s
image,#i_attach_t8_optic_acog_back_r
image,#i_attach_t8_optic_acog_back_c
image,#i_attach_t8_optic_acog_back_g
image,#i_attach_t8_optic_acog_back_o
image,#i_attach_t8_optic_acog_back_n
image,#i_mtl_p7_zm_tra_monitor_support_m
image,#i_mtl_p7_zm_tra_monitor_support_n
image,#ui_icon_inventory_skulker
image,#i_wpn_t8_smg_capacity_bolt_base_o
image,#i_wpn_t8_smg_capacity_bolt_base_n
image,#i_wpn_t8_smg_capacity_bolt_base_m
image,#hash_20814e5ee6f35b5c
image,#hash_2081505ee6f35ec2
image,#hash_2081515ee6f36075
image,#fxt_water_splash_spread_anim
image,#i_t8_decal_tech_detail_high_tech_29_g
image,#i_t8_decal_tech_detail_high_tech_29_c
image,#i_t8_decal_tech_detail_high_tech_29_o
image,#i_t8_decal_tech_detail_high_tech_29_n
image,#hash_208bb76fa3d775e3
image,#i_mtl_p7_zm_bgb_icon_alchemical_antithesis_c
image,#i_mtl_p7_shr_roof_beams_end_c
image,#i_mtl_p7_shr_roof_beams_end_n
image,#i_t7_glass_dirty_streaks_sml_c
image,#i_fir_bathroom_sink_tubing_rust_decal_r
image,#i_attach_t8_shotgun_semi_dbal_01_r
image,#i_attach_t8_shotgun_semi_dbal_01_s
image,#i_attach_t8_shotgun_semi_dbal_01_c
image,#i_attach_t8_shotgun_semi_dbal_01_g
image,#i_attach_t8_shotgun_semi_dbal_01_m
image,#i_attach_t8_shotgun_semi_dbal_01_n
image,#i_attach_t8_shotgun_semi_dbal_01_o
image,#hash_209882af7b3f2184
image,#hash_209883af7b3f2337
image,#hash_209886af7b3f2850
image,#ui_icon_inventory_respirator
image,#i_mtl_veh_t7_decal_accent_strip_c
image,#i_t8_dirt_rocky_13_r
image,#i_t8_dirt_rocky_13_c
image,#i_t8_dirt_rocky_13_g
image,#i_t8_dirt_rocky_13_n
image,#i_t8_dirt_rocky_13_o
image,#hash_a0a2124b87bd8b5d
image,#i_attach_t8_sniper_vanguard_bipod_02_s
image,#i_attach_t8_sniper_vanguard_bipod_02_c
image,#i_attach_t8_sniper_vanguard_bipod_02_g
image,#i_attach_t8_sniper_vanguard_bipod_02_o
image,#i_attach_t8_sniper_vanguard_bipod_02_n
image,#i_attach_t8_sniper_vanguard_bipod_02_m
image,#i_mtl_t8_loot_wpn_smg_folding_stock_02_n
image,#i_mtl_t8_loot_wpn_smg_folding_stock_02_c
image,#i_mtl_t8_loot_wpn_smg_folding_stock_02_g
image,#$thickness
image,#fxt8_snow_flake
image,#i_wpn_tac_rifle_mid_burst_ammopouch_mk2_n
image,#i_wpn_tac_rifle_mid_burst_ammopouch_mk2_m
image,#i_p8_zm_esc_turbine_generator_connector_decal_a_r
image,#i_mtl_p7_zm_kin_table_wood_dining_oval_wood_01_n
image,#i_mtl_p7_zm_kin_table_wood_dining_oval_wood_01_m
image,#i_attach_t8_loot_tac_rifle_damageburst_silencer_c
image,#i_attach_t8_loot_tac_rifle_damageburst_silencer_g
image,#i_attach_t8_loot_tac_rifle_damageburst_silencer_o
image,#i_attach_t8_loot_tac_rifle_damageburst_silencer_n
image,#i_attach_t8_loot_tac_rifle_damageburst_silencer_s
image,#hash_20c6bef35e44dde0
image,#hash_a0c6e4ee6fbe3371
image,#i_mtl_p8_pallet_military_metal_decal_dirty_03_g
image,#hash_20cf00a8760f72b3
image,#hash_20cf04a8760f797f
image,#hash_20cf07a8760f7e98
image,#hash_20cf08a8760f804b
image,#i_mtl_p7_spl_toy_beach_set_n
image,#i_mtl_p7_spl_toy_beach_set_m
image,#i_wpn_t8_ar_heavy_decal_02_c
image,#i_wpn_t8_ar_heavy_decal_02_n
image,#i_attach_t8_optic_hybrid_scope_front_s
image,#i_attach_t8_optic_hybrid_scope_front_g
image,#i_attach_t8_optic_hybrid_scope_front_c
image,#i_attach_t8_optic_hybrid_scope_front_n
image,#i_attach_t8_optic_hybrid_scope_front_o
image,#i_p8_usa_ladder_old_wood_up_o
image,#i_p8_usa_ladder_old_wood_up_n
image,#i_p8_usa_ladder_old_wood_up_g
image,#i_p8_usa_ladder_old_wood_up_c
image,#hash_a0da151c4f679fb3
image,#hash_a0da191c4f67a67f
image,#hash_a0da1c1c4f67ab98
image,#hash_a0da1d1c4f67ad4b
image,#hash_a0da291c4f67c1af
image,#i_mtl_p8_zm_crafting_table_alchemy_jar_02_cloth_n
image,#i_mtl_p8_zm_crafting_table_alchemy_jar_02_cloth_g
image,#i_mtl_p8_zm_crafting_table_alchemy_jar_02_cloth_c
image,#i_t8_decal_graphics_signage_ice_warning_shock_01_c
image,#fxt_bio_fly_top
image,#global_rope_lbrown_dark_c
image,#i_attach_t7_shotty_prec_ext_mag_01_s
image,#i_attach_t7_shotty_prec_ext_mag_01_n
image,#i_attach_t7_shotty_prec_ext_mag_01_o
image,#i_attach_t7_shotty_prec_ext_mag_01_g
image,#i_attach_t7_shotty_prec_ext_mag_01_c
image,#fxt_electric_arc2
image,#fxt_electric_arc3
image,#fxt_electric_arc1
image,#hash_20f55cfaba24eee3
image,#hash_20f563faba24fac8
image,#hash_20f567faba250194
image,#hash_20f762b7026e844c
image,#i_mtl_p8_zm_esc_cell_bed_decal_04_c
image,#i_mtl_p8_zm_esc_cell_bed_decal_04_n
image,#hash_a1000b9d6fac2752
image,#i_t7_rubble_concrete_sm_blend_n
image,#i_t7_rubble_concrete_sm_blend_c
image,#i_attach_t8_smg_fastfire_grip_c
image,#i_attach_t8_smg_fastfire_grip_g
image,#i_attach_t8_smg_fastfire_grip_n
image,#i_attach_t8_smg_fastfire_grip_o
image,#i_attach_t8_smg_fastfire_grip_r
image,#i_attach_t8_smg_fastfire_grip_s
image,#i_mtl_p7_bed_boxspring_queen_02_decal_n
image,#hash_a1185ca9a0439f5d
image,#hash_211aa5e12d355f6c
image,#hash_211aa6e12d35611f
image,#hash_211aa7e12d3562d2
image,#hash_211b673de9073b33
image,#i_t8_stone_fort_wall_plastered_01_n
image,#i_t8_stone_fort_wall_plastered_01_o
image,#i_t8_stone_fort_wall_plastered_01_g
image,#i_t8_stone_fort_wall_plastered_01_c
image,#i_t8_stone_fort_wall_plastered_01_r
image,#hash_a123cc47e423fcc0
image,#hash_a123cd47e423fe73
image,#hash_a123cf47e42401d9
image,#hash_a123d547e4240c0b
image,#hash_a123d947e42412d7
image,#hash_a123e947e4242e07
image,#i_wpn_t8_tr_midburst_wings_stock_02_sig_02_c
image,#i_t7_decal_grunge_leakage_01_c
image,#i_t7_decal_damage_dent_04_tile_n
image,#i_t7_micro_stone_jagged_n
image,#i_t7_micro_stone_jagged_c
image,#hash_a130c306eefe4570
image,#i_p8_wz_foliage_primrose_flowers_r
image,#hash_a13e81e3d7dec0ad
image,#i_mtl_wpn_t8_loot_smg_minigun_logo_c
image,#i_t7_fiberglass_painted_wood_pattern_n
image,#i_t7_fiberglass_painted_wood_pattern_c
image,#i_mtl_p7_zm_ctl_radio_finder_receiver_n
image,#i_mtl_p7_zm_ctl_radio_finder_receiver_m
image,#i_t7_sand_smooth_01_g
image,#hash_a14923b681a79b53
image,#hash_a14aa78a3ee9df1d
image,#i_mtl_p7_zm_isl_light_operating_vintage_metal_02_m
image,#i_mtl_p7_zm_isl_light_operating_vintage_metal_02_n
image,#i_wpn_t8_sniper_koshka_base_upper_sig_02_s
image,#i_wpn_t8_sniper_koshka_base_upper_sig_02_c
image,#i_wpn_t8_sniper_koshka_base_upper_sig_02_g
image,#hash_2153a6c64d4c7796
image,#hash_2153a7c64d4c7949
image,#i_mtl_p8_wz_foliage_bush_erigonum_flower_02_c
image,#i_mtl_p8_wz_foliage_bush_erigonum_flower_02_n
image,#hash_215a899709d63c5e
image,#i_mtl_aml_fish_trout_n
image,#i_mtl_aml_fish_trout_c
image,#hash_a1670621daf772bf
image,#hash_a1670921daf777d8
image,#hash_a1670d21daf77ea4
image,#hash_a1670f21daf7820a
image,#hash_a1671921daf79308
image,#i_wpn_t8_ar_accurate_sig_02_grip_s
image,#i_wpn_t8_ar_accurate_sig_02_grip_n
image,#i_wpn_t8_ar_accurate_sig_02_grip_c
image,#i_t8_decal_tech_detail_panel_06_sml_n
image,#i_wpn_t8_ar_accurate_sig_02_grip_g
image,#i_wpn_t8_ar_accurate_sig_02_grip_e
image,#i_t8_decal_tech_detail_panel_06_sml_g
image,#i_t8_decal_tech_detail_panel_06_sml_r
image,#i_mtl_t8_loot_wpn_smg_folding_mag_o
image,#i_attach_t8_ar_stealth_silencer_long_m
image,#i_attach_t8_ar_stealth_silencer_long_o
image,#i_attach_t8_ar_stealth_silencer_long_n
image,#i_attach_t8_ar_stealth_silencer_long_g
image,#i_attach_t8_ar_stealth_silencer_long_c
image,#i_attach_t8_ar_stealth_silencer_long_s
image,#i_p8_zm_esc_shower_fence_set_02_r
image,#i_p8_zm_esc_shower_fence_set_02_o
image,#i_p8_zm_esc_shower_fence_set_02_n
image,#hash_21753156761fc343
image,#hash_21775c9fea3e73b6
image,#ui_icon_weapon_hud_smg_mp40
image,#i_mtl_wpn_t8_loot_ar_standard_barrel_sig_02_g
image,#i_mtl_wpn_t8_loot_ar_standard_barrel_sig_02_c
image,#i_mtl_wpn_t8_loot_ar_standard_barrel_sig_02_o
image,#i_mtl_wpn_t8_loot_ar_standard_barrel_sig_02_n
image,#i_mtl_wpn_t8_loot_ar_standard_barrel_sig_02_s
image,#hash_a17c3804cdc72606
image,#i_mtl_p7_picture_frame_04_n
image,#i_wpn_t8_ar_heavy_mag_base_mk2_m
image,#hash_a186073be3144da4
image,#hash_a1860b3be3145470
image,#hash_a1860c3be3145623
image,#hash_a1860d3be31457d6
image,#hash_a186133be3146208
image,#hash_a186173be31468d4
image,#i_mtl_p8_zm_esc_flood_light_bulb_n
image,#i_mtl_p8_zm_esc_flood_light_bulb_c
image,#i_mtl_p8_zm_esc_flood_light_bulb_g
image,#i_t8_zm_whi_painted_wood_white_c
image,#i_t7_wes_wood_micro_01_c
image,#i_t7_wes_wood_micro_01_n
image,#i_mtl_p7_cabinet_drawers_m
image,#i_mtl_p7_zm_tra_tank_chemical_decal_01_c
image,#hash_219cbee7c55c651e
image,#hash_219d9f5991bbe809
image,#hash_219da35991bbeed5
image,#hash_219daa5991bbfaba
image,#i_mtl_p7_foliage_fern_sword_c
image,#i_mtl_p7_foliage_fern_sword_n
image,#i_mtl_p7_foliage_fern_sword_t
image,#i_veh_t8_base_paint_13_dead_c
image,#i_wpn_t8_lmg_heavy_clip_tray_lid_cover_o
image,#i_wpn_t8_lmg_heavy_clip_tray_lid_cover_n
image,#i_wpn_t8_lmg_heavy_clip_tray_lid_cover_c
image,#i_wpn_t8_lmg_heavy_clip_tray_lid_cover_g
image,#i_wpn_t8_lmg_heavy_clip_tray_lid_cover_s
image,#hash_a1b199a8a6205731
image,#hash_a1b1a4a8a62069e2
image,#hash_a1b1a5a8a6206b95
image,#hash_a1b1a9a8a6207261
image,#hash_a1b1ada8a620792d
image,#ui_icon_equipment_eq_sensor
image,#i_mtl_wpn_t8_sniper_vanguard_sig_02_body_s
image,#i_mtl_wpn_t8_sniper_vanguard_sig_02_body_o
image,#i_mtl_wpn_t8_sniper_vanguard_sig_02_body_n
image,#i_mtl_wpn_t8_sniper_vanguard_sig_02_body_g
image,#i_mtl_wpn_t8_sniper_vanguard_sig_02_body_c
image,#hash_21b90b4255e241dd
image,#hash_a1b927f345eb371b
image,#hash_a1b92bf345eb3de7
image,#hash_a1b92ea37724e386
image,#hash_a1b932a37724ea52
image,#hash_a1b936a37724f11e
image,#hash_a1b937a37724f2d1
image,#hash_a1b942a377250582
image,#i_wpn_t7_zmb_perk_bottle_water_stimup_c
image,#i_t7_metal_paint_chipped_wall_02_n
image,#hash_a1c03797917bed86
image,#hash_a1c03b97917bf452
image,#hash_a1c04197917bfe84
image,#hash_a1c04397917c01ea
image,#hash_a1c04497917c039d
image,#hash_a1c04797917c08b6
image,#i_wpn_t8_ar_fastfire_grip_r
image,#i_wpn_t8_ar_fastfire_grip_s
image,#i_wpn_t8_ar_fastfire_grip_c
image,#i_wpn_t8_ar_fastfire_grip_g
image,#i_wpn_t8_ar_fastfire_grip_n
image,#i_wpn_t8_ar_fastfire_grip_o
image,#i_t7_cloth_cotton_dirty_white_c
image,#i_mtl_p7_duct_metal_rectangle_support_n
image,#i_mtl_p7_duct_metal_rectangle_support_o
image,#hash_21c994e4ffbdd39f
image,#hash_21d30294445a37ee
image,#i_t7_micro_fiberglass_n
image,#i_attach_t8_smg_capacity_trigger_g
image,#i_attach_t8_smg_capacity_trigger_n
image,#i_attach_t8_smg_capacity_trigger_o
image,#fxt8_dust_mote_bokeh
image,#hash_a1d5ef16bab69a3d
image,#i_t7_metal_perforated_small_g
image,#i_mtl_p7_zm_tra_billiard_vintage_table_wood_02_n
image,#hash_21e6e6fbcd04085d
image,#i_t7_glass_dirty_streaks_n
image,#hash_21f09afd6ec5edfe
image,#hash_21f09bfd6ec5efb1
image,#ui_icon_weapon_hud_smg_minigun
image,#hash_a1fe9853feabbb19
image,#hash_a1fe9c53feabc1e5
image,#hash_a1fea353feabcdca
image,#hash_a1fea453feabcf7d
image,#hash_a1fea853feabd649
image,#i_t8_decal_signage_col_fracking_site_tank_number_01_r
image,#i_t8_decal_signage_col_fracking_site_tank_number_01_c
image,#i_wpn_t8_shotgun_semi_decals_sig_01_s
image,#i_wpn_t8_shotgun_semi_decals_sig_01_c
image,#i_wpn_t8_shotgun_semi_decals_sig_01_g
image,#i_wpn_t8_shotgun_semi_decals_sig_01_n
image,#i_wpn_t8_shotgun_semi_straps01_sig_02_g
image,#i_wpn_t8_shotgun_semi_straps01_sig_02_c
image,#i_wpn_t8_shotgun_semi_straps01_sig_02_n
image,#i_wpn_t8_shotgun_semi_straps01_sig_02_o
image,#i_wpn_t8_shotgun_semi_straps01_sig_02_s
image,#i_mtl_p7_foliage_vines_roots_c
image,#i_mtl_p7_foliage_vines_roots_n
image,#i_wpn_t8_lmg_titan_stock_s
image,#i_wpn_t8_lmg_titan_stock_r
image,#i_wpn_t8_lmg_titan_stock_o
image,#i_wpn_t8_lmg_titan_stock_n
image,#i_wpn_t8_lmg_titan_stock_m
image,#i_wpn_t8_lmg_titan_stock_c
image,#i_wpn_t8_lmg_titan_stock_g
image,#ui_icon_weapons_zm_blundergat
image,#i_attach_t8_pistol_standard_trigger_g
image,#i_attach_t8_pistol_standard_trigger_c
image,#i_attach_t8_pistol_standard_trigger_n
image,#hash_a20ee6505cbf61da
image,#i_mtl_p7_debris_glass_shards_g
image,#i_mtl_p7_debris_glass_shards_n
image,#fxt_exp_billow_md_anim_mask
image,#i_t8_snow_ice_slushed_c
image,#i_mtl_p8_candle_holder_vintage_01_decal_weld_c
image,#i_attach_t8_ar_kn57_adv_mag_g
image,#i_attach_t8_ar_kn57_adv_mag_c
image,#i_attach_t8_ar_kn57_adv_mag_n
image,#i_attach_t8_ar_kn57_adv_mag_o
image,#i_attach_t8_ar_kn57_adv_mag_r
image,#i_attach_t8_ar_kn57_adv_mag_s
image,#i_mtl_p7_wes_curtain_skirt_c
image,#i_mtl_p7_wes_curtain_skirt_n
image,#i_mtl_p8_spa_cliff_rock_lrg_01_detail_n
image,#i_mtl_p8_spa_cliff_rock_lrg_01_detail_c
image,#hash_a22e497d8530fd19
image,#hash_a22e597d85311849
image,#hash_a22e5d7d85311f15
image,#hash_a22e647d85312afa
image,#hash_a22e657d85312cad
image,#i_mtl_p7_wes_container_vintage_decanter_dirt_c
image,#hash_22342457b80eeac2
image,#hash_22342557b80eec75
image,#hash_a236b72ed5bfb6e6
image,#hash_a236bb2ed5bfbdb2
image,#hash_a236c32ed5bfcb4a
image,#hash_a236c42ed5bfccfd
image,#hash_a236c72ed5bfd216
image,#i_mtl_p7_pipe_metal_hp_12_straight_m
image,#i_c_t8_camo_diamond_01_characters_sparkle_s
image,#i_mtl_veh_t8_industrial_scissor_lift_metal_512_r
image,#hash_22440edafc0394ab
image,#i_mtl_p7_zm_mob_cell_door_set_02_n
image,#ui_icon_weapon_hud_lmg_spray_operator_wz
image,#hash_225680caf9ebdc35
image,#hash_a25744800491f963
image,#i_mtl_p8_wz_foliage_leymus_grass_01_d_c
image,#i_wpn_t8_loot_shotgun_fullauto_barrel_n
image,#i_wpn_t8_loot_shotgun_fullauto_barrel_o
image,#i_wpn_t8_loot_shotgun_fullauto_barrel_c
image,#i_wpn_t8_loot_shotgun_fullauto_barrel_g
image,#i_wpn_t8_loot_shotgun_fullauto_barrel_s
image,#i_wpn_t8_ar_heavy_ranger_guards_base_mk2_m
image,#i_wpn_t8_ar_heavy_ranger_guards_base_mk2_n
image,#i_c_gen_detail_strap_c_n
image,#hash_226f46c7fbca1f8b
image,#i_mtl_p7_zm_mob_bookcase_wood_n
image,#i_mtl_p7_zm_mob_bookcase_wood_m
image,#i_mtl_attach_t8_ar_kn57_stock_01_mk2_multi_m
image,#i_t8_micro_rock_surface_rough_01_h
image,#i_mtl_veh_t8_decal_text_7_c
image,#i_c_t7_battery_head5_glass_s
image,#i_mtl_p7_zm_kin_chair_club_fabric_m
image,#i_mtl_p7_zm_kin_chair_club_fabric_n
image,#hash_22865926930faaa3
image,#hash_2287571844052dc0
image,#i_t7_decal_signage_street_lines_white_c
image,#i_c_hro_taylor_plastic_buckle_g
image,#hash_2290d3ac4840e64b
image,#hash_2290d4ac4840e7fe
image,#i_t7_wood_burned_c
image,#i_t7_wood_burned_n
image,#i_wpn_t8_smg_fastfire_handgaurd_02_c
image,#i_wpn_t8_smg_fastfire_handgaurd_02_g
image,#i_wpn_t8_smg_fastfire_handgaurd_02_o
image,#i_wpn_t8_smg_fastfire_handgaurd_02_n
image,#i_wpn_t8_smg_fastfire_handgaurd_02_s
image,#ui_icon_inventory_acid_bomb
image,#i_mtl_p8_wz_foliage_bush_erigonum_01_proxy_albedo
image,#i_attach_t8_tac_rifle_swordfish_bolt_m
image,#i_attach_t8_tac_rifle_swordfish_bolt_n
image,#i_attach_t8_tac_rifle_swordfish_bolt_o
image,#i_wpn_t8_hero_war_machine_rail_s
image,#i_wpn_t8_hero_war_machine_rail_c
image,#i_wpn_t8_hero_war_machine_rail_g
image,#i_wpn_t8_hero_war_machine_rail_o
image,#i_wpn_t8_hero_war_machine_rail_n
image,#i_mtl_p8_col_chemical_mixing_skiff_body_m
image,#i_t7_detail_drywall_01
image,#i_mtl_p8_zm_esc_hallway_railing_set_01_n
image,#i_mtl_p8_zm_esc_hallway_railing_set_01_m
image,#i_mtl_p7_curtain_hanging_36x72_worn_n
image,#i_mtl_p7_curtain_hanging_36x72_worn_m
image,#i_t7_decal_grunge_wall_scratch_marks_s
image,#i_t7_decal_grunge_wall_scratch_marks_c
image,#i_t7_decal_grunge_wall_scratch_marks_g
image,#i_t7_decal_grunge_wall_scratch_marks_n
image,#ui_icon_weapon_hud_smg_accurate_operator_wz
image,#i_attach_t8_sniper_koshka_grip_01_s
image,#i_attach_t8_sniper_koshka_grip_01_r
image,#i_attach_t8_sniper_koshka_grip_01_o
image,#i_attach_t8_sniper_koshka_grip_01_n
image,#i_attach_t8_sniper_koshka_grip_01_c
image,#i_attach_t8_sniper_koshka_grip_01_g
image,#i_mtl_p7_mou_electric_switch_metal_03_n
image,#i_mtl_p7_mou_electric_switch_metal_03_m
image,#i_wpn_t8_loot_melee_hammer_demo_metal_s
image,#i_wpn_t8_loot_melee_hammer_demo_metal_c
image,#i_wpn_t8_loot_melee_hammer_demo_metal_g
image,#i_wpn_t8_loot_melee_hammer_demo_metal_o
image,#i_wpn_t8_loot_melee_hammer_demo_metal_n
image,#i_t8_zm_esc_concrete_slabs_02_2x2_light_c
image,#i_mtl_t8_sand_beach_footprints_01_c
image,#i_wpn_t8_smg_mp9_foregrip_base_r
image,#i_wpn_t8_smg_mp9_foregrip_base_s
image,#i_wpn_t8_smg_mp9_foregrip_base_c
image,#i_wpn_t8_smg_mp9_foregrip_base_g
image,#i_t8_decal_tech_detail_line_00_o
image,#i_t8_decal_tech_detail_line_00_n
image,#i_wpn_t8_smg_mp9_foregrip_base_n
image,#i_wpn_t8_smg_mp9_foregrip_base_o
image,#i_mtl_p8_col_cabinet_kitchen_btm_m
image,#i_mtl_t7_metal_vent_02_dirty_s
image,#i_mtl_t7_metal_vent_02_dirty_n
image,#i_mtl_t7_metal_vent_02_dirty_m
image,#i_t8_decal_grunge_puddle_crude_oil_01_chunky_t
image,#hash_22cc177e73a8ce06
image,#hash_22cc247e73a8e41d
image,#i_mtl_p8_wz_ammo_pickup_9mm_decal_01_c
image,#i_wpn_t8_ar_accurate_stock_base_r
image,#i_wpn_t8_ar_accurate_stock_base_s
image,#i_wpn_t8_ar_accurate_stock_base_c
image,#i_wpn_t8_ar_accurate_stock_base_g
image,#i_wpn_t8_ar_accurate_stock_base_n
image,#i_wpn_t8_ar_accurate_stock_base_o
image,#hash_a2ce3191bb9e6766
image,#hash_a2ce3591bb9e6e32
image,#hash_a2ce3991bb9e74fe
image,#hash_a2ce3a91bb9e76b1
image,#hash_a2ce4591bb9e8962
image,#i_generic_filter_teleport_anus
image,#hash_22d12bf734efd906
image,#hash_22d147f734f0089a
image,#i_mtl_p8_wz_foliage_bush_erigonum_01_proxy_specular
image,#i_mtl_p8_wz_supply_stash_ammo_black_market_g
image,#i_mtl_p8_wz_supply_stash_ammo_black_market_c
image,#i_mtl_p8_wz_supply_stash_ammo_black_market_n
image,#i_mtl_p8_wz_supply_stash_ammo_black_market_o
image,#i_mtl_p8_wz_supply_stash_ammo_black_market_s
image,#i_mtl_wpn_t8_sniper_vanguard_sig_01_grip_s
image,#i_mtl_wpn_t8_sniper_vanguard_sig_01_grip_n
image,#i_mtl_wpn_t8_sniper_vanguard_sig_01_grip_o
image,#i_mtl_wpn_t8_sniper_vanguard_sig_01_grip_c
image,#i_mtl_wpn_t8_sniper_vanguard_sig_01_grip_g
image,#i_t7_decal_line_horizontal_chipped_edges_n
image,#i_t7_decal_line_horizontal_chipped_edges_c
image,#i_mtl_p8_wmd_generator_metal_decal_dirty_02_c
image,#hash_a2ed1052b0795fb9
image,#hash_a2ed1b52b079726a
image,#hash_a2ed2052b0797ae9
image,#i_mtl_p8_wz_picture_bunker_04_c
image,#i_mtl_p7_3d_printer_safehouse_01_harddrive_o
image,#i_mtl_p7_cai_path_stone_slab_smooth_e_m
image,#i_mtl_p7_cai_path_stone_slab_smooth_e_n
image,#hash_a2f89d16a1cc3322
image,#i_wpn_t8_ar_heavy_rails_base_g
image,#i_wpn_t8_ar_heavy_rails_base_c
image,#i_wpn_t8_ar_heavy_rails_base_n
image,#i_wpn_t8_ar_heavy_rails_base_o
image,#i_wpn_t8_ar_heavy_rails_base_s
image,#i_c_t8_mp_spe_buffer_camo_snakeskin_metal_g
image,#i_c_t8_mp_spe_buffer_camo_snakeskin_metal_n
image,#i_mtl_p7_zur_painting_modern_02_c
image,#hash_a302d06d1fead5d3
image,#hash_a302d46d1feadc9f
image,#hash_a302db6d1feae884
image,#hash_a302dc6d1feaea37
image,#hash_a302df6d1feaef50
image,#hash_a302e06d1feaf103
image,#i_p7_furniture_refrigerator_dirty_c
image,#i_mtl_p7_3arc_park_decal_grunge_05_g
image,#i_t7_rubble_leaves_branches_pile_blend_r
image,#i_t8_decal_tech_detail_high_tech_04_g
image,#i_t8_decal_tech_detail_high_tech_04_c
image,#i_t8_decal_tech_detail_high_tech_04_n
image,#i_t8_decal_tech_detail_high_tech_04_o
image,#i_wpn_t8_lmg_hades_front_sight_sig_01_s
image,#i_wpn_t8_lmg_hades_front_sight_sig_01_g
image,#ui_icon_weapons_zm_smg_fastburst
image,#hash_a318b82382016512
image,#hash_a318b923820166c5
image,#hash_a318c52382017b29
image,#hash_a318c923820181f5
image,#hash_a318cc238201870e
image,#hash_a318cd23820188c1
image,#i_wpn_t8_loot_ar_double_tap_sight_mk2_m
image,#i_wpn_t8_loot_ar_double_tap_sight_mk2_n
image,#hash_a321d659a7f69a8d
image,#$black_color
image,#i_t8_zm_esc_bricks_old_rough_paint_01_r
image,#i_t8_zm_esc_bricks_old_rough_paint_01_c
image,#i_t8_zm_esc_bricks_old_rough_paint_01_n
image,#i_t8_zm_esc_bricks_old_rough_paint_01_o
image,#fxt_dust_light
image,#i_mtl_p8_bookshelf_wood_01_set_01_n
image,#i_mtl_p8_bookshelf_wood_01_set_01_m
image,#i_t8_wpn_pistol_revolver_flick_switch_sig_02_s
image,#i_t8_wpn_pistol_revolver_flick_switch_sig_02_n
image,#i_t8_wpn_pistol_revolver_flick_switch_sig_02_o
image,#i_t8_wpn_pistol_revolver_flick_switch_sig_02_c
image,#i_t8_wpn_pistol_revolver_flick_switch_sig_02_g
image,#ui_icon_weapon_camo_active_sig_pistol_burst_render
image,#hash_a3371159cf44f9f9
image,#hash_a3371559cf4500c5
image,#hash_a3371c59cf450caa
image,#i_mtl_t7_plastic_tarp_reinforced_sand_grey_c
image,#i_t7_concrete_edge_crease_seam_01_n
image,#hash_234dc6b005959aa2
image,#hash_234dcab00595a16e
image,#hash_234dcbb00595a321
image,#i_wpn_t8_tac_rifle_swordfish_sig02_decals_right_n
image,#i_wpn_t8_tac_rifle_swordfish_sig02_decals_right_c
image,#i_wpn_t8_tac_rifle_swordfish_sig02_decals_right_r
image,#i_wpn_t8_launcher_standard_lower_m
image,#i_wpn_t8_launcher_standard_lower_o
image,#i_wpn_t8_launcher_standard_lower_n
image,#i_wpn_t8_launcher_standard_lower_c
image,#i_wpn_t8_launcher_standard_lower_g
image,#i_wpn_t8_launcher_standard_lower_s
image,#i_wpn_t8_launcher_standard_lower_r
image,#ui_icon_weapon_sniper_locus_wz_render
image,#hash_a35feab334c89ba6
image,#loot04_ui_icon_blackmarket_reserves_weapon_smg_folding_mk2
image,#i_wpn_t8_lmg_titan_grip_s
image,#i_wpn_t8_lmg_titan_grip_r
image,#i_wpn_t8_lmg_titan_grip_c
image,#i_wpn_t8_lmg_titan_grip_g
image,#i_wpn_t8_lmg_titan_grip_o
image,#i_wpn_t8_lmg_titan_grip_n
image,#i_attach_t8_ar_accurate_laser_g
image,#i_attach_t8_ar_accurate_laser_c
image,#i_attach_t8_ar_accurate_laser_o
image,#i_attach_t8_ar_accurate_laser_n
image,#i_attach_t8_ar_accurate_laser_s
image,#i_generic_filter_bubble_wash2
image,#i_wpn_t8_tr_midburst_scope_sig_01_s
image,#i_wpn_t8_tr_midburst_scope_sig_01_o
image,#i_wpn_t8_tr_midburst_scope_sig_01_n
image,#i_wpn_t8_tr_midburst_scope_sig_01_c
image,#i_wpn_t8_tr_midburst_scope_sig_01_g
image,#i_wpn_t8_ar_modular_stock_sig_01_n
image,#i_wpn_t8_ar_modular_stock_sig_01_o
image,#i_wpn_t8_ar_modular_stock_sig_01_g
image,#i_wpn_t8_ar_modular_stock_sig_01_c
image,#i_wpn_t8_ar_modular_stock_sig_01_s
image,#i_mtl_p7_jun_foliage_bush_01_proxy_specular
image,#i_veh_t8_mil_heli_light_body_mid_ir
image,#hash_238de6cdbbee80a4
image,#hash_238de7cdbbee8257
image,#hash_238de8cdbbee840a
image,#hash_238feeabb40df944
image,#hash_238ff1abb40dfe5d
image,#i_mtl_wpn_t8_ar_kn57_mag_alt_mk2_multi_m
image,#i_t8_metal_panel_lines_01_n
image,#i_t8_metal_panel_lines_01_g
image,#i_t8_metal_panel_lines_01_c
image,#i_mtl_p7_bullet_piles_n
image,#i_mtl_p7_bullet_piles_g
image,#i_t7_zm_sha_metal_trim_black_rusty_c
image,#i_veh_t8_micro_grunge_rust_02_n
image,#i_t8_micro_rock_pumice_01_g
image,#i_t8_micro_rock_pumice_01_n
image,#i_wpn_t8_tac_rifle_surgeon_scope_decal_c
image,#i_wpn_t8_tac_rifle_surgeon_scope_decal_g
image,#i_wpn_t8_tac_rifle_surgeon_scope_decal_n
image,#i_wpn_t8_tac_rifle_surgeon_scope_decal_s
image,#i_wpn_t8_sniper_koshka_base_r
image,#i_wpn_t8_sniper_koshka_base_s
image,#i_wpn_t8_sniper_koshka_base_n
image,#i_wpn_t8_sniper_koshka_base_o
image,#i_wpn_t8_sniper_koshka_base_g
image,#i_wpn_t8_sniper_koshka_base_c
image,#i_mtl_p7_zm_vending_flopper_n
image,#i_mtl_p7_zm_vending_flopper_m
image,#i_mtl_p8_zm_esc_dryer_industrial_dent_n
image,#i_wpn_t8_smg_handling_decals_sig_01_n
image,#i_wpn_t8_smg_handling_decals_sig_01_g
image,#i_wpn_t8_smg_handling_decals_sig_01_c
image,#i_wpn_t8_smg_handling_decals_sig_01_s
image,#i_wpn_t8_loot_tac_rifle_damageburst_upper_n
image,#i_wpn_t8_loot_tac_rifle_damageburst_upper_o
image,#i_t8_decal_tech_detail_line_trim_01_metal_c
image,#i_wpn_t8_loot_tac_rifle_damageburst_upper_g
image,#i_wpn_t8_loot_tac_rifle_damageburst_upper_c
image,#i_wpn_t8_loot_tac_rifle_damageburst_upper_r
image,#i_wpn_t8_loot_tac_rifle_damageburst_upper_s
image,#i_mtl_p7_pole_telephone_n
image,#i_mtl_p7_pole_telephone_c
image,#i_t8_reveal_paper_01_r
image,#hash_23be29a102cf2a98
image,#i_t8_dirt_rocky_03_r
image,#i_t8_dirt_rocky_03_n
image,#i_t8_dirt_rocky_03_g
image,#i_t8_dirt_rocky_03_c
image,#i_veh_t8_decal_text_2424_c
image,#i_t7_micro_carbon_fiber_01_c
image,#i_t7_micro_carbon_fiber_01_g
image,#i_t7_micro_carbon_fiber_01_n
image,#i_mtl_p7_zm_ctl_tool_fireplace_brush_n
image,#i_mtl_p7_zm_ctl_tool_fireplace_brush_c
image,#i_mtl_wpn_t8_camo_115_02_c
image,#i_mtl_wpn_t8_camo_dyn_vanguard_samurai_01_04_c
image,#i_wpn_t8_ar_stealth_mag_c
image,#i_wpn_t8_ar_stealth_mag_g
image,#i_wpn_t8_ar_stealth_mag_n
image,#i_wpn_t8_ar_stealth_mag_o
image,#i_wpn_t8_ar_stealth_mag_r
image,#i_wpn_t8_ar_stealth_mag_s
image,#hash_23d5a4f09b9689ca
image,#hash_23d5a5f09b968b7d
image,#i_veh_t7_detail_char_06_c
image,#i_mtl_p7_zm_tra_stove_kitchen_metal_03_n
image,#i_mtl_p7_zm_tra_stove_kitchen_metal_03_m
image,#i_wpn_t8_tac_rifle_swordfish_decals_engraved_n
image,#i_wpn_t8_tac_rifle_swordfish_decals_engraved_r
image,#i_mtl_p7_3arc_park_plaster_popcorn_n
image,#i_t8_wpn_pistol_auto_fmj_s
image,#i_t8_wpn_pistol_auto_fmj_g
image,#i_t8_wpn_pistol_auto_fmj_c
image,#i_t8_wpn_pistol_auto_fmj_n
image,#i_t8_wpn_pistol_auto_fmj_o
image,#i_mtl_p7_rus_bookshelf_metal_02_m
image,#i_mtl_p7_rus_bookshelf_metal_02_n
image,#i_wpn_t8_tac_rifle_swordfish_sig02_details_g
image,#i_wpn_t8_tac_rifle_swordfish_sig02_details_e
image,#i_wpn_t8_tac_rifle_swordfish_sig02_details_c
image,#i_wpn_t8_tac_rifle_swordfish_sig02_details_o
image,#i_wpn_t8_tac_rifle_swordfish_sig02_details_n
image,#i_wpn_t8_tac_rifle_swordfish_sig02_details_s
image,#i_wpn_t8_eqp_grenade_concussion_decals_c
image,#i_mtl_aml_fish_salmon_halibut_01_n
image,#i_mtl_aml_fish_salmon_halibut_01_c
image,#i_mtl_p8_stairs_stone_set_01_step_01_n
image,#i_mtl_p8_stairs_stone_set_01_step_01_c
image,#i_mtl_p8_stairs_stone_set_01_step_01_g
image,#t7_hud_cp_hud_target_identified_indicator
image,#i_veh_t8_decal_latch_14_c
image,#i_veh_t8_decal_latch_14_o
image,#i_veh_t8_decal_latch_14_n
image,#i_veh_t8_decal_latch_14_r
image,#i_attach_t8_tac_rifle_swordfish_foregrip_02_c
image,#i_attach_t8_tac_rifle_swordfish_foregrip_02_g
image,#i_attach_t8_tac_rifle_swordfish_foregrip_02_n
image,#i_mtl_p8_zm_zod_chair_victorian_decal_m
image,#i_mtl_p8_zm_zod_chair_victorian_decal_n
image,#hash_a4006bc60df07a0b
image,#i_t7_rubble_leaves_branches_pile_n
image,#reticle_flechette
image,#i_mtl_p7_wes_telegraph_bulb_c
image,#i_attach_t8_loot_shotgun_fullauto_foregrip02_n
image,#i_attach_t8_loot_shotgun_fullauto_foregrip02_o
image,#i_attach_t8_loot_shotgun_fullauto_foregrip02_g
image,#i_attach_t8_loot_shotgun_fullauto_foregrip02_c
image,#i_attach_t8_loot_shotgun_fullauto_foregrip02_s
image,#i_mtl_p7_cai_door_wood_rustic_02_n
image,#i_mtl_p7_cai_door_wood_rustic_02_m
image,#i_attach_t8_ar_heavy_fmj_mag_01_n
image,#i_attach_t8_ar_heavy_fmj_mag_01_o
image,#i_attach_t8_ar_heavy_fmj_mag_01_c
image,#i_attach_t8_ar_heavy_fmj_mag_01_g
image,#i_attach_t8_ar_heavy_fmj_mag_01_s
image,#i_attach_t8_ar_heavy_fmj_mag_01_t
image,#i_wpn_t8_tr_midburst_mag_sig_01_s
image,#i_wpn_t8_tr_midburst_mag_sig_01_n
image,#i_wpn_t8_tr_midburst_mag_sig_01_o
image,#i_wpn_t8_tr_midburst_mag_sig_01_c
image,#i_wpn_t8_tr_midburst_mag_sig_01_g
image,#i_mtl_p7_zm_isl_table_operating_set_02_n
image,#i_mtl_p7_zm_isl_table_operating_set_02_m
image,#hash_a41dcdbc3e815438
image,#hash_a41dd0bc3e815951
image,#i_t7_plastic_polyethylene_worn_g
image,#i_t7_plastic_polyethylene_worn_n
image,#i_mtl_wpn_t8_loot_ar_double_barrel_mag_glass_s
image,#i_mtl_wpn_t8_loot_ar_double_barrel_mag_glass_g
image,#i_mtl_wpn_t8_loot_ar_double_barrel_mag_glass_o
image,#i_mtl_wpn_t8_loot_ar_double_barrel_mag_glass_n
image,#i_wpn_t8_sig_bow_reticle_c
image,#i_t8_cloth_shag_n
image,#hash_2428ad70f7ed928a
image,#i_mtl_p7_cai_skybridge_under_wires_05_s
image,#i_c_t8_zmb_mob_zombie_body1_shirt_c
image,#i_c_t8_zmb_mob_zombie_body1_shirt_g
image,#i_c_t8_zmb_mob_zombie_body1_shirt_m
image,#i_c_t8_zmb_mob_zombie_body1_shirt_o
image,#i_c_t8_zmb_mob_zombie_body1_shirt_n
image,#i_c_t8_zmb_mob_zombie_body1_shirt_s
image,#hash_24300629f8be8ddc
image,#hash_24300729f8be8f8f
image,#hash_24300b29f8be965b
image,#hash_24300f29f8be9d27
image,#i_attach_t8_loot_smg_burst_foregrip_s
image,#i_attach_t8_loot_smg_burst_foregrip_c
image,#i_attach_t8_loot_smg_burst_foregrip_g
image,#i_attach_t8_loot_smg_burst_foregrip_o
image,#i_attach_t8_loot_smg_burst_foregrip_n
image,#ui_icon_obit_melee_amuletfist
image,#i_mtl_p8_zm_esc_light_socket_n
image,#i_mtl_p8_zm_esc_light_socket_c
image,#i_mtl_p8_zm_esc_light_socket_g
image,#i_t7_micro_metal_pock_marks_n
image,#i_t8_metal_weld_painted_01_n
image,#i_t8_metal_weld_painted_01_m
image,#i_t8_metal_weld_painted_01_c
image,#i_attach_t8_pistol_standard_ext_mag_r
image,#i_attach_t8_pistol_standard_ext_mag_s
image,#i_attach_t8_pistol_standard_ext_mag_c
image,#i_attach_t8_pistol_standard_ext_mag_g
image,#i_attach_t8_pistol_standard_ext_mag_n
image,#hash_a44934dd5ba42b1e
image,#hash_a44935dd5ba42cd1
image,#hash_a44940dd5ba43f82
image,#hash_a44941dd5ba44135
image,#hash_a44944dd5ba4464e
image,#hash_a44948dd5ba44d1a
image,#fxt8_fire_md_lick_dissipate_anim_alpha
image,#fxt8_liquid_radial
image,#i_veh_t8_decal_sign_keep_clear_02_c
image,#i_t7_decal_water_ground_running_r
image,#i_t7_decal_water_ground_running_n
image,#i_wpn_t8_lmg_hades_mag_base_m
image,#i_wpn_t8_lmg_hades_mag_base_o
image,#i_wpn_t8_lmg_hades_mag_base_n
image,#i_wpn_t8_lmg_hades_mag_base_r
image,#i_mtl_p7_wes_poker_set_number_decal_c
image,#i_mtl_p7_locker_metal_laundry_n
image,#i_mtl_p7_locker_metal_laundry_o
image,#i_mtl_p7_locker_metal_laundry_c
image,#i_mtl_p7_locker_metal_laundry_g
image,#i_mtl_p7_locker_metal_laundry_s
image,#i_t8_decal_damage_scratch_marks_01_c
image,#i_t8_decal_damage_scratch_marks_01_n
image,#i_t8_decal_damage_scratch_marks_01_r
image,#fxt_decal_blood_nonfatal_01
image,#fxt_decal_blood_nonfatal_02
image,#i_veh_t8_decal_caution_stripe_c
image,#hash_247b13b1113677b0
image,#i_mtl_p8_chi_rooftop_generator_box_base_02_n
image,#i_mtl_p8_chi_rooftop_generator_box_base_02_m
image,#i_t7_decal_grunge_wood_scratches_c
image,#i_t7_zm_isl_metal_bare_01_rust_r
image,#i_t7_zm_isl_metal_bare_01_rust_n
image,#i_mtl_p7_knob_metal_hose_decontamination_n
image,#i_mtl_p7_knob_metal_hose_decontamination_o
image,#i_mtl_p7_knob_metal_hose_decontamination_g
image,#i_mtl_p7_knob_metal_hose_decontamination_c
image,#i_mtl_p7_knob_metal_hose_decontamination_s
image,#i_p8_wz_esc_cart_mail_sorting_set_caps_n
image,#i_p8_wz_esc_cart_mail_sorting_set_caps_c
image,#i_c_t8_zmb_mob_brutus_barbwirechain_igc_s
image,#i_c_t8_zmb_mob_brutus_barbwirechain_igc_o
image,#i_c_t8_zmb_mob_brutus_barbwirechain_igc_n
image,#i_c_t8_zmb_mob_brutus_barbwirechain_igc_g
image,#hash_248f578bc2de8c1b
image,#hash_a49130b522ab8020
image,#i_mtl_wpn_t8_loot_ar_double_barrel_receiver_c
image,#i_mtl_wpn_t8_loot_ar_double_barrel_receiver_g
image,#i_mtl_wpn_t8_loot_ar_double_barrel_receiver_n
image,#i_mtl_wpn_t8_loot_ar_double_barrel_receiver_o
image,#i_mtl_wpn_t8_loot_ar_double_barrel_receiver_m
image,#i_mtl_wpn_t8_loot_ar_double_barrel_receiver_s
image,#i_mtl_p7_debris_plaster_rubble_med_02_n
image,#i_attach_t8_optic_float_dot_decal_n
image,#i_attach_t8_optic_float_dot_decal_c
image,#i_t8_zm_zod_wood_mahogany_01_g
image,#i_mtl_p7_zm_der_magic_box_qmark_trim_c
image,#i_wpn_t8_lmg_heavy_clip_s
image,#i_wpn_t8_lmg_heavy_clip_n
image,#i_wpn_t8_lmg_heavy_clip_o
image,#i_wpn_t8_lmg_heavy_clip_g
image,#i_wpn_t8_lmg_heavy_clip_c
image,#fxt8_light_ray_wide_soft
image,#i_wpn_t8_shotgun_semi_receiver01_sig_02_e2
image,#i_veh_t8_decal_bolt_06_r
image,#i_veh_t8_decal_bolt_06_n
image,#i_veh_t8_decal_bolt_06_c
image,#hash_24b753d80b81753e
image,#i_attach_t8_optic_holo_glass_g
image,#i_attach_t8_optic_holo_glass_n
image,#i_mtl_p7_debris_concrete_rubble_med_04_n
image,#loot05_ui_icon_blackmarket_reserves_special_crossbow
image,#hash_a4c8110c7f449112
image,#hash_a4c8210c7f44ac42
image,#hash_24c9f3199aed42b6
image,#i_wpn_t8_smg_handling_decals_n
image,#i_wpn_t8_smg_handling_decals_c
image,#i_wpn_t8_smg_handling_decals_g
image,#i_mtl_veh_t8_decal_screw_c
image,#i_mtl_veh_t8_decal_screw_o
image,#i_mtl_veh_t8_decal_screw_n
image,#hash_a4cd3a801a3e46e3
image,#i_t7_plaster_wallpaper_pattern_06_c
image,#fxt8_cin_shockwave_anim
image,#ui_icon_weapon_ar_damage_render
image,#i_veh_t8_decal_rust_14c_c
image,#i_wpn_t8_loot_smg_burst_rear_o
image,#i_wpn_t8_loot_smg_burst_rear_n
image,#i_wpn_t8_loot_smg_burst_rear_g
image,#i_wpn_t8_loot_smg_burst_rear_c
image,#i_wpn_t8_loot_smg_burst_rear_s
image,#hash_a4e3fbff22fba192
image,#hash_a4e3fcff22fba345
image,#hash_a4e3ffff22fba85e
image,#hash_a4e403ff22fbaf2a
image,#hash_a4e40fff22fbc38e
image,#hash_a4e410ff22fbc541
image,#hash_24e42f6765c6c0ad
image,#hash_a4ea7a2bd71343d6
image,#i_t8_decal_graphics_artwork_05_c
image,#i_p7_fir_bathroom_mop_wood_decal_r
image,#i_mtl_p7_light_emergency_military_emmision_c
image,#i_mtl_p7_jun_rock_cliff_hav_i_n
image,#i_mtl_p8_spa_trashcan_covered_proxy_depth
image,#i_t8_wpn_smg_accurate_grip_n
image,#i_t8_wpn_smg_accurate_grip_o
image,#i_t8_wpn_smg_accurate_grip_g
image,#i_mtl_p8_zm_esc_nixie_tubes_numbers_e
image,#i_mtl_p8_zm_esc_nixie_tubes_numbers_n
image,#fxt_debri_trash_multiple
image,#i_mtl_p7_spl_table_dining_vintage_dmg_02_m
image,#i_t7_wood_worn_dark_oak_n
image,#i_t7_wood_worn_dark_oak_c
image,#i_mtl_p8_usa_submarine_interior_chair_n
image,#i_mtl_p8_usa_submarine_interior_chair_o
image,#i_mtl_p8_usa_submarine_interior_chair_m
image,#i_veh_t7_drone_amws_base_emissive_dead_e
image,#i_c_t8_detail_strap_vest_a_horiz_n
image,#i_mtl_p8_zm_esc_book_paper_c
image,#i_mtl_p8_zm_esc_book_paper_g
image,#i_mtl_wpn_t8_zm_towers_scorpion_handle_splitfront_chain_02_g
image,#i_mtl_wpn_t8_zm_towers_scorpion_handle_splitfront_chain_02_c
image,#i_mtl_wpn_t8_zm_towers_scorpion_handle_splitfront_chain_02_o
image,#i_mtl_wpn_t8_zm_towers_scorpion_handle_splitfront_chain_02_n
image,#i_mtl_wpn_t8_zm_towers_scorpion_handle_splitfront_chain_02_s
image,#i_wpn_t8_ar_heavy_receiver_lower_s
image,#i_wpn_t8_ar_heavy_receiver_lower_g
image,#i_wpn_t8_ar_heavy_receiver_lower_c
image,#i_wpn_t8_ar_heavy_receiver_lower_n
image,#i_wpn_t8_ar_heavy_receiver_lower_o
image,#ui_icon_obit_special_crossbow
image,#i_veh_t8_metal_bare_scuffed_02_g
image,#i_veh_t8_metal_rust_dirt01_multi_m
image,#i_mtl_wpn_t8_zm_towers_scorpion_body_back_s
image,#i_mtl_wpn_t8_zm_towers_scorpion_body_back_n
image,#i_mtl_wpn_t8_zm_towers_scorpion_body_back_o
image,#i_mtl_wpn_t8_zm_towers_scorpion_body_back_e
image,#i_mtl_wpn_t8_zm_towers_scorpion_body_back_g
image,#i_mtl_wpn_t8_zm_towers_scorpion_body_back_c
image,#fxt_water_ripple_anim
image,#fxt8_light_ray_solid_wide_mask
image,#i_wpn_t8_smg_capacity_entry_burn_sig_02_c
image,#i_mtl_p8_cables_electrical_boxes_02_m
image,#i_mtl_p8_cables_electrical_boxes_02_o
image,#i_mtl_p8_cables_electrical_boxes_02_n
image,#i_wpn_t8_zm_akud_cylinder_alphas_s
image,#i_wpn_t8_zm_akud_cylinder_alphas_o
image,#i_wpn_t8_zm_akud_cylinder_alphas_n
image,#i_wpn_t8_zm_akud_cylinder_alphas_c
image,#i_wpn_t8_zm_akud_cylinder_alphas_g
image,#fxt8_spark_rndhit_hdr
image,#i_t8_micro_metal_patina_01_c
image,#i_t8_micro_metal_patina_01_n
image,#i_mtl_wpn_t8_loot_smg_vmp_upper_base_g
image,#i_mtl_wpn_t8_loot_smg_vmp_upper_base_c
image,#i_mtl_wpn_t8_loot_smg_vmp_upper_base_n
image,#i_mtl_wpn_t8_loot_smg_vmp_upper_base_o
image,#i_mtl_wpn_t8_loot_smg_vmp_upper_base_s
image,#i_t8_wpn_shotgun_semi_straps_s
image,#i_t8_wpn_shotgun_semi_straps_c
image,#i_t8_wpn_shotgun_semi_straps_g
image,#i_t8_wpn_shotgun_semi_straps_n
image,#i_t8_wpn_shotgun_semi_straps_o
image,#hash_a55e17ae117c7b33
image,#hash_a55e1bae117c81ff
image,#hash_a55e22ae117c8de4
image,#hash_a55e23ae117c8f97
image,#hash_a55e27ae117c9663
image,#i_mtl_p7_rus_lamp_tinhat_bulb_small_t
image,#i_t8_zm_esc_cliff_c
image,#i_t8_zm_esc_cliff_n
image,#i_wpn_t8_smg_handling_upper_sig_02_s
image,#i_wpn_t8_smg_handling_upper_sig_02_o
image,#i_wpn_t8_smg_handling_upper_sig_02_g
image,#i_wpn_t8_smg_handling_upper_sig_02_c
image,#hash_a56467fc9738e052
image,#i_mtl_p7_dumpster_construction_large_paint_c
image,#i_veh_t8_decal_rust_15_n
image,#i_veh_t8_decal_rust_15_c
image,#i_veh_t8_decal_rust_15_g
image,#i_mtl_p7_fishing_nets_set_c
image,#i_mtl_p7_fishing_nets_set_n
image,#i_attach_t8_launcher_standard_extra_ammo_o
image,#i_attach_t8_launcher_standard_extra_ammo_n
image,#i_attach_t8_launcher_standard_extra_ammo_g
image,#i_attach_t8_launcher_standard_extra_ammo_c
image,#i_attach_t8_launcher_standard_extra_ammo_s
image,#i_attach_t8_launcher_standard_extra_ammo_r
image,#i_c_t8_zmb_mob_zombie_body1_shoes_o
image,#i_c_t8_zmb_mob_zombie_body1_shoes_n
image,#i_c_t8_zmb_mob_zombie_body1_shoes_c
image,#i_c_t8_zmb_mob_zombie_body1_shoes_g
image,#i_c_t8_zmb_mob_zombie_body1_shoes_s
image,#i_veh_t8_decal_greeble_21_r
image,#i_veh_t8_decal_greeble_21_o
image,#i_veh_t8_decal_greeble_21_n
image,#i_mtl_p8_pharmaceutical_tank_decal_dirty01_c
image,#i_wpn_t8_tr_midburst_upperfront_sig_02_s
image,#i_wpn_t8_tr_midburst_upperfront_sig_02_o
image,#i_wpn_t8_tr_midburst_upperfront_sig_02_n
image,#i_wpn_t8_tr_midburst_upperfront_sig_02_g
image,#i_wpn_t8_tr_midburst_upperfront_sig_02_c
image,#i_t7_metal_painted_wall_dirty_grey_n
image,#i_t7_metal_painted_wall_dirty_grey_c
image,#i_t7_metal_painted_wall_dirty_grey_g
image,#i_wpn_t8_eqp_turret_mini_body_s
image,#i_wpn_t8_eqp_turret_mini_body_g
image,#i_wpn_t8_eqp_turret_mini_body_c
image,#i_mtl_p7_tent_military_modular_frame_03_n
image,#core_rock_dark_n
image,#i_t7_wood_wall_panel_04_r
image,#i_t7_wood_wall_panel_04_c
image,#i_t7_wood_wall_panel_04_n
image,#i_t7_wood_wall_panel_04_o
image,#i_mtl_t8_loot_wpn_smg_folding_mag_01_mk2_m
image,#i_t8_decal_graphics_signage_usa_sub_hazard_warning_02_c
image,#hash_259f7ced068561ef
image,#i_attach_t8_tac_rifle_swordfish_barrel_g
image,#i_attach_t8_tac_rifle_swordfish_barrel_c
image,#i_attach_t8_tac_rifle_swordfish_barrel_m
image,#i_attach_t8_tac_rifle_swordfish_barrel_o
image,#i_attach_t8_tac_rifle_swordfish_barrel_n
image,#i_attach_t8_tac_rifle_swordfish_barrel_s
image,#i_mtl_p8_spa_sign_protest_01_pole_end_n
image,#i_mtl_p7_zm_ctl_desk_wood_vintage_drawer_n
image,#i_mtl_p7_zm_ctl_desk_wood_vintage_drawer_m
image,#i_mtl_p8_spa_sign_protest_01_pole_end_c
image,#i_mtl_p7_zm_ver_shower_metal_n
image,#i_mtl_p7_zm_ver_shower_metal_m
image,#hash_a5af1fc5df44fa06
image,#hash_a5af2fc5df451536
image,#hash_a5af33c5df451c02
image,#hash_a5af3bc5df45299a
image,#hash_a5af3cc5df452b4d
image,#i_mtl_p8_usa_submarine_torpedo_hatch_01_m
image,#i_mtl_p8_usa_submarine_torpedo_hatch_01_n
image,#i_mtl_p8_usa_submarine_torpedo_hatch_01_o
image,#hash_25b94dd5d86426f3
image,#hash_25b951d5d8642dbf
image,#hash_25b954d5d86432d8
image,#hash_25b955d5d864348b
image,#hash_25b961d5d86448ef
image,#i_attach_t8_ar_galil_handle_s
image,#i_attach_t8_ar_galil_handle_o
image,#i_attach_t8_ar_galil_handle_n
image,#i_attach_t8_ar_galil_handle_c
image,#i_attach_t8_ar_galil_handle_g
image,#ui_icon_weapon_hud_melee_stopsign
image,#i_t8_micro_wood_worn_varnished_01_g
image,#hash_a5be95f6f3cb7f4c
image,#hash_a5be96f6f3cb80ff
image,#hash_a5be9af6f3cb87cb
image,#hash_a5be9ef6f3cb8e97
image,#i_t7_concrete_tiles_2x2_dirty_01_n
image,#i_t7_concrete_tiles_2x2_dirty_01_c
image,#i_mtl_p7_zm_ver_generator_metal01_m
image,#i_mtl_p7_zm_ver_generator_metal01_n
image,#i_veh_t8_decal_rust_08_c
image,#i_mtl_p7_soc_rack_clothing_metal_m
image,#i_mtl_p7_soc_rack_clothing_metal_n
image,#i_clip_physics
image,#i_wpn_t8_lmg_titan_muzzle_s
image,#i_wpn_t8_lmg_titan_muzzle_g
image,#i_wpn_t8_lmg_titan_muzzle_c
image,#i_wpn_t8_lmg_titan_muzzle_n
image,#i_wpn_t8_lmg_titan_muzzle_o
image,#hash_a5dd2674b54f4820
image,#i_attach_t8_sniper_powersemi_stabilizer_n
image,#i_attach_t8_sniper_powersemi_stabilizer_o
image,#i_attach_t8_sniper_powersemi_stabilizer_g
image,#i_attach_t8_sniper_powersemi_stabilizer_c
image,#i_attach_t8_sniper_powersemi_stabilizer_s
image,#i_veh_t7_dlc_decal_damage_glass_broken_02_c
image,#ui_icon_weapon_smg_folding_tactical_render
image,#i_wpn_t8_smg_capacity_bolt_base_mk2_m
image,#i_mtl_p8_wz_foliage_bush_creosote_02_dry_proxy_normal
image,#i_mtl_wpn_t8_ar_stealth_base_weapon_01_mk2_m
image,#i_mtl_wpn_t8_ar_stealth_base_weapon_01_mk2_n
image,#hash_a5f3bd41ded87c54
image,#hash_a5f4aa89d9c1f699
image,#hash_a5f4ba89d9c211c9
image,#hash_a5f4be89d9c21895
image,#hash_a5f4c589d9c2247a
image,#hash_a5f4c689d9c2262d
image,#i_wpn_t8_eqp_briefcase_bomb_decals_c
image,#hash_25f6554f861233e9
image,#i_wpn_t8_melee_hatchet_head_s
image,#i_wpn_t8_melee_hatchet_head_g
image,#i_wpn_t8_melee_hatchet_head_c
image,#i_wpn_t8_melee_hatchet_head_n
image,#i_wpn_t8_melee_hatchet_head_o
image,#i_wpn_t8_smg_handling_grip_mk2_m
image,#i_wpn_t8_smg_handling_grip_mk2_n
image,#hash_a5fc9d655a09c54b
image,#hash_a605f53c5e5ea932
image,#i_wpn_t8_lmg_titan_sig_02_handle_n
image,#i_wpn_t8_lmg_titan_sig_02_handle_o
image,#i_wpn_t8_lmg_titan_sig_02_handle_g
image,#i_wpn_t8_lmg_titan_sig_02_handle_c
image,#i_wpn_t8_lmg_titan_sig_02_handle_s
image,#i_mtl_p7_zm_ctl_case_ammo_vintage_m
image,#i_mtl_p7_zm_ctl_case_ammo_vintage_n
image,#hash_a614bb666f5f1f3f
image,#i_t7_metal_bare_trim_g
image,#i_t7_metal_bare_trim_n
image,#hash_261876ed0782d710
image,#ui_icon_weapon_ar_damage_mk2_render
image,#i_wpn_t8_ar_galil_stock_base_o
image,#i_wpn_t8_ar_galil_stock_base_n
image,#i_wpn_t8_ar_galil_stock_base_c
image,#i_wpn_t8_ar_galil_stock_base_g
image,#i_attach_t8_smg_mp9_bolt_g
image,#i_attach_t8_smg_mp9_bolt_o
image,#i_attach_t8_smg_mp9_bolt_n
image,#i_t7_detail_cotton_01
image,#i_mtl_veh_t7_dlc_noise_g
image,#i_mtl_p8_col_conveyor_unit_metal_electric_box_02_m
image,#i_mtl_p8_col_conveyor_unit_metal_electric_box_02_n
image,#i_t8_wpn_smg_accurate_handguard_m
image,#i_t8_wpn_smg_accurate_handguard_n
image,#i_t8_wpn_smg_accurate_handguard_o
image,#i_t8_wpn_smg_accurate_handguard_c
image,#i_t8_wpn_smg_accurate_handguard_g
image,#i_t8_wpn_smg_accurate_handguard_s
image,#i_veh_t8_rust01_r
image,#i_veh_t8_rust01_c
image,#i_wpn_t8_lmg_hades_stock_base_m
image,#i_wpn_t8_lmg_hades_stock_base_n
image,#i_wpn_t8_lmg_hades_stock_base_o
image,#i_wpn_t8_lmg_hades_stock_base_r
image,#i_mtl_p7_barrier_block_concrete_rusty_cap_n
image,#hash_a63a2f0170efb393
image,#hash_a63a3f0170efcec3
image,#hash_a63a430170efd58f
image,#hash_a63a4a0170efe174
image,#hash_a63a4b0170efe327
image,#i_p8_covered_bridge_wood_rustic_a_c
image,#fxt8_spark_streak_abnorm_alpha
image,#hash_a64044c14101d699
image,#hash_a64054c14101f1c9
image,#hash_a64058c14101f895
image,#hash_a6405fc14102047a
image,#hash_a64060c14102062d
image,#hash_a642d499d4426f60
image,#hash_a642d599d4427113
image,#hash_a642e499d4428a90
image,#hash_a642e899d442915c
image,#hash_a642f099d4429ef4
image,#hash_a642f199d442a0a7
image,#i_t7_wood_varnished_clean_walnut_c
image,#i_wpn_t8_sniper_vanguard_body_v2_m
image,#hash_a64cdd9129d9122e
image,#i_t7_metal_trim_stud_o
image,#i_mtl_wpn_t8_loot_pistol_auto_mag_sig_s
image,#i_mtl_wpn_t8_loot_pistol_auto_mag_sig_o
image,#i_mtl_wpn_t8_loot_pistol_auto_mag_sig_n
image,#i_mtl_wpn_t8_loot_pistol_auto_mag_sig_g
image,#i_mtl_wpn_t8_loot_pistol_auto_mag_sig_c
image,#hash_2662ebfdc094a94b
image,#i_mtl_p7_wes_bank_books_detail_leather_c
image,#i_t8_micro_cloth_burlap_01_n
image,#i_t8_micro_cloth_burlap_01_c
image,#i_mtl_p8_zm_esc_table_wood_lrg_wood_b_r
image,#i_t8_wpn_smg_capacity_internals_sig_n
image,#i_t8_wpn_smg_capacity_internals_sig_o
image,#i_veh_t8_decal_gauge_10_n
image,#i_veh_t8_decal_gauge_10_g
image,#i_t8_wpn_smg_accurate_sling_loop_sig_01_g
image,#i_veh_t8_decal_gauge_10_c
image,#i_t8_wpn_smg_accurate_sling_loop_sig_01_c
image,#i_t8_wpn_smg_accurate_sling_loop_sig_01_n
image,#i_t8_wpn_smg_accurate_sling_loop_sig_01_o
image,#i_t8_wpn_smg_accurate_sling_loop_sig_01_s
image,#hash_a67c76165808caa6
image,#i_wpn_tac_rifle_mid_burst_rail_o
image,#i_wpn_tac_rifle_mid_burst_rail_g
image,#hash_a67c93165808fbed
image,#i_t7_rubble_concrete_md_blend_c
image,#i_t7_rubble_concrete_md_blend_n
image,#i_wpn_t8_lmg_titan_handguard_s
image,#i_wpn_t8_lmg_titan_handguard_r
image,#i_wpn_t8_lmg_titan_handguard_g
image,#i_wpn_t8_lmg_titan_handguard_c
image,#i_wpn_t8_lmg_titan_handguard_o
image,#i_wpn_t8_lmg_titan_handguard_n
image,#hash_a68877320dad9a30
image,#i_p7_foliage_plant_massangeana_bark_dry_c
image,#i_p7_foliage_plant_massangeana_bark_dry_n
image,#i_c_t8_mp_spe_armor_light_s
image,#i_c_t8_mp_spe_armor_light_g
image,#i_c_t8_mp_spe_armor_light_c
image,#i_c_t8_mp_spe_armor_light_m
image,#i_c_t8_mp_spe_armor_light_n
image,#i_c_t8_mp_spe_armor_light_o
image,#i_mtl_wpn_t8_loot_lmg_mk48_frontsight_mk2_multi_m
image,#fxt_fog_slow_md_anim
image,#i_mtl_wpn_t8_lmg_heavy_stock_shagbase_sig_02_g
image,#i_mtl_wpn_t8_lmg_heavy_stock_shagbase_sig_02_c
image,#i_mtl_wpn_t8_lmg_heavy_stock_shagbase_sig_02_n
image,#i_mtl_wpn_t8_lmg_heavy_stock_shagbase_sig_02_o
image,#hash_269cbffa3a51a0e3
image,#i_wpn_tr_powersemi_bolt_sig_02_s
image,#i_wpn_tr_powersemi_bolt_sig_02_o
image,#i_wpn_tr_powersemi_bolt_sig_02_n
image,#i_wpn_tr_powersemi_bolt_sig_02_g
image,#i_wpn_tr_powersemi_bolt_sig_02_c
image,#loot05_ui_icon_blackmarket_reserves_smg_fastburst_sig_02
image,#i_mtl_p8_wood_balcony_01_o
image,#i_mtl_p8_wood_balcony_01_n
image,#i_mtl_p8_wood_balcony_01_m
image,#cuc_ies_029
image,#cuc_ies_028
image,#ui_icon_weapon_hud_tr_flechette
image,#i_nodraw_decal
image,#i_attach_t8_smg_accurate_grip_01_attach_s
image,#i_attach_t8_smg_accurate_grip_01_attach_n
image,#i_attach_t8_smg_accurate_grip_01_attach_o
image,#i_attach_t8_smg_accurate_grip_01_attach_g
image,#i_attach_t8_smg_accurate_grip_01_attach_c
image,#i_mtl_p7_wires_electrical_rubber_n
image,#i_mtl_p7_wires_electrical_rubber_c
image,#i_wpn_t8_tac_rifle_surgeon_strap_patch_s
image,#i_wpn_t8_tac_rifle_surgeon_strap_patch_g
image,#i_wpn_t8_tac_rifle_surgeon_strap_patch_c
image,#i_wpn_t8_tac_rifle_surgeon_strap_patch_n
image,#i_wpn_t8_tac_rifle_surgeon_strap_patch_o
image,#i_mtl_attach_t8_loot_lmg_mk48_mag_top_01_o
image,#i_mtl_attach_t8_loot_lmg_mk48_mag_top_01_n
image,#i_mtl_attach_t8_loot_lmg_mk48_mag_top_01_c
image,#i_mtl_attach_t8_loot_lmg_mk48_mag_top_01_g
image,#i_mtl_attach_t8_loot_lmg_mk48_mag_top_01_s
image,#i_t7_decal_bullet_wood_02_n
image,#i_t7_decal_bullet_wood_02_c
image,#i_veh_t8_decal_grunge_rust_09_c
image,#$specular
image,#i_t7_brick_worn_brown_heavy_grout_c
image,#i_wpn_t8_tr_midburst_barrel_sig_01_o
image,#i_wpn_t8_tr_midburst_barrel_sig_01_n
image,#i_wpn_t8_tr_midburst_barrel_sig_01_g
image,#i_wpn_t8_tr_midburst_barrel_sig_01_c
image,#i_wpn_t8_tr_midburst_barrel_sig_01_s
image,#i_mtl_p7_foliage_grass_tussock_n
image,#i_attach_t8_sniper_powersemi_dbal_s
image,#i_attach_t8_sniper_powersemi_dbal_n
image,#i_attach_t8_sniper_powersemi_dbal_o
image,#i_attach_t8_sniper_powersemi_dbal_c
image,#i_attach_t8_sniper_powersemi_dbal_g
image,#i_mtl_wpn_t8_loot_ar_peacekeeper_sights_base_mk2_n
image,#i_mtl_wpn_t8_ar_kn57_handguard_mk2_m
image,#i_mtl_p8_zm_esc_door_frame_security_m
image,#i_mtl_p8_zm_esc_door_frame_security_n
image,#fxt_light_laser_trophy
image,#i_wz_t8_mp_spe_buffer_body1_scisors_s
image,#i_wz_t8_mp_spe_buffer_body1_scisors_g
image,#i_wz_t8_mp_spe_buffer_body1_scisors_c
image,#i_wz_t8_mp_spe_buffer_body1_scisors_n
image,#hash_a6f941a6aa53ab0c
image,#i_wpn_tac_rifle_mid_burst_scope_o
image,#hash_a6f946a6aa53b38b
image,#hash_a6f94aa6aa53ba57
image,#i_wpn_tac_rifle_mid_burst_scope_r
image,#hash_a6f956a6aa53cebb
image,#hash_26ffdd7910b75023
image,#hash_26ffe87910b762d4
image,#i_c_t8_zmb_mob_zombie_body2_arms_g
image,#i_c_t8_zmb_mob_zombie_body2_arms_c
image,#i_c_t8_zmb_mob_zombie_body2_arms_o
image,#i_c_t8_zmb_mob_zombie_body2_arms_n
image,#i_t7_zm_mob_window_cellhouse_ext_blue_e
image,#i_c_t8_mp_spe_reaper_light_c
image,#i_veh_t8_plastic_base_clean_g
image,#i_t8_decal_graphics_numbers_comsat_0_reveal_white_r
image,#loot_02_ui_icon_blackmarket_stream_melee_slaybell
image,#i_mtl_p7_corrugated_sheet_metal_rust_06_proxy_specular
image,#fxt8_spark_rndhit_core_alpha
image,#hash_a71cec1be71563d4
image,#i_mtl_p8_coffee_table_rectangle_wood_decal_n
image,#i_mtl_p8_coffee_table_rectangle_wood_decal_c
image,#i_wpn_t8_tr_midburst_ammopouch_sig_01_n
image,#i_wpn_t8_tr_midburst_ammopouch_sig_01_o
image,#i_wpn_t8_tr_midburst_ammopouch_sig_01_c
image,#i_wpn_t8_tr_midburst_ammopouch_sig_01_g
image,#i_wpn_t8_tr_midburst_ammopouch_sig_01_s
image,#i_mtl_p8_metal_tank_water_decal_c
image,#i_mtl_p8_col_chair_school_blue_m
image,#i_mtl_p8_col_chair_school_blue_n
image,#i_t7_wood_beam_worn_oak_n
image,#i_attach_t8_tac_rifle_swordfish_foregrip_s
image,#i_attach_t8_tac_rifle_swordfish_foregrip_o
image,#i_attach_t8_tac_rifle_swordfish_foregrip_n
image,#i_attach_t8_tac_rifle_swordfish_foregrip_c
image,#i_attach_t8_tac_rifle_swordfish_foregrip_g
image,#i_mtl_t8_loot_wpn_smg_folding_carry_handle_c
image,#i_mtl_t8_loot_wpn_smg_folding_carry_handle_g
image,#i_mtl_t8_loot_wpn_smg_folding_carry_handle_n
image,#i_mtl_t8_loot_wpn_smg_folding_carry_handle_o
image,#i_mtl_t8_loot_wpn_smg_folding_carry_handle_s
image,#i_mtl_wpn_t8_loot_sniper_semiauto_bullet_s
image,#i_mtl_p7_ban_fan_industrial_painted07_m
image,#i_wpn_t8_shotgun_semi_shellmount_sig_02_s
image,#i_wpn_t8_shotgun_semi_shellmount_sig_02_g
image,#i_wpn_t8_shotgun_semi_shellmount_sig_02_c
image,#i_wpn_t8_shotgun_semi_shellmount_sig_02_o
image,#i_wpn_t8_shotgun_semi_shellmount_sig_02_n
image,#hash_a74da6e593d13105
image,#i_mtl_p8_zm_esc_book_cover_c
image,#i_mtl_p8_zm_esc_book_cover_g
image,#i_c_gen_detail_tech_cloth_n
image,#i_wpn_t8_eqp_smartcover_wall_lrg_frnt_n
image,#i_wpn_t8_eqp_smartcover_wall_lrg_frnt_o
image,#i_wpn_t8_eqp_smartcover_wall_lrg_frnt_m
image,#i_veh_t7_drone_attack_body_litecolor_test_m
image,#i_veh_t7_drone_attack_body_litecolor_test_n
image,#i_t8_decal_grunge_burn_01_c
image,#i_t8_decal_grunge_burn_01_r
image,#i_wpn_t8_pistol_standard_trigger_base_s
image,#i_wpn_t8_pistol_standard_trigger_base_n
image,#i_wpn_t8_pistol_standard_trigger_base_g
image,#i_wpn_t8_pistol_standard_trigger_base_c
image,#hash_2762ecae26575986
image,#hash_2762edae26575b39
image,#hash_276300ae26577b82
image,#hash_276309ae26578acd
image,#i_mtl_p7_sin_bio_monument_boat_wood_o
image,#i_mtl_p7_sin_bio_monument_boat_wood_m
image,#i_mtl_p7_water_container_plastic_large_metal_m
image,#i_mtl_p7_water_container_plastic_large_metal_n
image,#i_mtl_p7_water_container_plastic_large_metal_o
image,#i_mtl_p7_zm_ctl_desk_wood_vintage_desk_n
image,#i_mtl_p7_zm_ctl_desk_wood_vintage_desk_m
image,#hash_a76c75365828b920
image,#hash_a76c79365828bfec
image,#hash_a76c81365828cd84
image,#hash_a76c82365828cf37
image,#hash_a76c85365828d450
image,#i_mtl_wpn_t8_ar_stealth_sig_02_screws_o
image,#i_mtl_wpn_t8_ar_stealth_sig_02_screws_n
image,#i_mtl_wpn_t8_ar_stealth_sig_02_screws_c
image,#i_mtl_wpn_t8_ar_stealth_sig_02_screws_s
image,#hash_a76ea0a847226353
image,#hash_a76ea4a847226a1f
image,#hash_a76ea7a847226f38
image,#hash_a76ea8a8472270eb
image,#hash_a76eb4a84722854f
image,#ui_icon_weapon_tr_longburst_operator_render
image,#i_mtl_veh_t8_decal_glassbroken_n
image,#i_mtl_veh_t8_decal_glassbroken_o
image,#i_mtl_veh_t8_decal_glassbroken_c
image,#i_mtl_veh_t8_decal_glassbroken_g
image,#ui_icon_obit_lmg_heavy
image,#i_wpn_t8_tac_rifle_swordfish_sig02_bullets_s
image,#i_wpn_t8_tac_rifle_swordfish_sig02_bullets_n
image,#i_wpn_t7_camo_bronze_scratched_g
image,#hash_278384102a656dc6
image,#fxt_decal_blood_nonfatal_02_n
image,#i_veh_t8_civ_bus_small_nepal_decal_glass_side_01_g
image,#i_c_t8_mp_spe_armor_shared_light
image,#i_t7_metal_worn_painted_graphite_g
image,#i_t7_metal_worn_painted_graphite_n
image,#i_mtl_p7_ram_tower_lion_ram_04_n
image,#i_mtl_t8_metal_deck_painted_01_c
image,#i_mtl_t8_metal_deck_painted_01_g
image,#i_mtl_wpn_t8_camo_skulls_03_c
image,#hash_a79584851bc92382
image,#i_wpn_t8_loot_ar_peacekeeper_handguard_base_s
image,#i_wpn_t8_loot_ar_peacekeeper_handguard_base_g
image,#i_wpn_t8_loot_ar_peacekeeper_handguard_base_c
image,#i_wpn_t8_loot_ar_peacekeeper_handguard_base_o
image,#i_wpn_t8_loot_ar_peacekeeper_handguard_base_n
image,#i_mtl_wpn_t8_zm_mp40_decal_s
image,#i_mtl_wpn_t8_zm_mp40_decal_n
image,#i_mtl_wpn_t8_zm_mp40_decal_o
image,#i_mtl_wpn_t8_zm_mp40_decal_c
image,#i_mtl_wpn_t8_zm_mp40_decal_g
image,#i_mtl_wpn_t8_loot_shotgun_fullauto_receiver_sig_o
image,#i_mtl_wpn_t8_loot_shotgun_fullauto_receiver_sig_n
image,#i_mtl_wpn_t8_loot_shotgun_fullauto_receiver_sig_g
image,#i_mtl_wpn_t8_loot_shotgun_fullauto_receiver_sig_c
image,#i_mtl_wpn_t8_loot_shotgun_fullauto_receiver_sig_s
image,#i_t8_decal_tech_detail_low_tech_20_n
image,#i_t8_decal_tech_detail_low_tech_20_o
image,#i_t8_decal_tech_detail_low_tech_20_c
image,#i_wpn_t8_lmg_hades_grip_sig_02_n
image,#i_wpn_t8_lmg_hades_grip_sig_02_g
image,#hash_a7a831004bbeec17
image,#hash_a7a834004bbef130
image,#hash_a7a835004bbef2e3
image,#hash_a7a83d004bbf007b
image,#hash_a7a841004bbf0747
image,#i_mtl_p7_dock_wood_rustic_set_decal_04_c
image,#i_mtl_p8_wz_supply_stash_decal_medical_c
image,#i_wpn_t8_shotgun_semi_rails_sig_01_g
image,#i_wpn_t8_shotgun_semi_rails_sig_01_n
image,#i_wpn_t8_shotgun_semi_rails_sig_01_o
image,#i_wpn_t8_shotgun_semi_rails_sig_01_s
image,#i_attach_t8_ar_accurate_grip_sig_01_c
image,#i_attach_t8_ar_accurate_grip_sig_01_g
image,#i_attach_t8_ar_accurate_grip_sig_01_n
image,#i_attach_t8_ar_accurate_grip_sig_01_s
image,#i_veh_t8_decal_moulding_c
image,#hash_a7d2980e98d88c55
image,#i_mtl_veh_t7_zmb_zod_train_trim_01_m
image,#i_mtl_veh_t7_zmb_zod_train_trim_01_n
image,#i_attach_t8_pistol_standard_barrel_s
image,#i_attach_t8_pistol_standard_barrel_g
image,#i_attach_t8_pistol_standard_barrel_c
image,#i_attach_t8_pistol_standard_barrel_o
image,#i_attach_t8_pistol_standard_barrel_n
image,#i_mtl_p7_zm_ver_bathtub_n
image,#i_mtl_p7_zm_ver_bathtub_m
image,#fxt8_water_ripple_anim_mask
image,#hash_a7de02799d3d3a80
image,#hash_a7de03799d3d3c33
image,#hash_a7de0a799d3d4818
image,#hash_a7de0e799d3d4ee4
image,#hash_a7de1e799d3d6a14
image,#i_mtl_wpn_t8_zm_freeze_gun_03_g
image,#i_mtl_wpn_t8_zm_freeze_gun_03_o
image,#i_mtl_wpn_t8_zm_freeze_gun_03_n
image,#i_mtl_wpn_t8_zm_freeze_gun_03_s
image,#i_wpn_t8_smg_fastfire_decals_c
image,#i_wpn_t8_smg_fastfire_decals_n
image,#i_mtl_p8_wz_blackjack_cache_set_decal_n
image,#i_mtl_p8_wz_blackjack_cache_set_decal_a
image,#i_mtl_p8_wz_blackjack_cache_set_decal_c
image,#i_mtl_attach_t8_ar_kn57_grip_alt_mk2_multi_m
image,#i_attach_t8_shotgun_semi_dbal_02_g
image,#i_attach_t8_shotgun_semi_dbal_02_c
image,#i_attach_t8_shotgun_semi_dbal_02_o
image,#i_attach_t8_shotgun_semi_dbal_02_n
image,#i_attach_t8_shotgun_semi_dbal_02_m
image,#i_attach_t8_shotgun_semi_dbal_02_s
image,#i_attach_t8_shotgun_semi_dbal_02_r
image,#i_t7_decal_grunge_papers_02_n
image,#hash_a7ee0433c00788ac
image,#hash_a7f19104d0cfdb81
image,#i_t8_zm_esc_candle_wax_stain_r
image,#i_t8_zm_esc_candle_wax_stain_c
image,#i_t8_zm_esc_candle_wax_stain_n
image,#ui_icon_inventory_smoke_grenade
image,#i_t8_wpn_smg_accurate_sights_sig_01_g
image,#i_t8_wpn_smg_accurate_sights_sig_01_c
image,#i_t8_wpn_smg_accurate_sights_sig_01_m
image,#i_t8_wpn_smg_accurate_sights_sig_01_n
image,#i_t8_wpn_smg_accurate_sights_sig_01_o
image,#i_t8_wpn_smg_accurate_sights_sig_01_s
image,#i_t7_decal_grunge_dirt_wall_01_r
image,#i_t7_decal_grunge_dirt_wall_01_n
image,#i_t7_decal_grunge_dirt_wall_01_c
image,#i_t7_zm_sha_rock_cliff_01_stain_c
image,#i_t7_zm_sha_rock_cliff_01_stain_r
image,#i_mtl_p7_mou_snow_chunk_snow_n
image,#i_wpn_t8_loot_ar_double_tap_bolt_s
image,#i_wpn_t8_loot_ar_double_tap_bolt_g
image,#i_wpn_t8_loot_ar_double_tap_bolt_c
image,#i_wpn_t8_loot_ar_double_tap_bolt_o
image,#i_wpn_t8_loot_ar_double_tap_bolt_n
image,#i_mtl_p7_zm_kin_table_folding_metal_02_m
image,#i_mtl_p7_zm_kin_table_folding_metal_02_n
image,#i_mtl_wpn_t8_camo_tank_01_c
image,#i_mtl_wpn_t8_ar_modular_barrel_sig_03_g
image,#i_mtl_wpn_t8_ar_modular_barrel_sig_03_c
image,#i_mtl_wpn_t8_ar_modular_barrel_sig_03_n
image,#i_mtl_wpn_t8_ar_modular_barrel_sig_03_o
image,#i_mtl_wpn_t8_ar_modular_barrel_sig_03_s
image,#i_mtl_p7_zm_kin_dresser_wood_01_dmg_m
image,#i_mtl_p7_zm_kin_dresser_wood_01_dmg_n
image,#hash_a81e189cca265220
image,#hash_a81e1c9cca2658ec
image,#hash_a81e249cca266684
image,#hash_a81e259cca266837
image,#hash_a81e269cca2669ea
image,#hash_a81e289cca266d50
image,#i_t8_decal_tech_detail_panel_02_s
image,#i_t8_decal_tech_detail_panel_02_c
image,#i_t8_decal_tech_detail_panel_02_o
image,#i_t8_decal_tech_detail_panel_02_n
image,#i_wpn_t8_shotgun_pump_sig_02_grip_c
image,#i_wpn_t8_shotgun_pump_sig_02_grip_g
image,#i_wpn_t8_shotgun_pump_sig_02_grip_s
image,#i_wpn_t8_ar_heavy_decal_03_n
image,#i_wpn_t8_ar_heavy_decal_03_c
image,#i_wpn_t8_lmg_hades_stock_sig_02_s
image,#i_wpn_t8_lmg_hades_stock_sig_02_c
image,#i_wpn_t8_lmg_hades_stock_sig_02_g
image,#i_wpn_t8_lmg_hades_stock_sig_02_o
image,#i_wpn_t8_lmg_hades_stock_sig_02_n
image,#i_wpn_t8_ar_heavy_decal_02_fullspec_s
image,#i_wpn_t8_ar_heavy_decal_02_fullspec_c
image,#i_wpn_t8_ar_heavy_decal_02_fullspec_n
image,#i_mtl_p8_zm_esc_crane_cabin_roof_n
image,#i_t8_wz_window_glass_dirty_horiz_brkn_g
image,#i_t8_wz_window_glass_dirty_horiz_brkn_c
image,#i_mtl_p7_zm_ver_stove_vintage_01_n
image,#i_mtl_p7_zm_ver_stove_vintage_01_m
image,#t7_hud_icon_menu_concussion_kf
image,#i_wpn_t8_loot_melee_hammer_demo_decal03_c
image,#i_mtl_t8_decal_tech_detail_screw_01_n
image,#i_mtl_t8_decal_tech_detail_screw_01_o
image,#i_t7_glass_dirty_streaks_04_c
image,#i_mtl_veh_t8_decal_inset_rectangle_r
image,#i_mtl_veh_t8_decal_inset_rectangle_n
image,#i_veh_t8_decal_greeble_18_c
image,#i_veh_t8_decal_greeble_18_o
image,#i_veh_t8_decal_greeble_18_n
image,#i_veh_t8_decal_greeble_18_t
image,#i_attach_t8_optic_holo_reticle_c
image,#hash_28567afdc7515356
image,#i_t8_rock_granite_rough_01_c
image,#i_t8_rock_granite_rough_01_n
image,#i_mtl_p7_wes_table_drawer_wood_vintage_sml_set_decal_n
image,#i_mtl_p7_wes_table_drawer_wood_vintage_sml_set_decal_c
image,#i_t7_micro_metal_rust_01_g
image,#i_t7_micro_metal_rust_01_c
image,#i_t7_micro_metal_rust_01_n
image,#i_t7_micro_metal_rust_01_s
image,#i_mtl_p8_wz_supply_stash_health_canvas_r
image,#i_mtl_p8_wz_supply_stash_health_canvas_g
image,#i_mtl_p8_wz_supply_stash_health_canvas_c
image,#i_mtl_p8_wz_supply_stash_health_canvas_n
image,#i_mtl_p8_wz_supply_stash_health_canvas_o
image,#i_mtl_p7_light_glass_bulb_dirty_on_e
image,#hash_2870e4859a5d01b9
image,#hash_2870ef859a5d146a
image,#i_veh_t7_drone_attack_gun_tile_r
image,#hash_28728e029df11ee2
image,#hash_287293029df12761
image,#ui_icon_weapon_hud_ar_peacekeeper
image,#hash_a876f66e57b1d961
image,#i_veh_t8_metal_paint_worn_grey_dk_sml_c
image,#ui_icon_weapons_zm_sniperquickscope
image,#ui_icon_obit_tr_longburst
image,#i_p8_zm_zod_door_provisions_metal_pieces_m
image,#i_p8_zm_zod_door_provisions_metal_pieces_n
image,#i_p8_zm_zod_door_provisions_metal_pieces_o
image,#ui_icon_weapon_melee_zombie_arm_render
image,#i_mtl_wpn_t8_camo_dyn_vanguard_samurai_01_c
image,#i_mtl_wpn_t8_camo_dyn_vanguard_samurai_01_s
image,#hash_a891841bfac41904
image,#i_mtl_p7_zm_kin_dumpster_02_m
image,#i_mtl_p7_zm_kin_dumpster_02_n
image,#i_t7_micro_metal_bare_02_g
image,#i_wpn_t8_smg_capacity_entry_burn_gradient_sig_02_c
image,#hash_a89e123d6715d8f0
image,#i_veh_t8_civ_car_badge_maars_m
image,#i_veh_t8_civ_car_badge_maars_n
image,#i_veh_t8_civ_car_badge_maars_c
image,#i_p8_zm_esc_power_house_door_metal_rolling_railing_r
image,#hash_a8aac230becef81c
image,#i_wpn_t8_shotgun_pump_barrel_base_g
image,#i_wpn_t8_shotgun_pump_barrel_base_c
image,#i_wpn_t8_shotgun_pump_barrel_base_o
image,#i_wpn_t8_shotgun_pump_barrel_base_n
image,#hash_a8ab999e79b877e6
image,#hash_a8ab9d9e79b87eb2
image,#hash_a8aba29e79b88731
image,#hash_a8abad9e79b899e2
image,#i_wpn_t8_smg_accurate_handguard_armor_sig_03_s
image,#i_wpn_t8_smg_accurate_handguard_armor_sig_03_n
image,#i_wpn_t8_smg_accurate_handguard_armor_sig_03_o
image,#i_wpn_t8_smg_accurate_handguard_armor_sig_03_e
image,#i_wpn_t8_smg_accurate_handguard_armor_sig_03_g
image,#i_wpn_t8_ar_fastfire_barrel_sig_01_n
image,#i_wpn_t8_ar_fastfire_barrel_sig_01_o
image,#i_wpn_t8_ar_fastfire_barrel_sig_01_g
image,#i_wpn_t8_ar_fastfire_barrel_sig_01_c
image,#i_wpn_t8_ar_fastfire_barrel_sig_01_s
image,#i_mtl_p7_zm_asc_handrail_rusty_set_yellow_m
image,#hash_28b8faf2777f347f
image,#hash_28b8fbf2777f3632
image,#i_t7_decal_fillet_corner_90_degrees_concave_n
image,#i_wpn_t8_loot_ar_double_tap_handguard_mk2_m
image,#i_wpn_t8_loot_ar_double_tap_handguard_mk2_n
image,#i_mtl_p8_zm_esc_power_station_panel_set_gauges_01_matelpainted_m
image,#i_mtl_p8_zm_esc_power_station_panel_set_gauges_01_matelpainted_n
image,#i_mtl_p8_wep_cargo_container_military_hole_c
image,#i_mtl_p8_wep_cargo_container_military_hole_n
image,#i_veh_t8_mil_heli_attack_rotor_multi_m
image,#hash_a8cf197dd4691e42
image,#hash_a8cf1a7dd4691ff5
image,#hash_a8cf1d7dd469250e
image,#hash_a8cf217dd4692bda
image,#i_mtl_wpn_t8_loot_lmg_mk48_sight_mk2_multi_m
image,#i_mtl_p8_wz_foliage_leymus_grass_01_c_c
image,#i_mtl_p8_wz_foliage_leymus_grass_01_c_n
image,#i_attach_t8_tac_rifle_surgeon_bipod_s
image,#i_attach_t8_tac_rifle_surgeon_bipod_r
image,#i_attach_t8_tac_rifle_surgeon_bipod_o
image,#i_attach_t8_tac_rifle_surgeon_bipod_n
image,#i_attach_t8_tac_rifle_surgeon_bipod_g
image,#i_attach_t8_tac_rifle_surgeon_bipod_c
image,#i_t8_wpn_pistol_revolver_decals_sig_02_s
image,#i_t8_wpn_pistol_revolver_decals_sig_02_c
image,#i_t8_wpn_pistol_revolver_decals_sig_02_n
image,#hash_28d99fd912cc5c17
image,#i_mtl_p7_medical_surgical_cart_metal_n
image,#hash_a8dfe2addd2a6c57
image,#i_t8_decal_grunge_wall_lg_01_r
image,#i_t8_rubber_coated_wire_c
image,#i_t7_metal_paint_rust_brown_n
image,#i_t7_metal_paint_rust_brown_g
image,#i_t7_metal_paint_rust_brown_c
image,#fxt8_fire_inferno_tall_anim_hdr
image,#i_wpn_t8_lmg_heavy_s
image,#i_wpn_t8_lmg_heavy_r
image,#i_wpn_t8_lmg_heavy_c
image,#i_wpn_t8_lmg_heavy_g
image,#i_wpn_t8_lmg_heavy_o
image,#i_wpn_t8_lmg_heavy_n
image,#i_t8_wpn_pistol_revolver_screen_overlay_03_sig_02_c
image,#i_wpn_t8_ar_kn57_barrel_s
image,#i_wpn_t8_ar_kn57_barrel_r
image,#i_wpn_t8_ar_kn57_barrel_o
image,#i_wpn_t8_ar_kn57_barrel_n
image,#i_wpn_t8_ar_kn57_barrel_g
image,#i_wpn_t8_ar_kn57_barrel_c
image,#i_t7_decal_line_horizontal_chipped_edges_clear_m
image,#i_mtl_p8_zm_esc_security_console_decal_button_n
image,#i_mtl_p8_zm_esc_security_console_decal_button_c
image,#i_mtl_p8_col_rock_smooth_set_01_01_g
image,#i_mtl_p8_col_rock_smooth_set_01_01_c
image,#i_mtl_p8_col_rock_smooth_set_01_01_o
image,#i_mtl_p8_col_rock_smooth_set_01_01_n
image,#i_veh_t8_decal_bolt_19_c
image,#i_wpn_t8_sniper_vanguard_scope_p6_c
image,#i_wpn_t8_sniper_vanguard_scope_p6_g
image,#i_wpn_t8_sniper_vanguard_scope_p6_o
image,#i_wpn_t8_sniper_vanguard_scope_p6_n
image,#hash_a9166a7ec3bfd3d9
image,#hash_a9166e7ec3bfdaa5
image,#hash_a916717ec3bfdfbe
image,#hash_a916727ec3bfe171
image,#hash_a9167e7ec3bff5d5
image,#i_t7_decal_damage_drywall_paint_c
image,#i_t7_decal_damage_drywall_paint_n
image,#i_mtl_p8_kit_zt8_gal_02_beam_01_basic_painted_metal_m
image,#i_mtl_p8_kit_zt8_gal_02_beam_01_basic_painted_metal_n
image,#i_mtl_p8_box_cardboard_b_closed_m
image,#i_mtl_p8_box_cardboard_b_closed_n
image,#i_mtl_p7_zm_nac_trailer_generator_gauges_c
image,#i_mtl_p7_zm_nac_trailer_generator_gauges_n
image,#fxt8_shockwave_anim
image,#i_mtl_p7_fir_wire_spool_wood__n
image,#i_wpn_t8_tac_rifle_surgeon_stock_1_g
image,#i_wpn_t8_tac_rifle_surgeon_stock_1_c
image,#i_wpn_t8_tac_rifle_surgeon_stock_1_n
image,#i_wpn_t8_tac_rifle_surgeon_stock_1_s
image,#i_t7_concrete_trim_beveled_02_c
image,#i_t7_concrete_trim_beveled_02_n
image,#hash_a933f52a46cafa46
image,#hash_a9378944687d4012
image,#hash_a9379544687d5476
image,#hash_a9379944687d5b42
image,#hash_a9379d44687d620e
image,#hash_a9379e44687d63c1
image,#i_t7_micro_paint_01_g
image,#i_t7_micro_paint_01_c
image,#i_t7_micro_paint_01_n
image,#ui_icon_obit_shotgun_pump
image,#i_mtl_wpn_t8_ar_stealth_sig_02_bulet_n
image,#i_mtl_wpn_t8_ar_stealth_sig_02_bulet_o
image,#i_mtl_wpn_t8_ar_stealth_sig_02_bulet_g
image,#i_mtl_wpn_t8_ar_stealth_sig_02_bulet_s
image,#i_attach_t8_ar_galil_suppressor_s
image,#i_attach_t8_ar_galil_suppressor_g
image,#i_attach_t8_ar_galil_suppressor_c
image,#i_attach_t8_ar_galil_suppressor_o
image,#i_attach_t8_ar_galil_suppressor_n
image,#i_veh_t8_metal_heavy_painted_01_g
image,#decal_glass02_c
image,#ui_icon_weapons_zm_armodular
image,#i_attach_t8_lmg_titan_glass_n
image,#i_attach_t8_lmg_titan_glass_c
image,#i_attach_t8_lmg_titan_glass_g
image,#i_attach_t8_lmg_titan_glass_s
image,#i_wpn_t8_eqp_smartcover_straps_n
image,#i_wpn_t8_eqp_smartcover_straps_o
image,#i_wpn_t8_eqp_smartcover_straps_c
image,#i_wpn_t8_eqp_smartcover_straps_g
image,#i_mtl_p7_container_cardboard_box_02_c
image,#i_mtl_p7_container_cardboard_box_02_n
image,#i_c_t8_zmb_mob_brutus_alpha2_bo_c
image,#i_wpn_t8_smg_fastfire_stock_n
image,#i_wpn_t8_smg_fastfire_stock_o
image,#i_wpn_t8_smg_fastfire_stock_g
image,#i_wpn_t8_smg_fastfire_stock_c
image,#i_wpn_t8_smg_fastfire_stock_r
image,#i_wpn_t8_smg_fastfire_stock_s
image,#i_mtl_p7_medical_rolling_iv_drip_c
image,#i_mtl_p7_medical_rolling_iv_drip_g
image,#i_mtl_p7_medical_rolling_iv_drip_n
image,#i_wpn_t8_tac_rifle_swordfish_reticle_02_c
image,#hash_a96ef5660204c45b
image,#i_veh_t7_decal_bolt_10_c
image,#i_mtl_p8_ladder_metal_secured_01_m
image,#i_mtl_p8_ladder_metal_secured_01_o
image,#i_mtl_p8_ladder_metal_secured_01_n
image,#hash_297d4357121b628a
image,#i_mtl_p8_wz_cu_hat_tanker_s
image,#i_mtl_p8_wz_cu_hat_tanker_c
image,#i_mtl_p8_wz_cu_hat_tanker_g
image,#i_mtl_p8_wz_cu_hat_tanker_n
image,#hash_a9811da58018ffa7
image,#i_t8_decal_blood_drip_floor_directional_02_c
image,#it7_decal_grunge_lichen_desert_c
image,#it7_decal_grunge_lichen_desert_n
image,#it7_decal_grunge_lichen_desert_r
image,#fxt_lightning_cloud
image,#hash_a986e5c3a62e1a13
image,#i_t8_decal_tech_detail_indent_05_normal_m
image,#i_t8_decal_tech_detail_indent_05_normal_n
image,#i_t8_decal_tech_detail_high_tech_07_o
image,#i_t8_decal_tech_detail_high_tech_07_n
image,#i_t8_decal_tech_detail_high_tech_07_c
image,#i_t8_decal_tech_detail_high_tech_07_g
image,#i_mtl_veh_t8_decal_grunge_scorch_01_c
image,#i_p8_zm_esc_obsidian_rock_large_03_part9_o
image,#i_p8_zm_esc_obsidian_rock_large_03_part9_n
image,#i_attach_t8_smg_fastfire_ext_mag_c
image,#i_attach_t8_smg_fastfire_ext_mag_g
image,#i_attach_t8_smg_fastfire_ext_mag_o
image,#i_attach_t8_smg_fastfire_ext_mag_n
image,#i_attach_t8_smg_fastfire_ext_mag_s
image,#i_attach_t8_smg_fastfire_ext_mag_r
image,#i_wpn_t8_pistol_standard_slide_base_r
image,#i_wpn_t8_pistol_standard_slide_base_s
image,#i_wpn_t8_pistol_standard_slide_base_n
image,#i_wpn_t8_pistol_standard_slide_base_o
image,#i_wpn_t8_pistol_standard_slide_base_c
image,#i_wpn_t8_pistol_standard_slide_base_g
image,#i_mtl_p7_cabinet_wood_old_02_m
image,#hash_2993ed590f2aba77
image,#hash_2993f1590f2ac143
image,#i_wpn_t7_zmb_perk_bottle_water_2tap_c
image,#i_c_t8_detail_cotton_weave_gauze_n
image,#i_mtl_wpn_t8_sniper_vanguard_handguard_v2_alt_mk2_multi_m
image,#i_aml_gen_raven_wing_low_01_o
image,#i_aml_gen_raven_wing_low_01_n
image,#i_aml_gen_raven_wing_low_01_c
image,#i_aml_gen_raven_wing_low_01_g
image,#i_mtl_p7_zm_mob_cabinet_steel_glass_c
image,#i_mtl_p7_zm_mob_cabinet_steel_glass_g
image,#i_mtl_p8_zm_esc_laundry_bag_normal_n
image,#i_mtl_p8_zm_esc_laundry_bag_normal_c
image,#i_t7_brick_worn_red_heavy_grout_wet_n
image,#i_mtl_p7_picture_frame_05_n
image,#i_mtl_p7_picture_frame_05_c
image,#i_mtl_p7_duct_metal_square_vent_proxy_normal
image,#i_attach_t8_loot_ar_peacekeeper_coupler_s
image,#i_attach_t8_loot_ar_peacekeeper_coupler_g
image,#i_attach_t8_loot_ar_peacekeeper_coupler_c
image,#i_attach_t8_loot_ar_peacekeeper_coupler_o
image,#i_attach_t8_loot_ar_peacekeeper_coupler_n
image,#i_mtl_p8_wz_foliage_bush_creosote_01_proxy_depth
image,#hash_29b569e1493b831c
image,#hash_29b572e1493b9267
image,#i_veh_t8_decal_greeble_06_r
image,#i_veh_t8_decal_greeble_06_n
image,#i_veh_t8_decal_greeble_06_o
image,#i_t7_damage_decal_plaster_damage_02_c
image,#i_t7_damage_decal_plaster_damage_02_n
image,#i_t8_mud_sludge_wet_01_n
image,#i_p8_col_military_ship_gun_body_r
image,#i_mtl_p7_panels_metal_wall_exterior_vent_03_s
image,#i_p8_col_military_ship_gun_body_g
image,#i_p8_col_military_ship_gun_body_c
image,#i_p8_col_military_ship_gun_body_n
image,#i_p8_col_military_ship_gun_body_o
image,#i_mtl_p7_panels_metal_wall_exterior_vent_03_g
image,#i_mtl_p7_panels_metal_wall_exterior_vent_03_o
image,#i_mtl_p7_panels_metal_wall_exterior_vent_03_n
image,#i_t7_light_fluorescent_glass_clean_t
image,#i_t7_light_fluorescent_glass_clean_n
image,#i_t7_light_fluorescent_glass_clean_c
image,#i_mtl_p7_slu_sofa_dmg_body_m
image,#i_mtl_p7_slu_sofa_dmg_body_n
image,#i_mtl_p7_slu_sofa_dmg_body_c
image,#i_wpn_t7_camo_zm_dlc2_pap02_e2
image,#i_mtl_p8_zm_esc_bed_infirmary_mattress_01_damage_n
image,#i_mtl_p8_zm_esc_bed_infirmary_mattress_01_damage_c
image,#hash_29cd58213c9b9780
image,#hash_29cd59213c9b9933
image,#i_mtl_p8_usa_submarine_torpedo_01_decal
image,#ui_icon_weapon_ar_accurate_sig_02_render
image,#hash_a9d5657c34dcd025
image,#i_t7_brick_trim_worn_dirty_red_n
image,#i_t7_brick_trim_worn_dirty_red_c
image,#hash_29d86661d08edc22
image,#hash_29d86b61d08ee4a1
image,#hash_a9db1dfa92820776
image,#fxt_ui_square
image,#hash_29ddeccac5c77e40
image,#hash_29ddf0cac5c7850c
image,#hash_29ddf9cac5c79457
image,#i_mtl_p8_wep_cargo_container_military_main_02_n
image,#i_mtl_p8_wep_cargo_container_military_main_02_m
image,#i_t7_snow_powder_01_breakup_r
image,#hash_29f56ec8b9bed6a5
image,#i_t7_decal_damage_plywood_edge_dirty_c
image,#hash_2a0673e9cbd11725
image,#i_wpn_t8_lmg_titan_sig_01_upper_c
image,#i_wpn_t8_lmg_titan_sig_01_upper_g
image,#i_wpn_t8_lmg_titan_sig_01_upper_o
image,#i_wpn_t8_lmg_titan_sig_01_upper_n
image,#i_wpn_t8_lmg_titan_sig_01_upper_s
image,#i_veh_t8_decal_grunge_concrete_drip_02b_blend_r
image,#i_veh_t8_decal_gasdoor_02_r
image,#i_veh_t8_decal_gasdoor_02_n
image,#i_mtl_p8_hangar_scaffolding_decal_dirty_c
image,#i_mtl_wpn_t8_loot_pistol_auto_rail_sig_s
image,#i_mtl_wpn_t8_loot_pistol_auto_rail_sig_n
image,#i_mtl_wpn_t8_loot_pistol_auto_rail_sig_o
image,#i_mtl_wpn_t8_loot_pistol_auto_rail_sig_c
image,#hash_aa22e9154d9b6521
image,#i_mtl_wpn_t8_loot_pistol_auto_rail_sig_g
image,#i_wpn_t8_sig_annihilator_drum_ir
image,#i_t8_sand_debris_01_r
image,#i_t8_sand_debris_01_n
image,#i_t8_sand_debris_01_c
image,#i_wpn_t8_hero_war_machine_bolts_o
image,#i_wpn_t8_hero_war_machine_bolts_n
image,#i_wpn_t8_hero_war_machine_bolts_g
image,#i_wpn_t8_hero_war_machine_bolts_s
image,#ui_icon_weapon_hud_lmg_stealth
image,#i_mtl_p8_zm_zod_chair_victorian_cloth_n
image,#i_mtl_veh_t8_mil_helicopter_transport_glass_g
image,#i_mtl_p7_window_glass_shard_n
image,#i_mtl_p7_window_glass_shard_g
image,#i_mtl_p7_window_glass_shard_c
image,#i_wpn_t8_shotgun_semi_mic_sig_02_o
image,#i_wpn_t8_shotgun_semi_mic_sig_02_n
image,#i_wpn_t8_shotgun_semi_mic_sig_02_g
image,#i_wpn_t8_shotgun_semi_mic_sig_02_s
image,#i_veh_t8_mil_heli_attack_rockets_multi_m
image,#hash_2a5ca572210fe8d4
image,#hash_2a5ca672210fea87
image,#i_wpn_t8_eqp_turret_mini_case_panel_02_o
image,#i_wpn_t8_eqp_turret_mini_case_panel_02_n
image,#i_wpn_t8_eqp_turret_mini_case_panel_02_g
image,#i_wpn_t8_eqp_turret_mini_case_panel_02_c
image,#i_wpn_t8_eqp_concertina_wire_case_m
image,#i_wpn_t8_eqp_concertina_wire_case_o
image,#i_wpn_t8_eqp_concertina_wire_case_n
image,#i_t8_metal_cable_01_g
image,#i_t8_metal_cable_01_n
image,#i_t8_metal_cable_01_o
image,#i_wpn_t8_pistol_burst_clip_r
image,#i_wpn_t8_pistol_burst_clip_s
image,#i_wpn_t8_pistol_burst_clip_g
image,#i_wpn_t8_pistol_burst_clip_c
image,#i_wpn_t8_pistol_burst_clip_n
image,#i_wpn_t8_pistol_burst_clip_o
image,#i_t8_camo_dlc3_armor_alt_n
image,#i_t8_camo_dlc3_armor_alt_c
image,#i_t8_camo_dlc3_armor_alt_g
image,#i_t8_camo_dlc3_armor_alt_s
image,#hash_2a7443b1fe999a10
image,#hash_2a7447b1fe99a0dc
image,#hash_2a7450b1fe99b027
image,#i_wpn_t8_sniper_power_semi_grip_s
image,#i_wpn_t8_sniper_power_semi_grip_n
image,#i_wpn_t8_sniper_power_semi_grip_o
image,#i_wpn_t8_sniper_power_semi_grip_c
image,#i_wpn_t8_sniper_power_semi_grip_g
image,#i_c_t8_detail_canvas_military_molle_n
image,#i_veh_t7_detail_char03_g
image,#i_wpn_t8_eqp_trophy_system_panels_outer_m
image,#i_t8_wpn_pistol_revolver_flick_switch_sig_01_o
image,#i_t8_wpn_pistol_revolver_flick_switch_sig_01_n
image,#i_t8_wpn_pistol_revolver_flick_switch_sig_01_g
image,#i_t8_wpn_pistol_revolver_flick_switch_sig_01_c
image,#i_t8_wpn_pistol_revolver_flick_switch_sig_01_s
image,#i_mtl_p7_nightstand_wood_vintage_01_blue_m
image,#i_mtl_p7_nightstand_wood_vintage_01_blue_n
image,#fxt8_spark_streak_wiggle_alpha
image,#i_attach_t8_ar_heavy_fmj_mag_02_s
image,#i_attach_t8_ar_heavy_fmj_mag_02_o
image,#i_attach_t8_ar_heavy_fmj_mag_02_n
image,#i_attach_t8_ar_heavy_fmj_mag_02_g
image,#hash_aa93904e50135933
image,#hash_aa93944e50135fff
image,#hash_aa93974e50136518
image,#hash_aa93984e501366cb
image,#hash_aa93a44e50137b2f
image,#i_mtl_wpn_t8_loot_shotgun_fullauto_decals_s
image,#i_mtl_wpn_t8_loot_shotgun_fullauto_decals_n
image,#i_mtl_wpn_t8_loot_shotgun_fullauto_decals_c
image,#i_mtl_wpn_t8_loot_shotgun_fullauto_decals_g
image,#i_mtl_p7_debris_cardboard_flat_02_n
image,#i_mtl_p7_debris_cardboard_flat_02_c
image,#i_wpn_t8_smg_accurate_body_upper_sig_03_g
image,#i_wpn_t8_smg_accurate_body_upper_sig_03_e
image,#i_wpn_t8_smg_accurate_body_upper_sig_03_c
image,#i_wpn_t8_smg_accurate_body_upper_sig_03_o
image,#i_wpn_t8_smg_accurate_body_upper_sig_03_n
image,#i_wpn_t8_smg_accurate_body_upper_sig_03_m
image,#i_wpn_t8_smg_accurate_body_upper_sig_03_s
image,#i_p8_wz_spray_can_camo_01_c
image,#i_mtl_t8_loot_wpn_smg_folding_window_o
image,#hash_aa9e25d1d4dddc13
image,#hash_aa9e29d1d4dde2df
image,#hash_aa9e2cd1d4dde7f8
image,#hash_aa9e2dd1d4dde9ab
image,#hash_aa9e39d1d4ddfe0f
image,#i_attach_t8_pistol_revolver_uber_alt_n
image,#i_attach_t8_pistol_revolver_uber_alt_c
image,#i_mtl_p8_col_radar_dirty_med_grey_weld_c
image,#i_mtl_p8_col_radar_dirty_med_grey_weld_n
image,#i_mtl_p8_wz_ep_fishing_pole_metal_g
image,#i_veh_t8_mil_boat_tactical_raft_engine_details_metal_decal_r
image,#i_wpn_t8_loot_smg_burst_handguard_mk2_m
image,#i_veh_t8_decal_caution_08_c
image,#hash_aaaf760b7447576b
image,#hash_aaaf770b7447591e
image,#hash_2ab72926f49735dc
image,#i_mtl_p7_cloth_flag_tattered_generic_c
image,#i_mtl_p7_cloth_flag_tattered_generic_n
image,#hash_2abc37867e2c5e55
image,#i_t8_micro_cardboard_01_n
image,#i_t8_micro_cardboard_01_c
image,#hash_aac47b0af4e66994
image,#ui_icon_weapon_smg_fastburst_sig_02_render
image,#loot07_ui_icon_blackmarket_reserves_weapon_minigun
image,#$white
image,#ui_icon_obit_sniper_powerbolt
image,#i_attach_t8_loot_tac_rifle_damageburst_barrel_s
image,#i_attach_t8_loot_tac_rifle_damageburst_barrel_n
image,#i_attach_t8_loot_tac_rifle_damageburst_barrel_o
image,#i_attach_t8_loot_tac_rifle_damageburst_barrel_g
image,#i_attach_t8_loot_tac_rifle_damageburst_barrel_c
image,#i_t7_concrete_wall_damaged_01_blend_r
image,#i_t7_concrete_wall_damaged_01_blend_m
image,#i_t8_metal_grate_trim_01_s
image,#i_t8_metal_grate_trim_01_o
image,#i_t8_metal_grate_trim_01_n
image,#i_t8_metal_grate_trim_01_c
image,#i_t8_metal_grate_trim_01_g
image,#ui_icon_armor_wz_heavy
image,#i_t7_metal_corrugated_rust_bend_n
image,#hash_aae553e99b027ce6
image,#hash_aae554e99b027e99
image,#hash_aae55ce99b028c31
image,#hash_aae560e99b0292fd
image,#hash_aae570e99b02ae2d
image,#hash_aae86787b9501359
image,#hash_aae87787b9502e89
image,#hash_aae87b87b9503555
image,#hash_aae88287b950413a
image,#hash_aae88387b95042ed
image,#hash_2aed75adf99884ce
image,#i_p7_pallet_wood_splinters_burnt_ember_c
image,#i_mtl_mtl_veh_t8_mil_air_gunship_03_ir
image,#hash_aaf3bda6e5ead6ba
image,#i_mtl_p8_usa_submarine_interior_consoles_details_gauge_01_c
image,#i_mtl_p8_usa_submarine_interior_consoles_details_gauge_01_g
image,#i_mtl_p8_usa_submarine_interior_consoles_details_gauge_01_n
image,#i_wpn_t8_eqp_smartcover_wall_outer_o
image,#i_wpn_t8_eqp_smartcover_wall_outer_n
image,#fxt_spark_single
image,#hash_ab024f5e0d917c61
image,#i_mtl_p7_debris_concrete_rubble_bolt_n
image,#i_mtl_p7_debris_concrete_rubble_bolt_c
image,#hash_2b06bd4230048cac
image,#hash_2b06c2423004952b
image,#hash_2b06c342300496de
image,#i_attach_t8_smg_accurate_mag_attach_o
image,#i_attach_t8_smg_accurate_mag_attach_n
image,#i_attach_t8_smg_accurate_mag_attach_m
image,#i_c_gen_tigershark_eye_c
image,#i_t8_dirt_rocky_02_r
image,#i_mtl_t8_loot_wpn_smg_folding_fmj_o
image,#i_mtl_attach_t8_loot_ar_double_barrel_dbal_02_s
image,#i_mtl_attach_t8_loot_ar_double_barrel_dbal_02_g
image,#i_mtl_attach_t8_loot_ar_double_barrel_dbal_02_c
image,#i_mtl_attach_t8_loot_ar_double_barrel_dbal_02_o
image,#i_mtl_attach_t8_loot_ar_double_barrel_dbal_02_n
image,#hash_ab1c555069700148
image,#i_p8_col_ship_door_g
image,#i_p8_col_ship_door_c
image,#i_p8_col_ship_door_o
image,#i_p8_col_ship_door_n
image,#i_mtl_p7_3arc_park_decal_stop_g
image,#hash_ab208abfbc856af0
image,#hash_ab208bbfbc856ca3
image,#hash_ab208cbfbc856e56
image,#i_t7_decal_signage_street_lines_yellow_n
image,#i_t7_decal_signage_street_lines_yellow_r
image,#hash_2b22290fbd789ec6
image,#hash_2b222d0fbd78a592
image,#hash_2b22310fbd78ac5e
image,#i_t8_zm_esc_concrete_slabs_destroyed_2x2_n
image,#hash_2b223e0fbd78c275
image,#i_mtl_p8_zm_esc_cloth_pile_01_decal_m
image,#i_mtl_p7_spl_rubber_floor_mat_g
image,#i_mtl_p7_spl_rubber_floor_mat_c
image,#i_veh_t8_base_paint_19_dead_c
image,#i_mtl_p7_foliage_tree_ohia_set_bark_c
image,#ui_icon_weapon_lmg_standard_sig_01_render
image,#i_wpn_t8_sniper_power_semi_barrel_n
image,#i_wpn_t8_sniper_power_semi_barrel_o
image,#i_wpn_t8_sniper_power_semi_barrel_c
image,#i_wpn_t8_sniper_power_semi_barrel_g
image,#i_wpn_t8_sniper_power_semi_barrel_r
image,#i_wpn_t8_sniper_power_semi_barrel_s
image,#hash_ab334d40e1db4f79
image,#hash_ab335d40e1db6aa9
image,#hash_ab336140e1db7175
image,#hash_ab336840e1db7d5a
image,#hash_ab336940e1db7f0d
image,#i_mtl_p7_eth_light_wall_03_decal_c
image,#i_wpn_t8_eqp_sensor_dart_gun_barrel_s
image,#i_wpn_t8_eqp_sensor_dart_gun_barrel_c
image,#i_wpn_t8_eqp_sensor_dart_gun_barrel_g
image,#i_wpn_t8_eqp_sensor_dart_gun_barrel_n
image,#i_wpn_t8_eqp_sensor_dart_gun_barrel_o
image,#i_wpn_t8_ar_modular_stock_connector_sig_01_n
image,#i_wpn_t8_ar_modular_stock_connector_sig_01_o
image,#i_wpn_t8_ar_modular_stock_connector_sig_01_c
image,#i_wpn_t8_ar_modular_stock_connector_sig_01_g
image,#i_wpn_t8_ar_modular_stock_connector_sig_01_s
image,#i_t8_decal_tech_detail_high_tech_28_n
image,#i_t8_decal_tech_detail_high_tech_28_o
image,#i_t8_decal_tech_detail_high_tech_28_g
image,#i_t8_decal_tech_detail_high_tech_28_c
image,#i_material_ch_wallpaintchipped_3_g
image,#i_t8_wpn_pistol_revolver_screen_overlay_sig_02_c
image,#i_mtl_p7_water_filtration_system_mount_hook_n
image,#i_mtl_p7_water_filtration_system_mount_hook_o
image,#i_p7_fir_bathroom_mop_wood_o
image,#i_p7_fir_bathroom_mop_wood_n
image,#i_p7_fir_bathroom_mop_wood_m
image,#hash_2b49e5b3224c60de
image,#i_mtl_veh_t8_decal_screw_hex_inset_o
image,#i_mtl_veh_t8_decal_screw_hex_inset_n
image,#i_t8_decal_utility_metal_drain_stainless_01_s
image,#i_t8_decal_utility_metal_drain_stainless_01_o
image,#i_t8_decal_utility_metal_drain_stainless_01_n
image,#i_t8_decal_utility_metal_drain_stainless_01_g
image,#i_t8_decal_utility_metal_drain_stainless_01_c
image,#i_mtl_t8_decal_grunge_concrete_sidewalk_01_r
image,#i_mtl_attach_t8_loot_lmg_mk48_mag_o
image,#i_mtl_attach_t8_loot_lmg_mk48_mag_n
image,#i_mtl_attach_t8_loot_lmg_mk48_mag_g
image,#i_mtl_attach_t8_loot_lmg_mk48_mag_c
image,#i_mtl_attach_t8_loot_lmg_mk48_mag_s
image,#hash_ab5829a313d826f7
image,#hash_ab582ca313d82c10
image,#hash_ab582da313d82dc3
image,#hash_ab5835a313d83b5b
image,#hash_ab5839a313d84227
image,#i_mtl_t8_loot_wpn_smg_folding_stock_o
image,#hash_2b5cef6fd85a1a22
image,#hash_2b5cf06fd85a1bd5
image,#i_mtl_p8_zm_esc_flood_light_c
image,#i_mtl_p8_zm_esc_flood_light_g
image,#i_mtl_p8_zm_esc_flood_light_n
image,#plastic_n
image,#i_wpn_t8_tr_midburst_mag_sig_02_o
image,#i_wpn_t8_tr_midburst_mag_sig_02_n
image,#i_wpn_t8_tr_midburst_mag_sig_02_g
image,#i_wpn_t8_tr_midburst_mag_sig_02_c
image,#i_wpn_t8_tr_midburst_mag_sig_02_s
image,#i_mtl_wpn_t8_camo_geometric_04_alt_s
image,#i_mtl_wpn_t8_camo_geometric_04_alt_g
image,#hash_ab7d9504b556b7a7
image,#i_mtl_p7_zm_asc_pipe_modular_01_m
image,#i_mtl_p8_zm_whi_bed_wood_queen_02_boxspring_r
image,#i_mtl_p8_zm_whi_bed_wood_queen_02_boxspring_n
image,#i_mtl_p8_zm_whi_bed_wood_queen_02_boxspring_o
image,#i_wpn_t8_crossbow_ammo_base_g
image,#i_wpn_t8_crossbow_ammo_base_n
image,#i_wpn_t8_crossbow_ammo_base_o
image,#i_wpn_t8_crossbow_ammo_base_s
image,#hash_ab8b7b8cf7cafdab
image,#hash_2b8ec8ac23b27d75
image,#i_wpn_t8_ar_heavy_grip_sig_02_n
image,#i_wpn_t8_ar_heavy_grip_sig_02_o
image,#i_wpn_t8_ar_heavy_grip_sig_02_g
image,#i_wpn_t8_ar_heavy_grip_sig_02_c
image,#i_wpn_t8_ar_heavy_grip_sig_02_s
image,#i_mtl_p7_wes_container_vintage_decanter_glass_01_n
image,#i_mtl_p7_wes_container_vintage_decanter_glass_01_c
image,#hash_2b9400b17c8f870c
image,#hash_2b9403b17c8f8c25
image,#i_mtl_wpn_t8_ar_stealth_sig_01_front_barrel_o
image,#i_mtl_wpn_t8_ar_stealth_sig_01_front_barrel_n
image,#i_mtl_wpn_t8_ar_stealth_sig_01_front_barrel_c
image,#i_mtl_wpn_t8_ar_stealth_sig_01_front_barrel_g
image,#i_mtl_wpn_t8_ar_stealth_sig_01_front_barrel_s
image,#t7_metal_grate_flooring_c
image,#t7_metal_grate_flooring_g
image,#t7_metal_grate_flooring_n
image,#t7_metal_grate_flooring_s
image,#i_mtl_p7_suspension_bridge_ibeam_l_bracket_01_n
image,#i_mtl_p7_suspension_bridge_ibeam_l_bracket_01_o
image,#i_t7_decal_display_console_02_c
image,#hash_2baa7cfac0ca1043
image,#hash_2baa80fac0ca170f
image,#hash_2baa83fac0ca1c28
image,#hash_ababb365b5fd840a
image,#hash_ababb765b5fd8ad6
image,#hash_ababb865b5fd8c89
image,#hash_ababbf65b5fd986e
image,#hash_ababc365b5fd9f3a
image,#i_wpn_t8_eqp_smartcover_wall_lrg_back_m
image,#i_wpn_t8_eqp_smartcover_wall_lrg_back_o
image,#i_wpn_t8_eqp_smartcover_wall_lrg_back_n
image,#hash_2bad50f38a419704
image,#hash_2bad52f38a419a6a
image,#hash_2bad53f38a419c1d
image,#metal_bumps_n
image,#i_t7_micro_dusty_01_n
image,#i_t7_micro_dusty_01_c
image,#i_mtl_p8_col_chair_school_blue_rivet_n
image,#i_mtl_p8_col_chair_school_blue_rivet_c
image,#i_wpn_t8_tac_rifle_surgeon_lower_r
image,#i_wpn_t8_tac_rifle_surgeon_lower_s
image,#i_wpn_t8_tac_rifle_surgeon_lower_c
image,#i_wpn_t8_tac_rifle_surgeon_lower_g
image,#i_wpn_t8_tac_rifle_surgeon_lower_n
image,#i_wpn_t8_tac_rifle_surgeon_lower_o
image,#hash_abc347aaba395bd3
image,#hash_abc34baaba39629f
image,#hash_abc34eaaba3967b8
image,#hash_abc34faaba39696b
image,#hash_abc35baaba397dcf
image,#ui_icon_obit_launcher_standard
image,#i_wpn_t8_pistol_standard_grip_plastic_base_g
image,#hash_abcc144dc6f06b99
image,#i_t7_metal_pipe_braided_01_n
image,#i_mtl_p7_zm_sta_cabinet_antique_02_m
image,#i_mtl_p7_zm_sta_cabinet_antique_02_n
image,#i_mtl_t8_loot_wpn_smg_folding_quickdraw_01_m
image,#i_mtl_t8_loot_wpn_smg_folding_quickdraw_01_o
image,#i_wpn_t7_shotty_prec_handguard_base_c
image,#i_wpn_t7_shotty_prec_handguard_base_g
image,#i_wpn_t7_shotty_prec_handguard_base_o
image,#i_wpn_t7_shotty_prec_handguard_base_n
image,#i_wpn_t7_shotty_prec_handguard_base_s
image,#i_mtl_p7_zm_zod_beast_door_set_chains_c
image,#i_mtl_p7_jun_foliage_bush_01_proxy_normal
image,#hash_abdf89b5266c265b
image,#ui_icon_weapons_zm_trmidburst
image,#i_attach_t8_tac_rifle_mid_burst_dbal_01_r
image,#i_attach_t8_tac_rifle_mid_burst_dbal_01_s
image,#i_attach_t8_tac_rifle_mid_burst_dbal_01_g
image,#i_attach_t8_tac_rifle_mid_burst_dbal_01_c
image,#i_attach_t8_tac_rifle_mid_burst_dbal_01_n
image,#i_attach_t8_tac_rifle_mid_burst_dbal_01_o
image,#i_wpn_t8_ar_accurate_sig_01_rail_c
image,#i_wpn_t8_ar_accurate_sig_01_rail_g
image,#i_wpn_t8_ar_accurate_sig_01_rail_n
image,#i_wpn_t8_ar_accurate_sig_01_rail_o
image,#i_wpn_t8_ar_accurate_sig_01_rail_s
image,#i_veh_t8_decal_grunge_leaking_03_c
image,#i_mtl_p7_debris_plaster_rubble_med_01_c
image,#i_mtl_p7_debris_plaster_rubble_med_01_n
image,#i_t8_zm_esc_window_bars_glass_01_opaque_c
image,#i_t8_graphics_nitrogen_cylinder_labels_01_c
image,#i_mtl_p8_spa_menu_board_chalkboard_01_g
image,#i_attach_t8_sniper_koshka_bullet_s
image,#i_attach_t8_sniper_koshka_bullet_g
image,#i_attach_t8_sniper_koshka_bullet_n
image,#hash_abf93c5a1d778f64
image,#i_mtl_wpn_t8_loot_ar_double_barrel_decals_o
image,#i_mtl_wpn_t8_loot_ar_double_barrel_decals_n
image,#i_mtl_wpn_t8_loot_ar_double_barrel_decals_c
image,#i_mtl_wpn_t8_loot_ar_double_barrel_decals_g
image,#i_mtl_wpn_t8_loot_ar_double_barrel_decals_s
image,#hash_2bfc70cd68a5217a
image,#i_mtl_p7_zm_tra_stove_kitchen_metal_04_m
image,#i_mtl_p7_zm_tra_stove_kitchen_metal_04_n
image,#i_t7_concrete_floor_broken_02_c
image,#i_t7_concrete_floor_broken_02_n
image,#i_t7_concrete_floor_broken_02_r
image,#i_mtl_p8_col_signage_hazard_02_g
image,#i_mtl_p8_zm_esc_generator_lrg_painted_steel_unique_n
image,#i_mtl_p8_zm_esc_generator_lrg_painted_steel_unique_o
image,#i_mtl_p8_zm_esc_generator_lrg_painted_steel_unique_m
image,#i_mtl_wpn_t8_loot_lmg_mk48_bipod_n
image,#i_mtl_wpn_t8_loot_lmg_mk48_bipod_o
image,#i_mtl_wpn_t8_loot_lmg_mk48_bipod_g
image,#i_mtl_wpn_t8_loot_lmg_mk48_bipod_c
image,#i_mtl_wpn_t8_loot_lmg_mk48_bipod_s
image,#fxt_ui_trail_particulates
image,#hash_2c0b3c004439319c
image,#hash_2c0d406b44caa606
image,#hash_2c0d5c6b44cad59a
image,#hash_2c141a76c5d3a4a2
image,#hash_2c141f76c5d3ad21
image,#global_rough_wet_n
image,#i_mtl_p7_zm_isl_bed_infirmary_cloth_c
image,#i_mtl_p7_zm_isl_bed_infirmary_cloth_n
image,#hash_ac19135fd722d7cb
image,#hash_ac191e5fd722ea7c
image,#hash_ac191f5fd722ec2f
image,#hash_ac19215fd722ef95
image,#hash_ac19235fd722f2fb
image,#hash_ac19275fd722f9c7
image,#i_mtl_p7_debris_glass_shards_edge_n
image,#i_mtl_p7_debris_glass_shards_edge_c
image,#i_p8_usa_ladder_old_wood_low_n
image,#i_p8_usa_ladder_old_wood_low_o
image,#i_p8_usa_ladder_old_wood_low_c
image,#i_p8_usa_ladder_old_wood_low_g
image,#i_t7_rubber_egg_crate_foam_c
image,#fxt8_smk_sm_thick_bulb_anim
image,#hash_ac27c6c84622e836
image,#i_t7_wood_plywood_bare_n
image,#i_t7_wood_plywood_bare_c
image,#i_wpn_t8_launcher_standard_decals_c
image,#i_wpn_t8_launcher_standard_decals_g
image,#i_wpn_t8_launcher_standard_decals_n
image,#hash_ac2dd2db28dad88b
image,#hash_ac2de6db28dafa87
image,#i_mtl_p8_wz_ammo_pickup_lg_01_foliage_dryhay_t
image,#i_mtl_wpn_t8_ar_stealth_sights_multi_mk2_m
image,#hash_ac33f8f6388b6e0c
image,#hash_ac3471bfa8a24011
image,#hash_ac347cbfa8a252c2
image,#i_wpn_t7_camo_red_anodized2_s
image,#hash_ac398a307dc4503c
image,#ui_icon_equipment_thermite
image,#i_wpn_t8_ar_fastfire_sights_r
image,#i_wpn_t8_ar_fastfire_sights_s
image,#i_wpn_t8_ar_fastfire_sights_n
image,#i_wpn_t8_ar_fastfire_sights_o
image,#i_wpn_t8_ar_fastfire_sights_g
image,#i_wpn_t8_ar_fastfire_sights_c
image,#i_c_gen_detail_strap_b_n
image,#hash_ac4c12c066189e90
image,#hash_ac4c13c06618a043
image,#i_eqp_t8_grenade_emp_o
image,#i_eqp_t8_grenade_emp_n
image,#i_eqp_t8_grenade_emp_m
image,#i_t7_camo_pap_dlc4_01_e3
image,#i_t7_camo_pap_dlc4_01_e2
image,#hash_ac5f563604cefcf9
image,#hash_ac5f5a3604cf03c5
image,#hash_ac5f613604cf0faa
image,#hash_ac5f623604cf115d
image,#hash_ac5f653604cf1676
image,#hash_ac5f663604cf1829
image,#i_t8_zm_decal_carpet_worn_through_seam_patch_reveal_c
image,#i_t8_zm_decal_carpet_worn_through_seam_patch_reveal_n
image,#i_t8_zm_decal_carpet_worn_through_seam_patch_reveal_r
image,#i_t7_micro_plaster_smooth_dirty_01_c
image,#i_t7_micro_plaster_smooth_dirty_01_g
image,#i_t7_micro_plaster_smooth_dirty_01_n
image,#hash_2c7012ac55baa53b
image,#i_mtl_p8_hangar_scaffolding_decal_nail_02_c
image,#hash_ac761b6a4ebf7470
image,#i_t7_decal_drywall_tear_base_01_c
image,#i_t7_decal_drywall_tear_base_01_n
image,#ui_icon_weapon_hud_pistol_standard
image,#fxt8_water_bubble_md_anim_mask
image,#i_wpn_t8_ar_heavy_bolt_base_mk2_m
image,#fxt8_spark_rndhit_hdr_nomip
image,#fxt_dni_mesh_mask
image,#hash_ac8b0016c15ba220
image,#hash_ac8c1f56c9242d80
image,#hash_ac8c2056c9242f33
image,#hash_ac8c2756c9243b18
image,#hash_ac8c2b56c92441e4
image,#hash_ac8c3b56c9245d14
image,#i_c_t7_technomancer_body2_rusted_metal_g
image,#i_t7_con_cloth_carpet_wild_c
image,#i_t7_con_cloth_carpet_wild_n
image,#i_t7_decal_signage_paint_m
image,#i_t7_decal_signage_paint_r
image,#hash_2c9792f8a4ce1001
image,#i_mtl_p7_slu_box_electric_set_metal_m
image,#i_mtl_p7_slu_box_electric_set_metal_n
image,#hash_ac9c6302ff6fabda
image,#i_mtl_wpn_t8_zm_eqp_acid_bomb_brass_n
image,#i_mtl_wpn_t8_zm_eqp_acid_bomb_brass_m
image,#i_wpn_t8_loot_ar_peacekeeper_handstop_base_n
image,#i_wpn_t8_loot_ar_peacekeeper_handstop_base_o
image,#i_mtl_p8_zm_esc_candle_med_g
image,#i_mtl_p8_zm_esc_candle_med_e
image,#i_mtl_p8_zm_esc_candle_med_c
image,#i_mtl_p8_zm_esc_candle_med_n
image,#hash_aca39a95985fd704
image,#i_wpn_t7_zmb_perk_bottle_paper_ds_c
image,#hash_acb36e0513f8a314
image,#i_mtl_p8_wz_moving_truck_semi_tractor_damaged_rust01_c
image,#i_mtl_p8_wmd_generator_metal_decal_dirty_03_c
image,#i_mtl_p8_wmd_generator_metal_decal_dirty_03_n
image,#i_mtl_p8_handler_fpa_metal_scratch_m
image,#metal_bumps_2_n
image,#i_mtl_t8_loot_wpn_smg_folding_carry_handle_mk2_n
image,#i_mtl_t8_loot_wpn_smg_folding_carry_handle_mk2_m
image,#hash_acd3953f7d1cee1f
image,#hash_acd3a13f7d1d0283
image,#hash_acd3a53f7d1d094f
image,#hash_acd3a83f7d1d0e68
image,#hash_acd3a93f7d1d101b
image,#i_mtl_wpn_t8_sniper_vanguard_scope_back_v2_s
image,#i_mtl_wpn_t8_sniper_vanguard_scope_back_v2_o
image,#i_mtl_wpn_t8_sniper_vanguard_scope_back_v2_n
image,#i_mtl_wpn_t8_sniper_vanguard_scope_back_v2_g
image,#i_mtl_wpn_t8_sniper_vanguard_scope_back_v2_c
image,#i_mtl_p7_zm_mob_window_bars_r
image,#i_mtl_p7_zm_mob_window_bars_n
image,#i_mtl_p7_zm_mob_window_bars_o
image,#i_t8_decal_grunge_stain_oil_01_t
image,#i_t8_decal_grunge_stain_oil_01_c
image,#i_t8_decal_grunge_stain_oil_01_g
image,#i_p8_kit_col_slu_05_building_spanish_roof_tile_c
image,#i_p8_kit_col_slu_05_building_spanish_roof_tile_n
image,#hash_2cec48c7c537bfcf
image,#hash_2cec4bc7c537c4e8
image,#i_mtl_p7_chalkboard_vintage_metal_s
image,#i_mtl_p7_chalkboard_vintage_metal_o
image,#i_mtl_p7_chalkboard_vintage_metal_c
image,#i_mtl_p7_chalkboard_vintage_metal_g
image,#i_c_t8_gen_eye_green_c
image,#hash_aceecc82f22d94be
image,#hash_aceed782f22da76f
image,#hash_aceed882f22da922
image,#hash_aceed982f22daad5
image,#hash_acf03a0c83be897d
image,#hash_acf04a0c83bea4ad
image,#i_p7_zm_sta_library_bookshelf_small_m
image,#i_fir_bathroom_sink_locknut_m
image,#i_mtl_p8_foliage_grass_long_skinny_page_03_n
image,#i_mtl_p8_foliage_grass_long_skinny_page_03_c
image,#i_mtl_p8_foliage_grass_long_skinny_page_03_t
image,#hash_acff731c0fbaf67f
image,#hash_acff861c0fbb16c8
image,#i_veh_t8_decal_sign_warning_01_c
image,#hash_2d0546bec756a7a1
image,#i_mtl_p7_zm_kin_table_wood_leather_n
image,#i_mtl_p7_barrel_metal_55gal_blue_c
image,#i_mtl_p7_barrel_metal_55gal_blue_n
image,#i_mtl_p7_zm_kin_dresser_wood_01_m
image,#i_mtl_p7_zm_kin_dresser_wood_01_n
image,#i_veh_t7_drone_attack_body_dead_o
image,#i_veh_t7_drone_attack_body_dead_n
image,#hash_2d192d0ad6d9a73c
image,#i_t7_plastic_molding_trim_dark_n
image,#hash_ad2278fd11ba94d3
image,#hash_ad2288fd11bab003
image,#hash_ad228cfd11bab6cf
image,#hash_ad2293fd11bac2b4
image,#hash_ad2294fd11bac467
image,#hash_ad2684950b50629d
image,#i_veh_t8_base_paint_20_dead_c
image,#hash_ad2ada02155408ca
image,#hash_ad2adb0215540a7d
image,#i_mtl_p7_debris_clothing_dress_01_n
image,#i_t7_metal_floor_catwalk_reinforced_c
image,#i_t7_metal_floor_catwalk_reinforced_g
image,#i_t7_metal_floor_catwalk_reinforced_n
image,#i_t7_metal_floor_catwalk_reinforced_o
image,#hash_ad323c979e3c3e37
image,#hash_ad323f979e3c4350
image,#hash_ad3248979e3c529b
image,#hash_ad324c979e3c5967
image,#i_mtl_p8_zm_esc_table_wood_lrg_metal_n
image,#hash_ad397a8a86815e95
image,#i_p7_bed_pillow_barrack_n
image,#hash_ad43c4dc03df0d20
image,#hash_ad43c5dc03df0ed3
image,#hash_ad43ccdc03df1ab8
image,#hash_ad43d0dc03df2184
image,#hash_ad43e0dc03df3cb4
image,#i_mtl_wpn_t8_ar_kn57_barrel_mk2_m
image,#i_t7_graphic_detail_graph_03_flip_c
image,#hash_ad4cd9e30a389272
image,#hash_ad4cdae30a389425
image,#hash_ad4cdee30a389af1
image,#hash_ad4ce2e30a38a1bd
image,#hash_ad4cede30a38b46e
image,#hash_ad4ceee30a38b621
image,#i_wpn_t8_tac_rifle_surgeon_strap_s
image,#i_wpn_t8_tac_rifle_surgeon_strap_n
image,#i_wpn_t8_tac_rifle_surgeon_strap_g
image,#i_wpn_t8_tac_rifle_surgeon_strap_c
image,#i_c_t8_detail_strap_e_vert_n
image,#i_wpn_t8_sig_grapple_gun_decals_c
image,#i_wpn_t8_sig_grapple_gun_decals_n
image,#ui_icon_obit_emp
image,#i_attach_t8_lmg_heavy_ext_mag_o
image,#i_attach_t8_lmg_heavy_ext_mag_n
image,#i_attach_t8_lmg_heavy_ext_mag_g
image,#i_attach_t8_lmg_heavy_ext_mag_c
image,#i_attach_t8_lmg_heavy_ext_mag_s
image,#i_attach_t8_lmg_heavy_ext_mag_r
image,#i_wpn_t8_loot_tac_rifle_damageburst_handguard_r
image,#i_wpn_t8_loot_tac_rifle_damageburst_handguard_s
image,#i_wpn_t8_loot_tac_rifle_damageburst_handguard_n
image,#i_wpn_t8_loot_tac_rifle_damageburst_handguard_o
image,#i_wpn_t8_loot_tac_rifle_damageburst_handguard_c
image,#i_wpn_t8_loot_tac_rifle_damageburst_handguard_g
image,#hash_ad5e4a8a23cb8f46
image,#i_t8_zm_decal_carpet_worn_through_reveal_c
image,#i_t8_zm_decal_carpet_worn_through_reveal_n
image,#i_t8_zm_decal_carpet_worn_through_reveal_r
image,#i_mtl_p7_fir_wire_spool_wood_n
image,#i_mtl_p7_fir_wire_spool_wood_m
image,#hash_2d65eee8b230b707
image,#hash_2d661e2b9ba72303
image,#hash_2d661f2b9ba724b6
image,#i_mtl_p7_water_container_plastic_detailmap02_n
image,#i_mtl_p7_water_container_plastic_detailmap02_c
image,#i_t7_plaster_smooth_dirty_01_wet_n
image,#i_t7_decal_damage_paint_peeling_thick_dirty_c
image,#i_mtl_p7_dresser_wood_vintage_tall_01_blue_02_m
image,#i_t8_decal_tech_detail_line_01_c
image,#ui_icon_armor_wz_medium
image,#hash_2d7d7581e9a6e874
image,#hash_2d7d7881e9a6ed8d
image,#i_veh_t8_mil_heli_light_body_rear_ir
image,#i_mtl_p7_foliage_plant_lupine_flower_c
image,#i_mtl_p7_foliage_plant_lupine_flower_n
image,#hash_2d8a7ad164e162a7
image,#hash_2d8a7bd164e1645a
image,#hash_2d8a7cd164e1660d
image,#i_wpn_t8_smg_handling_upper_sig_01_s
image,#i_wpn_t8_smg_handling_upper_sig_01_c
image,#i_wpn_t8_smg_handling_upper_sig_01_g
image,#i_wpn_t8_smg_handling_upper_sig_01_o
image,#i_wpn_t8_smg_handling_upper_sig_01_n
image,#i_mtl_p8_sign_neon_wood_plastic_n
image,#i_veh_t8_greeble_01_g
image,#i_veh_t8_greeble_01_o
image,#i_veh_t8_greeble_01_n
image,#i_c_t8_zmb_male_torso1_c
image,#i_c_t8_zmb_male_torso1_g
image,#i_c_t8_zmb_male_torso1_o
image,#i_c_t8_zmb_male_torso1_n
image,#hash_ad92b3e117efae2e
image,#hash_ad93bc87491091c0
image,#hash_ad93c0874910988c
image,#i_wpn_t8_lmg_titan_sig_01_decals_c
image,#i_wpn_t8_lmg_titan_sig_01_decals_n
image,#i_mtl_p8_zm_esc_candle_small_melt_g
image,#i_mtl_p8_zm_esc_candle_small_melt_e
image,#i_mtl_p8_zm_esc_candle_small_melt_c
image,#i_mtl_p8_zm_esc_candle_small_melt_n
image,#i_wpn_t8_smg_capacity_sig_02_receiver_upper_c
image,#i_wpn_t8_smg_capacity_sig_02_receiver_upper_e
image,#i_wpn_t8_smg_capacity_sig_02_receiver_upper_g
image,#i_wpn_t8_smg_capacity_sig_02_receiver_upper_o
image,#i_wpn_t8_smg_capacity_sig_02_receiver_upper_n
image,#i_wpn_t8_smg_capacity_sig_02_receiver_upper_s
image,#i_veh_t8_decal_button_rect_01_s
image,#i_veh_t8_decal_button_rect_01_c
image,#i_veh_t8_decal_button_rect_01_g
image,#i_veh_t8_decal_button_rect_01_n
image,#core_glass_plain_c
image,#i_veh_t8_decal_greeble_20_n
image,#i_veh_t8_decal_greeble_20_o
image,#i_veh_t8_decal_greeble_20_c
image,#i_veh_t8_decal_greeble_20_t
image,#i_wpn_tac_rifle_mid_burst_mainbody_mk2_r
image,#i_wpn_tac_rifle_mid_burst_mainbody_mk2_n
image,#$normal
image,#fxt_gib_concrete_01
image,#fxt_gib_concrete_02
image,#i_wpn_t7_zmb_hd_staff_crystals_n
image,#i_t8_decal_graphics_signage_usa_sub_hazard_warning_03_c
image,#i_mtl_p7_zur_train_wreckage_set_dmg_n
image,#i_mtl_attach_t8_loot_smg_vmp_foregrip_01_g
image,#i_mtl_attach_t8_loot_smg_vmp_foregrip_01_c
image,#i_mtl_attach_t8_loot_smg_vmp_foregrip_01_n
image,#i_mtl_attach_t8_loot_smg_vmp_foregrip_01_o
image,#i_mtl_attach_t8_loot_smg_vmp_foregrip_01_r
image,#i_mtl_attach_t8_loot_smg_vmp_foregrip_01_s
image,#hash_adc85b6253c62033
image,#hash_adc85f6253c626ff
image,#hash_adc8666253c632e4
image,#hash_adc86b6253c63b63
image,#ui_icon_equipment_zm_katana_lvl1
image,#fxt_gel_splat_string_n
image,#fxt_fog_slow_wide_sm_anim
image,#hash_add3e4e6ba3bebd5
image,#i_mtl_p8_zm_esc_table_kitchen_holder_n
image,#i_mtl_wpn_t8_sniper_vanguard_sig_02_scope_front_v2_alt_s
image,#i_mtl_wpn_t8_sniper_vanguard_sig_02_scope_front_v2_alt_g
image,#i_mtl_wpn_t8_sniper_vanguard_sig_02_scope_front_v2_alt_c
image,#i_mtl_wpn_t8_sniper_vanguard_sig_02_scope_front_v2_alt_n
image,#i_mtl_wpn_t8_sniper_vanguard_sig_02_scope_front_v2_alt_o
image,#ui_icon_weapon_smg_minigun_render
image,#i_mtl_p7_spl_clothes_hanger_detailmap01_n
image,#i_mtl_p7_spl_clothes_hanger_detailmap01_c
image,#i_wpn_t8_eqp_concertina_wire_barbs_o
image,#i_wpn_t8_eqp_concertina_wire_barbs_n
image,#i_wpn_t8_eqp_concertina_wire_barbs_g
image,#i_wpn_t8_eqp_concertina_wire_barbs_s
image,#i_mtl_mtl_wpn_t7_camo_inifinity_e2
image,#i_veh_t8_ntx_decal_circle_sml_n
image,#i_veh_t8_ntx_decal_circle_sml_c
image,#hash_adf1451de346e11d
image,#hash_adf1481de346e636
image,#hash_adf1491de346e7e9
image,#hash_adf1511de346f581
image,#hash_adf1551de346fc4d
image,#i_t8_decal_tech_detail_bolt_07_g
image,#i_t8_decal_tech_detail_bolt_07_c
image,#i_t8_decal_tech_detail_bolt_07_o
image,#i_t8_decal_tech_detail_bolt_07_n
image,#i_veh_t8_cloth_canvas_dirty_01_c
image,#i_veh_t8_cloth_canvas_dirty_01_n
image,#i_mtl_p7_jun_foliage_bush_branches_02_n
image,#i_mtl_p7_jun_foliage_bush_branches_02_c
image,#i_mtl_p7_jun_foliage_bush_branches_02_t
image,#i_wpn_t8_sniper_koshka_cheek_rest_mk2
image,#hash_ae01cba0b5b70fa6
image,#hash_ae01cfa0b5b71672
image,#hash_ae01d5a0b5b720a4
image,#hash_ae01d7a0b5b7240a
image,#hash_ae01d8a0b5b725bd
image,#hash_ae01dba0b5b72ad6
image,#i_mtl_p7_corrugated_sheet_metal_rust_06_proxy_depth
image,#i_mtl_p7_fir_ball_sports_decal_c
image,#i_mtl_p7_fir_ball_sports_decal_n
image,#$specular_mask
image,#i_t8_zm_decal_carpet_worn_through_seam_reveal_n
image,#i_t8_zm_decal_carpet_worn_through_seam_reveal_c
image,#i_t8_zm_decal_carpet_worn_through_seam_reveal_r
image,#i_t7_detail_acrylic_01_n
image,#i_mtl_p7_duct_metal_square_vent_proxy_albedo
image,#ui_icon_weapon_lmg_spray_operator_render
image,#i_t7_damage_decal_concrete_blast_c
image,#i_t7_damage_decal_concrete_blast_n
image,#i_veh_t8_decal_mk4_xd_c
image,#i_wpn_t8_smg_handling_sights_sig_02_n
image,#i_wpn_t8_smg_handling_sights_sig_02_o
image,#i_wpn_t8_smg_handling_sights_sig_02_c
image,#i_wpn_t8_smg_handling_sights_sig_02_g
image,#i_wpn_t8_smg_handling_sights_sig_02_s
image,#i_t7_zm_isl_metal_painted_01_r
image,#i_t7_zm_isl_metal_painted_01_n
image,#i_t7_zm_isl_metal_painted_01_c
image,#i_t7_zm_isl_metal_painted_01_g
image,#i_t7_veh_decal_bolt_04_c
image,#i_mtl_p7_sgen_big_bld_ext_wall_dirty01_c
image,#i_mtl_p8_zm_esc_keybox_metal_n
image,#hash_ae53ada42584b912
image,#hash_ae53b2a42584c191
image,#hash_ae53b6a42584c85d
image,#i_mtl_p8_zm_esc_bldg_64_wood_storage_wood_n
image,#i_veh_t8_decal_arrow_03_c
image,#i_c_t8_zmb_mob_brutus_alpha2_c
image,#hash_ae5a4b5411364568
image,#i_wpn_t8_loot_tac_rifle_damageburst_sights_g
image,#i_wpn_t8_loot_tac_rifle_damageburst_sights_c
image,#i_wpn_t8_loot_tac_rifle_damageburst_sights_n
image,#i_wpn_t8_loot_tac_rifle_damageburst_sights_o
image,#i_wpn_t8_loot_tac_rifle_damageburst_sights_r
image,#i_wpn_t8_loot_tac_rifle_damageburst_sights_s
image,#i_mtl_p8_zm_esc_keybox_m
image,#i_p8_zm_zod_glass_third_class_berths_set_n
image,#i_p8_zm_zod_glass_third_class_berths_set_g
image,#global_window_glass_n
image,#global_window_glass_g
image,#global_window_glass_c
image,#i_mtl_wpn_t8_sniper_powersemi_handguard_sig_02_g
image,#i_mtl_wpn_t8_sniper_powersemi_handguard_sig_02_c
image,#i_mtl_wpn_t8_sniper_powersemi_handguard_sig_02_n
image,#i_mtl_wpn_t8_sniper_powersemi_handguard_sig_02_o
image,#i_t8_zm_esc_cell_stair_metal_trim_01_n
image,#i_t8_zm_esc_cell_stair_metal_trim_01_g
image,#i_t8_zm_esc_cell_stair_metal_trim_01_c
image,#i_mtl_t8_decal_low_tech_18_r
image,#hash_ae6b5887c1935f3d
image,#hash_2e6fa42affef0ea3
image,#hash_2e6fa52affef1056
image,#hash_2e6faf2affef2154
image,#i_wpn_t8_sniper_koshka_trigger_mk2_n
image,#hash_ae72c56079e62f06
image,#hash_ae72c96079e635d2
image,#hash_ae72d16079e6436a
image,#hash_ae72d26079e6451d
image,#hash_ae72d56079e64a36
image,#hash_ae754f8fb2fe030a
image,#hash_ae75538fb2fe09d6
image,#hash_ae75548fb2fe0b89
image,#hash_ae755b8fb2fe176e
image,#hash_ae755f8fb2fe1e3a
image,#fxt_fluid_mesh_n
image,#i_mtl_p7_eth_bar_stainless_n
image,#hash_ae82a821603a8f96
image,#hash_ae82a921603a9149
image,#hash_ae85107e6a317258
image,#hash_ae851d7e6a31886f
image,#hash_ae85207e6a318d88
image,#hash_ae85247e6a319454
image,#i_t8_rubber_tread_tiles_01_n
image,#i_t8_rubber_tread_tiles_01_o
image,#i_t8_rubber_tread_tiles_01_c
image,#i_veh_t8_lumpy02_n
image,#i_t8_decal_tech_detail_panel_03_n
image,#i_t8_decal_tech_detail_panel_03_o
image,#i_t8_decal_tech_detail_panel_03_c
image,#i_t8_decal_tech_detail_panel_03_s
image,#i_wpn_t8_launcher_standard_canvas_secure_n
image,#i_wpn_t8_launcher_standard_canvas_secure_o
image,#i_wpn_t8_launcher_standard_canvas_secure_m
image,#i_wpn_t8_launcher_standard_canvas_secure_g
image,#i_wpn_t8_launcher_standard_canvas_secure_c
image,#i_wpn_t8_launcher_standard_canvas_secure_r
image,#i_wpn_t8_launcher_standard_canvas_secure_s
image,#i_mtl_p7_zm_ver_bed_vintage_mattress_boxspring_cloth_c
image,#i_mtl_p7_zm_ver_bed_vintage_mattress_boxspring_cloth_n
image,#i_mtl_t8_decal_grunge_rust_10_c
image,#i_mtl_t8_decal_grunge_rust_10_n
image,#i_wpn_t8_ar_fastfire_bullet_n
image,#i_wpn_t8_ar_fastfire_bullet_o
image,#i_wpn_t8_ar_fastfire_bullet_g
image,#i_wpn_t8_ar_fastfire_bullet_s
image,#hash_ae9dc9b8c77929cf
image,#i_wpn_t8_shotgun_semi_grip_sig_01_c
image,#i_wpn_t8_shotgun_semi_grip_sig_01_g
image,#i_wpn_t8_shotgun_semi_grip_sig_01_o
image,#i_wpn_t8_shotgun_semi_grip_sig_01_n
image,#i_wpn_t8_shotgun_semi_grip_sig_01_s
image,#i_wpn_t8_shotgun_semi_grip_sig_01_r
image,#hash_2e9f5ffdf54181df
image,#i_mtl_veh_t8_metal_rust_03_512_r
image,#i_attach_t8_smg_capacity_grip_r
image,#i_attach_t8_smg_capacity_grip_s
image,#i_attach_t8_smg_capacity_grip_c
image,#hash_aeb584c614958f86
image,#i_attach_t8_smg_capacity_grip_g
image,#i_attach_t8_smg_capacity_grip_n
image,#i_attach_t8_smg_capacity_grip_o
image,#i_attach_t8_smg_capacity_grip_m
image,#i_mtl_wpn_t8_ar_stealth_sig_01_base_weapon_back_03_g
image,#i_mtl_wpn_t8_ar_stealth_sig_01_base_weapon_back_03_c
image,#i_mtl_wpn_t8_ar_stealth_sig_01_base_weapon_back_03_o
image,#i_mtl_wpn_t8_ar_stealth_sig_01_base_weapon_back_03_n
image,#i_mtl_wpn_t8_ar_stealth_sig_01_base_weapon_back_03_s
image,#i_t8_zm_esc_blood_text_steps_burnt_n
image,#i_t8_zm_esc_blood_text_steps_burnt_g
image,#i_t8_zm_esc_blood_text_steps_burnt_c
image,#i_p8_jnt_railing_01_set_s
image,#i_p8_jnt_railing_01_set_c
image,#i_p8_jnt_railing_01_set_g
image,#i_p8_jnt_railing_01_set_n
image,#hash_2ec941e18e1099bb
image,#i_mtl_p8_crane_suspended_01_stainless_02_n
image,#i_mtl_p8_crane_suspended_01_stainless_02_m
image,#i_p8_zm_esc_skull_sgl_n
image,#i_p8_zm_esc_skull_sgl_m
image,#i_wpn_t8_eqp_turret_mini_handle_g
image,#i_wpn_t8_eqp_turret_mini_handle_c
image,#i_wpn_t8_eqp_turret_mini_handle_o
image,#i_wpn_t8_eqp_turret_mini_handle_n
image,#i_wpn_t8_eqp_turret_mini_handle_s
image,#i_wpn_t8_tac_rifle_swordfish_shroud_c
image,#i_wpn_t8_tac_rifle_swordfish_shroud_g
image,#i_wpn_t8_tac_rifle_swordfish_shroud_n
image,#i_wpn_t8_tac_rifle_swordfish_shroud_o
image,#i_wpn_t8_tac_rifle_swordfish_shroud_m
image,#i_wpn_t8_tac_rifle_swordfish_shroud_r
image,#i_wpn_t8_tac_rifle_swordfish_shroud_s
image,#i_wpn_t8_smg_mp9_sights_base_n
image,#i_wpn_t8_smg_mp9_sights_base_o
image,#i_wpn_t8_smg_mp9_sights_base_c
image,#i_wpn_t8_smg_mp9_sights_base_g
image,#i_wpn_t8_smg_mp9_sights_base_r
image,#i_wpn_t8_smg_mp9_sights_base_s
image,#hash_2ede54ba20e815da
image,#hash_2ede55ba20e8178d
image,#fxt_emp_blast_newworld
image,#i_t7_decal_grunge_calcium_drip_02_blend_r
image,#i_t7_decal_grunge_calcium_drip_02_blend_c
image,#i_mtl_p7_debris_wood_lath_splinters_c
image,#i_wpn_t8_tac_rifle_surgeon_stock_g
image,#i_wpn_t8_tac_rifle_surgeon_stock_c
image,#i_wpn_t8_tac_rifle_surgeon_stock_o
image,#i_wpn_t8_tac_rifle_surgeon_stock_n
image,#i_wpn_t8_tac_rifle_surgeon_stock_s
image,#i_wpn_t8_tac_rifle_surgeon_stock_r
image,#i_mtl_p8_zm_esc_pipe_metal_dark_02_n
image,#i_mtl_p8_zm_esc_pipe_metal_dark_02_m
image,#i_mtl_p7_cabinet_drawers_handle_n
image,#i_mtl_p7_cabinet_drawers_handle_o
image,#i_mtl_p7_cabinet_drawers_handle_g
image,#i_mtl_p8_zm_esc_clock_face_c
image,#ui_icon_inventory_p8_wz_ammo_pickup_762
image,#hash_aeee0d31e26614e6
image,#hash_aeee1031e26619ff
image,#hash_aeee2031e266352f
image,#hash_aeee2331e2663a48
image,#i_attach_t8_optic_reflex_reticle_c
image,#i_mtl_p7_slu_plywood_old_01_m
image,#i_mtl_p7_slu_plywood_old_01_n
image,#hash_aef765f6803c0e68
image,#hash_aef8946e6e15a0c8
image,#i_t7_metal_chrome_trim_01_g
image,#i_t7_metal_chrome_trim_01_o
image,#i_t7_metal_chrome_trim_01_n
image,#i_mtl_wpn_t8_zm_towers_scorpion_handle_splitfront_chain_03_s
image,#i_mtl_wpn_t8_zm_towers_scorpion_handle_splitfront_chain_03_n
image,#i_mtl_wpn_t8_zm_towers_scorpion_handle_splitfront_chain_03_o
image,#i_mtl_wpn_t8_zm_towers_scorpion_handle_splitfront_chain_03_g
image,#i_mtl_wpn_t8_zm_towers_scorpion_handle_splitfront_chain_03_c
image,#i_wpn_t8_sig_bow_arrow_c
image,#i_wpn_t8_sig_bow_arrow_g
image,#i_wpn_t8_sig_bow_arrow_o
image,#i_wpn_t8_sig_bow_arrow_n
image,#i_wpn_t8_sig_bow_arrow_s
image,#i_mtl_p7_dock_wood_rustic_set_decal_03_c
image,#i_t8_zm_decal_frost_r
image,#i_t8_zm_decal_frost_n
image,#i_t8_zm_decal_frost_c
image,#i_mtl_wpn_t8_loot_pistol_auto_rapid_fire_sig_o
image,#i_mtl_wpn_t8_loot_pistol_auto_rapid_fire_sig_n
image,#i_mtl_wpn_t8_loot_pistol_auto_rapid_fire_sig_e
image,#i_mtl_wpn_t8_loot_pistol_auto_rapid_fire_sig_g
image,#i_mtl_wpn_t8_loot_pistol_auto_rapid_fire_sig_c
image,#i_mtl_wpn_t8_loot_pistol_auto_rapid_fire_sig_s
image,#i_p8_wz_foliage_wild_grass_01_r
image,#i_wpn_t8_shotgun_semi_rails_sig_02_s
image,#i_wpn_t8_shotgun_semi_rails_sig_02_o
image,#i_wpn_t8_shotgun_semi_rails_sig_02_n
image,#i_wpn_t8_shotgun_semi_rails_sig_02_c
image,#i_wpn_t8_shotgun_semi_rails_sig_02_g
image,#i_t7_decal_grunge_dirt_base_02_c
image,#hash_af1124bbb76244c2
image,#hash_af1129bbb7624d41
image,#fxt8_light_incandescent_hot
image,#i_t8_wpn_smg_capacity_receiver_frame_sig_o
image,#i_t8_wpn_smg_capacity_receiver_frame_sig_n
image,#i_mtl_p8_spa_fireplace_log_damage_c
image,#i_mtl_p8_spa_fireplace_log_damage_n
image,#i_mtl_wpn_t8_ar_stealth_handguard_mk2_n
image,#i_mtl_wpn_t8_ar_stealth_handguard_mk2_m
image,#i_mtl_p8_kit_col_med_01_rollup_metal_track_m
image,#i_mtl_p8_kit_col_med_01_rollup_metal_track_n
image,#i_mtl_p8_kit_col_med_01_rollup_metal_track_o
image,#i_mtl_p7_cai_train_subway_metal_grid_g
image,#tracer_friendly
image,#ui_icon_weapon_hud_melee_club
image,#hash_af3c8f2e0f37a632
image,#i_mtl_p8_box_electric_commercial_decal_burn_c
image,#i_wpn_t8_micro_metal_base_01_s
image,#i_wpn_t8_micro_metal_base_01_n
image,#i_wpn_t8_micro_metal_base_01_g
image,#i_wpn_t8_micro_metal_base_01_c
image,#i_mtl_p7_cai_cart_vendor_metal_castiron_n
image,#i_mtl_veh_t8_civ_motorcycle_body_02_carbon_fiber_n
image,#i_mtl_p7_zm_ctl_desk_supply_set_01_m
image,#i_mtl_p7_zm_ctl_desk_supply_set_01_n
image,#i_t8_wpn_smg_accurate_sights_sig_02_s
image,#i_t8_wpn_smg_accurate_sights_sig_02_o
image,#i_t8_wpn_smg_accurate_sights_sig_02_n
image,#i_t8_wpn_smg_accurate_sights_sig_02_c
image,#i_t8_wpn_smg_accurate_sights_sig_02_g
image,#i_mtl_p7_theater_concession_stand_melamine_c
image,#i_attach_t8_tac_rifle_surgeon_bolt_s
image,#i_attach_t8_tac_rifle_surgeon_bolt_c
image,#i_attach_t8_tac_rifle_surgeon_bolt_g
image,#i_attach_t8_tac_rifle_surgeon_bolt_n
image,#i_attach_t8_tac_rifle_surgeon_bolt_o
image,#i_mtl_wpn_t8_camo_tank_02_c
image,#i_attach_t8_optic_red_dot_reticle_c
image,#i_t7_zm_isl_concrete_wall_weathered_01_c
image,#i_t7_zm_isl_concrete_wall_weathered_01_n
image,#hash_2f6e79969239135b
image,#i_wpn_t8_ar_stealth_handguard_c
image,#i_wpn_t8_ar_stealth_handguard_g
image,#i_wpn_t8_ar_stealth_handguard_m
image,#i_wpn_t8_ar_stealth_handguard_o
image,#i_wpn_t8_ar_stealth_handguard_n
image,#i_wpn_t8_ar_stealth_handguard_s
image,#i_t7_metal_floor_treadplate_used_s
image,#i_t7_metal_floor_treadplate_used_c
image,#i_t7_metal_floor_treadplate_used_g
image,#i_t7_metal_floor_treadplate_used_n
image,#hash_af81ba0da7ac1b19
image,#hash_af81ca0da7ac3649
image,#hash_af81ce0da7ac3d15
image,#hash_af81d50da7ac48fa
image,#hash_af81d60da7ac4aad
image,#i_t8_decal_grunge_stain_sand_01_r
image,#fxt_spark_blink_anim_mask
image,#i_t7_plaster_wallpaper_pattern_05_m
image,#fxt8_smk_sm_thick_spray_anim
image,#hash_af8f7126d1164fac
image,#hash_af8f7426d11654c5
image,#i_mtl_p8_usa_submarine_torpedo_hatch_02_o
image,#i_mtl_p8_usa_submarine_torpedo_hatch_02_n
image,#i_mtl_p8_usa_submarine_torpedo_hatch_02_m
image,#i_mtl_veh_t8_drone_rcxd_explosive_o
image,#i_mtl_veh_t8_drone_rcxd_explosive_n
image,#i_mtl_veh_t8_drone_rcxd_explosive_c
image,#i_mtl_veh_t8_drone_rcxd_explosive_g
image,#i_mtl_wpn_t8_ar_stealth_sig_02_stock_s
image,#i_mtl_wpn_t8_ar_stealth_sig_02_stock_n
image,#i_mtl_wpn_t8_ar_stealth_sig_02_stock_o
image,#i_mtl_wpn_t8_ar_stealth_sig_02_stock_g
image,#i_mtl_wpn_t8_ar_stealth_sig_02_stock_c
image,#fxt_water_splash_side_bits_mask
image,#i_mtl_p8_zm_esc_crane_wood_decal_dmg_n
image,#i_mtl_p8_zm_esc_crane_wood_decal_dmg_c
image,#i_wpn_t8_eqp_tripwire_slingshot_bands_n
image,#i_wpn_t8_eqp_tripwire_slingshot_bands_c
image,#i_mtl_p8_spray_paint_can_camo_decal_02_c
image,#i_mtl_p8_spray_paint_can_camo_decal_02_n
image,#i_mtl_p8_col_oven_kitchen_decal01_n
image,#i_mtl_p7_shelf_metal_warehouse_support_grey_m
image,#hash_2fa8531281e04d59
image,#hash_2fa86f1281e07ced
image,#hash_afb2b61fec4d0aa4
image,#hash_afb4de45c0df3672
image,#hash_afb4df45c0df3825
image,#hash_afb4e245c0df3d3e
image,#hash_afb4e645c0df440a
image,#hash_afb4f245c0df586e
image,#i_attach_t8_sniper_vanguard_barrel_01_a_s
image,#i_attach_t8_sniper_vanguard_barrel_01_a_n
image,#i_attach_t8_sniper_vanguard_barrel_01_a_o
image,#i_attach_t8_sniper_vanguard_barrel_01_a_m
image,#i_attach_t8_sniper_vanguard_barrel_01_a_g
image,#i_wpn_t8_loot_sniper_locus_bits_s
image,#i_wpn_t8_loot_sniper_locus_bits_m
image,#i_wpn_t8_loot_sniper_locus_bits_n
image,#i_wpn_t8_loot_sniper_locus_bits_c
image,#i_wpn_t8_loot_sniper_locus_bits_g
image,#i_mtl_wpn_t8_smg_fastfire_body_02_alt_mk2_m
image,#i_t7_stone_slate_roof_tile_01_n
image,#i_t7_stone_slate_roof_tile_01_c
image,#i_mtl_p7_chain_metal_bracket_01_n
image,#i_mtl_p7_chain_metal_bracket_01_m
image,#i_wpn_t8_sniper_koshka_mid_cylinder_01_mk2_m
image,#i_wpn_t8_tac_rifle_swordfish_handguard_mk2_m
image,#i_wpn_t8_tac_rifle_swordfish_handguard_mk2_n
image,#i_mtl_p7_wes_poker_set_top_n
image,#i_mtl_p7_wes_poker_set_top_c
image,#i_wpn_t8_lmg_heavy_handle_s
image,#i_wpn_t8_lmg_heavy_handle_n
image,#i_wpn_t8_lmg_heavy_handle_o
image,#i_wpn_t8_lmg_heavy_handle_g
image,#i_wpn_t8_lmg_heavy_handle_c
image,#i_attach_t8_lmg_titan_dbal_n
image,#i_attach_t8_lmg_titan_dbal_o
image,#i_attach_t8_lmg_titan_dbal_c
image,#i_attach_t8_lmg_titan_dbal_g
image,#i_attach_t8_lmg_titan_dbal_r
image,#i_attach_t8_lmg_titan_dbal_s
image,#i_attach_t8_tac_rifle_swordfish_sig02_windows_c
image,#i_attach_t8_tac_rifle_swordfish_sig02_windows_g
image,#i_attach_t8_tac_rifle_swordfish_sig02_windows_n
image,#i_attach_t8_tac_rifle_swordfish_sig02_windows_o
image,#i_attach_t8_tac_rifle_swordfish_sig02_windows_s
image,#hash_afde10ea299bafe6
image,#hash_afde11ea299bb199
image,#hash_afde21ea299bccc9
image,#hash_afde25ea299bd395
image,#hash_afde2cea299bdf7a
image,#hash_afde2dea299be12d
image,#i_t7_wood_plywood_trim_c
image,#i_t7_wood_plywood_trim_n
image,#i_mtl_p7_zm_kin_dumpster_01_n
image,#i_mtl_p7_zm_kin_dumpster_01_m
image,#i_t7_micro_metal_bare_01_s
image,#i_t7_micro_metal_bare_01_g
image,#i_mtl_p7_pipe_metal_water_set_white_s
image,#i_mtl_p7_pipe_metal_water_set_white_g
image,#i_mtl_p7_pipe_metal_water_set_white_c
image,#i_mtl_p7_pipe_metal_water_set_white_n
image,#i_t7_decal_grunge_dust_wall_01_c
image,#i_mtl_wpn_t8_ar_modular_stock_sig_03_n
image,#i_mtl_wpn_t8_ar_modular_stock_sig_03_o
image,#i_mtl_wpn_t8_ar_modular_stock_sig_03_c
image,#i_mtl_wpn_t8_ar_modular_stock_sig_03_g
image,#i_mtl_wpn_t8_ar_modular_stock_sig_03_s
image,#i_wpn_t8_ar_fastfire_barrel_sig_02_c
image,#i_wpn_t8_ar_fastfire_barrel_sig_02_g
image,#i_wpn_t8_ar_fastfire_barrel_sig_02_o
image,#i_wpn_t8_ar_fastfire_barrel_sig_02_n
image,#i_wpn_t8_ar_fastfire_barrel_sig_02_s
image,#i_mtl_p7_zm_moo_blueprint_roll_paper_01_n
image,#i_t8_micro_cloth_leather_01_n
image,#i_mtl_t8_concrete_damaged_norebar_02_r
image,#hash_b01d939b5bd4d5ef
image,#fxt_gas_blur_core_thick_arctic_mask
image,#i_wpn_t8_loot_smg_burst_foregrip_o
image,#i_wpn_t8_loot_smg_burst_foregrip_n
image,#i_wpn_t8_loot_smg_burst_foregrip_c
image,#i_wpn_t8_loot_smg_burst_foregrip_g
image,#i_wpn_t8_loot_smg_burst_foregrip_s
image,#i_t7_micro_snow_sand_n
image,#i_mtl_p7_consumer_grade_monitor_frame_s
image,#i_mtl_p7_consumer_grade_monitor_frame_o
image,#i_mtl_p7_consumer_grade_monitor_frame_n
image,#i_mtl_p7_consumer_grade_monitor_frame_g
image,#hash_304d444f052c18bd
image,#i_wpn_t8_loot_melee_coinbag_cloth_g
image,#i_wpn_t8_loot_melee_coinbag_cloth_c
image,#i_wpn_t8_loot_melee_coinbag_cloth_o
image,#i_wpn_t8_loot_melee_coinbag_cloth_n
image,#i_veh_t8_decal_bolt_18_r
image,#i_veh_t8_decal_bolt_18_n
image,#i_veh_t8_decal_bolt_18_o
image,#hash_30522423847b6403
image,#hash_b053d662b6c27839
image,#hash_b053da62b6c27f05
image,#hash_b053e162b6c28aea
image,#hash_b053e262b6c28c9d
image,#hash_b053e662b6c29369
image,#hash_b0568188aa2683bf
image,#hash_b0568d88aa269823
image,#hash_b0569188aa269eef
image,#hash_b0569488aa26a408
image,#hash_b0569588aa26a5bb
image,#i_mtl_p8_wep_cargo_container_military_main_03_n
image,#i_mtl_p8_wep_cargo_container_military_main_03_m
image,#i_t8_wood_planks_siding_trim_01_g
image,#i_t8_wood_planks_siding_trim_01_c
image,#i_t8_wood_planks_siding_trim_01_n
image,#i_t8_wood_planks_siding_trim_01_o
image,#hash_b061f2c4e1586dfe
image,#hash_b061f3c4e1586fb1
image,#hash_b061fec4e1588262
image,#hash_b061ffc4e1588415
image,#hash_b06202c4e158892e
image,#hash_b06206c4e1588ffa
image,#i_wpn_t8_sniper_vanguard_scope_p7_n
image,#i_wpn_t8_sniper_vanguard_scope_p7_o
image,#i_wpn_t8_sniper_vanguard_scope_p7_c
image,#i_wpn_t8_sniper_vanguard_scope_p7_g
image,#i_wpn_t8_sniper_vanguard_scope_p7_s
image,#hash_b0657783aeae8ea5
image,#hash_b0657a83aeae93be
image,#hash_b06bd06d3dfa5cb9
image,#hash_b06be06d3dfa77e9
image,#hash_b06be46d3dfa7eb5
image,#hash_b06beb6d3dfa8a9a
image,#hash_b06bec6d3dfa8c4d
image,#hash_307115346ede73e9
image,#i_mtl_p7_zm_ver_generator_metal02_n
image,#i_mtl_p7_zm_ver_generator_metal02_m
image,#ui_icon_obit_lmg_spray
image,#i_veh_t7_drone_attack_wing_rockets_dead_n
image,#i_t8_wpn_smg_accurate_front_sight_o
image,#i_t8_wpn_smg_accurate_front_sight_n
image,#i_t8_wpn_smg_accurate_front_sight_g
image,#i_t8_wpn_smg_accurate_front_sight_c
image,#i_t8_wpn_smg_accurate_front_sight_s
image,#i_c_t8_detail_cotton_denim_jeans_pleated_n
image,#i_mtl_p7_light_sconce_vintage_01_s
image,#i_mtl_p7_light_sconce_vintage_01_o
image,#i_mtl_p7_light_sconce_vintage_01_n
image,#i_mtl_p7_light_sconce_vintage_01_c
image,#i_mtl_p7_light_sconce_vintage_01_g
image,#i_mtl_p7_dumpster_construction_large_dirt_01_c
image,#i_t8_decal_grunge_puddle_01_r
image,#hash_b08ff672c73aee12
image,#hash_b08ff772c73aefc5
image,#hash_b08ffa72c73af4de
image,#hash_b08ffe72c73afbaa
image,#hash_b0900a72c73b100e
image,#hash_b093797db8a8b346
image,#hash_b0937d7db8a8ba12
image,#hash_b093857db8a8c7aa
image,#hash_b093867db8a8c95d
image,#hash_b093897db8a8ce76
image,#hash_b09478ca40ade770
image,#i_veh_t8_metal_worn_painted_graphite_g
image,#i_mtl_p7_debris_wood_splinter_small_n
image,#i_mtl_p7_debris_wood_splinter_small_c
image,#char_base_fabric_cotton_n
image,#hash_30a5ec14a2e74697
image,#hash_30a5ed14a2e7484a
image,#hash_30a5ee14a2e749fd
image,#hud_flamethrower_reticle
image,#hash_30a7fd4861233ec2
image,#i_wpn_t8_micro_fabric_paracord_01_c
image,#i_wpn_t8_micro_fabric_paracord_01_n
image,#hash_b0a8f0da4e1e4bb6
image,#hash_b0a8f1da4e1e4d69
image,#hash_b0a8f8da4e1e594e
image,#hash_b0a8fcda4e1e601a
image,#hash_30ab591d7c63f0a3
image,#hash_30ab5a1d7c63f256
image,#hash_30ab5b1d7c63f409
image,#i_t7_micro_metal_01_g
image,#i_p8_backpack_military_cord_n
image,#i_p8_backpack_military_cord_c
image,#hash_b0bfa7fbd1083aba
image,#i_mtl_wpn_t8_camo_feathers_01_s
image,#i_mtl_wpn_t8_camo_feathers_01_n
image,#i_mtl_wpn_t8_camo_feathers_01_g
image,#i_mtl_wpn_t8_camo_feathers_01_c
image,#ui_icon_obit_tr_midburst
image,#i_wpn_t8_loot_smg_burst_sights_mk2_m
image,#i_t8_concrete_painted_stains_01_c
image,#i_t8_concrete_painted_stains_01_n
image,#i_t8_concrete_painted_stains_01_r
image,#hash_b0dac7047129b6d3
image,#hash_b0dacb047129bd9f
image,#hash_b0dad2047129c984
image,#hash_b0dad3047129cb37
image,#hash_b0dad6047129d050
image,#hash_b0dad7047129d203
image,#i_mtl_p8_bookshelf_wood_01_set_decal_01_c
image,#i_mtl_p7_zm_gen_proto_column_rebar_r
image,#ui_icon_obit_acid_bomb
image,#hash_b0eadebada3d81ca
image,#i_mtl_p8_wz_foliage_bush_creosote_01_proxy_distance
image,#i_wpn_t8_shotgun_pump_sig_01_rail_o
image,#i_wpn_t8_shotgun_pump_sig_01_rail_n
image,#i_wpn_t8_shotgun_pump_sig_01_rail_g
image,#i_wpn_t8_shotgun_pump_sig_01_rail_s
image,#fxt8_light_ray_spread_streaks
image,#hash_b103551aa1d8ffa0
image,#i_veh_t8_decal_greeble_05_g
image,#i_veh_t8_decal_greeble_05_c
image,#i_veh_t8_decal_greeble_05_n
image,#i_veh_t8_decal_greeble_05_s
image,#hash_b10f6cce6a8b5159
image,#hash_b10f7cce6a8b6c89
image,#hash_b10f80ce6a8b7355
image,#hash_b10f87ce6a8b7f3a
image,#hash_b10f88ce6a8b80ed
image,#i_mtl_p8_zm_esc_table_wood_lrg_tablecloth_wear_c
image,#i_mtl_p8_zm_esc_table_wood_lrg_tablecloth_wear_r
image,#hash_b1146faafc4d671a
image,#i_wpn_t8_ar_heavy_stock_sig_01_o
image,#i_wpn_t8_ar_heavy_stock_sig_01_n
image,#i_wpn_t8_ar_heavy_stock_sig_01_g
image,#i_wpn_t8_ar_heavy_stock_sig_01_c
image,#i_wpn_t8_ar_heavy_stock_sig_01_s
image,#i_t7_decal_grunge_dirty_tile_01_g
image,#i_t8_decal_grunge_stain_tide_01_c
image,#i_mtl_p7_zm_kin_bed_antique_frame_n
image,#i_mtl_p7_zm_kin_bed_antique_frame_m
image,#i_veh_t8_base_paint_14_dead_c
image,#hash_31277161d450b0d3
image,#hash_31277c61d450c384
image,#i_wpn_t8_pistol_standard_decals_sig_02_n
image,#i_wpn_t8_pistol_standard_decals_sig_02_c
image,#i_mtl_p8_zm_esc_gun_gallery_metal_beam_02_n
image,#ui_icon_meansofdeath_zombie_melee
image,#i_p7_cai_mobile_shops_civ_01_metal_15_r
image,#hash_b130ea2b01e8faf8
image,#hash_3131488681349978
image,#i_mtl_p8_zm_esc_power_house_windows_slab_01_m
image,#i_mtl_p8_zm_esc_power_house_windows_slab_01_n
image,#i_mtl_p8_zm_esc_power_house_windows_slab_01_o
image,#hash_b133f91abc27de16
image,#i_mtl_p8_zm_zod_mirror_fireplace_flower04_s
image,#i_mtl_p7_cleaning_paper_dirty_n
image,#i_mtl_p7_cleaning_paper_dirty_c
image,#hash_b13ea79fc434d9e8
image,#hash_b13ea89fc434db9b
image,#i_t8_wood_maple_board_01_n
image,#i_t8_wood_maple_board_01_c
image,#i_t8_wood_maple_board_01_g
image,#i_attach_t8_bullet_n
image,#i_attach_t8_smg_fastfire_side_rail_s
image,#i_attach_t8_smg_fastfire_side_rail_g
image,#i_attach_t8_smg_fastfire_side_rail_c
image,#i_attach_t8_smg_fastfire_side_rail_n
image,#i_attach_t8_smg_fastfire_side_rail_o
image,#hash_b14b82df745d0fea
image,#hash_b14b83df745d119d
image,#hash_b14b86df745d16b6
image,#hash_b14b87df745d1869
image,#hash_b14b8fdf745d2601
image,#hash_b14b93df745d2ccd
image,#i_wpn_t7_zmb_perk_bottle_paper_stimup_c
image,#i_mtl_t8_wpn_smg_accurate_handguard_sig_01_r
image,#i_attach_t8_ar_stealth_stock_02_m
image,#i_attach_t8_ar_stealth_stock_02_n
image,#i_attach_t8_ar_stealth_stock_02_o
image,#i_attach_t8_ar_stealth_stock_02_g
image,#i_attach_t8_ar_stealth_stock_02_c
image,#i_t8_wz_wpn_smg_accurate_mag_c
image,#i_t8_zm_esc_cliff_rock_r
image,#hash_31638428374da0ad
image,#i_t8_metal_panel_joint_wall_02_n
image,#i_t8_metal_deck_painted_01_c
image,#i_t8_metal_deck_painted_01_g
image,#i_t8_metal_deck_painted_01_n
image,#i_t8_metal_deck_painted_01_o
image,#i_t7_decal_bullet_wood_03_c
image,#i_t7_decal_bullet_wood_03_n
image,#decal_glass01_g
image,#i_mtl_t8_wpn_lmg_heavy_lever_handle_mk2_m
image,#i_t8_metal_painted_lrg_white_r
image,#i_t8_metal_painted_lrg_white_s
image,#i_t8_metal_painted_lrg_white_n
image,#i_t8_metal_painted_lrg_white_c
image,#i_t8_metal_painted_lrg_white_g
image,#i_t7_micro_wood_plank_03_g
image,#i_t7_micro_wood_plank_03_n
image,#hash_b1909b9621353f08
image,#i_mtl_p7_furniture_bedroom_vintage_01_detail_01_n
image,#i_mtl_p7_furniture_bedroom_vintage_01_detail_01_c
image,#i_t7_detail_rust_01
image,#i_wpn_t8_tac_rifle_swordfish_forend_mk2_n
image,#i_wpn_t8_tac_rifle_swordfish_forend_mk2_m
image,#i_mtl_p7_furnishings_cairo_chest_sm_s
image,#i_mtl_p7_furnishings_cairo_chest_sm_g
image,#i_mtl_p7_furnishings_cairo_chest_sm_c
image,#i_mtl_p7_furnishings_cairo_chest_sm_n
image,#i_mtl_p7_furnishings_cairo_chest_sm_o
image,#hash_31a4f25c18fd2ce6
image,#hash_31a4f35c18fd2e99
image,#i_mtl_p8_wep_cargo_container_military_door_decal_n
image,#hash_31a6271347407560
image,#hash_31a62b1347407c2c
image,#hash_31a63013474084ab
image,#hash_b1a8da4e33f11732
image,#hash_b1a8ef4e33f13ae1
image,#i_t8_wz_window_glass_dirty_vert_brkn_g
image,#i_t8_wz_window_glass_dirty_vert_brkn_c
image,#i_mtl_p7_medical_rolling_iv_drip_dirty_c
image,#i_mtl_p7_medical_rolling_iv_drip_dirty_g
image,#i_mtl_p7_medical_rolling_iv_drip_dirty_s
image,#i_mtl_p8_whiteboard_plastic_clean
image,#hash_b1b0b565cdfe99c8
image,#i_t8_decal_tech_detail_high_tech_27_g
image,#i_t8_decal_tech_detail_high_tech_27_c
image,#i_t8_decal_tech_detail_high_tech_27_o
image,#i_t8_decal_tech_detail_high_tech_27_n
image,#i_p8_zm_esc_obsidian_rock_large_03_part8_n
image,#i_p8_zm_esc_obsidian_rock_large_03_part8_o
image,#i_mtl_p7_newspaper_vintage_folded_n
image,#i_mtl_p7_newspaper_vintage_folded_c
image,#i_mtl_p7_ban_water_toxic_waterway_backscatter_c
image,#i_mtl_p8_wz_ammo_pickup_02_metal_01_n
image,#i_mtl_p8_wz_ammo_pickup_02_metal_01_s
image,#pistol_standard_t8_camo_sig02_icon
image,#i_mtl_wpn_t8_loot_pistol_auto_ticket_sig_g
image,#i_mtl_wpn_t8_loot_pistol_auto_ticket_sig_c
image,#i_mtl_wpn_t8_loot_pistol_auto_ticket_sig_n
image,#hash_b1c3c238cba7d2c5
image,#hash_b1c3ce38cba7e729
image,#hash_b1c3d238cba7edf5
image,#hash_b1c3d538cba7f30e
image,#i_mtl_p7_zm_zod_gatestone_set_metal02_m
image,#i_mtl_wpn_t8_sniper_vanguard_sig_01_rail_g
image,#i_mtl_wpn_t8_sniper_vanguard_sig_01_rail_c
image,#i_mtl_wpn_t8_sniper_vanguard_sig_01_rail_n
image,#i_mtl_wpn_t8_sniper_vanguard_sig_01_rail_o
image,#i_mtl_wpn_t8_sniper_vanguard_sig_01_rail_s
image,#hash_b1d980db877802ec
image,#ui_icon_attachment_reflex
image,#ui_icon_weapon_hud_melee_amuletfist
image,#i_mtl_p8_zm_esc_tools_pliers_m
image,#i_mtl_p8_zm_esc_tools_pliers_n
image,#i_mtl_p8_zm_esc_tools_pliers_o
image,#i_c_t8_zmb_homunculus_sword_n
image,#i_c_t8_zmb_homunculus_sword_o
image,#i_c_t8_zmb_homunculus_sword_c
image,#i_c_t8_zmb_homunculus_sword_g
image,#i_c_t8_zmb_homunculus_sword_s
image,#i_mtl_p7_slu_door_white_decal_01_n
image,#hash_31e16d9b8552b67f
image,#i_mtl_p8_zm_esc_cell_bed_decal_grooved_n
image,#i_mtl_p8_zm_esc_cell_bed_decal_grooved_m
image,#hash_b1e4dd5b2056e05b
image,#i_t8_zm_whi_painted_wood_yellow_g
image,#i_mtl_attach_t8_loot_smg_vmp_stock_01_n
image,#i_mtl_attach_t8_loot_smg_vmp_stock_01_o
image,#i_mtl_attach_t8_loot_smg_vmp_stock_01_g
image,#i_mtl_attach_t8_loot_smg_vmp_stock_01_c
image,#i_mtl_attach_t8_loot_smg_vmp_stock_01_s
image,#i_mtl_attach_t8_ar_kn57_adv_mag_mk2_m
image,#hash_31ef043519a19740
image,#hash_31ef083519a19e0c
image,#hash_31ef0d3519a1a68b
image,#hash_31ef183519a1b93c
image,#i_mtl_p8_wz_supply_stash_health_metal_m
image,#i_mtl_p8_wz_supply_stash_health_metal_o
image,#i_mtl_p8_wz_supply_stash_health_metal_n
image,#i_mtl_p8_zm_esc_book_06_character_n
image,#i_mtl_p8_zm_esc_book_06_character_c
image,#hash_31f3d7a2fff90b27
image,#i_t7_plastic_ceiling_tile_n
image,#i_t8_metal_cable_housing_01_g
image,#i_t8_metal_cable_housing_01_n
image,#i_t8_metal_cable_housing_01_o
image,#i_t8_metal_cable_housing_01_s
image,#i_wpn_t8_sniper_koshka_mag_r
image,#i_wpn_t8_sniper_koshka_mag_s
image,#i_wpn_t8_sniper_koshka_mag_c
image,#i_wpn_t8_sniper_koshka_mag_g
image,#i_wpn_t8_sniper_koshka_mag_n
image,#i_wpn_t8_sniper_koshka_mag_o
image,#i_wpn_t8_sniper_koshka_lens_o
image,#i_wpn_t8_sniper_koshka_lens_g
image,#i_wpn_t8_sniper_koshka_lens_s
image,#i_t8_micro_cardboard_02_c
image,#i_t8_micro_cardboard_02_n
image,#i_p7_fir_bathroom_mop_rope_g
image,#i_p7_fir_bathroom_mop_rope_c
image,#i_p7_fir_bathroom_mop_rope_n
image,#i_p7_fir_bathroom_mop_rope_o
image,#i_p7_fir_bathroom_mop_rope_r
image,#i_t7_detail_carpet_01_n
image,#i_t7_zm_isl_stone_block_wall_01_o
image,#i_t7_zm_isl_stone_block_wall_01_n
image,#i_t7_zm_isl_stone_block_wall_01_c
image,#i_t7_decal_grunge_rust_offset_01_c
image,#i_t7_decal_grunge_rust_offset_01_n
image,#i_mtl_mtl_veh_t8_mil_heli_attack_rotor_blade_ir
image,#i_mtl_p8_zm_esc_cell_bed_decal_02_c
image,#i_wpn_t8_tr_midburst_mainbody_sig_01_s
image,#i_wpn_t8_tr_midburst_mainbody_sig_01_g
image,#i_wpn_t8_tr_midburst_mainbody_sig_01_c
image,#i_wpn_t8_tr_midburst_mainbody_sig_01_n
image,#i_wpn_t8_tr_midburst_mainbody_sig_01_o
image,#i_p8_usa_submarine_interior_consoles_panels_large_m
image,#i_p8_usa_submarine_interior_consoles_panels_large_n
image,#i_t8_micro_rock_sandstone_rough_03_a_g
image,#i_attach_t8_loot_tac_rifle_damageburst_stock_r
image,#i_attach_t8_loot_tac_rifle_damageburst_stock_s
image,#i_attach_t8_loot_tac_rifle_damageburst_stock_n
image,#i_attach_t8_loot_tac_rifle_damageburst_stock_o
image,#i_attach_t8_loot_tac_rifle_damageburst_stock_c
image,#i_attach_t8_loot_tac_rifle_damageburst_stock_g
image,#i_attach_t8_loot_tr_flechette_foregrip_m
image,#i_attach_t8_loot_tr_flechette_foregrip_n
image,#i_attach_t8_loot_tr_flechette_foregrip_o
image,#i_attach_t8_loot_tr_flechette_foregrip_g
image,#i_attach_t8_loot_tr_flechette_foregrip_c
image,#i_attach_t8_loot_tr_flechette_foregrip_s
image,#i_mtl_wpn_t8_zm_monkey_fur_g
image,#i_mtl_wpn_t8_zm_monkey_fur_c
image,#i_mtl_wpn_t8_zm_monkey_fur_n
image,#i_mtl_wpn_t8_zm_monkey_fur_s
image,#i_t8_decal_tech_detail_panel_04_256_s
image,#i_t8_decal_tech_detail_panel_04_256_m
image,#i_t8_decal_tech_detail_panel_04_256_o
image,#i_t8_decal_tech_detail_panel_04_256_n
image,#i_t8_decal_tech_detail_panel_04_256_c
image,#i_wpn_t8_sniper_koshka_grip_mk2_n
image,#i_wpn_t8_sniper_koshka_grip_mk2_m
image,#loot04_ui_icon_blackmarket_reserves_weapon_ sniper_locus
image,#i_wpn_t8_loot_melee_amulet_gem_n
image,#i_wpn_t8_loot_melee_amulet_gem_s
image,#hash_32384c0f2a7504ed
image,#t7_hud_mp_inventory_smoke
image,#i_wpn_t8_lmg_titan_sig_02_base_s
image,#i_wpn_t8_lmg_titan_sig_02_base_o
image,#i_wpn_t8_lmg_titan_sig_02_base_n
image,#i_wpn_t8_lmg_titan_sig_02_base_e
image,#i_wpn_t8_lmg_titan_sig_02_base_g
image,#i_wpn_t8_lmg_titan_sig_02_base_c
image,#i_t8_decal_tech_detail_low_tech_03_o
image,#i_t8_decal_tech_detail_low_tech_03_n
image,#i_t8_decal_tech_detail_low_tech_03_c
image,#i_mtl_p8_usa_submarine_interior_consoles_details_gauge_02_c
image,#i_mtl_p8_usa_submarine_interior_consoles_details_gauge_02_n
image,#i_t8_decal_tech_detail_indent_04_normal_o
image,#i_t8_decal_tech_detail_indent_04_normal_n
image,#i_t8_decal_tech_detail_indent_04_normal_m
image,#i_t7_decal_bullet_metal_impact_01_c
image,#i_t7_decal_bullet_metal_impact_01_n
image,#i_t7_decal_asphalt_damaged_crack_g
image,#i_t7_decal_asphalt_damaged_crack_c
image,#i_t7_decal_asphalt_damaged_crack_n
image,#i_mtl_p8_wz_foliage_bush_creosote_01_proxy_specular
image,#i_wpn_t8_shotgun_semi_sights_sig_02_c
image,#i_wpn_t8_shotgun_semi_sights_sig_02_g
image,#i_wpn_t8_shotgun_semi_sights_sig_02_n
image,#i_wpn_t8_shotgun_semi_sights_sig_02_o
image,#i_wpn_t8_shotgun_semi_sights_sig_02_s
image,#i_wpn_t8_ar_heavy_sights_mk2_m
image,#hash_3250af14660b8f79
image,#i_wpn_t8_sig_annihilator_frame_s
image,#i_wpn_t8_sig_annihilator_frame_c
image,#i_wpn_t8_sig_annihilator_frame_g
image,#i_wpn_t8_sig_annihilator_frame_n
image,#i_wpn_t8_sig_annihilator_frame_o
image,#i_mtl_p7_bottle_plastic_soap_blue_clean_c
image,#hash_32625ef1fbbb72fe
image,#i_c_t8_zmb_homunculus_spikes_n
image,#i_c_t8_zmb_homunculus_spikes_o
image,#i_c_t8_zmb_homunculus_spikes_c
image,#i_c_t8_zmb_homunculus_spikes_g
image,#i_c_t8_zmb_homunculus_spikes_s
image,#fxt_gas_blur_thin_mask
image,#i_veh_t8_decal_sign_cut_canopy_c
image,#hash_b26a34baf4ac2156
image,#hash_b26c5ef506705811
image,#i_mtl_p7_dumpster_construction_large_base_04_m
image,#i_mtl_p7_dumpster_construction_large_base_04_n
image,#i_wpn_t8_smg_capacity_bullet_base_m
image,#i_wpn_t8_smg_capacity_bullet_base_n
image,#i_wpn_t8_smg_capacity_bullet_base_o
image,#ui_icon_obit_pistol_revolver
image,#i_mtl_p7_zm_ori_wood_planks_dmg_set_01_m
image,#hash_327c92c1a0285c60
image,#i_t8_wood_panel_blonde_n
image,#i_attach_t8_optic_thermal_r
image,#i_attach_t8_optic_thermal_s
image,#i_attach_t8_optic_thermal_n
image,#i_attach_t8_optic_thermal_o
image,#i_attach_t8_optic_thermal_c
image,#i_attach_t8_optic_thermal_g
image,#i_mtl_p7_decal_grunge_pool_silt_01_g
image,#i_attach_t8_loot_tr_flechette_silencer_s
image,#i_attach_t8_loot_tr_flechette_silencer_o
image,#i_attach_t8_loot_tr_flechette_silencer_n
image,#i_attach_t8_loot_tr_flechette_silencer_c
image,#i_attach_t8_loot_tr_flechette_silencer_g
image,#i_t8_attach_optic_reflex_body_n
image,#i_t8_attach_optic_reflex_body_o
image,#i_t8_attach_optic_reflex_body_m
image,#hash_b28ff3238a3d3e13
image,#hash_b28ff7238a3d44df
image,#hash_b28ffe238a3d50c4
image,#hash_b28fff238a3d5277
image,#hash_b29002238a3d5790
image,#hash_b29003238a3d5943
image,#i_c_zom_der_zombie_hound_fur_body_c
image,#i_t7_wood_panel_blonde_c
image,#i_t7_wood_panel_blonde_n
image,#hash_32939e4908221528
image,#hash_3293a14908221a41
image,#i_mtl_wpn_t8_zm_freeze_gun_02_s
image,#i_mtl_wpn_t8_zm_freeze_gun_02_n
image,#i_mtl_wpn_t8_zm_freeze_gun_02_o
image,#i_mtl_wpn_t8_zm_freeze_gun_02_g
image,#i_wpn_t8_smg_capacity_sig_02_barrel_mount_s
image,#i_wpn_t8_smg_capacity_sig_02_barrel_mount_o
image,#i_wpn_t8_smg_capacity_sig_02_barrel_mount_n
image,#i_wpn_t8_smg_capacity_sig_02_barrel_mount_g
image,#i_wpn_t8_smg_capacity_sig_02_barrel_mount_c
image,#i_attach_t8_loot_tr_flechette_quickdraw_s
image,#i_attach_t8_loot_tr_flechette_quickdraw_o
image,#i_attach_t8_loot_tr_flechette_quickdraw_n
image,#i_attach_t8_loot_tr_flechette_quickdraw_m
image,#i_attach_t8_loot_tr_flechette_quickdraw_g
image,#i_attach_t8_loot_tr_flechette_quickdraw_c
image,#i_mtl_p8_ice_generator_metal_lrg_text_decal_01_c
image,#i_t7_metal_cable_01_s
image,#hash_329f5d6763cd1d63
image,#hash_b2a1ad1e65c24bcc
image,#i_wpn_tac_rifle_mid_burst_cheekrest_o
image,#hash_b2a1b21e65c2544b
image,#hash_b2a1b61e65c25b17
image,#i_wpn_tac_rifle_mid_burst_cheekrest_r
image,#hash_b2a57c4b9223397b
image,#fxt_dni_mesh_em
image,#i_mtl_wpn_t8_loot_melee_action_figure_body_s
image,#i_mtl_wpn_t8_loot_melee_action_figure_body_c
image,#i_mtl_wpn_t8_loot_melee_action_figure_body_g
image,#i_mtl_wpn_t8_loot_melee_action_figure_body_o
image,#i_mtl_wpn_t8_loot_melee_action_figure_body_n
image,#hash_b2aeca1c821fce06
image,#hash_b2aece1c821fd4d2
image,#hash_b2aed61c821fe26a
image,#hash_b2aed71c821fe41d
image,#hash_b2aeda1c821fe936
image,#hash_b2aedb1c821feae9
image,#i_p8_zm_esc_turbine_generator_turbinefrontplates_n
image,#i_p8_zm_esc_turbine_generator_turbinefrontplates_o
image,#hash_32b3a2ec70372679
image,#i_mtl_t8_zm_esc_ceramic_tiles_01_mask
image,#hash_32c6eee0d4cab1e3
image,#i_p8_zm_esc_power_house_door_metal_rolling_details_o
image,#i_p8_zm_esc_power_house_door_metal_rolling_details_n
image,#i_mtl_p8_wep_ceiling_structure_set_weld_m
image,#i_mtl_p8_wep_ceiling_structure_set_weld_n
image,#i_wpn_t8_ar_heavy_decal_04_c
image,#i_wpn_t8_ar_heavy_decal_04_n
image,#$i_c_gen_eye_caustic_l
image,#hash_32e1003b268bc9a0
image,#hash_32e1033b268bceb9
image,#i_mtl_wpn_t8_loot_shotgun_fullauto_mag_sig_s
image,#i_mtl_wpn_t8_loot_shotgun_fullauto_mag_sig_c
image,#i_mtl_wpn_t8_loot_shotgun_fullauto_mag_sig_g
image,#i_mtl_wpn_t8_loot_shotgun_fullauto_mag_sig_o
image,#i_mtl_wpn_t8_loot_shotgun_fullauto_mag_sig_n
image,#i_wpn_t8_tac_rifle_swordfish_straps_mk2_c
image,#i_wpn_t8_tac_rifle_swordfish_straps_mk2_g
image,#i_wpn_t8_tac_rifle_swordfish_straps_mk2_n
image,#i_t8_micro_cloth_cotton_02_intense_n
image,#i_mtl_p7_zm_ori_wood_fence_burnt_decal_01_c
image,#i_mtl_p7_zm_ori_wood_fence_burnt_decal_01_n
image,#i_mtl_p8_box_cardboard_trim_n
image,#i_mtl_p8_box_cardboard_trim_c
image,#i_t8_decal_graphics_box_labels_c
image,#i_attach_t8_smg_capacity_ext_mag_03_strap_r
image,#i_attach_t8_smg_capacity_ext_mag_03_strap_c
image,#i_attach_t8_smg_capacity_ext_mag_03_strap_g
image,#i_attach_t8_smg_capacity_ext_mag_03_strap_n
image,#i_attach_t8_smg_capacity_ext_mag_03_strap_o
image,#i_attach_t8_smg_capacity_ext_mag_03_strap_m
image,#hash_b2f930d46e273720
image,#i_wpn_t8_eqp_smartcover_module_s
image,#i_wpn_t8_eqp_smartcover_module_g
image,#i_wpn_t8_eqp_smartcover_module_c
image,#i_wpn_t8_eqp_smartcover_module_o
image,#i_wpn_t8_eqp_smartcover_module_n
image,#ui_icon_obit_smg_folding
image,#fxt_dust_mote_pcloud_01
image,#hash_b30f4e2a4cb6d8c1
image,#$gray_32_one_channel
image,#i_mtl_t8_wpn_loot_smg_folding_quickdraw_02_c
image,#i_mtl_t8_wpn_loot_smg_folding_quickdraw_02_g
image,#i_mtl_t8_wpn_loot_smg_folding_quickdraw_02_n
image,#i_mtl_t8_wpn_loot_smg_folding_quickdraw_02_m
image,#i_t7_metal_edge_wear_01_g
image,#i_t7_metal_edge_wear_01_c
image,#i_t7_metal_edge_wear_01_s
image,#i_wpn_t8_loot_shotgun_fullauto_grip_s
image,#i_wpn_t8_loot_shotgun_fullauto_grip_g
image,#i_wpn_t8_loot_shotgun_fullauto_grip_c
image,#i_wpn_t8_loot_shotgun_fullauto_grip_n
image,#i_wpn_t8_loot_shotgun_fullauto_grip_o
image,#i_kills_c
image,#i_mtl_p7_slu_barrel_metal_01_m
image,#i_mtl_p7_slu_barrel_metal_01_n
image,#i_attach_t8_loot_ar_peacekeeper_barrel_o
image,#i_attach_t8_loot_ar_peacekeeper_barrel_n
image,#i_attach_t8_loot_ar_peacekeeper_barrel_c
image,#i_attach_t8_loot_ar_peacekeeper_barrel_g
image,#i_attach_t8_loot_ar_peacekeeper_barrel_s
image,#i_veh_t8_base_paint_04_dead_c
image,#i_attach_t8_pistol_standard_muzzle_c
image,#i_attach_t8_pistol_standard_muzzle_g
image,#i_attach_t8_pistol_standard_muzzle_n
image,#i_attach_t8_pistol_standard_muzzle_o
image,#i_attach_t8_pistol_standard_muzzle_s
image,#i_mtl_p7_3arc_park_leafy_ground_n
image,#ui_icon_weapon_hud_smg_fastfire_tactical_wz
image,#ui_icon_weapon_hud_tr_midburst
image,#i_t7_mud_riverbed_01_blend_hey_r
image,#i_t7_mud_riverbed_01_blend_hey_o
image,#i_t7_mud_riverbed_01_blend_hey_n
image,#i_t7_mud_riverbed_01_blend_hey_g
image,#i_mtl_p8_zm_esc_generator_lrg_metal_03_unique_n
image,#i_mtl_p8_zm_esc_generator_lrg_metal_03_unique_o
image,#i_mtl_p8_zm_esc_generator_lrg_metal_03_unique_c
image,#t7_icon_weapon_special_crossbow_bayonet_kf
image,#ui_icon_weapon_hud_shotgun_prec
image,#i_mtl_veh_t8_decal_grunge_scorch_02_c
image,#i_wpn_t8_loot_smg_burst_foregrip_mk2_r
image,#i_wpn_t8_loot_smg_burst_foregrip_mk2_n
image,#i_t7_decal_grunge_moss_grime_r
image,#i_t7_decal_grunge_moss_grime_c
image,#i_p8_usa_submarine_interior_consoles_panels_long_m
image,#i_p8_usa_submarine_interior_consoles_panels_long_n
image,#i_mtl_p7_zm_ctl_typewriter_vintage_decal_c
image,#i_mtl_p7_zm_ctl_typewriter_vintage_decal_m
image,#i_mtl_p7_zm_ctl_typewriter_vintage_decal_n
image,#i_mtl_p8_chi_camera_security_bubble_o
image,#i_mtl_p8_chi_camera_security_bubble_n
image,#i_mtl_p8_chi_camera_security_bubble_g
image,#hash_b3754daf03ddc89e
image,#hash_b37ad0b63dcae9f1
image,#hash_b37adbb63dcafca2
image,#hash_b37adcb63dcafe55
image,#hash_b37ae0b63dcb0521
image,#hash_b37ae4b63dcb0bed
image,#i_fxp_axis_createfx_c
image,#i_mtl_p8_wz_foliage_leymus_grass_01_b_n
image,#i_mtl_p8_wz_foliage_leymus_grass_01_b_c
image,#i_wpn_t8_lmg_titan_sig_01_base_front_n
image,#i_wpn_t8_lmg_titan_sig_01_base_front_o
image,#i_wpn_t8_lmg_titan_sig_01_base_front_c
image,#i_wpn_t8_lmg_titan_sig_01_base_front_g
image,#i_wpn_t8_lmg_titan_sig_01_base_front_s
image,#i_mtl_p7_door_handle_chrome_01_n
image,#i_mtl_p7_door_handle_chrome_01_o
image,#i_mtl_p7_door_handle_chrome_01_g
image,#i_mtl_p7_door_handle_chrome_01_s
image,#i_mtl_p7_zm_ctl_radio_finder_decal_c
image,#i_mtl_p7_zm_ctl_radio_finder_decal_n
image,#i_t8_micro_rock_volcanic_01_g
image,#i_t8_micro_rock_volcanic_01_n
image,#i_t7_decal_grunge_rust_09_c
image,#i_t7_decal_grunge_rust_09_n
image,#i_t7_decal_grunge_rust_09_r
image,#hash_b3a63c97b0ea5c32
image,#hash_b3a63d97b0ea5de5
image,#hash_b3a64897b0ea7096
image,#hash_b3a64c97b0ea7762
image,#hash_b3a65097b0ea7e2e
image,#hash_b3a65197b0ea7fe1
image,#ui_icon_obit_lmg_double
image,#hash_33ade401c656835f
image,#hash_33adf801c656a55b
image,#i_wpn_t8_sniper_powersemi_wisp_sig_02_c
image,#ui_icon_weapon_hud_sniper_damagesemi_wz
image,#i_wpn_t8_smg_mp9_bolt_base_s
image,#i_wpn_t8_smg_mp9_bolt_base_r
image,#i_wpn_t8_smg_mp9_bolt_base_g
image,#i_wpn_t8_smg_mp9_bolt_base_o
image,#i_wpn_t8_smg_mp9_bolt_base_n
image,#hash_33b54ca4af7f98c9
image,#hash_b3b5f643640b8bae
image,#i_wpn_t8_smg_accurate_wisps_sig_03_m
image,#ui_icon_weapon_hud_smg_standard
image,#i_t7_decal_grunge_bottom_01_c
image,#i_t8_micro_stone_slate_02_g
image,#i_t8_micro_stone_slate_02_c
image,#i_wpn_t8_zm_crossbow_impaler_arm_base_s
image,#i_wpn_t8_zm_crossbow_impaler_arm_base_g
image,#i_wpn_t8_zm_crossbow_impaler_arm_base_c
image,#i_wpn_t8_zm_crossbow_impaler_arm_base_o
image,#i_wpn_t8_zm_crossbow_impaler_arm_base_n
image,#i_mtl_attach_t8_loot_lmg_mk48_mag_bullet_s
image,#i_mtl_attach_t8_loot_lmg_mk48_mag_bullet_n
image,#i_mtl_attach_t8_loot_lmg_mk48_mag_bullet_o
image,#i_mtl_attach_t8_loot_lmg_mk48_mag_bullet_c
image,#i_mtl_attach_t8_loot_lmg_mk48_mag_bullet_g
image,#i_wpn_t8_lmg_titan_sig_01_iron_sights_s
image,#i_wpn_t8_lmg_titan_sig_01_iron_sights_g
image,#i_wpn_t8_lmg_titan_sig_01_iron_sights_c
image,#i_wpn_t8_lmg_titan_sig_01_iron_sights_n
image,#i_wpn_t8_lmg_titan_sig_01_iron_sights_o
image,#i_wpn_tac_rifle_mid_burst_mainbody_s
image,#i_wpn_tac_rifle_mid_burst_mainbody_r
image,#i_wpn_tac_rifle_mid_burst_mainbody_c
image,#i_wpn_tac_rifle_mid_burst_mainbody_g
image,#i_wpn_tac_rifle_mid_burst_mainbody_o
image,#i_wpn_tac_rifle_mid_burst_mainbody_n
image,#i_t7_metal_beam_trim_01_c
image,#i_t7_metal_beam_trim_01_n
image,#i_t7_paint_shop_steel_dark_s
image,#i_attach_t8_shotgun_semi_grip_s
image,#i_attach_t8_shotgun_semi_grip_g
image,#i_attach_t8_shotgun_semi_grip_c
image,#i_attach_t8_shotgun_semi_grip_m
image,#i_attach_t8_shotgun_semi_grip_o
image,#i_attach_t8_shotgun_semi_grip_n
image,#i_attach_t8_lmg_heavy_barrel_n
image,#i_attach_t8_lmg_heavy_barrel_o
image,#i_attach_t8_lmg_heavy_barrel_g
image,#i_attach_t8_lmg_heavy_barrel_c
image,#i_attach_t8_lmg_heavy_barrel_r
image,#i_attach_t8_lmg_heavy_barrel_s
image,#hash_b3e425274b040dd3
image,#i_attach_t8_smg_mp9_stock_r
image,#i_attach_t8_smg_mp9_stock_s
image,#i_attach_t8_smg_mp9_stock_n
image,#i_attach_t8_smg_mp9_stock_o
image,#i_attach_t8_smg_mp9_stock_c
image,#i_attach_t8_smg_mp9_stock_g
image,#i_mtl_veh_t8_decal_text_no_step_02_c
image,#i_c_t8_zmb_male_head1_g
image,#i_c_t8_zmb_male_head1_o
image,#i_c_t8_zmb_mob_brutus_helmet_igc_s
image,#i_c_t8_zmb_mob_brutus_helmet_igc_g
image,#i_c_t8_zmb_mob_brutus_helmet_igc_e
image,#i_c_t8_zmb_mob_brutus_helmet_igc_c
image,#i_c_t8_zmb_mob_brutus_helmet_igc_o
image,#i_c_t8_zmb_mob_brutus_helmet_igc_n
image,#ui_icon_weapon_tr_flechette_render
image,#i_mtl_p7_zm_sta_cabinet_antique_01_n
image,#i_mtl_p7_zm_sta_cabinet_antique_01_m
image,#i_t7_con_cloth_carpet_wool_c
image,#i_t7_con_cloth_carpet_wool_n
image,#i_wpn_t8_eqp_briefcase_bomb_computer_decals_s
image,#i_wpn_t8_eqp_briefcase_bomb_computer_decals_g
image,#fxt8_water_splash_mask
image,#hash_34003d57263ffc25
image,#hash_340040572640013e
image,#ui_icon_weapon_hud_ar_accurate
image,#hash_b40e246b0e032f91
image,#i_t8_zm_off_dec_blood_pool_med_g
image,#hash_3417e43d67ed414c
image,#hash_341d405c7c3915fa
image,#i_wpn_tr_powersemi_upper_sig_02_s
image,#i_wpn_tr_powersemi_upper_sig_02_g
image,#i_wpn_tr_powersemi_upper_sig_02_c
image,#i_wpn_tr_powersemi_upper_sig_02_n
image,#i_wpn_tr_powersemi_upper_sig_02_o
image,#i_t7_decal_damage_concrete_cracks_01_c
image,#i_t7_decal_damage_concrete_cracks_01_n
image,#i_t7_decal_damage_concrete_cracks_01_r
image,#i_t8_decal_grunge_stain_oil_02_t
image,#i_wpn_tr_powersemi_scope_sig_02_n
image,#i_wpn_tr_powersemi_scope_sig_02_o
image,#i_wpn_tr_powersemi_scope_sig_02_g
image,#i_wpn_tr_powersemi_scope_sig_02_c
image,#i_wpn_tr_powersemi_scope_sig_02_s
image,#i_mtl_p7_mou_pallet_wood_n
image,#i_mtl_p7_mou_pallet_wood_m
image,#i_t8_micro_paint_dirty_rusty_c
image,#i_mtl_wpn_t8_ar_stealth_sig_01_sac_mount_n
image,#i_mtl_wpn_t8_ar_stealth_sig_01_sac_mount_o
image,#i_mtl_wpn_t8_ar_stealth_sig_01_sac_mount_g
image,#i_mtl_wpn_t8_ar_stealth_sig_01_sac_mount_c
image,#i_mtl_wpn_t8_ar_stealth_sig_01_sac_mount_s
image,#i_mtl_p8_zm_esc_power_station_panel_set_box_02_m
image,#i_mtl_p8_zm_esc_power_station_panel_set_box_02_n
image,#i_wpn_t8_sig_flamethrower_lower_base_m
image,#i_wpn_t8_sig_flamethrower_lower_base_o
image,#i_wpn_t8_sig_flamethrower_lower_base_n
image,#i_mtl_p8_col_foliage_plant_meskel_2_noflower_dead_proxy_normal
image,#i_mtl_p7_pot_and_pan_dirty_n
image,#i_mtl_p7_pot_and_pan_dirty_c
image,#i_mtl_p7_pot_and_pan_dirty_s
image,#i_wpn_t8_shotgun_semi_handguard_sig_02_n
image,#i_wpn_t8_shotgun_semi_handguard_sig_02_o
image,#i_wpn_t8_shotgun_semi_handguard_sig_02_g
image,#i_wpn_t8_shotgun_semi_handguard_sig_02_c
image,#i_wpn_t8_shotgun_semi_handguard_sig_02_s
image,#i_wpn_t8_micro_wood_worn_01_n
image,#i_wpn_t8_micro_wood_worn_01_g
image,#i_wpn_t8_micro_wood_worn_01_c
image,#i_t8_decal_grunge_oil_01_blend_r
image,#hash_b451ff455cd03148
image,#i_mtl_t7_plastic_tarp_reinforced_grey_c
image,#i_mtl_t7_plastic_tarp_reinforced_grey_a
image,#i_mtl_t7_plastic_tarp_reinforced_grey_n
image,#hash_345d0def8d4fb71c
image,#hash_345d12ef8d4fbf9b
image,#i_mtl_p8_zm_zod_lifeboat_equipment_set_rope_01_c
image,#i_mtl_p8_zm_zod_lifeboat_equipment_set_rope_01_n
image,#i_t7_micro_plastic_rough_01_n
image,#ui_icon_weapon_tr_midburst_sig_02_render
image,#i_mtl_p8_usa_submarine_torpedo_01_m
image,#i_mtl_p8_usa_submarine_torpedo_01_o
image,#i_mtl_p8_crate_wood_decal_07_c
image,#hash_34772efd41b91b30
image,#hash_34773bfd41b93147
image,#i_t8_micro_paint_02_drk_c
image,#i_t7_con_metal_base_s
image,#i_t7_con_metal_base_c
image,#i_t8_wpn_shotgun_semi_mag_glass_c
image,#i_t8_wpn_pistol_auto_bolts_s
image,#i_t8_wpn_pistol_auto_bolts_o
image,#i_t8_wpn_pistol_auto_bolts_n
image,#i_t7_brick_worn_red_heavy_grout_n
image,#i_t7_brick_worn_red_heavy_grout_o
image,#i_t7_brick_worn_red_heavy_grout_c
image,#i_t7_brick_worn_red_heavy_grout_g
image,#i_t7_brick_worn_red_heavy_grout_r
image,#i_wpn_t8_loot_melee_slay_bell_s
image,#i_wpn_t8_loot_melee_slay_bell_m
image,#i_wpn_t8_loot_melee_slay_bell_n
image,#i_wpn_t8_loot_melee_slay_bell_o
image,#i_mtl_p7_curtain_rod_96_m
image,#i_mtl_p7_curtain_rod_96_n
image,#i_wpn_t8_loot_melee_slay_bell_c
image,#i_wpn_t8_loot_melee_slay_bell_g
image,#i_mtl_wpn_t8_ar_stealth_sig_02_upper_receiver_left_c
image,#i_mtl_wpn_t8_ar_stealth_sig_02_upper_receiver_left_g
image,#i_mtl_wpn_t8_ar_stealth_sig_02_upper_receiver_left_e
image,#i_mtl_wpn_t8_ar_stealth_sig_02_upper_receiver_left_n
image,#i_mtl_wpn_t8_ar_stealth_sig_02_upper_receiver_left_o
image,#i_mtl_wpn_t8_ar_stealth_sig_02_upper_receiver_left_s
image,#i_p8_zm_esc_medical_surgical_tools_knife_o
image,#i_p8_zm_esc_medical_surgical_tools_knife_n
image,#i_p8_zm_esc_medical_surgical_tools_knife_r
image,#i_t7_decal_grunge_water_stain_01_r
image,#i_t7_decal_grunge_water_stain_01_c
image,#i_t7_decal_grunge_water_stain_01_g
image,#i_mtl_t8_glass_smokey_streaks_01_backlit_g
image,#i_t8_glass_backlit_2x1_01_t
image,#i_wpn_t8_ar_heavy_grip_base_o
image,#i_wpn_t8_ar_heavy_grip_base_n
image,#i_wpn_t8_ar_heavy_grip_base_c
image,#i_wpn_t8_ar_heavy_grip_base_g
image,#i_wpn_t8_ar_heavy_grip_base_s
image,#i_wpn_t8_ar_heavy_grip_base_r
image,#i_t7_veh_decal_bolt_03_n
image,#hash_34b4b61b52010377
image,#i_mtl_p7_zm_isl_light_operating_vintage_n
image,#i_mtl_p7_zm_isl_light_operating_vintage_m
image,#hash_34bbeb7e1f5f4c52
image,#i_attach_t8_pistol_revolver_barrel_01_s
image,#i_attach_t8_pistol_revolver_barrel_01_m
image,#i_attach_t8_pistol_revolver_barrel_01_o
image,#i_attach_t8_pistol_revolver_barrel_01_n
image,#i_attach_t8_pistol_revolver_barrel_01_g
image,#i_attach_t8_pistol_revolver_barrel_01_c
image,#ui_icon_weapon_ar_stealth_mk2_render
image,#i_mtl_p8_box_electric_commercial_decal_dmg_n
image,#hash_b4c5cac14f048e2c
image,#i_mtl_wpn_t8_ar_stealth_sig_01_upper_receiver_left_s
image,#i_mtl_wpn_t8_ar_stealth_sig_01_upper_receiver_left_o
image,#i_mtl_wpn_t8_ar_stealth_sig_01_upper_receiver_left_n
image,#i_mtl_wpn_t8_ar_stealth_sig_01_upper_receiver_left_g
image,#i_c_t8_zmb_mob_brutus_glovesboots_igc_s
image,#i_c_t8_zmb_mob_brutus_glovesboots_igc_o
image,#i_c_t8_zmb_mob_brutus_glovesboots_igc_n
image,#i_c_t8_zmb_mob_brutus_glovesboots_igc_m
image,#i_c_t8_zmb_mob_brutus_glovesboots_igc_g
image,#i_c_t8_zmb_mob_brutus_glovesboots_igc_c
image,#i_wpn_t8_lmg_titan_base_g
image,#i_wpn_t8_lmg_titan_base_c
image,#i_wpn_t8_lmg_titan_base_n
image,#i_wpn_t8_lmg_titan_base_o
image,#i_wpn_t8_lmg_titan_base_r
image,#i_wpn_t8_lmg_titan_base_s
image,#i_mtl_p8_zm_esc_light_switch_panel_paint_n
image,#i_mtl_p8_zm_esc_light_switch_panel_paint_r
image,#i_mtl_p7_zm_asc_battery_auto_set_decal_c
image,#i_t8_micro_styrofoam_01_n
image,#icons_hud_ultimates_sparrow_dark
image,#hash_34e2b8aa5f36e138
image,#hash_34e2b9aa5f36e2eb
image,#hash_b4e355234eaf626e
image,#i_attach_t8_ar_stealth_hi_cal_s
image,#i_attach_t8_ar_stealth_hi_cal_g
image,#i_attach_t8_ar_stealth_hi_cal_c
image,#i_attach_t8_ar_stealth_hi_cal_o
image,#i_attach_t8_ar_stealth_hi_cal_n
image,#i_attach_t8_ar_stealth_hi_cal_m
image,#hash_b4e62329294f0ce7
image,#hash_34e7a552c20fa0e9
image,#i_wpn_t8_loot_sniper_mini14_base_mk2_n
image,#i_wpn_t8_loot_sniper_mini14_base_mk2_m
image,#i_t8_dirt_rocky_01_n
image,#i_t8_dirt_rocky_01_g
image,#hash_b4ebc3e9c7e0f593
image,#hash_b4ebc7e9c7e0fc5f
image,#hash_b4ebcae9c7e10178
image,#hash_b4ebcbe9c7e1032b
image,#hash_b4ebd7e9c7e1178f
image,#hash_b4ed00b7211c0723
image,#fxt_gib_glass_01
image,#fxt_gib_glass_02
image,#i_wpn_t8_ar_accurate_sig_02_stock_s
image,#i_wpn_t8_ar_accurate_sig_02_stock_n
image,#i_wpn_t8_ar_accurate_sig_02_stock_c
image,#i_wpn_t8_ar_accurate_sig_02_stock_e
image,#i_wpn_t8_ar_accurate_sig_02_stock_g
image,#i_mtl_veh_t8_mil_air_gunship_body_01_wing_left_c
image,#hash_34f83b6f44eb89b8
image,#i_mtl_wpn_t8_zm_towers_scorpion_body_front_s
image,#i_mtl_wpn_t8_zm_towers_scorpion_body_front_n
image,#i_mtl_wpn_t8_zm_towers_scorpion_body_front_o
image,#i_mtl_wpn_t8_zm_towers_scorpion_body_front_c
image,#i_mtl_wpn_t8_zm_towers_scorpion_body_front_g
image,#i_t7_metal_rust_01_c
image,#i_t7_metal_rust_01_g
image,#i_t7_metal_rust_01_n
image,#hash_b509a008a2c796a1
image,#i_p8_col_metal_corrugated_roof_n
image,#i_p8_col_metal_corrugated_roof_m
image,#hash_b510978060f763e0
image,#hash_3516eec9eefa9952
image,#hash_b5185ac2cf3cb1a4
image,#hash_b5185ec2cf3cb870
image,#hash_b5185fc2cf3cba23
image,#hash_b51866c2cf3cc608
image,#hash_b5186ac2cf3cccd4
image,#i_mtl_p8_metal_tank_water_n
image,#i_mtl_p8_metal_tank_water_m
image,#i_mtl_attach_t8_loot_smg_vmp_grip_01_n
image,#i_mtl_attach_t8_loot_smg_vmp_grip_01_o
image,#i_mtl_attach_t8_loot_smg_vmp_grip_01_c
image,#i_mtl_attach_t8_loot_smg_vmp_grip_01_g
image,#i_mtl_attach_t8_loot_smg_vmp_grip_01_r
image,#i_mtl_attach_t8_loot_smg_vmp_grip_01_s
image,#i_mtl_wpn_t8_loot_shotgun_fullauto_handguard_sig_n
image,#i_mtl_wpn_t8_loot_shotgun_fullauto_handguard_sig_o
image,#i_mtl_wpn_t8_loot_shotgun_fullauto_handguard_sig_c
image,#i_mtl_wpn_t8_loot_shotgun_fullauto_handguard_sig_g
image,#i_mtl_wpn_t8_loot_shotgun_fullauto_handguard_sig_s
image,#i_t7_concrete_bare_light_01_c
image,#i_wpn_t8_ar_fastfire_mag_r
image,#i_wpn_t8_ar_fastfire_mag_o
image,#i_wpn_t8_ar_fastfire_mag_n
image,#i_wpn_t8_ar_fastfire_mag_g
image,#i_wpn_t8_ar_fastfire_mag_c
image,#i_t8_decal_tech_detail_line_trim_06_c
image,#i_t8_decal_tech_detail_line_trim_06_m
image,#i_t8_decal_tech_detail_line_trim_06_n
image,#i_t8_decal_tech_detail_line_trim_06_o
image,#hash_b52addc6179e4501
image,#i_wpn_t8_loot_sniper_mini14_scope_base_stand_mk2_m
image,#i_wpn_t8_loot_sniper_mini14_scope_base_stand_mk2_n
image,#i_t7_wes_decal_wood_rustic_c
image,#i_t8_zm_decal_dusty_ice_chunks_c
image,#fxt_spark_grind_anim_mask
image,#i_mtl_p8_foliage_flower_lavender_plant_01_c
image,#i_mtl_p8_foliage_flower_lavender_plant_01_n
image,#i_t7_dlc1_metal_rebar_01_rusty_g
image,#i_t7_dlc1_metal_rebar_01_rusty_c
image,#i_t7_dlc1_metal_rebar_01_rusty_o
image,#i_t7_dlc1_metal_rebar_01_rusty_n
image,#i_t7_decal_damage_metal_dent_02_n
image,#hash_353b70f46cf31023
image,#hash_353b71f46cf311d6
image,#hash_353b72f46cf31389
image,#i_mtl_p7_foliage_flower_bougainvillea_flowers_c
image,#i_mtl_p7_foliage_flower_bougainvillea_flowers_n
image,#i_mtl_p7_foliage_flower_bougainvillea_flowers_r
image,#hash_35401b8d38f0aa21
image,#i_attach_t8_ar_fastfire_grip_base_r
image,#i_attach_t8_ar_fastfire_grip_base_s
image,#i_attach_t8_ar_fastfire_grip_base_n
image,#i_attach_t8_ar_fastfire_grip_base_o
image,#i_attach_t8_ar_fastfire_grip_base_c
image,#i_attach_t8_ar_fastfire_grip_base_g
image,#hash_b546cb96a6b8ce10
image,#hash_b546cc96a6b8cfc3
image,#hash_b546d796a6b8e274
image,#i_mtl_t8_loot_wpn_smg_folding_mag_01_n
image,#i_mtl_t8_loot_wpn_smg_folding_mag_01_g
image,#i_mtl_t8_loot_wpn_smg_folding_mag_01_c
image,#i_mtl_t8_loot_wpn_smg_folding_mag_01_s
image,#i_mtl_p7_dock_wood_rustic_set_05_m
image,#i_mtl_p7_dock_wood_rustic_set_05_n
image,#i_mtl_p7_debris_cardboard_flat_03_c
image,#i_mtl_p7_debris_cardboard_flat_03_n
image,#i_wpn_t8_crossbow_sight_base_s
image,#i_wpn_t8_crossbow_sight_base_g
image,#i_wpn_t8_crossbow_sight_base_c
image,#i_wpn_t8_crossbow_sight_base_o
image,#i_wpn_t8_crossbow_sight_base_n
image,#i_wpn_t8_loot_ar_double_tap_body_c
image,#i_wpn_t8_loot_ar_double_tap_body_g
image,#i_wpn_t8_loot_ar_double_tap_body_n
image,#i_wpn_t8_loot_ar_double_tap_body_o
image,#i_wpn_t8_loot_ar_double_tap_body_r
image,#i_wpn_t8_loot_ar_double_tap_body_s
image,#i_mtl_p8_usa_submarine_interior_consoles_details_knob_06_n
image,#i_wpn_t8_smg_capacity_sig_02_mag_n
image,#i_wpn_t8_smg_capacity_sig_02_mag_o
image,#i_wpn_t8_smg_capacity_sig_02_mag_c
image,#i_wpn_t8_smg_capacity_sig_02_mag_g
image,#i_wpn_t8_smg_capacity_sig_02_mag_e
image,#i_wpn_t8_smg_capacity_sig_02_mag_s
image,#ui_icon_weapon_hud_lmg_heavy_tactical_wz
image,#i_veh_t7_detail_noise_02
image,#i_veh_t7_detail_noise_01
image,#i_veh_t8_decal_caution_09_c
image,#i_mtl_p7_water_container_plastic_small_m
image,#i_mtl_p7_water_container_plastic_small_n
image,#i_t7_metal_trim_flashing_o
image,#i_t7_metal_trim_flashing_n
image,#hash_b56a93b9d6840159
image,#hash_b56a97b9d6840825
image,#hash_b56a9eb9d684140a
image,#hash_b56a9fb9d68415bd
image,#hash_b56aa3b9d6841c89
image,#i_c_t8_zmb_mob_zombie_body1_sleeves_g
image,#i_c_t8_zmb_mob_zombie_body1_sleeves_c
image,#i_c_t8_zmb_mob_zombie_body1_sleeves_n
image,#i_c_t8_zmb_mob_zombie_body1_sleeves_o
image,#i_c_t8_zmb_mob_zombie_body1_sleeves_m
image,#i_c_t8_zmb_mob_zombie_body1_sleeves_s
image,#i_attach_t8_smg_handling_stock_02_r
image,#i_mtl_p7_3arc_park_planter_dirt_c
image,#i_mtl_p7_3arc_park_planter_dirt_n
image,#ui_icon_obit_annihilator
image,#i_attach_t8_pistol_revolver_scope_s
image,#i_attach_t8_pistol_revolver_scope_r
image,#i_attach_t8_pistol_revolver_scope_o
image,#i_attach_t8_pistol_revolver_scope_n
image,#i_attach_t8_pistol_revolver_scope_m
image,#i_attach_t8_pistol_revolver_scope_g
image,#i_attach_t8_pistol_revolver_scope_c
image,#i_mtl_p7_fir_barbed_wire_metal_fence_wire_01_n
image,#i_mtl_p7_fir_barbed_wire_metal_fence_wire_01_m
image,#i_wpn_t8_ar_modular_02_grip_sig_01_g
image,#i_wpn_t8_ar_modular_02_grip_sig_01_c
image,#i_wpn_t8_ar_modular_02_grip_sig_01_o
image,#i_wpn_t8_ar_modular_02_grip_sig_01_n
image,#i_wpn_t8_ar_modular_02_grip_sig_01_s
image,#i_c_gen_detail_rubber_n
image,#hash_3585a7c798e4d9ff
image,#icons_hud_ultimates_blade
image,#i_attach_t8_loot_tac_rifle_damageburst_foregrip_g
image,#i_attach_t8_loot_tac_rifle_damageburst_foregrip_c
image,#i_attach_t8_loot_tac_rifle_damageburst_foregrip_n
image,#i_attach_t8_loot_tac_rifle_damageburst_foregrip_o
image,#i_attach_t8_loot_tac_rifle_damageburst_foregrip_r
image,#i_attach_t8_loot_tac_rifle_damageburst_foregrip_s
image,#i_mtl_p7_box_case_metal_rust_n
image,#i_mtl_p7_medicine_bottle_01_n
image,#i_mtl_p7_medicine_bottle_01_c
image,#i_t8_micro_rock_basalt_mossy_01_n
image,#hash_b5a3909ab17f7f88
image,#i_mtl_p7_electrical_box_set2_meterhead_c
image,#i_mtl_p7_electrical_box_set2_meterhead_g
image,#i_mtl_p7_electrical_box_set2_meterhead_o
image,#i_mtl_p7_electrical_box_set2_meterhead_n
image,#i_mtl_p7_electrical_box_set2_meterhead_s
image,#hash_b5a49ce8b2a4c602
image,#i_mtl_p7_zm_asc_battery_auto_set_01_n
image,#i_mtl_p7_zm_asc_battery_auto_set_01_m
image,#i_wpn_t8_ar_heavy_fmj_base_n
image,#i_wpn_t8_ar_heavy_fmj_base_o
image,#i_wpn_t8_ar_heavy_fmj_base_c
image,#i_wpn_t8_ar_heavy_fmj_base_g
image,#i_wpn_t8_ar_heavy_fmj_base_s
image,#i_veh_t7_drone_attack_body_litecolor_test_g_tile
image,#i_mtl_wpn_t8_loot_melee_stop_sign_sign_g
image,#i_mtl_wpn_t8_loot_melee_stop_sign_sign_c
image,#i_mtl_wpn_t8_loot_melee_stop_sign_sign_m
image,#i_mtl_wpn_t8_loot_melee_stop_sign_sign_o
image,#i_mtl_wpn_t8_loot_melee_stop_sign_sign_n
image,#i_mtl_wpn_t8_loot_melee_stop_sign_sign_s
image,#i_p7_electrical_cabinet_01_e
image,#hash_b5c3733be7ba52cc
image,#hash_b5c3743be7ba547f
image,#hash_b5c3773be7ba5998
image,#hash_b5c37b3be7ba6064
image,#hash_b5c3873be7ba74c8
image,#i_p8_zm_esc_turbine_generator_shrouds_o
image,#i_p8_zm_esc_turbine_generator_shrouds_n
image,#i_t8_camo_dlc3_armor_s
image,#i_t8_camo_dlc3_armor_c
image,#i_t8_camo_dlc3_armor_g
image,#i_t8_camo_dlc3_armor_n
image,#i_t7_detail_wool_01
image,#i_attach_t8_ar_galil_grip_o
image,#i_attach_t8_ar_galil_grip_n
image,#i_attach_t8_ar_galil_grip_c
image,#i_attach_t8_ar_galil_grip_g
image,#i_attach_t8_ar_galil_grip_s
image,#i_mtl_p8_zm_zod_toilet_first_class_bathroom_paper_holder_n
image,#i_mtl_p8_zm_zod_toilet_first_class_bathroom_paper_holder_g
image,#i_mtl_p8_zm_zod_toilet_first_class_bathroom_paper_holder_s
image,#cookie_flicker_04
image,#i_mtl_p7_ra2_gold_coin_pile_sml_g
image,#i_mtl_p7_foliage_plant_aloe_dwala_n
image,#i_mtl_p7_foliage_plant_aloe_dwala_c
image,#i_mtl_p7_foliage_plant_aloe_dwala_t
image,#i_mtl_p7_foliage_plant_aloe_dwala_r
image,#i_t7_camo_metal_a_g
image,#i_t7_camo_metal_a_s
image,#fxt8_muzzleflash_side_mask
image,#i_mtl_wpn_t8_loot_lmg_mk48_body_n
image,#i_mtl_wpn_t8_loot_lmg_mk48_body_o
image,#i_mtl_wpn_t8_loot_lmg_mk48_body_c
image,#i_mtl_wpn_t8_loot_lmg_mk48_body_g
image,#i_mtl_wpn_t8_loot_lmg_mk48_body_s
image,#i_veh_t8_decal_sign_caution_01_c
image,#i_mtl_p7_3arc_park_decal_grunge_03_g
image,#hash_b5f56e3ab1f33b8b
image,#i_wpn_t8_sniper_vanguard_magwell_v2_m
image,#i_t7_concrete_worn_painted_white_c
image,#ui_icon_scorestreaks_rcxd
image,#i_mtl_p8_col_mobile_generator_fan_r
image,#i_t8_decal_graphics_artwork_07_c
image,#i_t8_metal_panels_2x5_painted_g
image,#i_t8_metal_panels_2x5_painted_n
image,#i_c_zom_der_zombie_hound_fur_tail_c
image,#hash_3625f80e60d47a22
image,#i_t8_wpn_pistol_revolver_sights_alt_c
image,#i_mtl_p8_zm_esc_pipe_metal_dark_03_n
image,#i_mtl_p8_zm_esc_pipe_metal_dark_03_m
image,#i_t7_metal_panel_floor_cables_01_s
image,#i_t7_metal_panel_floor_cables_01_c
image,#i_mtl_p8_zm_wall_buy_starfield_c
image,#i_veh_t8_decal_gauge_08_s
image,#i_veh_t8_decal_gauge_08_c
image,#i_veh_t8_decal_gauge_08_g
image,#i_veh_t8_decal_gauge_08_n
image,#hash_b63b8fe218c48120
image,#hash_b63b90e218c482d3
image,#hash_b63b98e218c4906b
image,#hash_b63b9ce218c49737
image,#hash_b63bace218c4b267
image,#i_wpn_t8_smg_fastfire_jandle_s
image,#i_wpn_t8_smg_fastfire_jandle_g
image,#i_wpn_t8_smg_fastfire_jandle_c
image,#i_wpn_t8_smg_fastfire_jandle_n
image,#i_wpn_t8_smg_fastfire_jandle_o
image,#i_mtl_veh_t8_mil_air_gunship_body_02_c
image,#i_mtl_veh_t8_mil_air_gunship_body_02_o
image,#i_mtl_veh_t8_mil_air_gunship_body_02_n
image,#i_t8_decal_tech_shipping_container_bolt_04_g
image,#i_t8_decal_tech_shipping_container_bolt_04_c
image,#i_t8_decal_tech_shipping_container_bolt_04_n
image,#i_mtl_p8_zm_deadshot_perk_totem_grunge_01_g
image,#fxt8_lf_artifact_15
image,#fxt8_lf_artifact_14
image,#i_wpn_t8_sniper_powersemi_blood_sig_02_c
image,#i_attach_t8_sniper_koshka_loader_r
image,#i_attach_t8_sniper_koshka_loader_s
image,#i_attach_t8_sniper_koshka_loader_g
image,#i_attach_t8_sniper_koshka_loader_c
image,#i_attach_t8_sniper_koshka_loader_n
image,#i_attach_t8_sniper_koshka_loader_o
image,#fxt8_fire_md_base_anim_alpha
image,#fxt8_liquid_trail
image,#i_t8_concrete_floor_rough_01_o
image,#i_t8_concrete_floor_rough_01_n
image,#i_t8_concrete_floor_rough_01_g
image,#i_t8_concrete_floor_rough_01_c
image,#i_t8_concrete_floor_rough_01_r
image,#i_wpn_t8_ar_accurate_sig_02_decals_c
image,#i_mtl_wpn_t8_lmg_heavy_body_sig_02_c
image,#i_mtl_wpn_t8_lmg_heavy_body_sig_02_e
image,#i_mtl_wpn_t8_lmg_heavy_body_sig_02_g
image,#i_mtl_wpn_t8_lmg_heavy_body_sig_02_o
image,#i_mtl_wpn_t8_lmg_heavy_body_sig_02_n
image,#i_mtl_wpn_t8_lmg_heavy_body_sig_02_s
image,#i_mtl_p8_pipe_metal_hp_4_03_m
image,#i_mtl_p8_pipe_metal_hp_4_03_o
image,#i_mtl_p8_pipe_metal_hp_4_03_n
image,#i_wpn_t8_loot_melee_gift_axe_handle_s
image,#i_wpn_t8_loot_melee_gift_axe_handle_r
image,#i_wpn_t8_loot_melee_gift_axe_handle_o
image,#i_wpn_t8_loot_melee_gift_axe_handle_n
image,#i_wpn_t8_loot_melee_gift_axe_handle_g
image,#i_wpn_t8_loot_melee_gift_axe_handle_c
image,#i_p7_can_metal_01_g
image,#i_t7_ra2_stone_wall_limestone_c
image,#i_t7_ra2_stone_wall_limestone_n
image,#i_mtl_p7_couch_victorian_01_cloth_damage_m
image,#i_mtl_p7_couch_victorian_01_cloth_damage_n
image,#i_mtl_p7_couch_victorian_01_cloth_damage_c
image,#hash_b685f753f20982c3
image,#hash_b685fe53f2098ea8
image,#hash_b6860253f2099574
image,#i_t7_metal_trim_safehouse_mobile_01_n
image,#hash_368d0785cba35ec5
image,#hash_368e6b98db87671f
image,#hash_368e6c98db8768d2
image,#hash_b68fffbcf13b0c2b
image,#i_wpn_t8_ar_fastfire_base_sig_02_s
image,#i_wpn_t8_ar_fastfire_base_sig_02_n
image,#i_wpn_t8_ar_fastfire_base_sig_02_o
image,#i_wpn_t8_ar_fastfire_base_sig_02_c
image,#i_wpn_t8_ar_fastfire_base_sig_02_g
image,#i_t8_decal_grunge_stain_01_r
image,#i_t8_decal_grunge_stain_01_g
image,#i_t8_decal_grunge_stain_01_c
image,#ui_icon_obit_melee_stopsign
image,#hash_b69d1d016cfe8a86
image,#hash_b69d1e016cfe8c39
image,#hash_b69d26016cfe99d1
image,#hash_b69d2a016cfea09d
image,#hash_b69d3a016cfebbcd
image,#i_veh_t8_mil_heli_light_seat_o
image,#i_veh_t8_mil_heli_light_seat_n
image,#i_veh_t8_mil_heli_light_seat_m
image,#i_t8_metal_vent_02_c
image,#i_t8_metal_vent_02_o
image,#i_t8_metal_vent_02_n
image,#i_t8_metal_vent_02_s
image,#hash_36a876c178d8ff9a
image,#hash_b6a8e6338ca71b53
image,#hash_b6a8ed338ca72738
image,#hash_b6a8f1338ca72e04
image,#hash_b6a901338ca74934
image,#i_veh_t8_decal_trim_04_n
image,#i_veh_t8_decal_trim_04_o
image,#i_veh_t8_decal_trim_04_c
image,#i_veh_t8_decal_trim_04_r
image,#i_t7_concrete_floor_broken_03_r
image,#i_t7_concrete_floor_broken_03_n
image,#i_t7_concrete_floor_broken_03_c
image,#i_mtl_p7_tent_military_modular_frame_01_n
image,#i_mtl_p8_zm_esc_laundry_bag_decal_c
image,#i_mtl_wpn_t8_sniper_vanguard_body_v2_alt_mk2_multi_m
image,#i_mtl_t8_decal_damage_dent_metal_thin_01_n
image,#fxt8_bio_roach
image,#ui_icon_ability_wire
image,#i_attach_t8_tac_rifle_swordfish_suppressor_s
image,#i_attach_t8_tac_rifle_swordfish_suppressor_c
image,#i_attach_t8_tac_rifle_swordfish_suppressor_g
image,#hash_36c7b83670d69e6f
image,#i_attach_t8_tac_rifle_swordfish_suppressor_o
image,#i_attach_t8_tac_rifle_swordfish_suppressor_n
image,#i_t7_micro_plastic_rough_heavy_01_c
image,#i_t7_micro_plastic_rough_heavy_01_g
image,#i_t7_micro_plastic_rough_heavy_01_n
image,#hash_36c92e8332a246d0
image,#hash_36c92f8332a24883
image,#hash_36cbe2ba004596eb
image,#hash_36cbe6ba00459db7
image,#i_mtl_p8_foliage_grass_long_skinny_page_02_c
image,#i_mtl_p8_foliage_grass_long_skinny_page_02_n
image,#i_mtl_p8_foliage_grass_long_skinny_page_02_t
image,#hash_36d2d0ec33762bd0
image,#i_veh_t8_scratches_01_n
image,#i_mtl_p7_sgen_gen_lab_sink_02_g
image,#i_mtl_p7_sgen_gen_lab_sink_02_s
image,#hash_36e4cfd9a42933e7
image,#i_t7_glass_window_warehouse_n
image,#i_t7_glass_window_warehouse_c
image,#i_mtl_p7_zm_ver_generator_metal03_n
image,#i_mtl_p7_zm_ver_generator_metal03_m
image,#i_mtl_p8_spray_paint_can_camo_decal_01_n
image,#i_mtl_p8_spray_paint_can_camo_decal_01_m
image,#ui_icon_attachment_holo
image,#hash_b6f8905184d80b45
image,#hash_b6f8935184d8105e
image,#i_wpn_t8_smg_capacity_stock_base_m
image,#i_wpn_t8_smg_capacity_stock_base_n
image,#i_wpn_t8_smg_capacity_stock_base_o
image,#ui_icon_weapon_smg_fastburst_render
image,#i_t8_decal_graphics_signage_col_hotel_03_r
image,#i_t7_glass_dirty_grimes_02_wet_n
image,#i_t7_glass_dirty_grimes_02_wet_c
image,#hash_b708eed903d14ad7
image,#i_mtl_veh_t8_mil_air_gunship_prop_spin_motion_blur_c
image,#i_c_t8_zmb_homunculus_clothing_c
image,#i_c_t8_zmb_homunculus_clothing_g
image,#i_c_t8_zmb_homunculus_clothing_o
image,#i_c_t8_zmb_homunculus_clothing_n
image,#i_mtl_wpn_t8_camo_skulls_01_c
image,#i_mtl_wpn_t8_camo_skulls_01_n
image,#fxt_spark_blink_anim
image,#i_t8_glass_transparent_dusty_panel_g
image,#i_t8_glass_transparent_dusty_panel_n
image,#i_mtl_wpn_t8_camo_geometric_04_02_c
image,#ui_icon_weapon_hud_lmg_spray_tactical_wz
image,#i_mtl_p8_col_conveyor_unit_decal_08_c
image,#i_mtl_p7_ibeam_bracket_m
image,#i_mtl_p7_ibeam_bracket_n
image,#hash_b71e111c3d0da1ea
image,#i_t7_zm_sta_decal_damage_burned_c
image,#i_t7_zm_sta_decal_damage_burned_r
image,#i_t8_decal_graphics_text_ice_4_r
image,#i_t7_concrete_floor_trim_01_c
image,#i_t7_concrete_floor_trim_01_n
image,#hash_b725db4a11d9b786
image,#hash_b725df4a11d9be52
image,#hash_b725e74a11d9cbea
image,#hash_b725e84a11d9cd9d
image,#hash_b725eb4a11d9d2b6
image,#hash_b727fe19e125fc80
image,#hash_b7280219e126034c
image,#hash_b7280a19e12610e4
image,#hash_b7280b19e1261297
image,#hash_b7280e19e12617b0
image,#hash_b7280f19e1261963
image,#hash_b7281fe3102450a4
image,#hash_b72820e310245257
image,#hash_b72823e310245770
image,#hash_b72824e310245923
image,#hash_b7282be310246508
image,#hash_b7282fe310246bd4
image,#i_t8_decal_damage_asphalt_pothole_02_wet_c
image,#hash_b72b43af2697a972
image,#hash_b72b4faf2697bdd6
image,#hash_b72b53af2697c4a2
image,#hash_b72b57af2697cb6e
image,#hash_b72b58af2697cd21
image,#hash_372c9445b8826b36
image,#hash_372c9545b8826ce9
image,#i_mtl_p7_mou_electric_switch_decal_plastic_01_n
image,#i_mtl_p7_mou_electric_switch_decal_plastic_01_c
image,#hash_b7351fa49adbe2ac
image,#i_wpn_t8_tr_midburst_wings_sig_02_n
image,#i_wpn_t8_tr_midburst_wings_sig_02_o
image,#i_wpn_t8_tr_midburst_wings_sig_02_e
image,#i_wpn_t8_tr_midburst_wings_sig_02_g
image,#i_wpn_t8_tr_midburst_wings_sig_02_c
image,#i_wpn_t8_tr_midburst_wings_sig_02_s
image,#i_t7_dlc1_wood_trim_moulding_01_g
image,#i_mtl_p8_lab_tech_rack_metal_painted_04_m
image,#i_t7_dlc1_wood_trim_moulding_01_o
image,#i_t7_dlc1_wood_trim_moulding_01_n
image,#hash_b73ae2e8fb4ecd3f
image,#hash_b73aeee8fb4ee1a3
image,#hash_b73af2e8fb4ee86f
image,#hash_b73af5e8fb4eed88
image,#hash_b73af6e8fb4eef3b
image,#i_mtl_p7_wall_mobile_dep_decal_details_01_c
image,#i_mtl_p7_wall_mobile_dep_decal_details_01_n
image,#i_mtl_p7_wall_mobile_dep_decal_details_01_m
image,#i_t8_zm_off_lab_wall_plaster_dirty_c
image,#i_mtl_wpn_t8_ar_modular_receiver_sig_03_s
image,#i_mtl_wpn_t8_ar_modular_receiver_sig_03_o
image,#i_mtl_wpn_t8_ar_modular_receiver_sig_03_n
image,#i_mtl_wpn_t8_ar_modular_receiver_sig_03_g
image,#i_mtl_wpn_t8_ar_modular_receiver_sig_03_c
image,#fxt_fire_flame_base_2_anim
image,#i_mtl_p8_col_block_stone_fort_01_g
image,#i_mtl_p8_col_block_stone_fort_01_c
image,#i_mtl_p8_col_block_stone_fort_01_o
image,#i_mtl_p8_col_block_stone_fort_01_n
image,#i_mtl_p7_water_container_plastic_detailmap01_n
image,#i_mtl_p7_water_container_plastic_detailmap01_g
image,#i_mtl_p7_water_container_plastic_detailmap01_c
image,#hash_3748a7d4dd18d500
image,#i_mtl_wpn_t8_loot_shotgun_fullauto_foregrip_sig_s
image,#i_mtl_wpn_t8_loot_shotgun_fullauto_foregrip_sig_n
image,#i_mtl_wpn_t8_loot_shotgun_fullauto_foregrip_sig_o
image,#i_mtl_wpn_t8_loot_shotgun_fullauto_foregrip_sig_g
image,#i_mtl_wpn_t8_loot_shotgun_fullauto_foregrip_sig_c
image,#i_mtl_p7_bottle_lable_wine_01_c
image,#i_wpn_t8_lmg_hades_snake_body_e
image,#i_wpn_t8_lmg_hades_snake_body_g
image,#i_wpn_t8_lmg_hades_snake_body_c
image,#i_wpn_t8_lmg_hades_snake_body_o
image,#i_wpn_t8_lmg_hades_snake_body_n
image,#i_wpn_t8_lmg_hades_snake_body_s
image,#i_wpn_t8_smg_capacity_grip_base_r
image,#i_wpn_t8_smg_capacity_grip_base_m
image,#i_wpn_t8_smg_capacity_grip_base_n
image,#i_wpn_t8_smg_capacity_grip_base_o
image,#i_t7_aqu_decal_signage_floor_marking_01_r
image,#i_t7_aqu_decal_signage_floor_marking_01_n
image,#i_t7_mud_footprints_n
image,#i_t7_mud_footprints_r
image,#fxt8_liquid_splat
image,#hash_b767c2da6df64513
image,#hash_b767c6da6df64bdf
image,#hash_b767cdda6df657c4
image,#hash_b767ceda6df65977
image,#hash_b767d2da6df66043
image,#ui_icon_obit_barricade
image,#i_mtl_p7_wes_container_vintage_crate_wood_01_n
image,#i_mtl_p7_wes_container_vintage_crate_wood_01_m
image,#hash_376ef7c7d57a542d
image,#ui_icon_weapon_lmg_standard_tactical_render
image,#i_mtl_p7_decal_ctl_grunge_stain_dark_01_c
image,#i_mtl_p7_decal_ctl_grunge_stain_dark_01_n
image,#i_mtl_p8_zm_esc_generator_lrg_decal_sticker_02_n
image,#i_mtl_p8_zm_esc_generator_lrg_decal_sticker_02_c
image,#i_mtl_p7_zm_ctl_desk_supply_set_02_n
image,#i_mtl_p7_zm_ctl_desk_supply_set_02_c
image,#hash_b775b60d9081be3e
image,#hash_b775c20d9081d2a2
image,#hash_b775c30d9081d455
image,#hash_b775c60d9081d96e
image,#hash_b775ca0d9081e03a
image,#i_veh_t8_glass_pattern_09_n
image,#hash_b7776025d7f8c720
image,#hash_b7777025d7f8e250
image,#hash_b7777425d7f8e91c
image,#hash_b7777c25d7f8f6b4
image,#hash_b7777d25d7f8f867
image,#fxt_gel_trail
image,#i_wpn_t8_loot_sniper_mini14_mag_mk2_m
image,#i_wpn_t8_loot_sniper_mini14_mag_mk2_n
image,#hash_b787a87862cfa714
image,#i_wpn_t8_ar_heavy_sights_c
image,#i_wpn_t8_ar_heavy_sights_g
image,#i_wpn_t8_ar_heavy_sights_o
image,#i_wpn_t8_ar_heavy_sights_n
image,#i_wpn_t8_ar_heavy_sights_s
image,#i_mtl_wpn_t8_sniper_powersemi_mount_sig_02_s
image,#i_mtl_wpn_t8_sniper_powersemi_mount_sig_02_g
image,#i_mtl_wpn_t8_sniper_powersemi_mount_sig_02_c
image,#i_mtl_wpn_t8_sniper_powersemi_mount_sig_02_o
image,#i_mtl_wpn_t8_sniper_powersemi_mount_sig_02_n
image,#i_wpn_t8_eqp_smartcover_decals11_n
image,#i_wpn_t8_eqp_smartcover_decals11_c
image,#hash_b78bef4db883d003
image,#i_mtl_wpn_t8_camo_tank_03_c
image,#$occlusion_black
image,#hash_b78fff9041e67692
image,#hash_b7900f9041e691c2
image,#hash_b790149041e69a41
image,#ui_icon_weapon_hud_launcher_standard
image,#hash_b79b5ce3066e5d92
image,#hash_b79b5de3066e5f45
image,#hash_b79b61e3066e6611
image,#hash_b79b65e3066e6cdd
image,#hash_b79b71e3066e8141
image,#i_mtl_wpn_t8_loot_lmg_mk48_decals_mk2_c
image,#i_t8_decal_graphics_signage_usa_extinguisher_01_c
image,#hash_379f234e4ae6bb8e
image,#ui_icon_equipment_semtex_dark
image,#i_attach_t8_ar_stealth_silencer_long_paracord_n
image,#ui_icon_weapons_zm_sniperpowerbolt
image,#i_mtl_attach_t8_ar_kn57_mount_alt_mk2_m
image,#hash_37b4d7facf0e5777
image,#i_p7_sin_statue_turtle_detail2_n
image,#i_mtl_p7_mou_electrical_panel_set_fastener_n
image,#fxt8_shockwave_elec_anim
image,#hash_b7b9bbf7cf9cf1f0
image,#i_mtl_p7_eth_light_wall_03_metal1_m
image,#i_mtl_p7_eth_light_wall_03_metal1_n
image,#i_mtl_wpn_t8_lmg_heavy_muzzle_sig_02_n
image,#i_mtl_wpn_t8_lmg_heavy_muzzle_sig_02_o
image,#i_mtl_wpn_t8_lmg_heavy_muzzle_sig_02_c
image,#i_mtl_p8_generator_open_01_decal_trace_01_c
image,#i_wpn_t8_ar_modular_02_stock_sig_01_c
image,#i_wpn_t8_ar_modular_02_stock_sig_01_g
image,#i_wpn_t8_ar_modular_02_stock_sig_01_o
image,#i_wpn_t8_ar_modular_02_stock_sig_01_n
image,#i_wpn_t8_ar_modular_02_stock_sig_01_s
image,#i_t8_decal_tech_detail_bolt_06_s
image,#i_t8_decal_tech_detail_bolt_06_n
image,#i_t8_decal_tech_detail_bolt_06_o
image,#i_t8_decal_tech_detail_bolt_06_g
image,#i_t8_decal_tech_detail_bolt_06_c
image,#i_mtl_p7_dumpster_construction_large_dirt_02_c
image,#i_wpn_t8_sniper_koshka_grip_sig_02_c
image,#i_wpn_t8_sniper_koshka_grip_sig_02_g
image,#i_wpn_t8_sniper_koshka_grip_sig_02_n
image,#i_wpn_t8_sniper_koshka_grip_sig_02_o
image,#i_wpn_t8_sniper_koshka_grip_sig_02_s
image,#hash_b7d76ace1511682a
image,#hash_b7d76ece15116ef6
image,#hash_b7d76fce151170a9
image,#hash_b7d776ce15117c8e
image,#hash_b7d77ace1511835a
image,#i_mtl_p8_zm_whi_bed_wood_queen_02_frame_decal_damage_r
image,#i_mtl_p8_zm_whi_bed_wood_queen_02_frame_decal_damage_n
image,#$gloss
image,#i_wpn_t8_smg_capacity_sig_02_grip_o
image,#i_wpn_t8_smg_capacity_sig_02_grip_n
image,#i_wpn_t8_smg_capacity_sig_02_grip_c
image,#i_wpn_t8_smg_capacity_sig_02_grip_g
image,#i_wpn_t8_smg_capacity_sig_02_grip_e
image,#i_wpn_t8_smg_capacity_sig_02_grip_s
image,#hash_37eb51d9188b6ea7
image,#i_t7_fxanim_streamer_01_n
image,#i_t7_fxanim_streamer_01_c
image,#i_mtl_wpn_t8_sniper_vanguard_bolt_v2_mk2_multi_m
image,#i_t7_wood_worn_brown_r
image,#i_attach_t8_optic_holo_s
image,#i_attach_t8_optic_holo_c
image,#i_attach_t8_optic_holo_g
image,#i_attach_t8_optic_holo_o
image,#i_attach_t8_optic_holo_n
image,#i_t8_wpn_smg_accurate_receiver_sig_01_g
image,#i_t8_wpn_smg_accurate_receiver_sig_01_c
image,#i_t8_wpn_smg_accurate_receiver_sig_01_o
image,#i_t8_wpn_smg_accurate_receiver_sig_01_n
image,#i_t8_wpn_smg_accurate_receiver_sig_01_s
image,#hash_37f715923a6e2725
image,#hash_38004676beab11fc
image,#hash_38004976beab1715
image,#hash_38012eb164993478
image,#i_t7_decal_grunge_wall_01_r
image,#i_mtl_wpn_t8_loot_shotgun_fullauto_grip_sig_s
image,#i_mtl_wpn_t8_loot_shotgun_fullauto_grip_sig_c
image,#i_mtl_wpn_t8_loot_shotgun_fullauto_grip_sig_g
image,#i_mtl_wpn_t8_loot_shotgun_fullauto_grip_sig_n
image,#i_mtl_wpn_t8_loot_shotgun_fullauto_grip_sig_o
image,#i_mtl_mtl_veh_t8_mil_heli_attack_tailfin_ir
image,#i_mtl_p7_mou_clock_wall_body_m
image,#i_mtl_p7_mou_clock_wall_body_n
image,#i_wpn_t8_loot_shotgun_fullauto_receiver_body_s
image,#i_wpn_t8_loot_shotgun_fullauto_receiver_body_g
image,#i_wpn_t8_loot_shotgun_fullauto_receiver_body_c
image,#i_wpn_t8_loot_shotgun_fullauto_receiver_body_n
image,#i_wpn_t8_loot_shotgun_fullauto_receiver_body_o
image,#hash_b8208b311390cffb
image,#i_t8_wpn_smg_accurate_rail_cover_sig_02_s
image,#i_t8_wpn_smg_accurate_rail_cover_sig_02_c
image,#i_t8_wpn_smg_accurate_rail_cover_sig_02_g
image,#i_t8_wpn_smg_accurate_rail_cover_sig_02_o
image,#i_t8_wpn_smg_accurate_rail_cover_sig_02_n
image,#i_wpn_t8_tac_rifle_swordfish_straps_m
image,#i_wpn_t8_tac_rifle_swordfish_straps_n
image,#i_wpn_t8_tac_rifle_swordfish_straps_o
image,#i_wpn_t8_tac_rifle_swordfish_straps_g
image,#i_wpn_t8_tac_rifle_swordfish_straps_c
image,#hash_b83cfadc4ecdf126
image,#hash_b83d0adc4ece0c56
image,#hash_b83d0edc4ece1322
image,#hash_b83d16dc4ece20ba
image,#hash_b83d17dc4ece226d
image,#i_wpn_t8_ar_galil_handguard_base_o
image,#i_wpn_t8_ar_galil_handguard_base_n
image,#i_wpn_t8_ar_galil_handguard_base_g
image,#i_wpn_t8_ar_galil_handguard_base_c
image,#i_mtl_wpn_t8_loot_melee_stop_sign_handle_n
image,#i_mtl_wpn_t8_loot_melee_stop_sign_handle_o
image,#i_mtl_wpn_t8_loot_melee_stop_sign_handle_c
image,#i_mtl_wpn_t8_loot_melee_stop_sign_handle_g
image,#i_mtl_wpn_t8_loot_melee_stop_sign_handle_s
image,#i_wpn_t8_ar_fastfire_base_s
image,#i_wpn_t8_ar_fastfire_base_r
image,#i_wpn_t8_ar_fastfire_base_c
image,#i_wpn_t8_ar_fastfire_base_g
image,#i_wpn_t8_ar_fastfire_base_o
image,#i_wpn_t8_ar_fastfire_base_n
image,#hash_b84f69876ab29d54
image,#i_t7_dlc1_concrete_greek_moulding_trim_c
image,#i_t7_dlc1_concrete_greek_moulding_trim_g
image,#i_t7_dlc1_concrete_greek_moulding_trim_n
image,#i_t7_dlc1_concrete_greek_moulding_trim_o
image,#fxt_web_strands_02
image,#hash_b85dfd6a2d8ea15f
image,#i_mtl_veh_t7_decal_square01_c
image,#hash_b8684ee114815e31
image,#hash_b86859e1148170e2
image,#hash_b8685ae114817295
image,#hash_b8685ee114817961
image,#hash_b86862e11481802d
image,#i_mtl_p7_fxanim_gp_vine_strand_ivy_64_smod_proxy_depth
image,#i_wpn_t8_eqp_turret_mini_gun1_s
image,#i_wpn_t8_eqp_turret_mini_gun1_n
image,#i_wpn_t8_eqp_turret_mini_gun1_o
image,#i_wpn_t8_eqp_turret_mini_gun1_g
image,#i_wpn_t8_eqp_turret_mini_gun1_c
image,#ui_icon_weapon_hud_ray_gun_mk2
image,#ui_icon_weapon_camo_active_sig_smg_capacity_spaceshuttle
image,#i_mtl_p7_zm_mob_radiator_vintage_n
image,#i_mtl_p7_zm_mob_radiator_vintage_m
image,#hash_b87bdc64821c658c
image,#hash_b87bf064821c8788
image,#hash_b87bf164821c893b
image,#hash_b87bf364821c8ca1
image,#i_t8_concrete_poured_old_n
image,#i_t8_concrete_poured_old_c
image,#i_t8_wpn_pistol_revolver_bullet_mk2_s
image,#hash_388030b28d4fc56e
image,#i_mtl_p7_ammo_resupply_02_glow_e
image,#i_attach_t8_ar_kn57_stock_01_s
image,#i_attach_t8_ar_kn57_stock_01_r
image,#i_attach_t8_ar_kn57_stock_01_c
image,#i_attach_t8_ar_kn57_stock_01_g
image,#i_attach_t8_ar_kn57_stock_01_o
image,#i_attach_t8_ar_kn57_stock_01_n
image,#i_wpn_t8_sig_bow_scope_g
image,#i_wpn_t8_sig_bow_scope_c
image,#i_wpn_t8_sig_bow_scope_n
image,#i_wpn_t8_sig_bow_scope_o
image,#i_wpn_t8_sig_bow_scope_s
image,#i_mtl_wpn_tac_rifle_mid_burst_mainbody_decal_03_c
image,#i_mtl_p8_metal_tank_water_dirty_01_n
image,#i_mtl_p8_metal_tank_water_dirty_01_c
image,#hash_b898ffb7db87f879
image,#hash_b89903b7db87ff45
image,#hash_b89906b7db88045e
image,#hash_b89907b7db880611
image,#hash_b89913b7db881a75
image,#i_wpn_t8_zm_homunculus_syringe_body_o
image,#i_wpn_t8_zm_homunculus_syringe_body_n
image,#i_wpn_t8_zm_homunculus_syringe_body_c
image,#i_wpn_t8_zm_homunculus_syringe_body_g
image,#i_wpn_t8_zm_homunculus_syringe_body_s
image,#hash_b8a3c5fff5d98d4b
image,#i_t7_dlc1_plastic_hose_ribbed_n
image,#i_t7_dlc1_plastic_hose_ribbed_o
image,#i_t7_dlc1_plastic_hose_ribbed_c
image,#i_t7_dlc1_plastic_hose_ribbed_g
image,#i_mtl_t7_metal_paint_scratched_01_g
image,#i_t7_metal_ramses_gold_s
image,#hash_b8aec34470b91760
image,#i_t7_metal_ramses_gold_g
image,#hash_b8aec74470b91e2c
image,#hash_b8aecf4470b92bc4
image,#hash_b8aed04470b92d77
image,#hash_b8aed34470b93290
image,#fxt8_dirt_pcloud_atlas
image,#hash_b8b6b81fa4e25f46
image,#hash_b8b6b91fa4e260f9
image,#hash_b8b6c11fa4e26e91
image,#hash_b8b6c51fa4e2755d
image,#hash_b8b6d41fa4e28eda
image,#hash_b8b6d51fa4e2908d
image,#i_wpn_t8_ar_galil_sights_base_n
image,#i_wpn_t8_ar_galil_sights_base_g
image,#i_t8_decal_tech_detail_low_tech_02_r
image,#i_t8_decal_tech_detail_low_tech_02_c
image,#i_t8_decal_tech_detail_low_tech_02_n
image,#i_mtl_p7_electrical_box_tall_front_n
image,#i_mtl_p7_electrical_box_tall_front_m
image,#white_gloss
image,#i_t7_concrete_trim_gutter_01_n
image,#i_t7_concrete_trim_gutter_01_c
image,#i_t7_wood_worn_v2_g
image,#i_t7_wood_worn_v2_c
image,#i_mtl_p7_concrete_pillar_damage_c
image,#i_mtl_p7_concrete_pillar_damage_n
image,#i_mtl_p7_spl_clothes_hanger_plastic_m
image,#i_t8_decal_tech_detail_high_tech_83_o
image,#i_t8_decal_tech_detail_high_tech_83_n
image,#i_t8_decal_tech_detail_high_tech_83_c
image,#i_t8_decal_tech_detail_high_tech_83_r
image,#i_mtl_p7_zm_ctl_light_spot_hanging_set_decal_g
image,#i_mtl_p7_zm_ctl_light_spot_hanging_set_decal_c
image,#i_mtl_p7_zm_ctl_light_spot_hanging_set_decal_n
image,#hash_b8e8a895caafbdec
image,#i_mtl_p8_wz_supply_stash_chest_decal_rust_01_c
image,#i_t8_decal_damage_blast_impact_01_c
image,#i_t8_decal_damage_blast_impact_01_g
image,#i_mtl_attach_t8_loot_sniper_semiauto_grip_n
image,#i_mtl_attach_t8_loot_sniper_semiauto_grip_o
image,#i_mtl_attach_t8_loot_sniper_semiauto_grip_c
image,#i_mtl_attach_t8_loot_sniper_semiauto_grip_g
image,#i_mtl_attach_t8_loot_sniper_semiauto_grip_r
image,#i_mtl_attach_t8_loot_sniper_semiauto_grip_s
image,#fxt8_light_phosphorous
image,#i_mtl_wpn_t8_camo_115_c
image,#hash_b8f2f207fda50f26
image,#i_mtl_p8_def_fob_tent_ceiling_end_n
image,#i_mtl_p8_def_fob_tent_ceiling_end_m
image,#i_mtl_wpn_t8_sniper_vanguard_sig_02_barrel_back_o
image,#i_mtl_wpn_t8_sniper_vanguard_sig_02_barrel_back_n
image,#i_mtl_wpn_t8_sniper_vanguard_sig_02_barrel_back_c
image,#i_mtl_wpn_t8_sniper_vanguard_sig_02_barrel_back_g
image,#i_mtl_wpn_t8_sniper_vanguard_sig_02_barrel_back_s
image,#i_mtl_p7_ris_paint_roller_stick_set_cloth_01_c
image,#i_wpn_t8_sig_annihilator_grip_ir
image,#hash_b8ffd9bc0ebf317a
image,#i_mtl_wpn_t8_loot_lmg_mk48_frontsight_s
image,#i_mtl_wpn_t8_loot_lmg_mk48_frontsight_g
image,#i_mtl_wpn_t8_loot_lmg_mk48_frontsight_c
image,#i_mtl_wpn_t8_loot_lmg_mk48_frontsight_n
image,#i_mtl_wpn_t8_loot_lmg_mk48_frontsight_o
image,#i_mtl_attach_t8_loot_ar_double_barrel_foregrip_o
image,#i_mtl_attach_t8_loot_ar_double_barrel_foregrip_n
image,#i_mtl_attach_t8_loot_ar_double_barrel_foregrip_c
image,#i_mtl_attach_t8_loot_ar_double_barrel_foregrip_g
image,#i_mtl_attach_t8_loot_ar_double_barrel_foregrip_s
image,#i_mtl_p7_slu_sofa_dmg_cloth_n
image,#i_mtl_p7_slu_sofa_dmg_cloth_m
image,#fxt8_lf_streak_02
image,#hash_b91e3ec433749ed3
image,#fxt_dust_spike_sm_anim
image,#i_t7_decal_damage_paint_peeling_thick_c
image,#i_t7_decal_damage_paint_peeling_thick_n
image,#i_t7_decal_damage_paint_peeling_thick_r
image,#i_t7_ra2_stone_tile_floor_01_n
image,#i_t7_ra2_stone_tile_floor_01_c
image,#i_mtl_veh_t8_decal_grunge_puddle_crude_oil_01_chunky_r
image,#i_t8_zm_esc_rubble_piles_junk_n
image,#i_t8_zm_esc_rubble_piles_junk_o
image,#i_t8_zm_esc_rubble_piles_junk_c
image,#i_mtl_p8_zm_esc_crate_wood_lrg_cloth04_m
image,#$black_thickness
image,#i_mtl_wpn_t8_loot_lmg_mk48_stock_mk2_n
image,#fxt_decal_default_01
image,#i_attach_t8_sniper_vanguard_bolt_02_s
image,#i_attach_t8_sniper_vanguard_bolt_02_c
image,#i_attach_t8_sniper_vanguard_bolt_02_g
image,#i_attach_t8_sniper_vanguard_bolt_02_n
image,#i_attach_t8_sniper_vanguard_bolt_02_o
image,#hash_b93d1840378be705
image,#hash_b93f64e4d97f2784
image,#hash_393fdda335a8e73c
image,#hash_393fe2a335a8efbb
image,#i_wpn_t8_sniper_vanguard_scope_back_v2_m
image,#i_mtl_p8_zm_esc_pipe_metal_edge_01_n
image,#hash_3940adb2bbd74bae
image,#i_wpn_t8_sniper_vanguard_scope_back_v2_r
image,#hash_3940fda5f034c2ba
image,#i_mtl_p7_electrical_box_set_inside_s
image,#i_mtl_p7_electrical_box_set_inside_n
image,#i_mtl_p7_electrical_box_set_inside_o
image,#i_mtl_p7_electrical_box_set_inside_c
image,#i_mtl_p7_electrical_box_set_inside_g
image,#i_mtl_wpn_t8_sniper_powersemi_barrel_sig_02_s
image,#i_mtl_wpn_t8_sniper_powersemi_barrel_sig_02_n
image,#i_mtl_wpn_t8_sniper_powersemi_barrel_sig_02_o
image,#i_mtl_wpn_t8_sniper_powersemi_barrel_sig_02_g
image,#ui_icon_obit_semtex
image,#i_mtl_wpn_t8_sniper_powersemi_barrel_sig_02_c
image,#i_mtl_wpn_t8_camo_scanlines_01_c
image,#i_wpn_tac_rifle_mid_burst_scope_alt_mk2_m
image,#ui_icon_obit_sniper_fastrechamber
image,#i_t8_decal_graphics_signage_usa_first_aid_02_c
image,#hash_b95250e008123c8c
image,#i_t8_wpn_smg_accurate_bullets_g
image,#i_t8_wpn_smg_accurate_bullets_o
image,#i_t8_wpn_smg_accurate_bullets_n
image,#i_t8_wpn_smg_accurate_bullets_s
image,#i_mtl_t7_plastic_tarp_reinforced_ripped_grey_n
image,#i_mtl_t7_plastic_tarp_reinforced_ripped_grey_a
image,#i_mtl_t7_plastic_tarp_reinforced_ripped_grey_c
image,#i_mtl_p8_zm_esc_light_hallway_cord_long_rust_damage_m
image,#i_t7_drywall_decal_cream_damage_n
image,#i_mtl_p8_zm_esc_gun_gallery_metal_beam_03_n
image,#fxt8_spark_core_burst_alpha
image,#i_mtl_p7_slu_door_white_glass_c
image,#i_mtl_attach_t8_loot_smg_vmp_fast_mag_01_c
image,#i_mtl_attach_t8_loot_smg_vmp_fast_mag_01_g
image,#i_mtl_attach_t8_loot_smg_vmp_fast_mag_01_n
image,#i_mtl_attach_t8_loot_smg_vmp_fast_mag_01_o
image,#i_mtl_attach_t8_loot_smg_vmp_fast_mag_01_s
image,#i_t8_glass_rain_wet_c
image,#i_t8_glass_rain_wet_n
image,#i_c_gen_detail_scratches_n
image,#hash_b963d6671b4faeaf
image,#hash_b965c98af3a82b7c
image,#i_wpn_t7_shotty_prec_sights_rear_base_g
image,#i_wpn_t7_shotty_prec_sights_rear_base_c
image,#i_wpn_t7_shotty_prec_sights_rear_base_n
image,#i_wpn_t7_shotty_prec_sights_rear_base_o
image,#i_wpn_t7_shotty_prec_sights_rear_base_s
image,#i_t8_mov_zm_esc_decal_dirt_rubble_fine_01_blend_02_r
image,#hash_b96672094bfb90cc
image,#i_wpn_t8_loot_melee_hammer_demo_decal01_c
image,#i_p7_furniture_refrigerator_n
image,#i_mtl_p8_col_oil_pipeline_metal_panels_g
image,#i_c_gen_detail_plastic_6_n
image,#i_c_t8_detail_synthetic_tartan_n
image,#i_mtl_p8_zm_esc_cell_bed_decal_01_c
image,#i_mtl_p8_zm_esc_cell_bed_decal_01_n
image,#i_mtl_p7_zm_nac_couch_victorian_beige_lint_n
image,#i_mtl_p7_zm_nac_couch_victorian_beige_lint_c
image,#i_mtl_p7_zm_ctl_typewriter_vintage_c
image,#i_mtl_p7_zm_ctl_typewriter_vintage_n
image,#i_mtl_p7_zm_ctl_typewriter_vintage_m
image,#ui_icon_inventory_reinforced
image,#hash_397edac9cd740f2d
image,#i_attach_t8_loot_shotgun_fullauto_foregrip_n
image,#i_attach_t8_loot_shotgun_fullauto_foregrip_o
image,#i_attach_t8_loot_shotgun_fullauto_foregrip_c
image,#i_attach_t8_loot_shotgun_fullauto_foregrip_g
image,#i_attach_t8_loot_shotgun_fullauto_foregrip_s
image,#i_mtl_p8_zm_esc_fence_wood_set_wood01_n
image,#i_mtl_p8_zm_esc_fence_wood_set_wood01_m
image,#i_mtl_wpn_t8_sniper_vanguard_sig_02_wings_g
image,#i_mtl_wpn_t8_sniper_vanguard_sig_02_wings_c
image,#i_mtl_wpn_t8_sniper_vanguard_sig_02_wings_o
image,#i_mtl_wpn_t8_sniper_vanguard_sig_02_wings_n
image,#i_mtl_p8_foliage_grass_blades_wild_set_09_c
image,#i_t7_ice_wall_shards_blend_n
image,#ui_icon_blackmarket_reserves_tr_flechette_sig_01
image,#i_mtl_p8_spa_fireplace_log_emissive_e
image,#hash_b9a0ee8712924528
image,#hash_39a44ca77ae4bfe3
image,#hash_39a457a77ae4d294
image,#hash_b9a46dd81d85e9cc
image,#hash_b9a479d81d85fe30
image,#hash_b9a47dd81d8604fc
image,#hash_b9a481d81d860bc8
image,#hash_b9a482d81d860d7b
image,#hash_b9a483d81d860f2e
image,#i_t7_decal_grunge_burnt_stain_01_c
image,#i_t7_decal_grunge_burnt_stain_01_g
image,#i_t7_decal_grunge_burnt_stain_01_r
image,#hash_b9a7c6dd18528a5e
image,#ui_icon_weapon_smg_folding_render
image,#hash_39a882bb78758578
image,#hash_39a883bb7875872b
image,#hash_39a885bb78758a91
image,#i_t7_micro_stone_mixed_g
image,#i_t7_micro_stone_mixed_c
image,#i_t7_micro_stone_mixed_n
image,#ui_icon_weapon_melee_cutlass_render
image,#hash_39b2b948bc10f00a
image,#i_veh_t8_decal_sign_b3_c
image,#hash_b9b8b49625af1c43
image,#i_wpn_t8_smg_accurate_charging_handle_sig_03_s
image,#i_wpn_t8_smg_accurate_charging_handle_sig_03_g
image,#i_wpn_t8_smg_accurate_charging_handle_sig_03_c
image,#i_wpn_t8_smg_accurate_charging_handle_sig_03_n
image,#i_t8_wpn_smg_capacity_receiver_sig_o
image,#i_t8_wpn_smg_capacity_receiver_sig_n
image,#hash_b9c1a6b68f15922c
image,#i_wpn_t8_lmg_titan_upper_c
image,#i_wpn_t8_lmg_titan_upper_g
image,#i_wpn_t8_lmg_titan_upper_o
image,#i_wpn_t8_lmg_titan_upper_n
image,#i_wpn_t8_lmg_titan_upper_s
image,#i_wpn_t8_lmg_titan_upper_r
image,#hash_39c4f009fb6a5a74
image,#hash_39c4f109fb6a5c27
image,#i_t7_decal_grunge_dirt_base_03_c
image,#i_attach_t7_ar_dbal_03_d3_n
image,#i_t7_zm_asc_metal_trim_black_s
image,#i_t7_zm_asc_metal_trim_black_g
image,#i_mtl_p7_global_chainlink_fence_kit_door_01_o
image,#i_mtl_p7_global_chainlink_fence_kit_door_01_n
image,#fxt8_laser_beam_end
image,#i_wpn_t8_shotgun_pump_reciever_cover_base_n
image,#i_wpn_t8_shotgun_pump_reciever_cover_base_o
image,#i_wpn_t8_shotgun_pump_reciever_cover_base_c
image,#i_wpn_t8_shotgun_pump_reciever_cover_base_g
image,#i_wpn_t8_shotgun_pump_reciever_cover_base_s
image,#fxt_shockwave_anim_1
image,#i_wpn_t8_loot_smg_burst_rear_mk2_m
image,#i_wpn_t8_loot_smg_burst_rear_mk2_n
image,#i_mtl_p8_zm_esc_power_station_panel_set_box_02_rust_n
image,#i_mtl_p8_zm_esc_power_station_panel_set_box_02_rust_m
image,#hash_b9ebdf38d021b6cc
image,#hash_b9ebe038d021b87f
image,#hash_b9ebe338d021bd98
image,#hash_b9ebe738d021c464
image,#hash_b9ebf338d021d8c8
image,#ui_icon_weapon_smg_standard_sig_01_render
image,#i_p8_zm_esc_shower_fence_set_01_r
image,#i_p8_zm_esc_shower_fence_set_01_n
image,#hash_39ed31286e9913e3
image,#i_t7_micro_cloth_cotton_01_worn_c
image,#i_t7_micro_plaster_cracked_light_01_c
image,#i_p7_zm_isl_pipe_hp_12_flange_rust_m
image,#hash_ba01d9db8bf24ce7
image,#hash_ba04953f4c6e0da4
image,#hash_ba049a3f4c6e1623
image,#i_t7_zm_isl_concrete_rebar_02_n
image,#i_t7_zm_isl_concrete_rebar_02_c
image,#i_t7_zm_isl_concrete_rebar_02_r
image,#fxt8_water_splash_swirl_anim_mask
image,#i_mtl_p7_plank_wood_damaged_2x4x64_v2_m
image,#i_mtl_p7_plank_wood_damaged_2x4x64_v2_n
image,#ui_icon_weapon_lmg_stealth_mk2_render
image,#hash_ba1403348e55fba0
image,#hash_ba1407348e56026c
image,#i_wpn_tac_rifle_mid_burst_laser_o
image,#hash_ba1410348e5611b7
image,#hash_ba1413348e5616d0
image,#i_wpn_tac_rifle_mid_burst_laser_r
image,#i_p8_wz_tarp_large_01_r
image,#i_t8_graphics_detail_circle_light_01_c
image,#i_wpn_t8_zm_raygun_mk2_4_s
image,#i_wpn_t8_zm_raygun_mk2_4_g
image,#i_wpn_t8_zm_raygun_mk2_4_c
image,#i_wpn_t8_zm_raygun_mk2_4_o
image,#i_wpn_t8_zm_raygun_mk2_4_n
image,#i_mtl_p8_zm_crafting_table_alchemy_jar_02_c
image,#i_mtl_p8_zm_crafting_table_alchemy_jar_02_g
image,#i_mtl_p8_zm_crafting_table_alchemy_jar_02_n
image,#i_t8_decal_tech_detail_high_tech_15_n
image,#i_t8_decal_tech_detail_high_tech_15_o
image,#i_t8_decal_tech_detail_high_tech_15_c
image,#hash_3a2014e10af06770
image,#fxt_decal_default_01_n
image,#hash_3a21fccce986fb63
image,#hash_3a21fdcce986fd16
image,#hash_3a2207cce9870e14
image,#i_t8_cloth_rope_01_dirt_c
image,#i_t8_cloth_rope_01_dirt_g
image,#hash_ba27b5017a76e8eb
image,#hash_ba27c0017a76fb9c
image,#hash_ba27c1017a76fd4f
image,#hash_ba27c5017a77041b
image,#hash_ba27c9017a770ae7
image,#hash_ba29a86acf561c47
image,#i_veh_t8_dead_dents_03_n
image,#i_wpn_t8_tac_rifle_surgeon_decals_n
image,#i_wpn_t8_tac_rifle_surgeon_decals_c
image,#i_t7_micro_stone_travertine_c
image,#i_t7_micro_stone_travertine_n
image,#i_t7_detail_bumps_01_n
image,#i_mtl_p7_ban_fan_industrial_net01_n
image,#i_mtl_p7_ban_fan_industrial_net01_g
image,#i_mtl_p7_ban_fan_industrial_net01_c
image,#i_mtl_p7_signage_caution_back_01_c
image,#i_mtl_p7_signage_caution_back_01_g
image,#i_mtl_p7_ra2_gold_coin_n
image,#i_mtl_p7_ra2_gold_coin_o
image,#i_mtl_p7_plank_wood_broken_2x4x64_m
image,#i_mtl_p7_plank_wood_broken_2x4x64_n
image,#ui_icon_hero_blade
image,#i_mtl_p7_cai_door_wood_rustic_01_wood_n
image,#i_mtl_wpn_t8_lmg_heavy_misc_sig_02_o
image,#i_mtl_wpn_t8_lmg_heavy_misc_sig_02_n
image,#i_mtl_wpn_t8_lmg_heavy_misc_sig_02_g
image,#i_mtl_wpn_t8_lmg_heavy_misc_sig_02_c
image,#i_mtl_wpn_t8_lmg_heavy_misc_sig_02_s
image,#i_t7_ral_decal_signage_arrow_01_r
image,#i_t7_ral_decal_signage_arrow_01_c
image,#i_mtl_p8_crane_dock_mobile_decal_scratch_s
image,#i_wpn_t8_eqp_tripwire_slingshot_sling_m
image,#i_wpn_t8_eqp_tripwire_slingshot_sling_n
image,#i_wpn_t8_eqp_tripwire_slingshot_sling_o
image,#i_t7_ban_metal_heavy_rust_blend_r
image,#i_mtl_p7_zm_ver_couch_leather_leather02_n
image,#i_mtl_p7_zm_ver_couch_leather_leather02_m
image,#i_mtl_p7_spl_table_dining_vintage_02_n
image,#i_c_t8_detail_strap_laptop_bag_n
image,#i_t7_min_magazine_trim_c
image,#i_mtl_wpn_t8_ar_stealth_sig_02_small_chain_s
image,#i_mtl_wpn_t8_ar_stealth_sig_02_small_chain_o
image,#i_mtl_wpn_t8_ar_stealth_sig_02_small_chain_n
image,#i_mtl_wpn_t8_ar_stealth_sig_02_small_chain_g
image,#i_mtl_wpn_t8_ar_stealth_sig_02_small_chain_c
image,#i_mtl_p7_foliage_tree_ohia_set_n
image,#i_t8_wz_esc_pictures_wardenpic1_c
image,#i_mtl_wpn_t8_lmg_heavy_stock_shaghair_sig_02_c
image,#i_mtl_wpn_t8_lmg_heavy_stock_shaghair_sig_02_g
image,#i_mtl_wpn_t8_lmg_heavy_stock_shaghair_sig_02_o
image,#i_mtl_wpn_t8_lmg_heavy_stock_shaghair_sig_02_n
image,#i_mtl_p8_zm_zod_debris_wood_decal_b_c
image,#i_mtl_p8_zm_zod_debris_wood_decal_b_n
image,#i_mtl_p8_hangar_scaffolding_metalfloor_01_s
image,#i_mtl_p8_hangar_scaffolding_metalfloor_01_n
image,#i_mtl_p8_hangar_scaffolding_metalfloor_01_g
image,#hash_ba7e81c181147468
image,#hash_ba7e84c181147981
image,#i_mtl_veh_t8_paint_burnt_01_s
image,#fxt8_fire_sm_lick_short_anim_alpha
image,#i_t8_moss_wooly_01_r
image,#hash_ba8e0b596f814bb8
image,#hash_ba8ea3ba36456608
image,#i_wpn_t8_eqp_semtex_cluster_bombs_o
image,#i_wpn_t8_eqp_semtex_cluster_bombs_n
image,#i_wpn_t8_eqp_semtex_cluster_bombs_m
image,#i_veh_t8_base_paint_01_dead_c
image,#i_t7_glass_dark_opaque_g
image,#i_mtl_p7_mov_zm_isl_boat_metal_floor_01_n
image,#hash_ba9fe1cb12a89300
image,#hash_ba9fe2cb12a894b3
image,#hash_ba9fe3cb12a89666
image,#hash_ba9fe9cb12a8a098
image,#hash_ba9fedcb12a8a764
image,#hash_ba9ffdcb12a8c294
image,#fxt8_light_core_hot
image,#i_wpn_t8_loot_ar_standard_amulet_sig_02_c
image,#i_wpn_t8_loot_ar_standard_amulet_sig_02_o
image,#i_wpn_t8_loot_ar_standard_amulet_sig_02_n
image,#i_wpn_t8_loot_ar_standard_amulet_sig_02_s
image,#hash_3aa2d09b62ae88b8
image,#fxt8_decal_blood_spatter_omni
image,#core_plaster_light_c
image,#core_plaster_light_n
image,#i_t7_metal_bare_polished_g
image,#hash_3aadca5ef5d48dd0
image,#hash_3aadcb5ef5d48f83
image,#hash_3aadcd5ef5d492e9
image,#i_t7_wood_planks_worn_n
image,#hash_3ab0ccfe101b5173
image,#ui_icon_weapon_hud_sniper_damagesemi
image,#loot03_ui_icon_blackmarket_reserves_weapon_pistol_auto_mk2
image,#i_mtl_p7_zm_asc_machinery_industrial_big_things_m
image,#hash_bac137b7d4176c9e
image,#hash_bac6ea813bb397a4
image,#i_wpn_t8_loot_melee_hammer_demo_parts_g
image,#i_wpn_t8_loot_melee_hammer_demo_parts_c
image,#i_wpn_t8_loot_melee_hammer_demo_parts_n
image,#i_wpn_t8_loot_melee_hammer_demo_parts_o
image,#i_wpn_t8_loot_melee_hammer_demo_parts_s
image,#i_mtl_t8_loot_wpn_smg_folding_stock_01_n
image,#i_mtl_t8_loot_wpn_smg_folding_stock_01_g
image,#i_mtl_t8_loot_wpn_smg_folding_stock_01_c
image,#i_mtl_t8_loot_wpn_smg_folding_stock_01_s
image,#i_t7_concrete_base_warm_c
image,#i_attach_t8_ar_stealth_silencer_s
image,#i_attach_t8_ar_stealth_silencer_g
image,#i_attach_t8_ar_stealth_silencer_c
image,#i_attach_t8_ar_stealth_silencer_n
image,#i_attach_t8_ar_stealth_silencer_o
image,#i_mtl_wpn_t8_lmg_heavy_frame_sig_02_s
image,#i_mtl_wpn_t8_lmg_heavy_frame_sig_02_n
image,#i_mtl_wpn_t8_lmg_heavy_frame_sig_02_o
image,#i_mtl_wpn_t8_lmg_heavy_frame_sig_02_g
image,#i_mtl_wpn_t8_lmg_heavy_frame_sig_02_e
image,#i_mtl_wpn_t8_lmg_heavy_frame_sig_02_c
image,#i_mtl_p8_chi_beam_roof_metal_base_m
image,#i_mtl_p8_col_conveyor_unit_vents_c
image,#hash_3aeea4006a931bbc
image,#hash_3aeea7006a9320d5
image,#hash_3aeea9006a93243b
image,#hash_baf63b15b8be4ffa
image,#fxt_dust_burst_md_anim
image,#i_t8_wpn_pistol_auto_sight_s
image,#i_t8_wpn_pistol_auto_sight_c
image,#i_t8_wpn_pistol_auto_sight_g
image,#i_t8_wpn_pistol_auto_sight_n
image,#i_t8_wpn_pistol_auto_sight_o
image,#i_mtl_p7_mou_cabinet_filing_set_n
image,#i_mtl_p7_mou_cabinet_filing_set_m
image,#i_mtl_wpn_t8_ar_stealth_sig_02_front_wood_picks_s
image,#i_mtl_wpn_t8_ar_stealth_sig_02_front_wood_picks_n
image,#i_mtl_wpn_t8_ar_stealth_sig_02_front_wood_picks_o
image,#i_mtl_wpn_t8_ar_stealth_sig_02_front_wood_picks_g
image,#i_mtl_wpn_t8_ar_stealth_sig_02_front_wood_picks_c
image,#hash_3b029561da3c353f
image,#hash_3b029861da3c3a58
image,#i_t7_decal_damage_burn_impact_04_n
image,#i_t7_decal_damage_burn_impact_04_c
image,#i_t8_plaster_wall_dirty_02_r
image,#i_t8_decal_grunge_rust_chunky_01_r
image,#i_t8_decal_grunge_rust_chunky_01_o
image,#i_c_t8_zmb_mob_zombie_body1_barbwire_o
image,#i_c_t8_zmb_mob_zombie_body1_barbwire_n
image,#i_c_t8_zmb_mob_zombie_body1_barbwire_c
image,#i_c_t8_zmb_mob_zombie_body1_barbwire_g
image,#i_c_t8_zmb_mob_zombie_body1_barbwire_s
image,#i_mtl_c_t8_zmb_eye_glow
image,#hash_bb1f3233188619d8
image,#hash_bb1f3e3318862e3c
image,#hash_bb1f3f3318862fef
image,#hash_bb1f423318863508
image,#hash_bb1f463318863bd4
image,#i_mtl_p7_skulls_bones_set_n
image,#i_mtl_p7_skulls_bones_set_c
image,#i_mtl_p7_zm_mob_acid_trap_set_decal_c
image,#i_t7_decal_tech_lines_a
image,#i_t7_decal_tech_lines_c
image,#i_t7_decal_tech_lines_n
image,#i_t7_decal_tech_lines_o
image,#i_t8_wpn_pistol_revolver_decal_n
image,#i_t8_wpn_pistol_revolver_decal_c
image,#i_mtl_wpn_t8_zm_towers_scorpion_claw_arm_top_s
image,#i_mtl_wpn_t8_zm_towers_scorpion_claw_arm_top_n
image,#i_mtl_wpn_t8_zm_towers_scorpion_claw_arm_top_o
image,#i_mtl_wpn_t8_zm_towers_scorpion_claw_arm_top_g
image,#i_mtl_wpn_t8_zm_towers_scorpion_claw_arm_top_e
image,#i_mtl_wpn_t8_zm_towers_scorpion_claw_arm_top_c
image,#i_mtl_t8_loot_wpn_smg_folding_bolt_01_o
image,#i_wpn_t8_ar_fastfire_bolt_sig_02_n
image,#i_wpn_t8_ar_fastfire_bolt_sig_02_o
image,#i_wpn_t8_ar_fastfire_bolt_sig_02_c
image,#i_wpn_t8_ar_fastfire_bolt_sig_02_g
image,#i_wpn_t8_ar_fastfire_bolt_sig_02_s
image,#i_mtl_p8_zm_esc_table_wood_lrg_wood_scratch_c
image,#i_mtl_p8_zm_esc_table_wood_lrg_wood_scratch_n
image,#i_wpn_t8_ar_accurate_receiver_sig_03_s
image,#i_wpn_t8_ar_accurate_receiver_sig_03_o
image,#i_wpn_t8_ar_accurate_receiver_sig_03_n
image,#i_wpn_t8_ar_accurate_receiver_sig_03_c
image,#i_wpn_t8_ar_accurate_receiver_sig_03_g
image,#hash_bb333825a9434046
image,#hash_bb333925a94341f9
image,#hash_bb334025a9434dde
image,#hash_bb334425a94354aa
image,#hash_bb335425a9436fda
image,#i_t7_glass_dirty_streaks_02_512_n
image,#i_mtl_wpn_t8_loot_ar_double_barrel_mag_s
image,#i_mtl_wpn_t8_loot_ar_double_barrel_mag_g
image,#i_mtl_wpn_t8_loot_ar_double_barrel_mag_c
image,#i_mtl_wpn_t8_loot_ar_double_barrel_mag_m
image,#i_mtl_wpn_t8_loot_ar_double_barrel_mag_n
image,#i_mtl_wpn_t8_loot_ar_double_barrel_mag_o
image,#i_wpn_t8_tac_rifle_swordfish_grip_mk2_n
image,#i_wpn_t8_tac_rifle_swordfish_grip_mk2_m
image,#hash_3b59245fe75cbc16
image,#hash_3b59315fe75cd22d
image,#hash_3b5b3714a98cb108
image,#hash_3b5b3814a98cb2bb
image,#hash_3b5b3914a98cb46e
image,#hash_bb67911bb9ba6645
image,#hash_bb67981bb9ba722a
image,#hash_bb67991bb9ba73dd
image,#hash_bb679d1bb9ba7aa9
image,#hash_3b68713167d4d6b1
image,#i_mtl_p8_wz_foliage_bush_erigonum_01_proxy_depth
image,#i_mtl_p8_zm_esc_rebar_group_g
image,#i_mtl_p8_zm_esc_rebar_group_c
image,#i_mtl_p8_zm_esc_rebar_group_n
image,#i_t7_wood_planks_damaged_teak_n
image,#i_t7_wood_planks_damaged_teak_c
image,#i_t7_micro_wood_01_g
image,#i_t7_micro_wood_01_c
image,#i_t7_micro_wood_01_n
image,#i_mtl_mtl_veh_t8_mil_heli_attack_body_mid_ir
image,#hash_bb8884289c91eae0
image,#hash_bb8885289c91ec93
image,#hash_bb888d289c91fa2b
image,#hash_bb8891289c9200f7
image,#hash_bb88a1289c921c27
image,#i_t8_oil_crude_clumpy_01_t
image,#i_mtl_p8_col_bookcase_thin_wood_01_m
image,#i_veh_t8_decal_gauge_30_c
image,#ui_icon_weapon_hud_ar_fastfire_operator_wz
image,#i_mtl_p7_zm_isl_plane_zero_wreckage_set_metal_m
image,#i_t8_wpn_pistol_revolver_sight_sig_02_g
image,#i_t8_wpn_pistol_revolver_sight_sig_02_c
image,#i_t8_wpn_pistol_revolver_sight_sig_02_o
image,#i_t8_wpn_pistol_revolver_sight_sig_02_n
image,#i_t8_wpn_pistol_revolver_sight_sig_02_s
image,#i_mtl_p8_hay_bale_round_lg_01_foliage_grass_n
image,#i_mtl_p8_hay_bale_round_lg_01_foliage_grass_c
image,#i_mtl_p8_wz_foliage_leymus_grass_01_a_n
image,#i_mtl_p8_wz_foliage_leymus_grass_01_a_c
image,#i_mtl_p8_box_electric_commercial_metal_m
image,#i_mtl_p8_crate_wood_decal_04_n
image,#i_mtl_p8_crate_wood_decal_04_c
image,#hash_bbbbc23768af23a4
image,#hash_bbbbc43768af270a
image,#hash_bbbbc53768af28bd
image,#hash_bbbbe1d19dca1d00
image,#hash_bbbbe2d19dca1eb3
image,#hash_bbbbead19dca2c4b
image,#hash_bbbbeed19dca3317
image,#hash_bbbbfed19dca4e47
image,#i_t8_micro_paint_dirty_02_c
image,#i_c_gen_detail_strap_d_n
image,#i_mtl_p8_zm_esc_fence_wood_set_broken_n
image,#i_mtl_p8_zm_esc_fence_wood_set_broken_c
image,#i_mtl_p7_zm_asc_pipes_electrical_set_m
image,#i_mtl_p7_zm_asc_pipes_electrical_set_n
image,#i_mtl_wpn_t8_ar_stealth_base_weapon_02_mk2_multi_m
image,#hash_bbc489ce71306da0
image,#hash_bbc48dce7130746c
image,#hash_bbc491ce71307b38
image,#hash_bbc492ce71307ceb
image,#hash_bbc49dce71308f9c
image,#i_mtl_p7_plank_wood_damaged_2x4x64_n
image,#i_mtl_p7_plank_wood_damaged_2x4x64_m
image,#fxt_light_taillight_mask
image,#i_mtl_p7_vista_ship_tanker_deck_rust_m
image,#hash_bbd72641524445a0
image,#hash_bbd7274152444753
image,#hash_bbd73641524460d0
image,#hash_bbd73a415244679c
image,#hash_bbd7424152447534
image,#hash_bbd74341524476e7
image,#i_t8_wpn_shotgun_semi_barrel_s
image,#i_t8_wpn_shotgun_semi_barrel_o
image,#i_t8_wpn_shotgun_semi_barrel_n
image,#i_t8_wpn_shotgun_semi_barrel_c
image,#i_t8_wpn_shotgun_semi_barrel_g
image,#ui_icon_weapon_sniper_powerbolt_wz_render
image,#i_mtl_p8_zm_esc_gondola_lift_roof_decal_r
image,#i_mtl_p8_box_electric_commercial_decal_sign_02_c
image,#i_mtl_p7_vent_metal_dampers_n
image,#i_mtl_p7_vent_metal_dampers_o
image,#i_mtl_p7_vent_metal_dampers_c
image,#i_mtl_p7_vent_metal_dampers_g
image,#i_mtl_wpn_t8_camo_mathworks_02_c
image,#i_mtl_p8_zm_esc_power_house_windows_slab_02_o
image,#i_mtl_p8_zm_esc_power_house_windows_slab_02_n
image,#i_mtl_p8_zm_esc_power_house_windows_slab_02_m
image,#hash_3beda871edb9cbd9
image,#hash_3bedaf71edb9d7be
image,#hash_3bedb371edb9de8a
image,#hash_3bf3ec432cfd9641
image,#hash_3bf5950823e90e4e
image,#i_wpn_t8_ar_heavy_decal_01_fullspec_c
image,#i_wpn_t8_ar_heavy_decal_01_fullspec_n
image,#i_wpn_t8_ar_heavy_decal_01_fullspec_s
image,#i_dni_interference_uv
image,#i_mtl_p8_zm_esc_water_tower_01_tank_top_m
image,#i_mtl_p8_zm_esc_water_tower_01_tank_top_o
image,#i_mtl_p8_zm_esc_water_tower_01_tank_top_n
image,#hash_3bf71d0292380790
image,#i_t8_zm_esc_plaster_wallpaper_vintage_pattern_01_n
image,#ui_icon_weapons_zm_loot_rampage
image,#fxt8_exp_alpha_anim_mask
image,#i_c_t8_detail_metal_light_scratch_n
image,#i_t8_wpn_pistol_revolver_screen_sig_02_c
image,#hash_3c0915227e940692
image,#i_attach_t8_ar_stealth_stock_01_c
image,#i_attach_t8_ar_stealth_stock_01_g
image,#i_attach_t8_ar_stealth_stock_01_o
image,#i_attach_t8_ar_stealth_stock_01_n
image,#i_attach_t8_ar_stealth_stock_01_m
image,#hash_bc15a5ed621c89ae
image,#i_mtl_t8_wpn_loot_smg_folding_bolt_01_g
image,#i_mtl_t8_wpn_loot_smg_folding_bolt_01_c
image,#i_mtl_t8_wpn_loot_smg_folding_bolt_01_n
image,#i_mtl_t8_wpn_loot_smg_folding_bolt_01_s
image,#fxt8_gradient_radial_slope_steep_mask
image,#hash_3c271564a8bc3a13
image,#hash_3c271664a8bc3bc6
image,#i_t7_concrete_wall_weathered_01_n
image,#i_t7_concrete_wall_weathered_01_c
image,#i_t7_concrete_wall_weathered_01_g
image,#i_t8_zm_gla_wood_worn_01_c
image,#i_t8_zm_gla_wood_worn_01_g
image,#i_t8_zm_gla_wood_worn_01_n
image,#i_mtl_p8_zm_esc_cloth_pile_02_button_c
image,#i_mtl_p8_zm_esc_cloth_pile_02_button_n
image,#i_t7_micro_wood_plank_02_n
image,#i_t7_micro_wood_plank_02_c
image,#hash_3c47910ddf0bc8ec
image,#hash_bc4c816bd655c1f8
image,#ui_icon_weapon_ar_standard_mk2_render
image,#i_mtl_p7_cai_foliage_flower_penstemon_flowers_dry_t
image,#i_mtl_p7_cai_foliage_flower_penstemon_flowers_dry_c
image,#i_mtl_p7_cai_foliage_flower_penstemon_flowers_dry_n
image,#i_mtl_wpn_t8_sniper_vanguard_sig_02_belt_s
image,#i_mtl_wpn_t8_sniper_vanguard_sig_02_belt_g
image,#i_mtl_wpn_t8_sniper_vanguard_sig_02_belt_c
image,#i_mtl_wpn_t8_sniper_vanguard_sig_02_belt_n
image,#i_mtl_wpn_t8_sniper_vanguard_sig_02_belt_o
image,#i_t8_decal_tech_detail_high_tech_01_o
image,#i_t8_decal_tech_detail_high_tech_01_n
image,#i_t8_decal_tech_detail_high_tech_01_c
image,#i_t8_decal_tech_detail_high_tech_01_g
image,#i_mtl_p7_zm_asc_switch_electric_01_m
image,#i_mtl_p7_zm_asc_switch_electric_01_n
image,#i_wpn_t8_smg_accurate_mag_sig_03_n
image,#i_wpn_t8_smg_accurate_mag_sig_03_c
image,#i_wpn_t8_smg_accurate_mag_sig_03_e
image,#i_wpn_t8_smg_accurate_mag_sig_03_g
image,#i_wpn_t8_smg_accurate_mag_sig_03_s
image,#i_mtl_p8_zm_esc_medical_surgical_tools_tray_main_n
image,#i_mtl_p8_zm_esc_medical_surgical_tools_tray_main_r
image,#hash_3c73bf4a4486564c
image,#i_veh_t7_wood_panel_damaged_g
image,#hash_3c7474e7a2305c07
image,#fxt8_spark_streak_long_alpha
image,#i_wpn_t8_eqp_turret_mini_gun_barrels_g
image,#i_wpn_t8_eqp_turret_mini_gun_barrels_c
image,#i_wpn_t8_eqp_turret_mini_gun_barrels_o
image,#i_wpn_t8_eqp_turret_mini_gun_barrels_n
image,#i_wpn_t8_eqp_turret_mini_gun_barrels_s
image,#i_mtl_p7_signage_caution_first_aid_c
image,#hash_3c8644ce2dffebe8
image,#hash_3c8647ce2dfff101
image,#i_mtl_p8_box_electric_commercial_glass_g
image,#i_mtl_p8_box_electric_commercial_glass_c
image,#detail_noise_tight
image,#i_mtl_p7_zm_ver_couch_leather_leather_n
image,#i_mtl_p7_zm_ver_couch_leather_leather_c
image,#i_mtl_p7_zm_ver_couch_leather_leather_g
image,#i_mtl_wpn_t8_loot_shotgun_fullauto_ring_n
image,#i_mtl_wpn_t8_loot_shotgun_fullauto_ring_o
image,#i_mtl_wpn_t8_loot_shotgun_fullauto_ring_g
image,#i_mtl_wpn_t8_loot_shotgun_fullauto_ring_c
image,#i_mtl_wpn_t8_loot_shotgun_fullauto_ring_s
image,#i_t7_wood_planks_clean_teak_g
image,#i_attach_t8_ar_galil_stock_strap_g
image,#i_t7_wood_planks_clean_teak_c
image,#i_attach_t8_ar_galil_stock_strap_c
image,#i_attach_t8_ar_galil_stock_strap_n
image,#i_t7_wood_planks_clean_teak_n
image,#i_attach_t8_ar_galil_stock_strap_o
image,#i_attach_t8_ar_galil_stock_strap_s
image,#hash_bc8ee1a1afe2ee8f
image,#hash_bc8ee4a1afe2f3a8
image,#fxt_smk_cigar_whisp
image,#i_mtl_p7_panels_metal_wall_exterior_vent_01_s
image,#i_mtl_p7_panels_metal_wall_exterior_vent_01_o
image,#i_mtl_p7_panels_metal_wall_exterior_vent_01_n
image,#i_mtl_p7_panels_metal_wall_exterior_vent_01_g
image,#i_t8_metal_rebar_rust_01_n
image,#i_t8_metal_rebar_rust_01_o
image,#i_t8_metal_rebar_rust_01_c
image,#i_t8_metal_rebar_rust_01_g
image,#i_mtl_wpn_t8_loot_smg_minigun_bolt_s
image,#i_mtl_wpn_t8_loot_smg_minigun_bolt_o
image,#i_mtl_wpn_t8_loot_smg_minigun_bolt_n
image,#i_mtl_wpn_t8_loot_smg_minigun_bolt_g
image,#i_mtl_wpn_t8_loot_smg_minigun_bolt_c
image,#ui_icon_weapon_hud_smg_fastburst
image,#ui_icon_weapon_hud_smg_capacity
image,#hash_bcab1512af5dd292
image,#hash_bcab1612af5dd445
image,#hash_bcab1a12af5ddb11
image,#hash_bcab1e12af5de1dd
image,#hash_bcab2912af5df48e
image,#hash_bcab2a12af5df641
image,#ui_icon_weapon_melee_bowie_render
image,#i_mtl_p7_zm_asc_machinery_industrial_black_watch_m
image,#i_t8_decal_tech_shipping_container_bolt_05_n
image,#i_t8_decal_tech_shipping_container_bolt_05_g
image,#i_t8_decal_tech_shipping_container_bolt_05_c
image,#ui_icon_obit_melee_zombie_arm
image,#i_attach_t8_smg_handling_stock_01_r
image,#i_t7_micro_metal_grunge_pockmarks_01_s
image,#i_t7_micro_metal_grunge_pockmarks_01_n
image,#i_t7_micro_metal_grunge_pockmarks_01_g
image,#i_t7_micro_metal_grunge_pockmarks_01_c
image,#i_mtl_p7_zm_kin_stool_wood_m
image,#i_mtl_p7_zm_kin_stool_wood_n
image,#hash_bccd27ed2af4b540
image,#hash_bccd28ed2af4b6f3
image,#hash_bccd30ed2af4c48b
image,#hash_bccd34ed2af4cb57
image,#hash_bccd44ed2af4e687
image,#i_mtl_attach_t8_smg_accurate_stock_attach_r
image,#fxt8_smk_md_thick_scatter_anim
image,#i_wpn_t8_ar_accurate_sig_01_grip
image,#i_mtl_p7_mou_storage_cabinet_metal_n
image,#fxt8_decal_mltv_burn
image,#hash_bcdbfeb8af4cb8e6
image,#hash_bcdbffb8af4cba99
image,#hash_bcdc06b8af4cc67e
image,#hash_bcdc0ab8af4ccd4a
image,#hash_bcdc1ab8af4ce87a
image,#ui_icon_obit_flamethrower
image,#i_p7_zm_ctl_gondola_machine_metal_n
image,#i_p7_zm_ctl_gondola_machine_metal_o
image,#i_p7_zm_ctl_gondola_machine_metal_r
image,#i_attach_t8_loot_shotgun_fullauto_drummag_s
image,#i_attach_t8_loot_shotgun_fullauto_drummag_c
image,#i_attach_t8_loot_shotgun_fullauto_drummag_g
image,#i_attach_t8_loot_shotgun_fullauto_drummag_o
image,#i_attach_t8_loot_shotgun_fullauto_drummag_n
image,#i_t7_stone_marble_tile_base_g
image,#i_wpn_t8_smg_capacity_rail_base_mk2_m
image,#i_t7_decal_grunge_epoxy_damage_08_g
image,#i_t8_mix_noise_blocks_01_m
image,#i_t8_wpn_pistol_auto_body_s
image,#i_t8_wpn_pistol_auto_body_c
image,#i_t8_wpn_pistol_auto_body_g
image,#i_t8_wpn_pistol_auto_body_o
image,#i_t8_wpn_pistol_auto_body_n
image,#i_mtl_p8_metal_tank_water_tiling_m
image,#i_wpn_t8_tac_rifle_swordfish_shroud_mk2_n
image,#i_wpn_t8_shotgun_semi_sights_sig_01_s
image,#i_wpn_t8_shotgun_semi_sights_sig_01_g
image,#i_wpn_t8_shotgun_semi_sights_sig_01_c
image,#i_wpn_t8_shotgun_semi_sights_sig_01_o
image,#i_wpn_t8_shotgun_semi_sights_sig_01_n
image,#i_t8_zm_esc_cracks_floor_01_r
image,#i_t8_zm_esc_cracks_floor_01_n
image,#i_t8_zm_esc_cracks_floor_01_c
image,#i_mtl_p7_zm_kin_chair_club_wood_m
image,#i_mtl_p7_zm_kin_chair_club_wood_n
image,#i_mtl_wpn_t8_zm_monkey_light_s
image,#i_mtl_wpn_t8_zm_monkey_light_c
image,#i_mtl_wpn_t8_zm_monkey_light_g
image,#i_mtl_wpn_t8_zm_monkey_light_o
image,#i_mtl_wpn_t8_zm_monkey_light_n
image,#i_t7_water_variant_opacity_n
image,#hash_bd24e6c1c689f852
image,#hash_bd24e7c1c689fa05
image,#hash_bd24eac1c689ff1e
image,#hash_bd24eec1c68a05ea
image,#hash_bd24fac1c68a1a4e
image,#i_mtl_p8_wz_rock_pile_small_cluster_01_c
image,#i_mtl_p8_wz_rock_pile_small_cluster_01_n
image,#i_mtl_p8_wz_rock_pile_small_cluster_01_o
image,#i_mtl_p8_zm_esc_door_frame_wood_01_o
image,#i_mtl_p8_zm_esc_door_frame_wood_01_n
image,#i_mtl_p8_zm_esc_door_frame_wood_01_m
image,#hash_bd2885d11bc18dd1
image,#hash_bd2890d11bc1a082
image,#hash_bd2891d11bc1a235
image,#hash_bd2895d11bc1a901
image,#hash_bd2899d11bc1afcd
image,#hash_3d2b487563cb218c
image,#hash_3d2b4b7563cb26a5
image,#i_mtl_p8_col_rail_tower_wood_01_c
image,#i_mtl_p8_col_rail_tower_wood_01_g
image,#i_wpn_t8_ar_kn57_decal_01_c
image,#i_wpn_t8_ar_kn57_decal_01_n
image,#i_t8_wpn_lmg_heavy_frame_sig_01_s
image,#i_t8_wpn_lmg_heavy_frame_sig_01_o
image,#i_t8_wpn_lmg_heavy_frame_sig_01_n
image,#i_t8_wpn_lmg_heavy_frame_sig_01_g
image,#i_t8_wpn_lmg_heavy_frame_sig_01_c
image,#i_c_t8_zmb_homunculus_legs_n
image,#i_c_t8_zmb_homunculus_legs_o
image,#i_c_t8_zmb_homunculus_legs_g
image,#i_c_t8_zmb_homunculus_legs_c
image,#i_mtl_p7_chair_cafe_wood_dirty_n
image,#i_mtl_p7_chair_cafe_wood_dirty_c
image,#i_t8_zm_esc_plaster_smooth_dirty_01_r
image,#i_t8_zm_esc_plaster_smooth_dirty_01_n
image,#i_t8_zm_esc_plaster_smooth_dirty_01_c
image,#i_t8_zm_esc_plaster_smooth_dirty_01_g
image,#hash_bd3b329e8afd4b19
image,#hash_bd3b369e8afd51e5
image,#hash_bd3b3d9e8afd5dca
image,#hash_bd3b3e9e8afd5f7d
image,#hash_bd3b429e8afd6649
image,#i_wpn_t8_lmg_hades_rear_sight_base_m
image,#i_wpn_t8_lmg_hades_rear_sight_base_n
image,#i_wpn_t8_lmg_hades_rear_sight_base_o
image,#i_wpn_t8_lmg_hades_rear_sight_base_r
image,#i_mtl_p7_3arc_park_decal_grunge_02_g
image,#i_mtl_p7_zm_ctl_toolbox_vintage_metal_m
image,#i_mtl_p7_zm_ctl_toolbox_vintage_metal_n
image,#i_wpn_tr_powersemi_decals_sig_02_s
image,#i_wpn_tr_powersemi_decals_sig_02_n
image,#i_wpn_tr_powersemi_decals_sig_02_o
image,#i_wpn_tr_powersemi_decals_sig_02_g
image,#i_wpn_tr_powersemi_decals_sig_02_c
image,#i_mtl_p7_file_cab_metal_02_new_n
image,#i_wpn_t8_loot_sniper_locus_scope_g
image,#i_wpn_t8_loot_sniper_locus_scope_c
image,#i_wpn_t8_loot_sniper_locus_scope_m
image,#i_wpn_t8_loot_sniper_locus_scope_o
image,#i_wpn_t8_loot_sniper_locus_scope_s
image,#ui_icon_weapon_ar_stealth
image,#ui_icon_obit_sniper_mini14
image,#ui_icon_ability_annihilator
image,#i_mtl_t8_decal_damage_plaster_spread_01_r
image,#i_mtl_p7_sink_kitchen_stainless_modern_01_s
image,#i_mtl_p7_sink_kitchen_stainless_modern_01_o
image,#i_mtl_p7_sink_kitchen_stainless_modern_01_n
image,#i_wpn_t8_tr_midburst_star_decal_sig_02_c
image,#i_wpn_t8_ar_accurate_pouch_r
image,#i_wpn_t8_ar_accurate_pouch_g
image,#i_wpn_t8_ar_accurate_pouch_c
image,#i_wpn_t8_ar_accurate_pouch_o
image,#i_wpn_t8_ar_accurate_pouch_n
image,#i_mtl_p7_zm_tra_stove_kitchen_rust_edge_c
image,#i_t8_zm_esc_plaster_paint_peel_n
image,#i_mtl_t8_wpn_lmg_heavy_rearsight_mk2_n
image,#i_attach_t8_loot_ar_peacekeeper_foregrip_s
image,#i_attach_t8_loot_ar_peacekeeper_foregrip_o
image,#i_attach_t8_loot_ar_peacekeeper_foregrip_n
image,#i_attach_t8_loot_ar_peacekeeper_foregrip_c
image,#i_attach_t8_loot_ar_peacekeeper_foregrip_g
image,#i_mtl_wpn_t8_sniper_vanguard_stock_v2_mk2_multi_m
image,#i_mtl_p7_dock_wood_rustic_set_04_m
image,#i_mtl_p7_dock_wood_rustic_set_04_n
image,#ui_icon_obit_hatchet
image,#i_nodraw
image,#hash_bd77320981d8d286
image,#hash_bd77330981d8d439
image,#hash_bd773b0981d8e1d1
image,#hash_bd773f0981d8e89d
image,#hash_bd774f0981d903cd
image,#i_wpn_t8_sniper_power_semi_scope_r
image,#i_wpn_t8_sniper_power_semi_scope_s
image,#i_wpn_t8_sniper_power_semi_scope_n
image,#i_wpn_t8_sniper_power_semi_scope_o
image,#i_wpn_t8_sniper_power_semi_scope_g
image,#i_wpn_t8_sniper_power_semi_scope_c
image,#i_t8_wpn_smg_accurate_decals_c
image,#i_t8_wpn_smg_accurate_decals_n
image,#i_mtl_t8_wpn_loot_smg_folding_stabilizer_02_n
image,#i_mtl_t8_wpn_loot_smg_folding_stabilizer_02_g
image,#i_mtl_t8_wpn_loot_smg_folding_stabilizer_02_c
image,#i_mtl_t8_wpn_loot_smg_folding_stabilizer_02_s
image,#ui_icon_weapons_zm_lmgheavy
image,#i_t8_decal_grunge_rust_11_n
image,#i_t8_decal_grunge_rust_11_c
image,#i_t8_zm_esc_ground_plate_metal_01_o
image,#i_t8_zm_esc_ground_plate_metal_01_n
image,#i_t8_zm_esc_ground_plate_metal_01_g
image,#i_t8_zm_esc_ground_plate_metal_01_c
image,#hash_bd8f1871e4d34525
image,#hash_bd8f2471e4d35989
image,#hash_bd8f2871e4d36055
image,#hash_bd8f2a71e4d363bb
image,#hash_bd8f2b71e4d3656e
image,#hash_bd90f23794bac860
image,#hash_bd90ff3794bade77
image,#hash_bd965ca4a7ef85c9
image,#i_attach_t8_loot_sniper_locus_silencer_01_g
image,#i_attach_t8_loot_sniper_locus_silencer_01_c
image,#i_attach_t8_loot_sniper_locus_silencer_01_n
image,#i_attach_t8_loot_sniper_locus_silencer_01_o
image,#i_attach_t8_loot_sniper_locus_silencer_01_s
image,#i_p8_oil_pipeline_metal_wall_panel_old_grunge_white_c
image,#i_t7_decal_damage_burned_c
image,#i_t7_decal_damage_burned_n
image,#i_t7_decal_damage_burned_r
image,#i_mtl_attach_t8_loot_ar_double_barrel_fmj_n
image,#i_mtl_attach_t8_loot_ar_double_barrel_fmj_o
image,#i_mtl_attach_t8_loot_ar_double_barrel_fmj_m
image,#i_mtl_attach_t8_loot_ar_double_barrel_fmj_c
image,#i_mtl_attach_t8_loot_ar_double_barrel_fmj_g
image,#i_mtl_attach_t8_loot_ar_double_barrel_fmj_s
image,#i_t7_metal_fence_post_cable_c
image,#i_t7_metal_fence_post_cable_n
image,#i_mtl_p8_zm_zod_bathroom_sink_first_class_set_metal_m
image,#i_mtl_p8_zm_zod_bathroom_sink_first_class_set_metal_n
image,#i_wpn_t8_smg_handling_barrel_mk2_m
image,#i_wpn_t8_smg_handling_barrel_mk2_n
image,#i_wpn_t8_smg_handling_barrel_mk2_o
image,#i_t8_decal_graphics_signage_usa_danger_electrical_01_c
image,#i_mtl_wpn_t8_loot_lmg_mk48_grip_mk2_n
image,#hash_bdcd7055034e049a
image,#i_t7_decal_foliage_ivy_vine_dense_r
image,#i_t7_decal_foliage_ivy_vine_dense_c
image,#i_t7_decal_foliage_ivy_vine_dense_n
image,#i_mtl_p7_blinds_wide_clean_c
image,#i_mtl_p7_zm_ver_wheelchair_metal_01_m
image,#i_mtl_p7_zm_ver_wheelchair_metal_01_n
image,#i_mtl_p7_zm_moo_rug_cloth_01_n
image,#i_mtl_p7_zm_moo_rug_cloth_01_m
image,#i_mtl_p7_zm_moo_rug_cloth_01_c
image,#ui_icon_weapon_lmg_heavy_tactical_render
image,#fx_bullet_chain_col
image,#i_t7_metal_trim_weld_01_rust_c
image,#i_t8_metal_diamond_plate_worn_o
image,#i_t8_metal_diamond_plate_worn_n
image,#i_t8_metal_diamond_plate_worn_c
image,#i_t8_metal_diamond_plate_worn_g
image,#i_t8_metal_diamond_plate_worn_s
image,#i_mtl_p7_medical_surgical_tools_tray_c
image,#i_mtl_p7_medical_surgical_tools_tray_g
image,#ui_icon_weapon_pistol_standard_render
image,#i_mtl_p7_fir_ladder_hanging_rope_c
image,#i_mtl_p7_fir_ladder_hanging_rope_n
image,#i_mtl_p7_fir_ladder_hanging_rope_m
image,#i_mtl_p8_wz_ep_fishing_pole_wood_c
image,#i_t7_metal_worn_gold_g
image,#i_t7_metal_worn_gold_s
image,#black_color
image,#i_wpn_t8_ar_accurate_shroud_sig_03_o
image,#i_wpn_t8_ar_accurate_shroud_sig_03_n
image,#i_wpn_t8_ar_accurate_shroud_sig_03_c
image,#i_wpn_t8_ar_accurate_shroud_sig_03_g
image,#i_wpn_t8_ar_accurate_shroud_sig_03_s
image,#i_wpn_t8_ar_accurate_shroud_sig_03_r
image,#hash_bdf9538423957050
image,#i_mtl_p7_sgen_corvis_light_hanging_backlit_plexi_thickness_m
image,#fxt8_spark_core_burst_hdr
image,#i_mtl_t7_plastic_tarp_reinforced_ripped_grunge_grey_c
image,#i_mtl_t7_plastic_tarp_reinforced_ripped_grunge_grey_a
image,#i_mtl_t7_plastic_tarp_reinforced_ripped_grunge_grey_n
image,#i_veh_t8_decal_bolt_01_c
image,#i_veh_t8_decal_bolt_01_n
image,#i_veh_t8_decal_bolt_01_o
image,#i_attach_wpn_t8_lmg_hades_turbo_2_attach_sig_01_c
image,#i_attach_wpn_t8_lmg_hades_turbo_2_attach_sig_01_g
image,#i_attach_wpn_t8_lmg_hades_turbo_2_attach_sig_01_o
image,#i_attach_wpn_t8_lmg_hades_turbo_2_attach_sig_01_n
image,#i_attach_wpn_t8_lmg_hades_turbo_2_attach_sig_01_s
image,#i_wpn_tac_rifle_mid_burst_cheekrest_mk2_m
image,#i_wpn_tac_rifle_mid_burst_cheekrest_mk2_n
image,#i_wpn_t8_ar_heavy_grip_base_mk2_m
image,#i_wpn_t8_ar_heavy_grip_base_mk2_n
image,#fxt8_dust_mote
image,#i_wpn_t8_ar_modular_barrel_sig_01_n
image,#i_wpn_t8_ar_modular_barrel_sig_01_o
image,#i_wpn_t8_ar_modular_barrel_sig_01_c
image,#i_wpn_t8_ar_modular_barrel_sig_01_g
image,#i_wpn_t8_ar_modular_barrel_sig_01_s
image,#ui_icon_inventory_brawler
image,#i_wpn_t8_ar_heavy_mag_base_n
image,#i_wpn_t8_ar_heavy_mag_base_o
image,#i_wpn_t8_ar_heavy_mag_base_c
image,#i_wpn_t8_ar_heavy_mag_base_g
image,#i_wpn_t8_ar_heavy_mag_base_s
image,#i_wpn_t8_ar_fastfire_release_sig_02_s
image,#i_wpn_t8_ar_fastfire_release_sig_02_c
image,#i_wpn_t8_ar_fastfire_release_sig_02_g
image,#i_wpn_t8_ar_fastfire_release_sig_02_n
image,#i_wpn_t8_ar_fastfire_release_sig_02_o
image,#fxt_water_stream_anim
image,#hash_be2fc48f9be8ad79
image,#hash_be2fc88f9be8b445
image,#hash_be2fcb8f9be8b95e
image,#hash_be2fcc8f9be8bb11
image,#hash_be2fd88f9be8cf75
image,#i_wpn_t8_tac_rifle_swordfish_sig02_stock_o
image,#i_wpn_t8_tac_rifle_swordfish_sig02_stock_n
image,#i_wpn_t8_tac_rifle_swordfish_sig02_stock_g
image,#i_wpn_t8_tac_rifle_swordfish_sig02_stock_c
image,#i_wpn_t8_tac_rifle_swordfish_sig02_stock_s
image,#i_mtl_p7_zm_kin_dresser_wood_03_n
image,#i_mtl_p8_zm_whi_bed_wood_queen_02_mattress_decal_ware_r
image,#i_mtl_p8_zm_whi_bed_wood_queen_02_mattress_decal_ware_o
image,#i_mtl_p8_zm_whi_bed_wood_queen_02_mattress_decal_ware_n
image,#i_wpn_t8_zm_crossbow_impaler_barrel_base_s
image,#i_wpn_t8_zm_crossbow_impaler_barrel_base_o
image,#i_wpn_t8_zm_crossbow_impaler_barrel_base_n
image,#i_wpn_t8_zm_crossbow_impaler_barrel_base_c
image,#i_wpn_t8_zm_crossbow_impaler_barrel_base_g
image,#i_mtl_p8_zm_esc_chemistry_kit_01_metal_n
image,#i_t8_wpn_smg_accurate_handguard_sig_02_o
image,#i_t8_wpn_smg_accurate_handguard_sig_02_n
image,#i_t8_wpn_smg_accurate_handguard_sig_02_g
image,#i_t8_wpn_smg_accurate_handguard_sig_02_c
image,#i_t8_wpn_smg_accurate_handguard_sig_02_s
image,#i_p8_zm_zod_toy_horse_c
image,#i_p8_zm_zod_toy_horse_g
image,#i_p8_zm_zod_toy_horse_o
image,#i_p8_zm_zod_toy_horse_n
image,#i_wpn_t7_shotty_prec_decals_base_c
image,#i_wpn_t7_shotty_prec_decals_base_n
image,#hash_3e48e67512d85330
image,#i_wpn_t8_smg_accurate_barrel_sig_03_n
image,#i_wpn_t8_smg_accurate_barrel_sig_03_o
image,#i_wpn_t8_smg_accurate_barrel_sig_03_c
image,#i_wpn_t8_smg_accurate_barrel_sig_03_g
image,#i_wpn_t8_smg_accurate_barrel_sig_03_s
image,#i_mtl_p7_zm_ctl_clock_wall_vintage_01_c
image,#i_t7_decal_grunge_rust_08_c
image,#i_mtl_p7_spl_table_dining_vintage_dmg_01_m
image,#i_attach_t8_smg_handling_fastmag_m
image,#i_attach_t8_smg_handling_fastmag_n
image,#i_attach_t8_smg_handling_fastmag_o
image,#i_attach_t8_smg_handling_fastmag_c
image,#i_attach_t8_smg_handling_fastmag_g
image,#i_attach_t8_smg_handling_fastmag_s
image,#i_t8_concrete_polished_smooth_01_s
image,#hash_3e630b01ccfbb0a4
image,#hash_3e630c01ccfbb257
image,#i_attach_t8_optic_hybrid_frame_s
image,#i_attach_t8_optic_hybrid_frame_r
image,#i_attach_t8_optic_hybrid_frame_o
image,#i_attach_t8_optic_hybrid_frame_n
image,#i_attach_t8_optic_hybrid_frame_g
image,#i_attach_t8_optic_hybrid_frame_c
image,#i_mtl_p7_couch_victorian_01_wood_n
image,#i_mtl_p7_couch_victorian_01_wood_m
image,#i_mtl_p8_wz_door_01_wood_painted_r
image,#hash_3e6986e47fccb680
image,#hash_be6caf52d4fc5426
image,#hash_be6cb352d4fc5af2
image,#hash_be6cb752d4fc61be
image,#hash_be6cb852d4fc6371
image,#hash_be6cc352d4fc7622
image,#hash_be6cc452d4fc77d5
image,#i_sprite_rain_m
image,#i_sprite_rain_n
image,#i_wpn_t8_hero_war_machine_accessories_o
image,#i_wpn_t8_hero_war_machine_accessories_n
image,#i_wpn_t8_hero_war_machine_accessories_c
image,#i_wpn_t8_hero_war_machine_accessories_g
image,#i_wpn_t8_hero_war_machine_accessories_s
image,#i_wpn_t8_ar_fastfire_magwell_g
image,#i_wpn_t8_ar_fastfire_magwell_c
image,#i_wpn_t8_ar_fastfire_magwell_o
image,#i_wpn_t8_ar_fastfire_magwell_n
image,#i_wpn_t8_ar_fastfire_magwell_s
image,#i_wpn_t8_ar_fastfire_magwell_r
image,#i_c_t8_mp_spe_armor_shared_medium_c
image,#i_wpn_t8_eqp_datapad_decals_e
image,#i_wpn_t8_eqp_datapad_decals_c
image,#i_wpn_t8_eqp_datapad_decals_n
image,#i_wpn_t8_shotgun_pump_muzzle_base_mk2_m
image,#i_mtl_wpn_t8_sniper_vanguard_barrel_v2_mk2_multi_m
image,#hash_be99ecd06e49fc87
image,#i_attach_t8_ar_kn57_mount_r
image,#i_mtl_p7_fir_ball_sports_basketball_n
image,#i_mtl_p7_fir_ball_sports_basketball_g
image,#i_mtl_p7_fir_ball_sports_basketball_c
image,#i_t8_micro_cloth_polyester_non_woven_01_n
image,#i_t8_micro_cloth_polyester_non_woven_01_c
image,#i_mtl_p8_chi_beam_roof_metal_scratch_n
image,#i_mtl_p8_chi_beam_roof_metal_scratch_c
image,#i_mtl_p8_pipe_metal_hp_4_02_m
image,#i_wpn_t8_lmg_titan_sig_02_iron_sights_front_s
image,#i_wpn_t8_lmg_titan_sig_02_iron_sights_front_c
image,#i_wpn_t8_lmg_titan_sig_02_iron_sights_front_g
image,#i_wpn_t8_lmg_titan_sig_02_iron_sights_front_o
image,#i_wpn_t8_lmg_titan_sig_02_iron_sights_front_n
image,#i_mtl_p8_col_conveyor_unit_metal_n
image,#i_wpn_t8_ar_fastfire_bullet_sig_01_s
image,#i_wpn_t8_ar_fastfire_bullet_sig_01_n
image,#i_wpn_t8_ar_fastfire_bullet_sig_01_o
image,#i_wpn_t8_ar_fastfire_bullet_sig_01_g
image,#i_wpn_t8_ar_fastfire_bullet_sig_01_c
image,#hash_bead4b96de7510ff
image,#hash_bead5296de751ce4
image,#hash_bead5396de751e97
image,#hash_bead5696de7523b0
image,#hash_bead5796de752563
image,#hash_3ebd4ff3e3620644
image,#i_mtl_p8_zm_esc_generator_lrg_metal_01_unique_c
image,#i_mtl_p8_zm_esc_generator_lrg_metal_01_unique_m
image,#i_mtl_p8_zm_esc_generator_lrg_metal_01_unique_n
image,#i_mtl_p8_zm_esc_generator_lrg_metal_01_unique_o
image,#i_mtl_p8_light_wall_curved_sconce_n
image,#i_mtl_p8_light_wall_curved_sconce_o
image,#i_mtl_p8_light_wall_curved_sconce_m
image,#i_mtl_p8_light_wall_curved_sconce_g
image,#i_mtl_p8_light_wall_curved_sconce_c
image,#ui_icon_equipment_tripwire
image,#i_wpn_t8_smg_handling_bolt_g
image,#i_wpn_t8_smg_handling_bolt_c
image,#i_wpn_t8_smg_handling_bolt_n
image,#i_wpn_t8_smg_handling_bolt_o
image,#i_wpn_t8_smg_handling_bolt_s
image,#i_wpn_t8_sig_grapple_gun_tape_n
image,#i_wpn_t8_sig_grapple_gun_tape_o
image,#hash_3ed56fbc7490dd97
image,#i_t8_rubber_coated_tread_grate_01_n
image,#i_t8_rubber_coated_tread_grate_01_g
image,#i_t8_rubber_coated_tread_grate_01_c
image,#hash_3ed8e2b36f656711
image,#i_wpn_t8_shotgun_pump_sig_01_handguard_s
image,#i_wpn_t8_shotgun_pump_sig_01_handguard_o
image,#i_wpn_t8_shotgun_pump_sig_01_handguard_n
image,#i_wpn_t8_shotgun_pump_sig_01_handguard_g
image,#i_t7_metal_dark_s
image,#i_t7_metal_dark_c
image,#i_t7_metal_dark_g
image,#i_mtl_p8_zm_esc_shelf_industrial_vintage_96_screw_n
image,#i_mtl_p8_zm_esc_shelf_industrial_vintage_96_screw_m
image,#i_attach_wpn_t8_loot_pistol_auto_grip_g
image,#i_attach_wpn_t8_loot_pistol_auto_grip_c
image,#i_attach_wpn_t8_loot_pistol_auto_grip_n
image,#i_attach_wpn_t8_loot_pistol_auto_grip_o
image,#i_attach_wpn_t8_loot_pistol_auto_grip_s
image,#i_mtl_p8_cable_wire_bundle_01_coated_c
image,#hash_bef4940c8e25cf6b
image,#hash_bef4a40c8e25ea9b
image,#i_mtl_p8_zm_esc_power_station_panel_set_box_01_n
image,#i_mtl_p7_slu_tarp_plastic_decal_n
image,#i_mtl_p7_slu_tarp_plastic_decal_c
image,#i_wpn_t8_shotgun_semi_handguard_sig_01_c
image,#i_wpn_t8_shotgun_semi_handguard_sig_01_g
image,#i_wpn_t8_shotgun_semi_handguard_sig_01_o
image,#i_wpn_t8_shotgun_semi_handguard_sig_01_n
image,#i_wpn_t8_shotgun_semi_handguard_sig_01_s
image,#hash_3f010c825fc98523
image,#hash_3f01ec971ad11e39
image,#hash_3f0208971ad14dcd
image,#ui_icon_weapon_hud_smg_handling
image,#i_mtl_wpn_t8_knife_bowie_metal_o
image,#i_mtl_wpn_t8_knife_bowie_metal_n
image,#i_mtl_wpn_t8_knife_bowie_metal_g
image,#i_mtl_wpn_t8_knife_bowie_metal_c
image,#i_mtl_wpn_t8_knife_bowie_metal_s
image,#i_mtl_p7_tent_military_straps_01_n
image,#i_mtl_p7_tent_military_straps_01_c
image,#i_mtl_p8_foliage_flower_lavender_plant_02_n
image,#i_mtl_p8_foliage_flower_lavender_plant_02_c
image,#hash_3f0e757e6be183fe
image,#hash_3f0e767e6be185b1
image,#i_mtl_p7_plane_airliner_wreckage_set_shell_m
image,#i_mtl_p7_zm_ori_pillar_concrete_dmg_rebar_n
image,#i_mtl_p7_zm_ori_pillar_concrete_dmg_rebar_c
image,#i_mtl_p8_zm_esc_crane_wood_m
image,#i_t8_micro_ripple_01
image,#hash_bf12840b987b923e
image,#i_mtl_p7_boat_life_preserver_dirty_m
image,#i_t8_decal_tech_detail_bolt_09_c
image,#i_t8_decal_tech_detail_bolt_09_o
image,#i_t8_decal_tech_detail_bolt_09_n
image,#i_t7_micro_metal_grunge_galvanized_03_s
image,#i_t7_micro_metal_grunge_galvanized_03_n
image,#i_t7_micro_metal_grunge_galvanized_03_g
image,#i_attach_t8_sniper_vanguard_handguard_02_g
image,#i_attach_t8_sniper_vanguard_handguard_02_c
image,#i_attach_t8_sniper_vanguard_handguard_02_o
image,#i_attach_t8_sniper_vanguard_handguard_02_n
image,#i_mtl_wpn_t8_loot_ar_double_barrel_bolt_m
image,#i_mtl_wpn_t8_loot_ar_double_barrel_bolt_n
image,#i_mtl_wpn_t8_loot_ar_double_barrel_bolt_o
image,#i_mtl_wpn_t8_loot_ar_double_barrel_bolt_c
image,#i_attach_t8_sniper_vanguard_handguard_02_s
image,#i_mtl_wpn_t8_loot_ar_double_barrel_bolt_g
image,#i_mtl_wpn_t8_loot_ar_double_barrel_bolt_s
image,#i_mtl_t8_loot_wpn_smg_folding_reciever_mk2_n
image,#i_mtl_t8_loot_wpn_smg_folding_reciever_mk2_m
image,#i_mtl_p8_wz_foliage_bush_creosote_02_proxy_distance
image,#i_mtl_wpn_t8_sniper_vanguard_cheekrest_v2_o
image,#i_mtl_wpn_t8_sniper_vanguard_cheekrest_v2_n
image,#i_mtl_wpn_t8_sniper_vanguard_cheekrest_v2_g
image,#i_mtl_wpn_t8_sniper_vanguard_cheekrest_v2_c
image,#i_mtl_wpn_t8_sniper_vanguard_cheekrest_v2_s
image,#i_mtl_wpn_t8_sniper_vanguard_cheekrest_v2_r
image,#i_mtl_p7_zm_nac_trailer_generator_01_m
image,#i_mtl_p7_zm_nac_trailer_generator_01_n
image,#hash_bf2ff387b8210f11
image,#hash_bf2ffe87b82121c2
image,#hash_bf2fff87b8212375
image,#hash_bf300387b8212a41
image,#hash_bf300787b821310d
image,#i_mtl_p8_planter_frame_iron_decal_dirty_c
image,#i_mtl_p8_zm_esc_cell_support_step_multi_m
image,#fxt_water_ring_distort
image,#i_t7_ral_waves_n
image,#i_t8_wpn_pistol_revolver_body_alt_03_c
image,#i_t8_wpn_pistol_revolver_body_alt_03_n
image,#hash_3f379d4080786cf7
image,#i_wpn_t8_loot_melee_amulet_metal_s
image,#i_wpn_t8_loot_melee_amulet_metal_o
image,#i_wpn_t8_loot_melee_amulet_metal_n
image,#i_wpn_t8_loot_melee_amulet_metal_m
image,#i_wpn_t8_loot_melee_amulet_metal_g
image,#hash_bf39acc0e34aed4c
image,#hash_bf39adc0e34aeeff
image,#hash_bf39b8c0e34b01b0
image,#hash_bf39bcc0e34b087c
image,#hash_bf39c0c0e34b0f48
image,#hash_bf39c1c0e34b10fb
image,#i_wpn_t8_sniper_vanguard_scope_v2_m
image,#hash_bf3efe32f545ab32
image,#hash_bf3eff32f545ace5
image,#hash_bf3f0232f545b1fe
image,#hash_bf3f0632f545b8ca
image,#hash_bf3f1232f545cd2e
image,#i_mtl_t8_loot_wpn_smg_folding_shroud_01_o
image,#i_mtl_t8_loot_wpn_smg_folding_shroud_01_n
image,#i_mtl_p7_medical_surgical_tools_n
image,#hash_bf47e001f219e204
image,#i_mtl_wpn_t8_zm_freeze_gun_frost_decal_n
image,#i_mtl_wpn_t8_zm_freeze_gun_frost_decal_c
image,#i_mtl_veh_t8_mil_helicopter_transport_decal_anchor_c
image,#ui_icon_weapon_hud_ar_damage_tactical_wz
image,#i_mtl_p8_col_table_cafeteria_folding_set_m
image,#i_mtl_p8_col_table_cafeteria_folding_set_n
image,#hash_bf58160ce51d8124
image,#hash_bf58220ce51d9588
image,#hash_bf58260ce51d9c54
image,#i_wpn_t8_shotgun_semi_railcover_glass_sig_02_n
image,#i_wpn_t8_shotgun_semi_railcover_glass_sig_02_c
image,#i_wpn_t8_shotgun_semi_railcover_glass_sig_02_g
image,#i_wpn_t8_shotgun_semi_railcover_glass_sig_02_s
image,#hash_bf5ff7ed95c71e96
image,#hash_bf5ff8ed95c72049
image,#hash_bf6000ed95c72de1
image,#hash_bf6004ed95c734ad
image,#i_mtl_p8_crane_suspended_01_metal_06_m
image,#i_mtl_p8_crane_suspended_01_metal_06_n
image,#i_wpn_t8_smg_fastfire_body_02_mk2_n
image,#i_t7_micro_concrete_c
image,#i_t7_micro_concrete_g
image,#i_t7_micro_concrete_n
image,#i_mtl_wpn_t8_loot_ar_standard_stock_sig_02_o
image,#i_mtl_wpn_t8_loot_ar_standard_stock_sig_02_n
image,#i_mtl_wpn_t8_loot_ar_standard_stock_sig_02_c
image,#i_mtl_wpn_t8_loot_ar_standard_stock_sig_02_g
image,#i_mtl_wpn_t8_loot_ar_standard_stock_sig_02_s
image,#i_t8_decal_grunge_drip_water_flowing_01_n
image,#i_igc_lensflare
image,#i_mtl_p8_cables_electrical_boxes_01_n
image,#i_mtl_p8_cables_electrical_boxes_01_o
image,#i_mtl_p8_cables_electrical_boxes_01_m
image,#hash_bf732f4a17ed49e9
image,#hash_3f7390b504378dcd
image,#i_wpn_t8_tac_rifle_swordfish_carry_handle_mk2_m
image,#i_wpn_t8_tac_rifle_swordfish_carry_handle_mk2_o
image,#i_mtl_p7_desk_metal_military_03_set_detail_n
image,#hash_bf783e8e06c45049
image,#hash_bf79d52125fc2552
image,#hash_bf79e12125fc39b6
image,#hash_bf79e52125fc4082
image,#hash_bf79e92125fc474e
image,#hash_bf79ea2125fc4901
image,#i_mtl_p8_zm_esc_shelf_industrial_vintage_96_metal_m
image,#hash_bf7fecfbf16dbe61
image,#hash_3f8227ff50b7092b
image,#i_wpn_t8_shotgun_pump_sig_01_grip_g
image,#i_wpn_t8_shotgun_pump_sig_01_grip_c
image,#i_wpn_t8_shotgun_pump_sig_01_grip_o
image,#i_wpn_t8_shotgun_pump_sig_01_grip_n
image,#i_wpn_t8_shotgun_pump_sig_01_grip_s
image,#i_wpn_t8_sniper_power_semi_bullet_s
image,#i_wpn_t8_sniper_power_semi_bullet_g
image,#i_wpn_t8_sniper_power_semi_bullet_n
image,#i_wpn_t8_sniper_power_semi_bullet_o
image,#i_t7_wes_metal_base_g
image,#i_mtl_wpn_t8_loot_shotgun_fullauto_receiver_body_mk2_n
image,#i_wpn_t8_tac_rifle_swordfish_carry_handle_s
image,#i_wpn_t8_tac_rifle_swordfish_carry_handle_r
image,#i_wpn_t8_tac_rifle_swordfish_carry_handle_g
image,#i_wpn_t8_tac_rifle_swordfish_carry_handle_c
image,#i_wpn_t8_tac_rifle_swordfish_carry_handle_o
image,#i_wpn_t8_tac_rifle_swordfish_carry_handle_n
image,#hash_3f9bb652c8b2f5cc
image,#hash_bfa3c296aa772dc4
image,#hash_bfa3c696aa773490
image,#hash_bfa3c796aa773643
image,#hash_bfa3ce96aa774228
image,#hash_bfa3d296aa7748f4
image,#i_wpn_t8_tac_rifle_surgeon_grip_n
image,#i_wpn_t8_tac_rifle_surgeon_grip_g
image,#i_wpn_t8_tac_rifle_surgeon_grip_c
image,#ui_icon_weapon_tr_longburst_tactical_render
image,#i_veh_t8_decal_greeble_22_t
image,#i_veh_t8_decal_greeble_22_n
image,#i_veh_t8_decal_greeble_22_o
image,#i_veh_t8_decal_greeble_22_c
image,#i_t7_camo_copper_s
image,#i_mtl_p7_bracket_support_metal_c
image,#i_mtl_p7_bracket_support_metal_n
image,#i_attach_t8_sniper_koshka_mag_s
image,#i_attach_t8_sniper_koshka_mag_n
image,#i_attach_t8_sniper_koshka_mag_o
image,#i_attach_t8_sniper_koshka_mag_c
image,#i_attach_t8_sniper_koshka_mag_g
image,#i_mtl_p8_zm_zod_bathroom_sink_first_class_set_marble_c
image,#hash_3fbe7eacc22e76fd
image,#hash_3fbe81acc22e7c16
image,#hash_3fbe82acc22e7dc9
image,#hash_3fbe8aacc22e8b61
image,#hash_3fbe8eacc22e922d
image,#i_mtl_p7_zm_nac_couch_victorian_beige_cloth_04_m
image,#i_mtl_p7_zm_nac_couch_victorian_beige_cloth_04_n
image,#ui_icon_inventory_p8_backpack_military
image,#i_t8_decal_tech_detail_low_tech_08c_c
image,#ui_icon_equipment_eq_tripwire
image,#t8_ies_20
image,#t8_ies_23
image,#i_t8_decal_graphics_numbers_comsat_3_reveal_white_r
image,#$white_ao
image,#i_t8_decal_tech_detail_line_trim_05_o
image,#i_t8_decal_tech_detail_line_trim_05_n
image,#i_t8_decal_tech_detail_line_trim_05_m
image,#compassping_enemysatellite_diamond_top
image,#i_mtl_p7_construction_netting_n
image,#hash_3fdb0717ddc0b2b8
image,#hash_bfe219a325e7699c
image,#i_t8_micro_dirt_01_c
image,#i_t8_micro_dirt_01_n
image,#i_mtl_p8_foliage_weeds_leaf_02_c
image,#i_mtl_p8_foliage_weeds_leaf_02_n
image,#hash_bfe6e44f6e816c9a
image,#hash_3fef2c4c12ada51e
image,#hash_3ff1aac8434ff520
image,#i_mtl_veh_t8_decal_equipment_vent_holes_c
image,#hash_bff3f21a575a17ff
image,#hash_400082bcc8c17a2c
image,#i_t7_wes_wood_wall_siding_01_r
image,#i_t7_wes_wood_wall_siding_01_o
image,#i_t7_wes_wood_wall_siding_01_n
image,#i_t7_wes_wood_wall_siding_01_m
image,#i_t7_wes_wood_wall_siding_01_g
image,#i_t7_wes_wood_wall_siding_01_c
image,#hash_4007182f33ae2e34
image,#hash_40071b2f33ae334d
image,#hash_c0082c02207331e0
image,#hash_c0082d0220733393
image,#ui_icon_obit_ar_accurate
image,#i_t7_micro_cloth_wool_01_c
image,#i_t7_micro_cloth_wool_01_n
image,#i_mtl_p8_usa_submarine_interior_consoles_details_knob_05_c
image,#i_mtl_p8_usa_submarine_interior_consoles_details_knob_05_n
image,#ui_icon_weapons_zm_shotgun_semiauto_sig_01
image,#$white_specular
image,#i_p8_zm_zod_mail_sorting_metal_table_m
image,#i_mtl_p7_sin_sh_truss_platform_pole_01_o
image,#i_mtl_p7_sin_sh_truss_platform_pole_01_n
image,#i_mtl_wpn_t8_loot_ar_standard_handguard_sig_02_s
image,#i_mtl_wpn_t8_loot_ar_standard_handguard_sig_02_g
image,#i_mtl_wpn_t8_loot_ar_standard_handguard_sig_02_c
image,#i_mtl_wpn_t8_loot_ar_standard_handguard_sig_02_o
image,#i_mtl_wpn_t8_loot_ar_standard_handguard_sig_02_n
image,#i_mtl_wpn_t8_smg_burst_sights_sig_s
image,#i_mtl_wpn_t8_smg_burst_sights_sig_g
image,#i_mtl_wpn_t8_smg_burst_sights_sig_c
image,#i_mtl_wpn_t8_smg_burst_sights_sig_n
image,#i_mtl_wpn_t8_smg_burst_sights_sig_o
image,#hash_c0253fbaa035917d
image,#i_mtl_p7_street_curb_concrete_chunk_01_black_c
image,#i_t8_asphalt_gravel_worn_01_g
image,#i_t8_asphalt_gravel_worn_01_r
image,#hash_402af21e5cc92e9f
image,#i_mtl_p7_zm_ver_barricade_nails_m
image,#i_mtl_p7_zm_ver_barricade_nails_n
image,#fxt_dust_swirl_md_anim
image,#i_attach_t8_pistol_standard_sights_s
image,#i_attach_t8_pistol_standard_sights_g
image,#i_attach_t8_pistol_standard_sights_c
image,#i_attach_t8_pistol_standard_sights_o
image,#i_attach_t8_pistol_standard_sights_n
image,#hash_40349d07d9b5d5d0
image,#hash_40349e07d9b5d783
image,#hash_40349f07d9b5d936
image,#hash_4039719b9447ec17
image,#i_attach_t8_sniper_vanguard_barrel_02_s
image,#i_attach_t8_sniper_vanguard_barrel_02_g
image,#i_attach_t8_sniper_vanguard_barrel_02_m
image,#i_attach_t8_sniper_vanguard_barrel_02_o
image,#i_attach_t8_sniper_vanguard_barrel_02_n
image,#i_mtl_p8_centrifuge_device_decal_label_handle_c
image,#i_wpn_t8_sig_bow_symmetry_middle_far_s
image,#i_wpn_t8_sig_bow_symmetry_middle_far_c
image,#i_wpn_t8_sig_bow_symmetry_middle_far_g
image,#i_wpn_t8_sig_bow_symmetry_middle_far_n
image,#i_wpn_t8_sig_bow_symmetry_middle_far_o
image,#i_wpn_t8_smg_capacity_mag_release_o
image,#i_wpn_t8_smg_capacity_mag_release_n
image,#i_wpn_t8_smg_capacity_mag_release_m
image,#i_mtl_attach_t8_loot_smg_vmp_dbal_01_o
image,#i_mtl_attach_t8_loot_smg_vmp_dbal_01_n
image,#i_mtl_attach_t8_loot_smg_vmp_dbal_01_g
image,#i_mtl_attach_t8_loot_smg_vmp_dbal_01_c
image,#i_mtl_attach_t8_loot_smg_vmp_dbal_01_s
image,#i_mtl_attach_t8_loot_smg_vmp_dbal_01_r
image,#i_t7_plastic_molding_trim_white_c
image,#i_mtl_p7_crutch_underam_metal_vinyl_n
image,#i_veh_t8_decal_0330_c
image,#hash_c05176edbdf3f6d6
image,#i_veh_t8_mil_heli_light_engine_ir
image,#i_mtl_p7_zur_metro_train_base_03_m
image,#t7_hud_mp_inventory_concussion
image,#hash_c05dbce7e736c8b8
image,#i_mtl_p8_zm_esc_crane_decal_c
image,#i_mtl_p8_zm_esc_crane_decal_n
image,#i_wpn_t7_camo_red_anodized_detail_c
image,#hash_c06248bae279aaa8
image,#hash_c068204d045691fc
image,#i_mtl_p7_debris_clothing_dress_01_blue_c
image,#i_wpn_t8_tac_rifle_swordfish_sig02_mag_n
image,#i_wpn_t8_tac_rifle_swordfish_sig02_mag_o
image,#i_wpn_t8_tac_rifle_swordfish_sig02_mag_g
image,#i_wpn_t8_tac_rifle_swordfish_sig02_mag_c
image,#i_wpn_t8_sig_grapple_gun_rope_n
image,#i_wpn_t8_sig_grapple_gun_rope_c
image,#i_t7_wes_wood_wall_siding_thick_01_g
image,#i_t7_wes_wood_wall_siding_thick_01_c
image,#i_t7_wes_wood_wall_siding_thick_01_o
image,#i_t7_wes_wood_wall_siding_thick_01_n
image,#fxt_lightning_beam_trail
image,#hash_408306bc781c78c8
image,#i_mtl_p8_wz_foliage_bush_erigonum_02_autumn_proxy_specular
image,#i_wpn_t8_sig_flamethrower_middle_base_o
image,#i_wpn_t8_sig_flamethrower_middle_base_n
image,#i_wpn_t8_sig_flamethrower_middle_base_m
image,#i_mtl_p8_zm_esc_box_electric_main_n
image,#i_t7_wood_worn_painted_white_striped_c
image,#hash_c08a43e1b63e6987
image,#i_mtl_wpn_t8_ar_stealth_stock_mk2_multi_m
image,#i_mtl_p7_crate_ammo_metal_c
image,#i_mtl_p7_crate_ammo_metal_n
image,#i_mtl_p7_zm_kin_bed_antique_boxspring_m
image,#i_mtl_p7_zm_kin_bed_antique_boxspring_n
image,#i_t8_decal_tech_detail_panel_01_o
image,#i_attach_t8_sniper_vanguard_handguard_02_magwell_o
image,#i_attach_t8_sniper_vanguard_handguard_02_magwell_n
image,#i_attach_t8_sniper_vanguard_handguard_02_magwell_c
image,#i_attach_t8_sniper_vanguard_handguard_02_magwell_g
image,#i_attach_t8_sniper_vanguard_handguard_02_magwell_s
image,#ui_icon_obit_lmg_standard
image,#i_t7_rubble_concrete_lg_blend_c
image,#i_t7_rubble_concrete_lg_blend_n
image,#hash_c0a6c07863f622d5
image,#i_t7_wes_wood_trim_01_cream_n
image,#i_t7_wes_wood_trim_01_cream_c
image,#hash_c0ae246bf89fbbf8
image,#ui_icon_inventory_p8_wz_ammo_pickup_556
image,#i_t8_concrete_wall_blocks_01_c
image,#i_t8_concrete_wall_blocks_01_n
image,#i_wpn_t8_eqp_heal_aid_s
image,#i_wpn_t8_eqp_heal_aid_c
image,#i_wpn_t8_eqp_heal_aid_g
image,#i_wpn_t8_eqp_heal_aid_o
image,#i_wpn_t8_eqp_heal_aid_n
image,#i_mtl_mtl_p8_wz_perk_pickups_deadsilence_a
image,#hash_c0ccd84f3655bd5f
image,#hash_c0cedeab1dd5026e
image,#i_mtl_p7_beams_construction_stack_wood_c
image,#i_mtl_p7_beams_construction_stack_wood_n
image,#i_t8_wpn_pistol_revolver_drum_sig_02_s
image,#i_t8_wpn_pistol_revolver_drum_sig_02_g
image,#i_t8_wpn_pistol_revolver_drum_sig_02_c
image,#i_t8_wpn_pistol_revolver_drum_sig_02_n
image,#i_t8_wpn_pistol_revolver_drum_sig_02_o
image,#i_mtl_wpn_t8_loot_smg_minigun_foregrip_s
image,#i_mtl_wpn_t8_loot_smg_minigun_foregrip_g
image,#i_mtl_wpn_t8_loot_smg_minigun_foregrip_c
image,#i_mtl_wpn_t8_loot_smg_minigun_foregrip_n
image,#i_mtl_wpn_t8_loot_smg_minigun_foregrip_o
image,#i_mtl_wpn_t8_loot_smg_minigun_foregrip_m
image,#i_mtl_p7_slu_chair_sofa_dmg_cloth01_m
image,#i_mtl_p7_slu_chair_sofa_dmg_cloth01_n
image,#i_t8_silo_rubber_grip_c
image,#i_t8_silo_rubber_grip_n
image,#i_veh_t8_paint_burnt_04_c
image,#i_veh_t8_paint_burnt_04_n
image,#i_mtl_p7_ntx_couch_office_modern_fabric_n
image,#i_t8_micro_wood_ply_01_n
image,#i_t8_micro_wood_ply_01_c
image,#i_veh_t8_decal_gauge_09_n
image,#i_veh_t8_decal_gauge_09_c
image,#i_veh_t8_decal_gauge_09_g
image,#i_veh_t8_decal_gauge_09_s
image,#i_mtl_p8_col_generator_garage_set_decal_logo_c
image,#i_mtl_p8_col_generator_garage_set_decal_logo_n
image,#i_wpn_t8_loot_ar_double_tap_receiver_mk2_n
image,#i_wpn_t8_loot_ar_double_tap_receiver_mk2_m
image,#i_t8_stone_fort_wall_mossy_01_c
image,#i_t8_stone_fort_wall_mossy_01_g
image,#i_t8_stone_fort_wall_mossy_01_n
image,#i_t7_camo_black_polish_s
image,#i_p7_foliage_vines_hanging_ledge_192_long_c
image,#i_mtl_veh_t8_mil_air_gunship_body_03_n
image,#i_mtl_veh_t8_mil_air_gunship_body_03_o
image,#i_mtl_veh_t8_mil_air_gunship_body_03_c
image,#i_mtl_wpn_t8_loot_lmg_mk48_rail_mk2_m
image,#i_mtl_wpn_t8_loot_lmg_mk48_rail_mk2_n
image,#i_wpn_t8_tac_rifle_swordfish_sig02_bolt_s
image,#i_wpn_t8_tac_rifle_swordfish_sig02_bolt_c
image,#i_wpn_t8_tac_rifle_swordfish_sig02_bolt_g
image,#i_wpn_t8_tac_rifle_swordfish_sig02_bolt_n
image,#i_wpn_t8_tac_rifle_swordfish_sig02_bolt_o
image,#i_veh_t8_base_paint_06_dead_c
image,#hash_c105ea934c6f7692
image,#hash_c105f6934c6f8af6
image,#hash_c105fa934c6f91c2
image,#hash_c105ff934c6f9a41
image,#i_attach_wpn_t8_loot_pistol_auto_dbal_c
image,#i_attach_wpn_t8_loot_pistol_auto_dbal_g
image,#i_attach_wpn_t8_loot_pistol_auto_dbal_o
image,#i_attach_wpn_t8_loot_pistol_auto_dbal_n
image,#i_attach_wpn_t8_loot_pistol_auto_dbal_s
image,#i_t7_wood_trim_dark_brown_n
image,#i_t7_wood_trim_dark_brown_c
image,#i_wpn_t8_shotgun_semi_receiver01_sig_02_e
image,#i_wpn_t8_shotgun_semi_receiver01_sig_02_g
image,#i_wpn_t8_shotgun_semi_receiver01_sig_02_c
image,#i_wpn_t8_shotgun_semi_receiver01_sig_02_n
image,#i_wpn_t8_shotgun_semi_receiver01_sig_02_o
image,#i_wpn_t8_shotgun_semi_receiver01_sig_02_s
image,#i_t7_decal_trim_seam_clean_n
image,#i_t7_decal_trim_seam_clean_c
image,#i_mtl_p8_zm_esc_light_cord_c
image,#i_t8_metal_panels_matte_01_g
image,#fxt8_fire_md_base_anim_hdr
image,#i_mtl_wpn_t8_loot_lmg_mk48_stock_c
image,#i_mtl_wpn_t8_loot_lmg_mk48_stock_g
image,#i_mtl_wpn_t8_loot_lmg_mk48_stock_n
image,#i_mtl_wpn_t8_loot_lmg_mk48_stock_o
image,#i_mtl_wpn_t8_loot_lmg_mk48_stock_s
image,#i_mtl_p8_wz_foliage_bush_creosote_02_dry_proxy_distance
image,#i_veh_t8_weathered_paint_04_g
image,#i_c_t8_detail_strap_e_horiz_n
image,#fxt8_muzzleflash_omni
image,#i_wpn_t8_sig_bow_decal_01_fullspec_n
image,#i_wpn_t8_sig_bow_decal_01_fullspec_c
image,#i_wpn_t8_sig_bow_decal_01_fullspec_s
image,#i_t7_decal_blast_01_n
image,#i_t7_decal_blast_01_c
image,#i_t8_metal_panel_trim_01b_g
image,#i_t8_metal_panel_trim_01b_n
image,#i_t8_metal_panel_trim_01b_o
image,#hash_c13e4eb921f14f39
image,#fxt_lf_source_07
image,#fxt_lf_source_05
image,#fxt_lf_source_04
image,#fxt_lf_source_03
image,#fxt_lf_source_02
image,#fxt_lf_source_01
image,#i_mtl_p7_wes_rope_hook_n
image,#i_mtl_p8_wz_supply_stash_decal_health_patch_c
image,#ui_icon_weapon_hud_smg_accurate_tactical_wz
image,#hash_41478d7ee7642cd8
image,#i_t8_wood_plank_painted_01_c
image,#i_t8_wood_plank_painted_01_n
image,#ui_icon_attachment_fastmags
image,#i_wpn_t8_smg_fastfire_barrel_n
image,#i_wpn_t8_smg_fastfire_barrel_o
image,#i_wpn_t8_smg_fastfire_barrel_g
image,#i_wpn_t8_smg_fastfire_barrel_s
image,#i_mtl_p7_rebar_cap_01_n
image,#hash_c155cd3d00eb4392
image,#hash_c15755a3063f1074
image,#hash_415a5b37aed781f0
image,#i_attach_t8_shotgun_pump_foregrip_c
image,#i_attach_t8_shotgun_pump_foregrip_g
image,#i_attach_t8_shotgun_pump_foregrip_o
image,#i_attach_t8_shotgun_pump_foregrip_n
image,#i_attach_t8_shotgun_pump_foregrip_s
image,#i_attach_t8_shotgun_pump_foregrip_r
image,#i_wpn_tac_rifle_mid_burst_stock_mk2_n
image,#i_wpn_tac_rifle_mid_burst_stock_mk2_m
image,#ui_icon_weapon_hud_ray_gun_mk2z
image,#ui_icon_weapon_hud_ray_gun_mk2y
image,#ui_icon_weapon_hud_ray_gun_mk2x
image,#i_mtl_p8_zm_crafting_table_alchemy_jar_03_n
image,#i_mtl_p8_zm_crafting_table_alchemy_jar_03_c
image,#i_mtl_p8_zm_crafting_table_alchemy_jar_03_g
image,#i_mtl_p7_light_lamp_desk_vintage_01_s
image,#i_mtl_p7_light_lamp_desk_vintage_01_c
image,#i_mtl_p7_light_lamp_desk_vintage_01_e
image,#i_mtl_p7_light_lamp_desk_vintage_01_g
image,#i_mtl_p7_light_lamp_desk_vintage_01_n
image,#i_mtl_p7_light_lamp_desk_vintage_01_o
image,#i_attach_t8_loot_ar_peacekeeper_grip_g
image,#i_attach_t8_loot_ar_peacekeeper_grip_c
image,#i_veh_t8_mil_boat_tactical_raft_body_cone_m
image,#i_veh_t8_mil_boat_tactical_raft_body_cone_o
image,#i_veh_t8_mil_boat_tactical_raft_body_cone_n
image,#i_attach_t8_loot_ar_peacekeeper_grip_o
image,#i_attach_t8_loot_ar_peacekeeper_grip_n
image,#i_attach_t8_loot_ar_peacekeeper_grip_s
image,#hash_c1724879cb7e03b5
image,#i_t7_decal_grunge_stain_adobe_bottom_01_c
image,#i_t7_decal_grunge_stain_adobe_bottom_01_n
image,#i_wpn_t8_smg_fastfire_clip_n
image,#i_wpn_t8_smg_fastfire_clip_o
image,#i_wpn_t8_smg_fastfire_clip_c
image,#i_wpn_t8_smg_fastfire_clip_g
image,#i_wpn_t8_smg_fastfire_clip_r
image,#i_wpn_t8_smg_fastfire_clip_s
image,#i_t7_fir_metal_brushed_g
image,#i_t7_fir_metal_brushed_c
image,#i_t7_fir_metal_brushed_n
image,#i_mtl_p7_cai_door_wood_rustic_02_metal_s
image,#i_mtl_p7_cai_door_wood_rustic_02_metal_n
image,#i_mtl_p7_cai_door_wood_rustic_02_metal_o
image,#i_mtl_p7_cai_door_wood_rustic_02_metal_g
image,#i_mtl_p7_cai_door_wood_rustic_02_metal_c
image,#i_mtl_p7_zm_ctl_desk_supply_fan_decal_01_c
image,#i_wpn_t8_lmg_titan_sig_02_grip_s
image,#i_wpn_t8_lmg_titan_sig_02_grip_n
image,#i_wpn_t8_lmg_titan_sig_02_grip_o
image,#i_wpn_t8_lmg_titan_sig_02_grip_g
image,#i_wpn_t8_lmg_titan_sig_02_grip_c
image,#i_mtl_p8_hangar_scaffolding_paintmetal_01_m
image,#i_eqp_t8_grenade_frag_body_n
image,#i_eqp_t8_grenade_frag_body_o
image,#i_eqp_t8_grenade_frag_body_m
image,#hash_c199b6de80bab9f6
image,#hash_c19aa17c2e3e1d16
image,#hash_c1a85925ac4b9699
image,#hash_c1a86025ac4ba27e
image,#hash_c1a86125ac4ba431
image,#hash_c1a86d25ac4bb895
image,#i_p7_zm_ctl_gondola_machine_body_o
image,#i_p7_zm_ctl_gondola_machine_body_n
image,#i_p7_zm_ctl_gondola_machine_body_r
image,#i_mtl_p8_wmd_generator_metal_decal_01_c
image,#fxt_gib_wood_01
image,#i_t7_micro_plastic_scratched_01_g
image,#i_t7_micro_plastic_scratched_01_n
image,#i_t7_ban_metal_rust_painted_02_n
image,#i_t7_ban_metal_rust_painted_02_m
image,#i_p8_zm_esc_obsidian_rock_large_03_part5_o
image,#i_p8_zm_esc_obsidian_rock_large_03_part5_n
image,#i_mtl_p7_duct_metal_rectangle_x_joint_n
image,#i_mtl_p7_duct_metal_rectangle_x_joint_o
image,#hash_41b981a8666fce51
image,#i_veh_t8_decal_leak_12_c
image,#i_mtl_p8_foliage_grass_blades_wild_set_08_c
image,#i_mtl_p8_foliage_grass_blades_wild_set_08_n
image,#i_c_gen_detail_gortex1_n
image,#i_wpn_t8_smg_mp9_mag_base_g
image,#i_wpn_t8_smg_mp9_mag_base_c
image,#i_wpn_t8_smg_mp9_mag_base_o
image,#i_wpn_t8_smg_mp9_mag_base_n
image,#i_wpn_t8_smg_mp9_mag_base_s
image,#i_wpn_t8_smg_mp9_mag_base_r
image,#ui_icon_weapon_ar_fastfire_view
image,#hash_41c651bce48408e4
image,#i_mtl_p8_zm_esc_jumbled_electrical_wire_m
image,#i_mtl_p8_zm_esc_jumbled_electrical_wire_n
image,#i_mtl_p8_zm_zod_debris_wood_decal_c_n
image,#i_mtl_p8_zm_zod_debris_wood_decal_c_c
image,#i_veh_t8_decal_bracket_square_01_c
image,#hash_c1ca76bd27fb4dba
image,#i_mtl_wpn_t8_camo_geometric_04_03_s
image,#i_mtl_wpn_t8_camo_geometric_04_03_c
image,#i_mtl_p7_dock_wood_rustic_set_decal_01_c
image,#i_mtl_p8_office_papers_manilla_folder_decals_n
image,#i_mtl_p8_office_papers_manilla_folder_decals_c
image,#hash_41f2b5c6e53e627e
image,#i_wpn_t8_smg_fastfire_sights_g
image,#i_wpn_t8_smg_fastfire_sights_c
image,#i_wpn_t8_smg_fastfire_sights_n
image,#i_wpn_t8_smg_fastfire_sights_o
image,#i_wpn_t8_smg_fastfire_sights_r
image,#i_wpn_t8_smg_fastfire_sights_s
image,#i_wpn_t8_wz_ar_fastfire_mag_c
image,#i_t8_wood_planks_rustic_01_c
image,#i_wpn_t8_zm_crossbow_glass_c
image,#i_wpn_t8_zm_crossbow_glass_g
image,#i_wpn_t8_zm_crossbow_glass_n
image,#i_wpn_t8_zm_crossbow_glass_s
image,#i_wpn_t8_smg_capacity_sig_02_handguard_s
image,#i_wpn_t8_smg_capacity_sig_02_handguard_o
image,#i_wpn_t8_smg_capacity_sig_02_handguard_n
image,#i_wpn_t8_smg_capacity_sig_02_handguard_c
image,#i_wpn_t8_smg_capacity_sig_02_handguard_e
image,#i_wpn_t8_smg_capacity_sig_02_handguard_g
image,#i_t8_micro_wood_grain_plywood_n
image,#t8_gobo_rain_drops
image,#i_mtl_wpn_t8_loot_shotgun_fullauto_muzzle_alt_sig_s
image,#i_mtl_wpn_t8_loot_shotgun_fullauto_muzzle_alt_sig_g
image,#i_mtl_wpn_t8_loot_shotgun_fullauto_muzzle_alt_sig_c
image,#i_mtl_wpn_t8_loot_shotgun_fullauto_muzzle_alt_sig_o
image,#i_mtl_wpn_t8_loot_shotgun_fullauto_muzzle_alt_sig_n
image,#hash_c20f64dc1c372553
image,#hash_c20f68dc1c372c1f
image,#hash_c20f6bdc1c373138
image,#hash_c20f6cdc1c3732eb
image,#hash_c20f78dc1c37474f
image,#i_t7_wood_particle_worn_c
image,#i_t7_wood_particle_worn_n
image,#$blacktransparent
image,#i_mtl_wpn_t8_loot_lmg_mk48_display_mk2_n
image,#i_mtl_wpn_t8_smg_fastfire_charging_handle_sig_02_c
image,#i_mtl_wpn_t8_smg_fastfire_charging_handle_sig_02_g
image,#i_mtl_wpn_t8_smg_fastfire_charging_handle_sig_02_o
image,#i_mtl_wpn_t8_smg_fastfire_charging_handle_sig_02_n
image,#i_mtl_wpn_t8_smg_fastfire_charging_handle_sig_02_s
image,#i_mtl_p7_fir_light_industrial_metal_n
image,#i_mtl_p7_fir_light_industrial_metal_m
image,#i_mtl_p8_zm_esc_rebar_group_metal_n
image,#i_mtl_p7_slu_trash_bag_standing_plastic01_n
image,#i_mtl_p7_slu_trash_bag_standing_plastic01_m
image,#i_t7_dlc1_decal_signage_first_aid_c
image,#i_mtl_t7_decal_grunge_rust_04a_c
image,#i_attach_t8_ar_fastfire_dbal_01_c
image,#i_attach_t8_ar_fastfire_dbal_01_g
image,#i_attach_t8_ar_fastfire_dbal_01_m
image,#i_attach_t8_ar_fastfire_dbal_01_o
image,#i_attach_t8_ar_fastfire_dbal_01_n
image,#i_attach_t8_ar_fastfire_dbal_01_s
image,#i_wpn_t8_shotgun_semi_shells_sig_02_o
image,#i_wpn_t8_shotgun_semi_shells_sig_02_n
image,#i_wpn_t8_shotgun_semi_shells_sig_02_g
image,#i_wpn_t8_shotgun_semi_shells_sig_02_c
image,#i_wpn_t8_shotgun_semi_shells_sig_02_s
image,#i_attach_t8_ar_kn57_foregrip_o
image,#i_attach_t8_ar_kn57_foregrip_n
image,#i_attach_t8_ar_kn57_foregrip_g
image,#i_attach_t8_ar_kn57_foregrip_s
image,#i_attach_t8_ar_kn57_foregrip_r
image,#hash_c23f39a67d2653fa
image,#i_wpn_t8_zm_raygun_mk2_5_n
image,#i_wpn_t8_zm_raygun_mk2_5_o
image,#i_wpn_t8_zm_raygun_mk2_5_g
image,#i_wpn_t8_zm_raygun_mk2_5_c
image,#i_veh_t7_grunge01_m
image,#fxt_gel_splat_string
image,#i_mtl_attach_t8_ar_heavy_grip_r
image,#hash_c24a96c559e4f80c
image,#hash_c24a97c559e4f9bf
image,#hash_c24a9ac559e4fed8
image,#hash_c24a9ec559e505a4
image,#ui_icon_weapon_hud_melee_demohammer
image,#hash_c24aaac559e51a08
image,#i_mtl_p7_light_fixture_led_ceiling_01_dmg_s
image,#i_mtl_p7_slu_garage_door_metal_04_n
image,#i_mtl_p7_light_fixture_led_ceiling_01_dmg_o
image,#i_mtl_p7_slu_garage_door_metal_04_m
image,#i_mtl_p7_light_fixture_led_ceiling_01_dmg_n
image,#i_mtl_p7_light_fixture_led_ceiling_01_dmg_g
image,#i_mtl_p7_light_fixture_led_ceiling_01_dmg_c
image,#i_attach_t8_loot_ar_peacekeeper_damage_s
image,#i_attach_t8_loot_ar_peacekeeper_damage_n
image,#i_attach_t8_loot_ar_peacekeeper_damage_o
image,#i_attach_t8_loot_ar_peacekeeper_damage_g
image,#i_attach_t8_loot_ar_peacekeeper_damage_c
image,#i_veh_t8_metal_worn_iron_dark_n
image,#i_p7_light_hanging_half_globe_metal_o
image,#i_p7_light_hanging_half_globe_metal_n
image,#hash_c25a037a3bfdbb79
image,#i_t7_decal_signage_numbers_grungy_c
image,#i_t8_camo_gold_white_s
image,#i_wpn_t8_shotgun_pump_sig_02_lower_s
image,#i_wpn_t8_shotgun_pump_sig_02_lower_o
image,#i_wpn_t8_shotgun_pump_sig_02_lower_n
image,#i_wpn_t8_shotgun_pump_sig_02_lower_g
image,#i_wpn_t8_loot_ar_double_tap_stock_n
image,#i_wpn_t8_loot_ar_double_tap_stock_o
image,#i_wpn_t8_loot_ar_double_tap_stock_c
image,#i_wpn_t8_loot_ar_double_tap_stock_g
image,#i_wpn_t8_loot_ar_double_tap_stock_r
image,#i_wpn_t8_loot_ar_double_tap_stock_s
image,#i_attach_t8_sniper_powersemi_mag_02_s
image,#i_attach_t8_sniper_powersemi_mag_02_g
image,#i_attach_t8_sniper_powersemi_mag_02_c
image,#i_attach_t8_sniper_powersemi_mag_02_o
image,#i_attach_t8_sniper_powersemi_mag_02_n
image,#hash_c26d4d01a3b7ff13
image,#i_c_t8_mp_spe_nomad_heist_rings_g
image,#i_c_t8_mp_spe_nomad_heist_rings_o
image,#i_c_t8_mp_spe_nomad_heist_rings_n
image,#i_c_t8_mp_spe_nomad_heist_rings_s
image,#hash_c2716ffca0d43c46
image,#hash_c27173fca0d44312
image,#hash_c2717bfca0d450aa
image,#hash_c2717cfca0d4525d
image,#hash_c2717ffca0d45776
image,#i_mtl_p8_zm_esc_jumbled_electrical_wire_tape_n
image,#i_attach_t8_tac_rifle_swordfish_handguard_c
image,#i_attach_t8_tac_rifle_swordfish_handguard_g
image,#i_attach_t8_tac_rifle_swordfish_handguard_o
image,#i_attach_t8_tac_rifle_swordfish_handguard_n
image,#i_attach_t8_tac_rifle_swordfish_handguard_m
image,#i_attach_t8_tac_rifle_swordfish_handguard_s
image,#i_attach_t8_tac_rifle_swordfish_handguard_r
image,#i_mtl_p8_col_nitrogen_tankl_worn_01_n
image,#i_mtl_p8_col_nitrogen_tankl_worn_01_r
image,#i_mtl_p7_fir_ball_sports_volleyball_g
image,#i_mtl_wpn_t8_zm_mp40_sights_c
image,#i_mtl_wpn_t8_zm_mp40_sights_g
image,#i_mtl_wpn_t8_zm_mp40_sights_o
image,#i_mtl_wpn_t8_zm_mp40_sights_n
image,#i_mtl_wpn_t8_zm_mp40_sights_s
image,#i_t7_concrete_trim_beveled_01_c
image,#i_t7_concrete_trim_beveled_01_n
image,#i_wpn_t8_ar_fastfire_magwell_sig_01_o
image,#i_wpn_t8_ar_fastfire_magwell_sig_01_n
image,#i_wpn_t8_ar_fastfire_magwell_sig_01_c
image,#i_wpn_t8_ar_fastfire_magwell_sig_01_g
image,#i_wpn_t8_ar_fastfire_magwell_sig_01_s
image,#hash_c286782a54f294df
image,#hash_c2867b2a54f299f8
image,#hash_c286852a54f2aaf6
image,#hash_c286882a54f2b00f
image,#i_wpn_t8_ar_heavy_bolt_base_s
image,#i_wpn_t8_ar_heavy_bolt_base_n
image,#i_wpn_t8_ar_heavy_bolt_base_o
image,#i_wpn_t8_ar_heavy_bolt_base_g
image,#i_wpn_t8_ar_heavy_bolt_base_c
image,#ui_icon_weapon_hud_smg_handling_tactical_wz
image,#hash_c28958cae02964a6
image,#hash_c28959cae0296659
image,#hash_c28960cae029723e
image,#hash_c28964cae029790a
image,#hash_c28974cae029943a
image,#i_mtl_veh_t8_decal_panel_raised_r
image,#i_mtl_veh_t8_decal_panel_raised_c
image,#i_mtl_veh_t8_decal_panel_raised_n
image,#i_t7_micro_metal_rust_02_n
image,#i_t7_micro_metal_rust_02_c
image,#i_t7_micro_metal_rust_02_g
image,#hash_c29af8317b3c0578
image,#hash_c29b05317b3c1b8f
image,#hash_c29b08317b3c20a8
image,#hash_c29b0c317b3c2774
image,#hash_c29cb2da1f5cb286
image,#hash_c29cb3da1f5cb439
image,#i_intro_wall_edgeworn01_decal_c
image,#i_intro_wall_edgeworn01_decal_n
image,#i_mtl_p7_board_circuit_set_c
image,#i_mtl_p7_board_circuit_set_g
image,#i_mtl_p7_board_circuit_set_n
image,#i_mtl_p7_board_circuit_set_s
image,#i_t7_decal_bullet_wood_01_n
image,#i_t7_decal_bullet_wood_01_c
image,#i_mtl_t8_loot_wpn_smg_folding_barrel_g
image,#i_mtl_t8_loot_wpn_smg_folding_barrel_c
image,#i_mtl_t8_loot_wpn_smg_folding_barrel_n
image,#i_mtl_t8_loot_wpn_smg_folding_barrel_o
image,#i_mtl_t8_loot_wpn_smg_folding_barrel_s
image,#i_mtl_p8_light_hanging_modern_skinny_glass_n
image,#i_mtl_p8_light_hanging_modern_skinny_glass_c
image,#ui_icon_weapon_pistol_revolver_mk2_render
image,#hash_c2b6ce1bbd7c8fec
image,#hash_c2b6da1bbd7ca450
image,#hash_c2b6dc1bbd7ca7b6
image,#hash_c2b6de1bbd7cab1c
image,#hash_c2b6e21bbd7cb1e8
image,#hash_c2b6e31bbd7cb39b
image,#i_mtl_p8_concrete_tile_01_m
image,#i_mtl_p8_concrete_tile_01_n
image,#ui_icon_weapon_smg_accurate_tactical_render
image,#i_t8_sand_erosion_m
image,#i_t8_decal_graphics_signage_usa_sub_hazard_protocol_c
image,#i_mtl_p7_zm_ctl_weapon_armory_bow_arrow_rope_c
image,#i_mtl_p7_zm_ctl_weapon_armory_bow_arrow_rope_n
image,#i_t7_wes_wood_beech_rustic_n
image,#i_t7_wes_wood_beech_rustic_g
image,#i_mtl_p8_wz_ammo_pickup_decal_bullets_s
image,#i_mtl_p8_wz_ammo_pickup_decal_bullets_n
image,#i_mtl_p8_wz_ammo_pickup_decal_bullets_c
image,#hash_c2d14367ff0388d2
image,#hash_c2d14c67ff03981d
image,#hash_42d2e8029202ed30
image,#hash_42d2e9029202eee3
image,#i_mtl_t8_wpn_lmg_heavy_frame_mk2_n
image,#i_mtl_t8_wpn_lmg_heavy_frame_mk2_m
image,#i_attach_t8_optic_mms_body_r
image,#i_attach_t8_optic_mms_body_m
image,#i_attach_t8_optic_mms_body_o
image,#i_attach_t8_optic_mms_body_n
image,#hash_42e14f44e367f0d7
image,#i_mtl_p8_wz_ammo_pickup_02_metal_03_n
image,#i_mtl_p8_wz_ammo_pickup_02_metal_03_m
image,#i_mtl_p8_wz_ammo_pickup_02_metal_03_c
image,#hash_42e4a1fa1536c02f
image,#hash_42e4a2fa1536c1e2
image,#i_mtl_wpn_t8_zm_monkey_s
image,#i_mtl_wpn_t8_zm_monkey_n
image,#i_mtl_wpn_t8_zm_monkey_o
image,#i_mtl_wpn_t8_zm_monkey_c
image,#i_mtl_wpn_t8_zm_monkey_g
image,#hash_c2e63e6318b7e0b9
image,#i_attach_t8_sniper_koshka_barrel_o
image,#i_attach_t8_sniper_koshka_barrel_n
image,#i_attach_t8_sniper_koshka_barrel_c
image,#i_attach_t8_sniper_koshka_barrel_g
image,#i_attach_t8_sniper_koshka_barrel_s
image,#i_attach_t8_smg_mp9_ext_mag_s
image,#i_attach_t8_smg_mp9_ext_mag_r
image,#i_attach_t8_smg_mp9_ext_mag_o
image,#i_attach_t8_smg_mp9_ext_mag_n
image,#i_attach_t8_smg_mp9_ext_mag_c
image,#i_attach_t8_smg_mp9_ext_mag_g
image,#i_t7_decal_grunge_brick_stain_02_g
image,#hash_c2ef0381402d74df
image,#i_t8_plaster_peeling_01_c
image,#i_t8_plaster_peeling_01_n
image,#i_t8_plaster_peeling_01_m
image,#i_wpn_t8_eqp_turret_mini_gun_dbal_s
image,#i_wpn_t8_eqp_turret_mini_gun_dbal_r
image,#i_mtl_p8_col_military_ship_accessories_m
image,#i_wpn_t8_eqp_turret_mini_gun_dbal_g
image,#i_mtl_p8_col_military_ship_accessories_o
image,#i_mtl_p8_col_military_ship_accessories_n
image,#i_wpn_t8_eqp_turret_mini_gun_dbal_c
image,#i_mtl_p7_mtl_generator_c
image,#i_wpn_t8_eqp_turret_mini_gun_dbal_o
image,#i_wpn_t8_eqp_turret_mini_gun_dbal_n
image,#i_mtl_p7_mtl_generator_n
image,#i_wpn_t8_shotgun_pump_receiver_base_r
image,#i_wpn_t8_shotgun_pump_receiver_base_s
image,#i_wpn_t8_shotgun_pump_receiver_base_n
image,#i_wpn_t8_shotgun_pump_receiver_base_o
image,#i_wpn_t8_shotgun_pump_receiver_base_c
image,#i_wpn_t8_shotgun_pump_receiver_base_g
image,#i_wpn_t8_ar_stealth_base_weapon_03_o
image,#i_wpn_t8_ar_stealth_base_weapon_03_n
image,#i_wpn_t8_ar_stealth_base_weapon_03_g
image,#i_wpn_t8_ar_stealth_base_weapon_03_c
image,#i_wpn_t8_ar_stealth_base_weapon_03_s
image,#i_wpn_t8_ar_stealth_base_weapon_03_r
image,#hash_c300b29dbb0b5244
image,#hash_c300b39dbb0b53f7
image,#hash_c300b69dbb0b5910
image,#hash_c300b79dbb0b5ac3
image,#hash_c300be9dbb0b66a8
image,#hash_c300c29dbb0b6d74
image,#i_veh_t8_mil_heli_attack_rockets_o
image,#i_veh_t8_mil_heli_attack_rockets_n
image,#i_mtl_p7_slu_door_white_decal_03_n
image,#i_mtl_p7_slu_door_white_decal_03_m
image,#hash_430b7e84e7c5ee84
image,#fxt_fog_slow_sm_anim
image,#i_c_t8_mp_spe_prophet_body1_leg_strap_c
image,#i_c_t8_mp_spe_prophet_body1_leg_strap_g
image,#i_c_t8_mp_spe_prophet_body1_leg_strap_m
image,#i_c_t8_mp_spe_prophet_body1_leg_strap_n
image,#i_c_t8_mp_spe_prophet_body1_leg_strap_o
image,#i_c_t8_mp_spe_prophet_body1_leg_strap_s
image,#i_mtl_wpn_t8_loot_lmg_mk48_body_mk2_multi_m
image,#i_mtl_t8_spa_statue_metal_01_micro_metal_bronze_g
image,#hash_c3265d7f73b57c73
image,#i_wpn_t8_smg_capacity_sig_02_barrel_g
image,#i_wpn_t8_smg_capacity_sig_02_barrel_e
image,#i_wpn_t8_smg_capacity_sig_02_barrel_c
image,#i_wpn_t8_smg_capacity_sig_02_barrel_o
image,#i_wpn_t8_smg_capacity_sig_02_barrel_n
image,#i_wpn_t8_smg_capacity_sig_02_barrel_s
image,#hash_c32c943aed9572d3
image,#i_t7_glass_dirty_dome_01_g
image,#i_wpn_t8_pistol_burst_bullet_s
image,#i_wpn_t8_pistol_burst_bullet_n
image,#i_wpn_t8_pistol_burst_bullet_o
image,#i_wpn_t8_pistol_burst_bullet_c
image,#hash_c32e72b9fba3a23f
image,#i_wpn_t8_pistol_burst_bullet_g
image,#ui_icon_weapon_hud_tr_leveraction
image,#hash_c330cf78f5037320
image,#i_mtl_p7_book_vintage_cover_01_burn_c
image,#i_mtl_p7_book_vintage_cover_01_burn_n
image,#i_mtl_p8_zm_esc_power_house_windows_slab_03_n
image,#i_mtl_p8_zm_esc_power_house_windows_slab_03_o
image,#i_mtl_p8_zm_esc_power_house_windows_slab_03_m
image,#i_mtl_p7_foliage_flower_bouquet_glass_n
image,#i_mtl_p8_box_cardboard_fruit_01_c
image,#i_mtl_p8_box_cardboard_fruit_01_n
image,#hash_43413822a06e1458
image,#i_mtl_p8_wz_foliage_bush_creosote_01_proxy_normal
image,#i_mtl_wpn_t8_knife_bowie_bloody_plastic_g
image,#i_mtl_wpn_t8_knife_bowie_bloody_plastic_c
image,#i_mtl_wpn_t8_knife_bowie_bloody_plastic_n
image,#i_mtl_wpn_t8_knife_bowie_bloody_plastic_o
image,#i_mtl_wpn_t8_knife_bowie_bloody_plastic_s
image,#hash_c344e97c316d1ad2
image,#hash_c344ea7c316d1c85
image,#hash_c344ed7c316d219e
image,#hash_c344f17c316d286a
image,#hash_c344fd7c316d3cce
image,#hash_c34e44b7e22d58b8
image,#hash_c34e50b7e22d6d1c
image,#hash_c34e51b7e22d6ecf
image,#hash_c34e54b7e22d73e8
image,#hash_c34e58b7e22d7ab4
image,#hash_c34e98af9ec65126
image,#hash_4350c7e893d57796
image,#hash_4350d4e893d58dad
image,#i_p7_zm_mob_clipboard_rack_m
image,#i_mtl_p8_wz_ammo_pickup_ammo_50_metal_m
image,#i_mtl_p7_inf_bas_fallaway_clouds_01_c
image,#hash_c3640b44775e7cb8
image,#hash_c3640c44775e7e6b
image,#hash_c3641744775e911c
image,#hash_c3641844775e92cf
image,#hash_c3641c44775e999b
image,#hash_c3642044775ea067
image,#i_wpn_t8_ar_accurate_stock_sig_03_s
image,#i_wpn_t8_ar_accurate_stock_sig_03_n
image,#i_wpn_t8_ar_accurate_stock_sig_03_o
image,#i_wpn_t8_ar_accurate_stock_sig_03_g
image,#i_wpn_t8_ar_accurate_stock_sig_03_c
image,#i_mtl_p8_zm_esc_power_house_windows_01_m
image,#i_mtl_p8_zm_esc_power_house_windows_01_o
image,#i_mtl_p8_zm_esc_power_house_windows_01_n
image,#hash_c36bd61fab877d40
image,#hash_c36bda1fab87840c
image,#hash_c36be21fab8791a4
image,#hash_c36be31fab879357
image,#hash_c36be61fab879870
image,#hash_c36be71fab879a23
image,#hash_436d1a0830cf8c52
image,#hash_436d1b0830cf8e05
image,#hash_436d1e0830cf931e
image,#hash_c3753bbae33e1282
image,#hash_c378059ea590c1ac
image,#hash_43814c319ace522b
image,#hash_438853db9a0ed7fe
image,#hash_438854db9a0ed9b1
image,#i_t7_wood_lath_plaster_01_n
image,#i_t7_wood_lath_plaster_01_c
image,#loot06_ui_icon_blackmarket_reserves_tr_damageburst
image,#i_mtl_p7_wes_lamp_oil_01_m
image,#i_mtl_p7_wes_lamp_oil_01_n
image,#i_decal_access_apu2_c
image,#i_wpn_t8_smg_handling_bullets_mk2_o
image,#i_wpn_t8_smg_handling_bullets_mk2_n
image,#i_wpn_t8_smg_handling_bullets_mk2_m
image,#hash_43b563228ec6a25b
image,#ui_icon_obit_smg_mp40
image,#hash_c3b9d19a90286552
image,#hash_c3b9d29a90286705
image,#hash_c3b9d59a90286c1e
image,#hash_c3b9d99a902872ea
image,#i_mtl_veh_t8_rubber_burned_n
image,#hash_c3b9e59a9028874e
image,#i_c_t8_zmb_mob_takeo_tatters_n
image,#i_c_t8_zmb_mob_takeo_tatters_c
image,#i_mtl_p8_col_foliage_plant_meskel_2_noflower_dead_proxy_depth
image,#i_p8_zm_esc_tarp_bed_sheet_01_g
image,#i_p8_zm_esc_tarp_bed_sheet_01_n
image,#i_p8_zm_esc_tarp_bed_sheet_01_o
image,#hash_c3cc731fc2352ada
image,#ui_icon_armordamagestate_wz_heavy
image,#hash_c3da11ab482ec8bd
image,#i_mtl_p7_curtain_hanging_36x122_n
image,#i_mtl_p7_curtain_hanging_36x122_m
image,#i_p8_spa_trashcan_g
image,#i_p8_spa_trashcan_c
image,#i_p8_spa_trashcan_n
image,#i_wpn_t7_attach_tritium_c
image,#i_wpn_t7_attach_tritium_e
image,#i_wpn_t8_smg_capacity_decals_sights_n
image,#i_wpn_t8_smg_capacity_decals_sights_c
image,#i_wpn_t8_tac_rifle_swordfish_outter_lens_n
image,#i_wpn_t8_tac_rifle_swordfish_outter_lens_g
image,#i_wpn_t8_tac_rifle_swordfish_outter_lens_c
image,#i_wpn_t8_tac_rifle_swordfish_outter_lens_s
image,#i_t7_metal_grate_trim_01_n
image,#i_t7_metal_grate_trim_01_o
image,#i_t7_metal_grate_trim_01_c
image,#i_t7_metal_grate_trim_01_s
image,#i_t8_decal_grunge_rust_10_c
image,#hash_c3fcc05d4ce62edc
image,#i_t8_decal_tech_detail_low_tech_18_g
image,#i_t8_decal_tech_detail_low_tech_18_c
image,#i_t8_decal_tech_detail_low_tech_18_o
image,#i_t8_decal_tech_detail_low_tech_18_n
image,#hash_c402be56068bd563
image,#i_t7_concrete_sidewalk_slab_01_n
image,#i_wpn_t8_sig_annihilator_decals_sm
image,#hash_c410c1eb7069a97d
image,#i_t7_metal_bare_worn_01_s
image,#i_t7_metal_bare_worn_01_g
image,#hash_441d22e7e5f938fb
image,#i_wpn_t8_eqp_hawk_drone_decals_n
image,#i_wpn_t8_eqp_hawk_drone_decals_c
image,#i_p8_wz_foliage_bush_erigonum_stem_02_r
image,#i_wood_teak_decking_light_dlc1_c
image,#i_mtl_p7_eth_light_wall_03_metal1_detailmaps_n
image,#i_mtl_p7_eth_light_wall_03_metal1_detailmaps_c
image,#core_metal_med_g
image,#core_metal_med_m
image,#i_mtl_p8_zm_esc_cell_shelf_01_metal_n
image,#i_mtl_p8_zm_esc_cell_shelf_01_metal_m
image,#i_attach_t8_pistol_standard_suppressor_c
image,#i_attach_t8_pistol_standard_suppressor_g
image,#i_attach_t8_pistol_standard_suppressor_o
image,#i_attach_t8_pistol_standard_suppressor_n
image,#i_attach_t8_pistol_standard_suppressor_m
image,#i_attach_t8_pistol_standard_suppressor_s
image,#i_wpn_t8_smg_capacity_grip_bolts_base_mk2_m
image,#i_attach_t8_loot_ar_peacekeeper_handguard_s
image,#i_attach_t8_loot_ar_peacekeeper_handguard_o
image,#i_attach_t8_loot_ar_peacekeeper_handguard_n
image,#i_attach_t8_loot_ar_peacekeeper_handguard_g
image,#i_attach_t8_loot_ar_peacekeeper_handguard_c
image,#hash_c4420de9d387e30e
image,#i_mtl_p7_zm_mob_rubble_trim_c
image,#i_mtl_p7_zm_mob_rubble_trim_n
image,#i_t7_metal_edge_wear_03_s
image,#i_t7_metal_edge_wear_03_n
image,#i_t7_metal_edge_wear_03_c
image,#i_t7_metal_edge_wear_03_g
image,#i_mtl_wpn_t8_zm_eqp_wraith_fire_n
image,#i_mtl_wpn_t8_zm_eqp_wraith_fire_m
image,#hash_c44aa87759400afe
image,#hash_444e187ffeedd1db
image,#hash_444e197ffeedd38e
image,#i_p8_zm_esc_cell_shower_head_a
image,#i_p8_zm_esc_cell_shower_head_n
image,#i_wpn_t8_loot_smg_burst_grip_g
image,#i_wpn_t8_loot_smg_burst_grip_c
image,#i_wpn_t8_loot_smg_burst_grip_o
image,#i_wpn_t8_loot_smg_burst_grip_n
image,#i_wpn_t8_loot_smg_burst_grip_s
image,#i_wpn_t8_loot_smg_burst_grip_r
image,#i_t8_decal_graphics_signage_chi_123w_01_c
image,#i_t7_decal_grunge_burnt_stain_02_r
image,#i_t7_decal_grunge_burnt_stain_02_g
image,#i_t7_decal_grunge_burnt_stain_02_c
image,#hash_44649c4dd53d073f
image,#i_t8_glass_led_light_01_backlit_t
image,#i_t8_glass_led_light_01_backlit_c
image,#ui_icon_weapon_hud_combat_knife
image,#fxt8_smk_md_thick_lobe_anim
image,#hash_c46e50c2f363a6c0
image,#i_attach_t7_ar_dbal_03_d2_n
image,#i_mtl_wpn_t8_sniper_vanguard_bolt_v2_s
image,#i_mtl_wpn_t8_sniper_vanguard_bolt_v2_n
image,#i_mtl_wpn_t8_sniper_vanguard_bolt_v2_o
image,#i_mtl_wpn_t8_sniper_vanguard_bolt_v2_c
image,#i_mtl_wpn_t8_sniper_vanguard_bolt_v2_g
image,#i_attach_t8_pistol_burst_clip_01_s
image,#i_attach_t8_pistol_burst_clip_01_c
image,#i_attach_t8_pistol_burst_clip_01_g
image,#i_attach_t8_pistol_burst_clip_01_n
image,#i_attach_t8_pistol_burst_clip_01_o
image,#i_mtl_p7_spl_first_aid_box_m
image,#i_mtl_p7_spl_first_aid_box_o
image,#i_mtl_p7_spl_first_aid_box_n
image,#fxt_light_incandescent_hot
image,#hash_447b9733b4f21d16
image,#hash_447b9b33b4f223e2
image,#i_mtl_wpn_t8_smg_fastfire_stock_mk2_m
image,#i_mtl_wpn_t8_lmg_heavy_frontgrip_sig_02_e
image,#i_mtl_wpn_t8_lmg_heavy_frontgrip_sig_02_g
image,#i_mtl_wpn_t8_lmg_heavy_frontgrip_sig_02_c
image,#i_mtl_wpn_t8_lmg_heavy_frontgrip_sig_02_n
image,#i_mtl_wpn_t8_lmg_heavy_frontgrip_sig_02_o
image,#i_mtl_wpn_t8_lmg_heavy_frontgrip_sig_02_s
image,#i_attach_t8_lmg_titan_grip_upper_s
image,#i_attach_t8_lmg_titan_grip_upper_g
image,#i_attach_t8_lmg_titan_grip_upper_c
image,#i_attach_t8_lmg_titan_grip_upper_n
image,#i_attach_t8_lmg_titan_grip_upper_o
image,#i_wpn_t8_eqp_turret_mini_case_panel_01_c
image,#i_wpn_t8_eqp_turret_mini_case_panel_01_g
image,#i_wpn_t8_eqp_turret_mini_case_panel_01_n
image,#i_wpn_t8_eqp_turret_mini_case_panel_01_o
image,#i_wpn_t8_eqp_turret_mini_case_panel_01_s
image,#img_wpn_t7_xr2_plastic_detail3_n
image,#i_mtl_p7_zm_asc_switch_electric_box_n
image,#i_mtl_p7_zm_asc_switch_electric_box_m
image,#i_mtl_p8_zm_esc_crate_wood_sml_cut_c
image,#i_mtl_p8_zm_esc_crate_wood_sml_cut_n
image,#hash_44a1ac22f1892a13
image,#hash_44a1ad22f1892bc6
image,#i_t8_rubber_tread_01_g
image,#i_t8_rubber_tread_01_c
image,#i_t8_rubber_tread_01_n
image,#i_t8_rubber_tread_01_o
image,#hash_c4a71aaece33a4bd
image,#hash_c4a71daece33a9d6
image,#hash_c4a71eaece33ab89
image,#hash_c4a726aece33b921
image,#hash_c4a72aaece33bfed
image,#i_mtl_p7_zm_ctl_weapon_armory_bow_arrow_m
image,#i_mtl_p7_zm_ctl_weapon_armory_bow_arrow_n
image,#fxt_gradient_hill_easy_mask
image,#i_mtl_wpn_t8_ar_stealth_base_weapon_03_mk2_n
image,#i_mtl_wpn_t8_ar_stealth_base_weapon_03_mk2_m
image,#i_mtl_p8_chi_comm_antenna_roof_dirt_02_c
image,#i_wpn_t7_global_decal_set_04_c_512
image,#i_t7_zm_gen_mov_wood_trim_subtle_01_r
image,#i_wpn_t8_loot_melee_slay_bell_bulb_c
image,#i_wpn_t8_loot_melee_slay_bell_bulb_n
image,#compass_turret_white
image,#hash_c4c8f78ec40568a4
image,#hash_c4c8f88ec4056a57
image,#hash_c4c8f98ec4056c0a
image,#hash_c4c8fc8ec4057123
image,#ui_icon_weapon_hud_special_crossbow
image,#i_t7_wes_plaster_wallpaper_pattern_01_r
image,#i_t7_wes_plaster_wallpaper_pattern_01_n
image,#i_t7_wes_plaster_wallpaper_pattern_01_c
image,#i_attach_t8_ar_galil_handguard_o
image,#i_attach_t8_ar_galil_handguard_n
image,#i_attach_t8_ar_galil_handguard_g
image,#i_attach_t8_ar_galil_handguard_c
image,#i_attach_t8_ar_galil_handguard_s
image,#i_wpn_t8_loot_ar_double_tap_grip_c
image,#i_wpn_t8_loot_ar_double_tap_grip_g
image,#i_wpn_t8_loot_ar_double_tap_grip_n
image,#i_wpn_t8_loot_ar_double_tap_grip_o
image,#i_wpn_t8_loot_ar_double_tap_grip_s
image,#hash_c4d57f0c7405b598
image,#hash_c4d58b0c7405c9fc
image,#hash_c4d58c0c7405cbaf
image,#hash_c4d58f0c7405d0c8
image,#hash_c4d5930c7405d794
image,#hash_44d603e3b67f2d75
image,#hash_c4d65815287347b9
image,#hash_c4d66815287362e9
image,#hash_c4d66c15287369b5
image,#hash_c4d673152873759a
image,#hash_c4d674152873774d
image,#i_mtl_p8_ice_signage_triangle_01_g
image,#i_mtl_p8_ice_signage_triangle_01_n
image,#i_mtl_p8_ice_signage_triangle_01_s
image,#hash_44e0963d68a37744
image,#i_mtl_p8_zm_esc_medical_poster_c
image,#i_veh_t8_decal_battery_02_c
image,#i_t7_concrete_trim_edge_damaged_01_n
image,#i_t7_concrete_trim_edge_damaged_01_c
image,#i_mtl_p8_foliage_weeds_flower_n
image,#i_mtl_p8_foliage_weeds_flower_c
image,#i_attach_t8_sniper_koshka_decals_n
image,#i_attach_t8_sniper_koshka_decals_c
image,#i_mtl_p8_zm_gla_stake_tower_wood_01_m
image,#i_mtl_p8_zm_gla_stake_tower_wood_01_n
image,#hash_c4f5a4ff94040a62
image,#i_t7_brick_worn_red_heavy_grout_dirty_c
image,#i_t7_metal_line_trim_o
image,#i_t7_metal_line_trim_n
image,#hash_4500727c3843cc7a
image,#i_t8_decal_blood_drip_wall_edge_long_01_c
image,#ui_icon_weapon_sniper_powerbolt_mk2_render
image,#hash_c5076ec6c3775d42
image,#i_wpn_t8_ar_fastfire_bolt_sig_01_s
image,#i_wpn_t8_ar_fastfire_bolt_sig_01_o
image,#i_wpn_t8_ar_fastfire_bolt_sig_01_n
image,#i_wpn_t8_ar_fastfire_bolt_sig_01_g
image,#i_wpn_t8_ar_fastfire_bolt_sig_01_c
image,#i_wpn_t8_zm_akud_clip_s
image,#i_wpn_t8_zm_akud_clip_o
image,#i_wpn_t8_zm_akud_clip_n
image,#i_wpn_t8_zm_akud_clip_c
image,#i_wpn_t8_zm_akud_clip_g
image,#i_mtl_p8_esc_generator_lrg_front_n
image,#i_mtl_p8_esc_generator_lrg_front_m
image,#i_wpn_t8_lmg_heavy_frontsight_n
image,#i_wpn_t8_lmg_heavy_frontsight_o
image,#i_wpn_t8_lmg_heavy_frontsight_c
image,#i_wpn_t8_lmg_heavy_frontsight_g
image,#i_wpn_t8_lmg_heavy_frontsight_s
image,#i_wpn_t8_sig_annihilator_barrel_o
image,#i_wpn_t8_sig_annihilator_barrel_n
image,#i_wpn_t8_sig_annihilator_barrel_g
image,#i_wpn_t8_sig_annihilator_barrel_c
image,#i_wpn_t8_sig_annihilator_barrel_s
image,#i_mtl_p8_wood_beam_generic_02_o
image,#i_mtl_p8_wood_beam_generic_02_n
image,#i_mtl_p8_wood_beam_generic_02_c
image,#i_mtl_p8_wood_beam_generic_02_g
image,#i_t7_decal_bullet_metal_impact_03_n
image,#i_t7_decal_bullet_metal_impact_03_c
image,#i_t8_decal_blood_handprint_wall_smear_vertical_02_c
image,#hash_c52862cbfbd66d3f
image,#i_t8_zm_fro_metal_weld_n
image,#i_mtl_p8_foliage_grass_blades_tall_set_d_c
image,#i_mtl_p8_foliage_grass_blades_tall_set_d_n
image,#i_mtl_p8_foliage_grass_blades_tall_set_d_t
image,#hash_c52c5d73792a323b
image,#i_t8_concrete_floor_damaged_overlay_01_c
image,#i_attach_t8_loot_tac_rifle_damageburst_handguard_c
image,#i_attach_t8_loot_tac_rifle_damageburst_handguard_g
image,#i_attach_t8_loot_tac_rifle_damageburst_handguard_n
image,#i_attach_t8_loot_tac_rifle_damageburst_handguard_o
image,#i_attach_t8_loot_tac_rifle_damageburst_handguard_r
image,#i_attach_t8_loot_tac_rifle_damageburst_handguard_s
image,#i_mtl_p8_box_electric_commercial_rust_decal_01_c
image,#i_mtl_p8_box_electric_commercial_rust_decal_01_n
image,#i_mtl_p7_inf_pav_window_01_frame_m
image,#i_mtl_p7_inf_pav_window_01_frame_n
image,#i_t7_decal_damage_concrete_cracks_03_n
image,#i_t7_decal_damage_concrete_cracks_03_r
image,#hash_c54ef6ec61b98e00
image,#hash_c54efaec61b994cc
image,#hash_c54f02ec61b9a264
image,#hash_c54f03ec61b9a417
image,#hash_c54f06ec61b9a930
image,#loot_02_ui_icon_blackmarket_stream_pistol_fullauto
image,#i_mtl_wpn_t8_ar_stealth_sig_01_stock_c
image,#i_mtl_wpn_t8_ar_stealth_sig_01_stock_g
image,#i_mtl_wpn_t8_ar_stealth_sig_01_stock_o
image,#i_mtl_wpn_t8_ar_stealth_sig_01_stock_n
image,#i_mtl_wpn_t8_ar_stealth_sig_01_stock_s
image,#i_attach_t8_smg_handling_fastmag_2_o
image,#i_attach_t8_smg_handling_fastmag_2_n
image,#i_attach_t8_smg_handling_fastmag_2_m
image,#i_mtl_t8_micro_wood_01_c
image,#i_mtl_t8_micro_wood_01_n
image,#hash_4564a6f2dcdb607f
image,#i_mtl_wpn_t8_ar_kn57_bolt_alt_mk2_m
image,#i_attach_t8_loot_sniper_locus_upper_01_s
image,#i_attach_t8_loot_sniper_locus_upper_01_o
image,#i_attach_t8_loot_sniper_locus_upper_01_n
image,#i_attach_t8_loot_sniper_locus_upper_01_m
image,#i_attach_t8_loot_sniper_locus_upper_01_g
image,#i_attach_t8_loot_sniper_locus_upper_01_c
image,#i_t8_decal_grunge_rust_01_blend_n
image,#i_t8_decal_grunge_rust_01_blend_m
image,#i_t8_decal_grunge_rust_01_blend_g
image,#i_t8_decal_grunge_rust_01_blend_c
image,#i_t8_decal_grunge_rust_01_blend_r
image,#i_t7_wood_plywood_dirty_c
image,#i_t8_decal_metal_trim_rivets_n
image,#hash_c57aabbcf3c9dfc0
image,#hash_c57aacbcf3c9e173
image,#hash_c57ab4bcf3c9ef0b
image,#hash_c57ab8bcf3c9f5d7
image,#hash_c57ac7bcf3ca0f54
image,#hash_c57ac8bcf3ca1107
image,#i_wpn_t8_ar_fastfire_release_sig_01_g
image,#i_wpn_t8_ar_fastfire_release_sig_01_c
image,#i_wpn_t8_ar_fastfire_release_sig_01_o
image,#i_wpn_t8_ar_fastfire_release_sig_01_n
image,#i_wpn_t8_ar_fastfire_release_sig_01_s
image,#fxt_lf_grime_dusty_05
image,#fxt_lf_grime_dusty_01
image,#i_t7_decal_fixture_drain_c
image,#i_t7_decal_fixture_drain_n
image,#i_t7_decal_fixture_drain_o
image,#i_mtl_p8_printer_machine_back_decal_grunge_04_c
image,#i_t7_fir_bathroom_tiles_n
image,#i_t7_fir_bathroom_tiles_o
image,#i_t7_fir_bathroom_tiles_c
image,#i_t7_fir_bathroom_tiles_g
image,#t7_mp_hud_inventory_icon_inworld_trophysystem
image,#i_t8_decal_damage_asphalt_pothole_02_n
image,#i_t8_decal_damage_asphalt_pothole_02_g
image,#i_t8_decal_damage_asphalt_pothole_02_c
image,#i_mtl_p7_mou_clock_wall_dial_c
image,#hash_45920033eb6f5928
image,#i_mtl_p8_crate_wood_decal_05_c
image,#i_mtl_p8_crate_wood_decal_05_n
image,#hash_4595983518c8d524
image,#hash_c5959a283d69e103
image,#i_c_t8_camo_aurora_stars_e
image,#i_mtl_p8_heist_bank_money_10k_wide
image,#imtl_p7_zm_kin_dresser_wood_03_c
image,#i_t7_metal_corrugated_rust_dmg_s
image,#i_t7_metal_corrugated_rust_dmg_c
image,#i_t7_metal_corrugated_rust_dmg_n
image,#i_t7_decal_signage_photo_image_05_vert_c
image,#hash_45affa0e770da4f2
image,#i_mtl_p8_usa_submarine_interior_consoles_details_button_n
image,#i_mtl_p8_usa_submarine_interior_consoles_details_button_c
image,#hash_c5becc2e7673a251
image,#i_wpn_t8_loot_ar_double_tap_mag_mk2_n
image,#i_wpn_t8_loot_ar_double_tap_mag_mk2_m
image,#hash_c5c3dafb7251119a
image,#i_mtl_p7_sgen_gen_lab_sink_decal_c
image,#i_t8_micro_metal_painted_02_g
image,#i_wpn_t8_lmg_titan_sig_01_iron_sights_front_g
image,#i_wpn_t8_lmg_titan_sig_01_iron_sights_front_c
image,#i_wpn_t8_lmg_titan_sig_01_iron_sights_front_n
image,#i_wpn_t8_lmg_titan_sig_01_iron_sights_front_o
image,#i_wpn_t8_lmg_titan_sig_01_iron_sights_front_s
image,#i_t7_metal_trim_no_rivets_01_m
image,#i_t7_metal_trim_no_rivets_01_n
image,#i_t8_decal_graphics_artwork_15_c
image,#hash_c5d80665c4de70d3
image,#hash_c5d80a65c4de779f
image,#hash_c5d81165c4de8384
image,#hash_c5d81265c4de8537
image,#hash_c5d81665c4de8c03
image,#i_p8_zm_esc_table_drafting_vintage_painted_metal_n
image,#i_p8_zm_esc_table_drafting_vintage_painted_metal_m
image,#i_t7_decal_line_horizontal_black_thin_c
image,#i_t7_decal_line_horizontal_black_thin_n
image,#loot03_ui_icon_blackmarket_reserves_weapon_ar_modular_sig_02
image,#i_t8_micro_metal_bare_scuffed_02_g
image,#hash_45eea63ad017689f
image,#hash_45eea83ad0176c05
image,#i_t8_zm_esc_spawn_cap_debris_decal_01_r
image,#i_t8_zm_esc_spawn_cap_debris_decal_01_c
image,#i_t8_zm_esc_spawn_cap_debris_decal_01_n
image,#i_wpn_t8_lmg_hades_bolt_sig_01_s
image,#i_mtl_p7_zm_der_magic_box_metal_o
image,#i_mtl_p7_zm_der_magic_box_metal_n
image,#i_mtl_p7_zm_der_magic_box_metal_m
image,#i_mtl_t8_loot_wpn_smg_folding_stock_01_mk2_m
image,#i_mtl_t8_loot_wpn_smg_folding_stock_01_mk2_n
image,#i_mtl_p8_pipe_metal_hp_4_01_m
image,#fxt_light_blink_anim
image,#i_mtl_t8_loot_wpn_smg_folding_quickdraw_02_o
image,#i_veh_t7_vtol_nrc_general_m
image,#i_mtl_p7_rug_round_01_white_n
image,#i_p8_foliage_flower_lavender_leaf_01_spring_r
image,#hash_c60bf8b675f64620
image,#i_t8_sand_debris_02_n
image,#ui_icon_weapons_zm_arstealth
image,#hash_4617083d87b4a0da
image,#hash_c61bf9652791ea0e
image,#hash_c621eefe05a06bdd
image,#hash_c62b10c791e45f5c
image,#i_c_t8_zmb_mob_brutus_helmet_n
image,#i_c_t8_zmb_mob_brutus_helmet_c
image,#i_c_t8_zmb_mob_brutus_helmet_g
image,#i_mtl_p8_wz_cu_keychain_c
image,#i_mtl_p8_wz_cu_keychain_g
image,#i_mtl_p8_wz_cu_keychain_n
image,#i_mtl_p8_wz_cu_keychain_s
image,#i_wpn_t8_shotgun_decal01_sig_02_c
image,#i_wpn_t8_shotgun_decal01_sig_02_n
image,#hash_46354429c3e26336
image,#hash_46354529c3e264e9
image,#hash_46354c29c3e270ce
image,#hash_46355029c3e2779a
image,#hash_4636bb005318b629
image,#i_mtl_wpn_t8_loot_lmg_mk48_handle_s
image,#i_mtl_wpn_t8_loot_lmg_mk48_handle_c
image,#i_mtl_wpn_t8_loot_lmg_mk48_handle_g
image,#i_mtl_wpn_t8_loot_lmg_mk48_handle_n
image,#i_mtl_wpn_t8_loot_lmg_mk48_handle_o
image,#hash_c63a6ca545d99bd0
image,#hash_c63a866d66c3e113
image,#hash_c63a8a6d66c3e7df
image,#hash_c63a8d6d66c3ecf8
image,#hash_c63a8e6d66c3eeab
image,#hash_c63a9a6d66c4030f
image,#ui_icon_weapon_tr_longburst_mk2_render
image,#i_wpn_t8_loot_ar_peacekeeper_grip_base_g
image,#i_wpn_t8_loot_ar_peacekeeper_grip_base_c
image,#i_wpn_t8_loot_ar_peacekeeper_grip_base_o
image,#i_wpn_t8_loot_ar_peacekeeper_grip_base_n
image,#i_wpn_t8_loot_ar_peacekeeper_grip_base_s
image,#hash_c64201658946ceaa
image,#hash_c64206658946d729
image,#hash_c6420d658946e30e
image,#hash_4642f6f7ed33a7d9
image,#hash_4642faf7ed33aea5
image,#hash_464301f7ed33ba8a
image,#i_t8_reveal_dust_01_r
image,#i_wpn_t8_tr_midburst_leather_sig_02_s
image,#i_wpn_t8_tr_midburst_leather_sig_02_o
image,#i_wpn_t8_tr_midburst_leather_sig_02_n
image,#i_wpn_t8_tr_midburst_leather_sig_02_g
image,#i_wpn_t8_tr_midburst_leather_sig_02_c
image,#hash_4649a3799e83f92e
image,#i_wpn_t8_smg_accurate_wisps_04_sig_03_c
image,#i_t7_glass_dirty_grimes_02_blue_dmg_s
image,#hash_c6589286fc9da712
image,#hash_c6589a86fc9db4aa
image,#hash_c6589b86fc9db65d
image,#hash_c6589e86fc9dbb76
image,#i_mtl_p7_electrical_cabinet_09_g
image,#i_mtl_p7_electrical_cabinet_09_c
image,#i_mtl_p7_electrical_cabinet_09_n
image,#ui_icon_weapon_tr_midburst_render
image,#i_mtl_p7_zm_kin_dresser_wood_02_n
image,#i_mtl_p7_zm_kin_dresser_wood_02_m
image,#ui_icon_weapons_zm_smg_fastfire
image,#hash_c669fda1b5ce6563
image,#hash_c66a08a1b5ce7814
image,#ui_icon_obit_tr_leveraction
image,#hash_466c697a33dc9bd0
image,#hash_466c6a7a33dc9d83
image,#i_wpn_t8_lmg_heavy_lever_handle_o
image,#i_wpn_t8_lmg_heavy_lever_handle_n
image,#i_wpn_t8_lmg_heavy_lever_handle_g
image,#i_wpn_t8_lmg_heavy_lever_handle_c
image,#i_wpn_t8_lmg_heavy_lever_handle_s
image,#i_t7_micro_metal_grunge_galvanized_02_c
image,#i_c_t8_detail_strap_holster_a_vert_n
image,#hash_c67d5402237b9418
image,#hash_c67d5502237b95cb
image,#ui_icon_weapons_zm_lmgspray
image,#hash_c67f0887bbe2f4c0
image,#hash_c67f0987bbe2f673
image,#i_t7_glass_dirty_grimes_01_c
image,#hash_c67f1087bbe30258
image,#i_t7_glass_dirty_grimes_01_g
image,#hash_c67f1487bbe30924
image,#hash_c67f2487bbe32454
image,#hash_c68153f79b0e6584
image,#i_t8_wpn_pistol_revolver_body_alt_02_n
image,#i_t8_wpn_pistol_revolver_body_alt_02_c
image,#i_mtl_p8_col_rock_large_02c_o
image,#i_mtl_p8_col_rock_large_02c_n
image,#i_mtl_p8_col_rock_large_02c_c
image,#i_mtl_p7_signage_plastic_exit_english_g
image,#i_mtl_p7_signage_plastic_exit_english_e
image,#i_mtl_p7_signage_plastic_exit_english_c
image,#fxt8_fog_slow_sm_anim
image,#hash_468cd5adcefccd14
image,#i_t8_metal_tech_welded_panels_worn_01_n
image,#i_t8_metal_tech_welded_panels_worn_01_o
image,#i_t8_metal_tech_welded_panels_worn_01_g
image,#i_t8_metal_tech_welded_panels_worn_01_c
image,#i_t8_metal_tech_welded_panels_worn_01_r
image,#i_t8_metal_tech_welded_panels_worn_01_s
image,#i_mtl_p7_light_emergency_a_light_s
image,#i_mtl_p7_light_emergency_a_light_o
image,#i_mtl_p7_light_emergency_a_light_n
image,#i_mtl_p7_light_emergency_a_light_m
image,#i_mtl_p7_light_emergency_a_light_c
image,#i_mtl_p7_light_emergency_a_light_g
image,#i_mtl_wpn_t8_loot_lmg_mk48_body_mk2_n
image,#i_ct7_blockout_battery_body1_lights_c
image,#i_mtl_p8_box_electric_commercial_decal_sign_01_c
image,#i_attach_t8_optic_red_dot_decals_n
image,#i_attach_t8_optic_red_dot_decals_c
image,#i_t8_glass_overlay_grunge_c
image,#i_mtl_t8_metal_lo_tech_panel_tile_02_n
image,#i_mtl_t8_metal_lo_tech_panel_tile_02_g
image,#hash_c6a90854922eca2c
image,#ui_icon_obit_molotov
image,#i_attach_t8_lmg_heavy_fastmag_s
image,#i_attach_t8_lmg_heavy_fastmag_c
image,#i_attach_t8_lmg_heavy_fastmag_g
image,#i_attach_t8_lmg_heavy_fastmag_o
image,#i_attach_t8_lmg_heavy_fastmag_n
image,#i_wpn_t8_sniper_vanguard_cheekrest_v2_m
image,#hash_c6b58cbcb9706432
image,#hash_c6b598bcb9707896
image,#hash_c6b59cbcb9707f62
image,#hash_c6b5a0bcb970862e
image,#hash_c6b5a1bcb97087e1
image,#i_mtl_wpn_t8_camo_geometric_04_g
image,#i_mtl_wpn_t8_camo_geometric_04_c
image,#i_mtl_wpn_t8_camo_geometric_04_s
image,#i_wpn_t8_loot_ar_peacekeeper_mag_base_s
image,#i_wpn_t8_loot_ar_peacekeeper_mag_base_g
image,#i_wpn_t8_loot_ar_peacekeeper_mag_base_c
image,#i_wpn_t8_loot_ar_peacekeeper_mag_base_n
image,#i_wpn_t8_loot_ar_peacekeeper_mag_base_o
image,#hash_c6bd6ac67dc5e9d8
image,#hash_c6bd6bc67dc5eb8b
image,#hash_c6bd6cc67dc5ed3e
image,#hash_c6bd77c67dc5ffef
image,#i_attach_t8_ar_heavy_foregrip_s
image,#i_attach_t8_ar_heavy_foregrip_r
image,#i_attach_t8_ar_heavy_foregrip_o
image,#i_attach_t8_ar_heavy_foregrip_n
image,#i_attach_t8_ar_heavy_foregrip_g
image,#i_attach_t8_ar_heavy_foregrip_c
image,#i_attach_t8_loot_sniper_locus_ext_mag_01_g
image,#i_attach_t8_loot_sniper_locus_ext_mag_01_c
image,#i_attach_t8_loot_sniper_locus_ext_mag_01_n
image,#i_attach_t8_loot_sniper_locus_ext_mag_01_o
image,#i_attach_t8_loot_sniper_locus_ext_mag_01_s
image,#i_mtl_p7_dresser_wood_vintage_tall_01_blue_01_m
image,#i_wpn_t8_eqp_tripwire_slingshot_wing_n
image,#i_wpn_t8_eqp_tripwire_slingshot_wing_o
image,#i_wpn_t8_eqp_tripwire_slingshot_wing_m
image,#i_t7_concrete_pebbles_cracked_n
image,#i_t7_concrete_pebbles_cracked_c
image,#i_mtl_p8_col_conveyor_unit_metal_scratch_m
image,#i_mtl_p7_street_curb_concrete_chunk_03_c
image,#i_mtl_p7_street_curb_concrete_chunk_03_n
image,#i_wpn_t8_ar_fastfire_bullet_sig_02_s
image,#i_wpn_t8_ar_fastfire_bullet_sig_02_g
image,#i_wpn_t8_ar_fastfire_bullet_sig_02_n
image,#hash_c6db8546c1a719e9
image,#i_wpn_t8_loot_ar_double_tap_stock_mk2_m
image,#i_wpn_t8_loot_ar_double_tap_stock_mk2_n
image,#i_mtl_p7_zm_kin_cabinet_storage_set_base_n
image,#i_mtl_p7_zm_kin_cabinet_storage_set_base_m
image,#i_t7_cobweb_triangle_02_c
image,#i_t7_cobweb_triangle_02_n
image,#i_wpn_t8_tac_rifle_swordfish_sig02_mermaid_n
image,#i_wpn_t8_tac_rifle_swordfish_sig02_mermaid_o
image,#i_wpn_t8_tac_rifle_swordfish_sig02_mermaid_c
image,#i_wpn_t8_tac_rifle_swordfish_sig02_mermaid_g
image,#i_wpn_t8_tac_rifle_swordfish_sig02_mermaid_s
image,#i_mtl_p8_zm_esc_picture_frame_01_metal_m
image,#i_mtl_p8_table_plastic_set_white_01_g
image,#hash_c6f6cd9203cb6406
image,#i_wpn_t8_tr_midburst_details_sig_01_s
image,#i_wpn_t8_tr_midburst_details_sig_01_o
image,#i_wpn_t8_tr_midburst_details_sig_01_n
image,#i_wpn_t8_tr_midburst_details_sig_01_c
image,#i_wpn_t8_tr_midburst_details_sig_01_g
image,#i_mtl_wpn_t8_sniper_vanguard_sig_02_grip_2_s
image,#i_mtl_wpn_t8_sniper_vanguard_sig_02_grip_2_n
image,#i_mtl_wpn_t8_sniper_vanguard_sig_02_grip_2_o
image,#i_mtl_wpn_t8_sniper_vanguard_sig_02_grip_2_c
image,#i_mtl_wpn_t8_sniper_vanguard_sig_02_grip_2_g
image,#i_mtl_p7_cai_subway_turnstile_02_metal_01_c
image,#i_veh_t7_decal_bolt_09_r
image,#ui_icon_weapon_sniper_quickscope_mk2_render
image,#hash_c6fe8f7f5ad7e9ff
image,#i_p7_fxanim_fray_brown_01_c
image,#i_mtl_p8_col_crate_wood_lrg_m
image,#i_mtl_p8_col_crate_wood_lrg_n
image,#i_mtl_p8_zm_esc_table_wood_lrg_section_o
image,#i_mtl_p8_zm_esc_table_wood_lrg_section_n
image,#i_mtl_p8_zm_esc_table_wood_lrg_section_c
image,#i_mtl_p8_zm_esc_table_wood_lrg_section_g
image,#hash_4717d2150ee45f5d
image,#hash_4717d5150ee46476
image,#hash_4717de150ee473c1
image,#ui_icon_equipment_drone_hawk
image,#hash_c71cf115b3df3aeb
image,#hash_c71cfc15b3df4d9c
image,#hash_c71cfd15b3df4f4f
image,#hash_c71d0115b3df561b
image,#hash_c71d0515b3df5ce7
image,#i_mtl_p7_zm_asc_switch_electric_02_n
image,#i_mtl_p7_zm_asc_switch_electric_02_m
image,#i_mtl_p8_stairs_stone_set_01_step_05_g
image,#i_mtl_p8_stairs_stone_set_01_step_05_c
image,#i_mtl_p8_stairs_stone_set_01_step_05_n
image,#i_veh_t8_decal_text_rescue_01_c
image,#i_mtl_p8_box_electric_commercial_metal_chain_01_n
image,#i_mtl_p8_box_electric_commercial_metal_chain_01_m
image,#i_t8_decal_tech_detail_line_trim_04_n
image,#i_t8_decal_tech_detail_line_trim_04_o
image,#i_t8_decal_tech_detail_line_trim_04_m
image,#i_t8_decal_tech_detail_line_trim_04_c
image,#hash_c7277fb08627166c
image,#i_mtl_p7_ris_alarm_strobe_n
image,#i_mtl_p7_ris_alarm_strobe_c
image,#i_t8_zm_whi_painted_wood_green_o
image,#i_t8_zm_whi_painted_wood_green_n
image,#i_t7_decal_grunge_ceiling_water_stain_c
image,#ui_icon_blackmarket_reserves_smg_vmp
image,#i_mtl_t8_decal_grunge_rust_offset_01_blend_r
image,#i_attach_t8_smg_fastfire_stock_r
image,#i_attach_t8_smg_fastfire_stock_s
image,#i_attach_t8_smg_fastfire_stock_g
image,#i_attach_t8_smg_fastfire_stock_c
image,#i_attach_t8_smg_fastfire_stock_n
image,#i_attach_t8_smg_fastfire_stock_o
image,#hash_c73a1776fb555c37
image,#hash_c73a1a76fb556150
image,#hash_c73a1b76fb556303
image,#hash_c73a1d76fb556669
image,#hash_c73a2376fb55709b
image,#hash_c73a2776fb557767
image,#i_mtl_t8_loot_wpn_smg_folding_shroud_mk2_m
image,#i_mtl_p7_fir_bench_wood_n
image,#i_mtl_p7_fir_bench_wood_m
image,#i_p8_usa_submarine_torpedo_railing_n
image,#i_p8_usa_submarine_torpedo_railing_o
image,#i_p8_usa_submarine_torpedo_railing_m
image,#i_c_t8_zmb_gib_gore_stump_c
image,#i_c_t8_zmb_gib_gore_stump_n
image,#i_mtl_p8_zm_esc_cell_door_set_02_m
image,#i_mtl_p8_zm_esc_cell_door_set_02_n
image,#ui_icon_weapon_tr_flechette_mk2_render
image,#i_wpn_t8_sniper_koshka_range_finder_mk2_m
image,#i_mtl_p7_rus_desk_metal_vintage_set_metal_01_n
image,#i_mtl_p7_rus_desk_metal_vintage_set_metal_01_m
image,#i_wpn_t8_tritium_e
image,#i_wpn_t8_tritium_c
image,#i_mtl_p7_pallet_plastic_01_n
image,#i_mtl_p7_pallet_plastic_01_c
image,#i_wpn_t8_tac_rifle_swordfish_rail_o
image,#i_wpn_t8_tac_rifle_swordfish_rail_n
image,#i_wpn_t8_tac_rifle_swordfish_rail_c
image,#i_wpn_t8_tac_rifle_swordfish_rail_g
image,#i_wpn_t8_tac_rifle_swordfish_rail_s
image,#i_wpn_t8_tac_rifle_swordfish_rail_r
image,#i_mtl_wpn_t8_zm_towers_scorpion_claw_arm_s
image,#i_mtl_wpn_t8_zm_towers_scorpion_claw_arm_c
image,#i_mtl_wpn_t8_zm_towers_scorpion_claw_arm_g
image,#i_mtl_wpn_t8_zm_towers_scorpion_claw_arm_e
image,#i_mtl_wpn_t8_zm_towers_scorpion_claw_arm_n
image,#i_mtl_wpn_t8_zm_towers_scorpion_claw_arm_o
image,#i_mtl_wpn_t8_zm_towers_scorpion_handle_splitfront_s
image,#i_mtl_wpn_t8_zm_towers_scorpion_handle_splitfront_n
image,#i_mtl_wpn_t8_zm_towers_scorpion_handle_splitfront_o
image,#i_mtl_wpn_t8_zm_towers_scorpion_handle_splitfront_g
image,#i_mtl_wpn_t8_zm_towers_scorpion_handle_splitfront_c
image,#i_c_t8_detail_strap_rough_n
image,#i_mtl_p7_inf_pav_window_01_pane_m
image,#i_mtl_p7_inf_pav_window_01_pane_n
image,#i_veh_t8_flakes02_n
image,#i_veh_t8_mil_heli_light_rotor_ir
image,#i_wpn_t7_shotty_prec_hinge_base_s
image,#i_wpn_t7_shotty_prec_hinge_base_n
image,#i_wpn_t7_shotty_prec_hinge_base_o
image,#i_wpn_t7_shotty_prec_hinge_base_g
image,#i_wpn_t7_shotty_prec_hinge_base_c
image,#i_mtl_p8_wep_gantry_crane_metal_yellow_m
image,#i_wpn_t8_smg_capacity_sig_02_magwell_s
image,#i_wpn_t8_smg_capacity_sig_02_magwell_n
image,#i_wpn_t8_smg_capacity_sig_02_magwell_o
image,#i_wpn_t8_smg_capacity_sig_02_magwell_g
image,#i_wpn_t8_smg_capacity_sig_02_magwell_c
image,#i_mtl_p8_zm_esc_cloth_pile_02_change_m
image,#i_t7_ntx_plastic_scuffs_g
image,#hash_c78cb92ce88cb399
image,#hash_c78cbd2ce88cba65
image,#hash_c78cc02ce88cbf7e
image,#hash_c78cc12ce88cc131
image,#hash_c78ccd2ce88cd595
image,#fx_shell_nml
image,#i_t7_veh_decal_bolt_01_n
image,#i_t7_veh_decal_bolt_01_c
image,#i_wpn_t8_tac_rifle_mid_burts_outer_lens_n
image,#i_mtl_t8_metal_bare_dirty_01_s
image,#i_veh_t8_mil_boat_tactical_raft_body_curve_01_m
image,#i_veh_t8_mil_boat_tactical_raft_body_curve_01_o
image,#i_veh_t8_mil_boat_tactical_raft_body_curve_01_n
image,#i_t8_wpn_shotgun_semi_grip_c
image,#i_t8_wpn_shotgun_semi_grip_g
image,#i_t8_wpn_shotgun_semi_grip_o
image,#i_t8_wpn_shotgun_semi_grip_n
image,#i_t8_wpn_shotgun_semi_grip_s
image,#i_t8_wpn_shotgun_semi_grip_r
image,#hash_c79c4db724f88fa6
image,#hash_c79c5db724f8aad6
image,#hash_c79c61b724f8b1a2
image,#hash_c79c69b724f8bf3a
image,#hash_c79c6ab724f8c0ed
image,#i_t7_metal_bare_brushed_2_t
image,#i_t7_metal_bare_brushed_2_g
image,#i_t7_metal_bare_brushed_2_n
image,#i_mtl_p8_zm_esc_book_02_character_c
image,#i_mtl_p8_zm_esc_book_02_character_n
image,#hash_c7a9c2ad06b84496
image,#i_t7_decal_blast_02_n
image,#i_t7_decal_blast_02_c
image,#i_p8_kit_ice_gen_03_door_01_right_white_wood_01_s
image,#i_p8_kit_ice_gen_03_door_01_right_white_wood_01_n
image,#i_p8_kit_ice_gen_03_door_01_right_white_wood_01_o
image,#i_p8_kit_ice_gen_03_door_01_right_white_wood_01_g
image,#i_p8_kit_ice_gen_03_door_01_right_white_wood_01_c
image,#i_mtl_veh_t8_mil_air_gunship_body_03_multi_m
image,#i_clip_missile
image,#hash_47b506deefe52f68
image,#i_mtl_wpn_t8_ar_stealth_sig_01_front_sight_s
image,#i_mtl_wpn_t8_ar_stealth_sig_01_front_sight_n
image,#i_mtl_wpn_t8_ar_stealth_sig_01_front_sight_o
image,#fxt_lightning_bolt_trail_mask
image,#i_mtl_wpn_t8_ar_stealth_sig_01_front_sight_c
image,#i_mtl_wpn_t8_ar_stealth_sig_01_front_sight_g
image,#hash_c7bcacea849933b8
image,#hash_c7bcb8ea8499481c
image,#hash_c7bcb9ea849949cf
image,#i_mtl_mtl_p8_wz_perk_pickups_engineer_a
image,#hash_c7c573b616a0a4ff
image,#i_wpn_t8_zm_crossbow_impaler_mag_base_s
image,#i_wpn_t8_zm_crossbow_impaler_mag_base_n
image,#i_wpn_t8_zm_crossbow_impaler_mag_base_o
image,#i_wpn_t8_zm_crossbow_impaler_mag_base_g
image,#i_wpn_t8_zm_crossbow_impaler_mag_base_c
image,#i_veh_t7_dlc_decal_damage_glass_broken_n
image,#i_mtl_p8_zm_esc_shelf_industrial_vintage_96_wood_m
image,#i_mtl_p8_ice_signage_rectangle_vert_01_s
image,#i_mtl_p8_ice_signage_rectangle_vert_01_n
image,#i_mtl_p8_ice_signage_rectangle_vert_01_g
image,#i_mtl_p8_usa_locker_metal_door_metal_gray_m
image,#hash_47d8e74f8bcc7c40
image,#hash_47d8ea4f8bcc8159
image,#i_mtl_p8_wz_rock_pile_small_cluster_02_c
image,#i_mtl_p8_wz_rock_pile_small_cluster_02_o
image,#i_mtl_p8_wz_rock_pile_small_cluster_02_n
image,#i_t7_metal_rust_03_r
image,#i_t7_metal_rust_03_n
image,#i_t7_metal_rust_03_g
image,#i_t7_metal_rust_03_c
image,#i_mtl_p7_ship_cargo_01_cockpit_m
image,#hash_47e59a0008eeb0d4
image,#hash_47e59c0008eeb43a
image,#hash_47e59d0008eeb5ed
image,#i_mtl_p7_electrical_box_set2_meterbox_n
image,#i_mtl_p7_electrical_box_set2_meterbox_c
image,#detail_map_painted_metal_n
image,#i_wpn_t8_pistol_standard_sights_base_s
image,#i_wpn_t8_pistol_standard_sights_base_g
image,#i_wpn_t8_pistol_standard_sights_base_c
image,#i_wpn_t8_pistol_standard_sights_base_o
image,#i_wpn_t8_pistol_standard_sights_base_n
image,#i_mtl_p7_3arc_park_decal_grunge_01_g
image,#i_wpn_t8_shotgun_semi_grip_sig_02_g
image,#i_wpn_t8_shotgun_semi_grip_sig_02_c
image,#i_wpn_t8_shotgun_semi_grip_sig_02_n
image,#i_wpn_t8_shotgun_semi_grip_sig_02_o
image,#i_wpn_t8_shotgun_semi_grip_sig_02_s
image,#i_wpn_t8_ar_heavy_barrel_base_o
image,#i_wpn_t8_ar_heavy_barrel_base_n
image,#i_wpn_t8_ar_heavy_barrel_base_g
image,#i_wpn_t8_ar_heavy_barrel_base_c
image,#i_wpn_t8_ar_heavy_barrel_base_s
image,#i_wpn_t8_ar_heavy_barrel_base_r
image,#i_t7_concrete_bare_weathered_01_n
image,#i_t7_barrel_vintage_metal_bolts_n
image,#i_t7_barrel_vintage_metal_bolts_r
image,#i_mtl_veh_t8_decal_hole03_r
image,#i_mtl_veh_t8_decal_hole03_c
image,#i_wpn_t8_shotgun_pump_slide_base_mk2_m
image,#hash_c80867507cbcc04a
image,#i_mtl_p7_spl_clothes_hanger_detailmap02_c
image,#i_mtl_p7_spl_clothes_hanger_detailmap02_n
image,#i_mtl_t8_loot_wpn_smg_folding_reciever_s
image,#i_mtl_t8_loot_wpn_smg_folding_reciever_c
image,#i_mtl_t8_loot_wpn_smg_folding_reciever_g
image,#i_mtl_t8_loot_wpn_smg_folding_reciever_m
image,#i_mtl_t8_loot_wpn_smg_folding_reciever_n
image,#hash_480f814157157272
image,#i_mtl_p8_usa_control_panel_02_s
image,#i_mtl_p8_usa_control_panel_02_n
image,#i_mtl_p8_usa_control_panel_02_o
image,#i_mtl_p8_usa_control_panel_02_c
image,#i_mtl_p8_usa_control_panel_02_g
image,#i_mtl_p8_usa_control_panel_02_e
image,#hash_c81aa45e58cbb5be
image,#hash_c81aa85e58cbbc8a
image,#hash_c8208fb0bf3f5a9e
image,#hash_c82099b0bf3f6b9c
image,#hash_c8209bb0bf3f6f02
image,#hash_c8209cb0bf3f70b5
image,#hash_c8209fb0bf3f75ce
image,#hash_c820a3b0bf3f7c9a
image,#tv_lookup
image,#i_c_t8_camo_battery_snake1_exo1_metal_g
image,#i_mtl_p8_stage_podium_wood_01_m
image,#i_mtl_p8_stage_podium_wood_01_n
image,#i_mtl_p8_stage_podium_wood_01_o
image,#i_wpn_t8_eqp_datapad_body_m
image,#i_wpn_t8_eqp_datapad_body_n
image,#i_wpn_t8_eqp_datapad_body_o
image,#fxt8_light_incandescent_hot_mask
image,#hash_c82385b12f2cd2df
image,#hash_c82388b12f2cd7f8
image,#hash_c8238cb12f2cdec4
image,#hash_c82398b12f2cf328
image,#hash_c824549ef2376a1a
image,#hash_c82677fefc2c9ab0
image,#hash_c82684fefc2cb0c7
image,#i_p8_zm_esc_obsidian_rock_large_03_part4_n
image,#i_p8_zm_esc_obsidian_rock_large_03_part4_o
image,#i_wpn_t8_tac_rifle_swordfish_forend_o
image,#i_wpn_t8_tac_rifle_swordfish_forend_n
image,#i_wpn_t8_tac_rifle_swordfish_forend_g
image,#i_wpn_t8_tac_rifle_swordfish_forend_c
image,#i_wpn_t8_tac_rifle_swordfish_forend_s
image,#i_wpn_t8_tac_rifle_swordfish_forend_r
image,#i_mtl_wpn_t8_ar_stealth_sig_01_screws_g
image,#i_mtl_wpn_t8_ar_stealth_sig_01_screws_c
image,#i_mtl_wpn_t8_ar_stealth_sig_01_screws_n
image,#i_mtl_wpn_t8_ar_stealth_sig_01_screws_o
image,#i_mtl_wpn_t8_ar_stealth_sig_01_screws_s
image,#i_t8_zm_esc_concrete_slabs_dust_2x2_r
image,#i_t8_zm_esc_concrete_slabs_dust_2x2_c
image,#i_veh_t8_decal_panel_03_o
image,#i_veh_t8_decal_panel_03_n
image,#hash_c8311ecdf06104ad
image,#i_veh_t8_decal_panel_03_c
image,#i_veh_t8_decal_panel_03_g
image,#i_veh_t8_decal_panel_03_s
image,#i_veh_t8_decal_panel_03_r
image,#i_veh_t8_decal_panel_03_t
image,#i_mtl_p7_barrier_block_concrete_decal_c
image,#i_attach_t8_smg_handling_stock02_s
image,#i_attach_t8_smg_handling_stock02_o
image,#i_attach_t8_smg_handling_stock02_n
image,#i_attach_t8_smg_handling_stock02_m
image,#i_attach_t8_smg_handling_stock02_g
image,#i_attach_t8_smg_handling_stock02_c
image,#i_t7mp_cry_decal_tech_details_01_a
image,#i_mtl_p8_hologram_chess_board_square_gradient_c
image,#i_p7_zm_ctl_gondola_bolts_01_r
image,#i_p7_zm_ctl_gondola_bolts_01_o
image,#i_p7_zm_ctl_gondola_bolts_01_n
image,#i_t7_zm_gen_decal_damage_paint_peeling_r
image,#i_t8_micro_rock_gravel_01_n
image,#i_mtl_attach_t8_loot_ar_double_barrel_hical_s
image,#i_mtl_attach_t8_loot_ar_double_barrel_hical_n
image,#i_mtl_attach_t8_loot_ar_double_barrel_hical_o
image,#i_mtl_attach_t8_loot_ar_double_barrel_hical_c
image,#i_mtl_attach_t8_loot_ar_double_barrel_hical_g
image,#hash_c85a733206d07160
image,#hash_c85a743206d07313
image,#hash_c85a833206d08c90
image,#hash_c85a873206d0935c
image,#hash_c85a8f3206d0a0f4
image,#hash_485b065d9d9e7364
image,#hash_485b0a5d9d9e7a30
image,#i_mtl_p8_zm_esc_crate_wood_lrg_dust_m
image,#i_wpn_t8_eqp_concertina_wire_case_decals_c
image,#i_wpn_t8_eqp_concertina_wire_case_decals_n
image,#i_wpn_t8_shotgun_semi_receiver01_sig_01_s
image,#i_wpn_t8_shotgun_semi_receiver01_sig_01_r
image,#i_wpn_t8_shotgun_semi_receiver01_sig_01_o
image,#i_wpn_t8_shotgun_semi_receiver01_sig_01_n
image,#i_wpn_t8_shotgun_semi_receiver01_sig_01_c
image,#i_wpn_t8_shotgun_semi_receiver01_sig_01_g
image,#i_wpn_t8_loot_smg_burst_barrel_mk2_r
image,#hash_c86989f18620718d
image,#hash_c872e8bedb237960
image,#hash_c872f8bedb239490
image,#i_wpn_t8_smg_accurate_handguard_sig_03_n
image,#i_wpn_t8_smg_accurate_handguard_sig_03_o
image,#i_wpn_t8_smg_accurate_handguard_sig_03_c
image,#i_wpn_t8_smg_accurate_handguard_sig_03_e
image,#i_wpn_t8_smg_accurate_handguard_sig_03_g
image,#i_wpn_t8_smg_accurate_handguard_sig_03_s
image,#i_wpn_t8_lmg_hades_side_rail_base_n
image,#i_wpn_t8_lmg_hades_side_rail_base_o
image,#i_wpn_t8_lmg_hades_side_rail_base_m
image,#i_mtl_p7_zm_ctl_window_tower_set_glass_c
image,#ui_icon_attachment_laser
image,#i_t8_mylar_insulation_damaged_01_g
image,#shadow
image,#i_mtl_wpn_t8_ar_stealth_sig_02_front_barrel_g
image,#i_mtl_wpn_t8_ar_stealth_sig_02_front_barrel_c
image,#i_mtl_wpn_t8_ar_stealth_sig_02_front_barrel_n
image,#i_mtl_wpn_t8_ar_stealth_sig_02_front_barrel_o
image,#i_mtl_wpn_t8_ar_stealth_sig_02_front_barrel_s
image,#i_mtl_p8_col_generator_garage_set_decal_metal_c
image,#i_mtl_p8_col_generator_garage_set_decal_metal_n
image,#hash_c8ad6c842a38d2cb
image,#ui_icon_weapon_ar_an94_render
image,#i_t7_micro_stone_mixed_02_c
image,#i_veh_t8_decal_bolt_02_s
image,#i_veh_t8_decal_bolt_02_r
image,#i_veh_t8_decal_bolt_02_g
image,#i_veh_t8_decal_bolt_02_c
image,#i_veh_t8_decal_bolt_02_o
image,#i_veh_t8_decal_bolt_02_n
image,#ui_icon_inventory_perk_juggernog
image,#i_wpn_t8_lmg_titan_sig_02_rails_s
image,#i_wpn_t8_lmg_titan_sig_02_rails_o
image,#i_wpn_t8_lmg_titan_sig_02_rails_n
image,#i_wpn_t8_lmg_titan_sig_02_rails_c
image,#i_wpn_t8_lmg_titan_sig_02_rails_g
image,#i_wpn_t8_loot_ar_double_tap_mag_o
image,#i_wpn_t8_loot_ar_double_tap_mag_n
image,#i_wpn_t8_loot_ar_double_tap_mag_g
image,#i_wpn_t8_loot_ar_double_tap_mag_c
image,#i_wpn_t8_loot_ar_double_tap_mag_s
image,#i_wpn_t8_loot_ar_double_tap_mag_r
image,#hash_c8d241b5f1037720
image,#hash_c8d242b5f10378d3
image,#hash_48d7a7c82c8c66b9
image,#i_mtl_p7_fire_extinguisher_case_glass_g
image,#i_mtl_p7_fire_extinguisher_case_glass_c
image,#i_mtl_p8_zm_esc_spinning_trap_blood_r
image,#i_wpn_t8_loot_tac_rifle_damageburst_bolt_o
image,#i_wpn_t8_loot_tac_rifle_damageburst_bolt_n
image,#i_wpn_t8_loot_tac_rifle_damageburst_bolt_g
image,#i_wpn_t8_loot_tac_rifle_damageburst_bolt_c
image,#i_wpn_t8_loot_tac_rifle_damageburst_bolt_s
image,#i_wpn_t8_loot_tac_rifle_damageburst_bolt_r
image,#i_mtl_wpn_t8_ar_stealth_sig_01_front_hical_n
image,#i_mtl_wpn_t8_ar_stealth_sig_01_front_hical_o
image,#i_mtl_wpn_t8_ar_stealth_sig_01_front_hical_g
image,#i_mtl_wpn_t8_ar_stealth_sig_01_front_hical_c
image,#i_mtl_wpn_t8_ar_stealth_sig_01_front_hical_s
image,#i_mtl_t8_decal_trim_weld_01_metal_n
image,#i_mtl_t8_decal_trim_weld_01_metal_r
image,#hash_c8e5098fa28e0db8
image,#hash_c8e5158fa28e221c
image,#hash_c8e5168fa28e23cf
image,#hash_c8e5198fa28e28e8
image,#hash_c8e51d8fa28e2fb4
image,#hash_48e55c7803335b2b
image,#hud_explosive_arrow
image,#i_t7_metal_paint_worn_g
image,#i_t7_metal_paint_worn_n
image,#i_wpn_t8_wz_sniper_power_semi_barrel_s
image,#i_wpn_t8_wz_sniper_power_semi_barrel_c
image,#i_wpn_t8_wz_sniper_power_semi_barrel_g
image,#i_wpn_t8_wz_sniper_power_semi_barrel_n
image,#i_attach_t8_ar_kn57_ext_mag_s
image,#i_attach_t8_ar_kn57_ext_mag_c
image,#i_attach_t8_ar_kn57_ext_mag_g
image,#i_attach_t8_ar_kn57_ext_mag_n
image,#i_attach_t8_ar_kn57_ext_mag_o
image,#i_t8_decal_graphics_artwork_01_c
image,#i_wpn_t8_sig_bow_bottom_corner_s
image,#i_wpn_t8_sig_bow_bottom_corner_c
image,#i_wpn_t8_sig_bow_bottom_corner_g
image,#i_wpn_t8_sig_bow_bottom_corner_o
image,#i_wpn_t8_sig_bow_bottom_corner_n
image,#hash_c8fb2a2f125d37c4
image,#hash_c8fb9ac60e14921d
image,#hash_c8fb9dc60e149736
image,#hash_c8fb9ec60e1498e9
image,#hash_c8fba6c60e14a681
image,#hash_c8fbaac60e14ad4d
image,#i_t8_wpn_pistol_revolver_drum_sig_01_o
image,#i_t8_wpn_pistol_revolver_drum_sig_01_n
image,#i_t8_wpn_pistol_revolver_drum_sig_01_c
image,#i_t8_wpn_pistol_revolver_drum_sig_01_g
image,#i_t8_wpn_pistol_revolver_drum_sig_01_s
image,#i_mtl_p8_col_rock_large_03d_o
image,#i_mtl_p8_col_rock_large_03d_n
image,#i_mtl_p8_col_rock_large_03d_c
image,#hash_c8fe055645f94830
image,#hash_490341df15041ae3
image,#i_mtl_p7_zm_nac_trailer_generator_02_n
image,#i_mtl_p7_zm_nac_trailer_generator_02_m
image,#i_mtl_p7_medical_cot_c
image,#i_mtl_p7_medical_cot_g
image,#i_mtl_p7_medical_cot_n
image,#i_mtl_p7_medical_cot_s
image,#i_mtl_p8_zm_esc_metal_hatch_main_n
image,#i_mtl_p8_zm_esc_metal_hatch_main_c
image,#i_mtl_p8_zm_esc_metal_hatch_main_g
image,#i_veh_t8_mil_boat_tactical_raft_hull_n
image,#i_veh_t8_mil_boat_tactical_raft_hull_o
image,#i_veh_t8_mil_boat_tactical_raft_hull_m
image,#i_mtl_p8_zm_esc_generator_lrg_details_decals_n
image,#hash_490f7fcb463d6f1f
image,#hash_490f80cb463d70d2
image,#hash_490f81cb463d7285
image,#i_wpn_t8_tr_midburst_glass_sig_02_n
image,#i_p7_jun_foliage_bush_branches_01_r
image,#hash_49138f6f31e3a9ce
image,#hash_4914a2d0c06248f0
image,#hash_4914a3d0c0624aa3
image,#hash_c91a126ffb9f65be
image,#hash_c91a1f6ffb9f7bd5
image,#hash_c91a226ffb9f80ee
image,#i_mtl_p8_ice_bay4_hydrolic_pump_01_rust_decal_02_n
image,#i_mtl_p8_ice_bay4_hydrolic_pump_01_rust_decal_02_c
image,#i_mtl_p7_chalkboard_vintage_chalkboard_c
image,#loot_03_ui_icon_blackmarket_stream_tr_longburst_mk2
image,#i_mtl_wpn_t8_loot_melee_stop_sign_fabric_s
image,#i_mtl_wpn_t8_loot_melee_stop_sign_fabric_g
image,#i_mtl_wpn_t8_loot_melee_stop_sign_fabric_c
image,#i_mtl_wpn_t8_loot_melee_stop_sign_fabric_o
image,#i_mtl_wpn_t8_loot_melee_stop_sign_fabric_n
image,#i_mtl_p8_centrifuge_device_dmg_rust_decal_01_c
image,#i_mtl_p8_centrifuge_device_dmg_rust_decal_01_n
image,#i_wpn_tac_rifle_mid_burst_mag_mk2_m
image,#i_wpn_tac_rifle_mid_burst_mag_mk2_n
image,#hash_4938ebf2b0d5b8c8
image,#i_t7_decal_grunge_dirt_base_01_c
image,#i_mtl_p7_ris_construction_metal_scratches_m
image,#hash_c945885b626256e3
image,#i_mtl_p7_zm_asc_bracket_awning_screw_c
image,#i_mtl_p7_zm_asc_bracket_awning_screw_n
image,#i_t8_plaster_stucco_01_c
image,#fxt_sam_trail_smk
image,#hash_c953a1277266dc98
image,#hash_c953ad277266f0fc
image,#hash_c953ae277266f2af
image,#hash_c953b1277266f7c8
image,#hash_c953b5277266fe94
image,#i_veh_t8_weathered_paint_03_g
image,#i_t7_con_decal_grunge_ash_r
image,#i_wpn_t8_ar_accurate_sig_02_receiver_demon_c
image,#i_t8_wpn_smg_capacity_handgrip_sig_o
image,#i_t8_wpn_smg_capacity_handgrip_sig_n
image,#i_wpn_t8_ar_stealth_sac_mount_s
image,#i_wpn_t8_ar_stealth_sac_mount_g
image,#i_wpn_t8_ar_stealth_sac_mount_c
image,#i_wpn_t8_ar_stealth_sac_mount_n
image,#i_wpn_t8_ar_stealth_sac_mount_o
image,#i_wpn_t8_lmg_titan_iron_sights_front_r
image,#i_wpn_t8_lmg_titan_iron_sights_front_s
image,#i_wpn_t8_lmg_titan_iron_sights_front_n
image,#i_wpn_t8_lmg_titan_iron_sights_front_o
image,#i_wpn_t8_lmg_titan_iron_sights_front_g
image,#i_wpn_t8_lmg_titan_iron_sights_front_c
image,#i_mtl_p8_col_generator_garage_set_decal_logo_white_c
image,#i_mtl_wpn_t8_ar_kn57_receiver_upper_mk2_m
image,#i_mtl_wpn_t8_ar_kn57_receiver_upper_mk2_n
image,#i_p7_metal_bolt_bracket_n
image,#i_p7_metal_bolt_bracket_m
image,#i_attach_t8_shotgun_pump_sling_n
image,#i_attach_t8_shotgun_pump_sling_o
image,#i_attach_t8_shotgun_pump_sling_g
image,#i_attach_t8_shotgun_pump_sling_c
image,#i_attach_t8_shotgun_pump_sling_s
image,#hash_c97383092d27c7f8
image,#hash_c97384092d27c9ab
image,#hash_c9738f092d27dc5c
image,#hash_c97390092d27de0f
image,#hash_c97393092d27e328
image,#hash_c97397092d27e9f4
image,#fxt_trail_sparkles
image,#hash_c977bef852d595cb
image,#hash_c977c9f852d5a87c
image,#hash_c977cef852d5b0fb
image,#hash_c977d2f852d5b7c7
image,#i_t8_wpn_pistol_revolver_body_c
image,#i_t8_wpn_pistol_revolver_body_g
image,#i_t8_wpn_pistol_revolver_body_o
image,#i_t8_wpn_pistol_revolver_body_n
image,#i_t8_wpn_pistol_revolver_body_s
image,#i_t8_wpn_pistol_revolver_body_r
image,#i_mtl_t7_concrete_wall_damage_01_c
image,#i_wpn_t8_pistol_burst_grip_n
image,#i_wpn_t8_pistol_burst_grip_o
image,#i_wpn_t8_pistol_burst_grip_g
image,#i_wpn_t8_pistol_burst_grip_c
image,#i_wpn_t8_pistol_burst_grip_r
image,#i_wpn_t8_pistol_burst_grip_s
image,#i_wpn_t8_zm_raygun_mk2_6_c
image,#i_wpn_t8_zm_raygun_mk2_6_g
image,#i_wpn_t8_zm_raygun_mk2_6_o
image,#i_wpn_t8_zm_raygun_mk2_6_n
image,#i_wpn_t8_zm_raygun_mk2_6_s
image,#i_mtl_veh_t7_decal_square03_c
image,#ui_icon_obit_smg_fastfire
image,#hash_c9928d81c9c62e87
image,#i_mtl_p8_wz_foliage_bush_creosote_02_dry_proxy_specular
image,#hash_499920ea35a4a411
image,#i_mtl_p7_zm_ctl_book_vintage_cover_01_a_c
image,#i_mtl_p7_zm_ctl_book_vintage_cover_01_a_n
image,#i_t8_wpn_smg_accurate_charging_handle_sig_02_c
image,#i_t8_wpn_smg_accurate_charging_handle_sig_02_g
image,#i_t8_wpn_smg_accurate_charging_handle_sig_02_o
image,#i_t8_wpn_smg_accurate_charging_handle_sig_02_n
image,#i_t8_wpn_smg_accurate_charging_handle_sig_02_s
image,#hash_c9a3cc416f902e39
image,#hash_c9a3d0416f903505
image,#hash_c9a3d7416f9040ea
image,#hash_c9a3d8416f90429d
image,#i_mtl_p8_zm_esc_packasplat_set_part_c
image,#fxt8_misc_grapplerope_tileu
image,#i_t7_concrete_wall_damaged_01_n
image,#i_t7_concrete_wall_damaged_01_c
image,#i_attach_t8_lmg_titan_hipfire_handguard_s
image,#i_attach_t8_lmg_titan_hipfire_handguard_g
image,#i_attach_t8_lmg_titan_hipfire_handguard_c
image,#i_attach_t8_lmg_titan_hipfire_handguard_o
image,#i_attach_t8_lmg_titan_hipfire_handguard_n
image,#i_mtl_p8_col_conveyor_unit_metal_black_normal_m
image,#i_mtl_p8_col_conveyor_unit_metal_black_normal_n
image,#i_mtl_p8_zm_esc_dryer_industrial_n
image,#i_mtl_p8_zm_esc_dryer_industrial_c
image,#i_mtl_p8_zm_esc_dryer_industrial_g
image,#hash_c9baa121446b4f39
image,#hash_c9bab121446b6a69
image,#hash_c9bab521446b7135
image,#hash_c9babc21446b7d1a
image,#hash_c9babd21446b7ecd
image,#i_mtl_wpn_t8_loot_ar_peacekeeper_barrel_base_mk2_n
image,#hash_49d009d92bfec75c
image,#hash_49d00ad92bfec90f
image,#i_attach_t8_tac_rifle_mid_burst_suppressor_s
image,#i_attach_t8_tac_rifle_mid_burst_suppressor_r
image,#i_attach_t8_tac_rifle_mid_burst_suppressor_o
image,#i_attach_t8_tac_rifle_mid_burst_suppressor_n
image,#i_attach_t8_tac_rifle_mid_burst_suppressor_g
image,#i_attach_t8_tac_rifle_mid_burst_suppressor_c
image,#i_t8_micro_asphalt_new_n
image,#i_t7_metal_bare_brushed_g
image,#hash_49de1de0acb9c490
image,#hash_49de21e0acb9cb5c
image,#hash_49de26e0acb9d3db
image,#i_p8_wz_foliage_bush_coyote_c_r
image,#i_t8_wpn_smg_accurate_decal_sig_02_c
image,#i_wpn_t8_lmg_titan_sig_02_barrel_s
image,#i_t7_micro_metal_cast_iron_n
image,#i_wpn_t8_lmg_titan_sig_02_barrel_c
image,#i_wpn_t8_lmg_titan_sig_02_barrel_g
image,#i_wpn_t8_lmg_titan_sig_02_barrel_n
image,#i_wpn_t8_lmg_titan_sig_02_barrel_o
image,#i_t8_wpn_pistol_revolver_trigger_sig_02_s
image,#i_t8_wpn_pistol_revolver_trigger_sig_02_c
image,#i_t8_wpn_pistol_revolver_trigger_sig_02_g
image,#i_t8_wpn_pistol_revolver_trigger_sig_02_n
image,#i_t8_wpn_pistol_revolver_trigger_sig_02_o
image,#i_t7_glass_grey_50_c
image,#ui_icon_weapon_hud_hero_purifier
image,#ui_icon_weapon_hud_ar_stealth_operator_wz
image,#hash_c9f1b0ff7100fec6
image,#hash_c9f1c0ff710119f6
image,#hash_c9f1c4ff710120c2
image,#hash_c9f1ccff71012e5a
image,#hash_c9f1cdff7101300d
image,#hash_49f4b0d51ff8e0a1
image,#i_mtl_p7_cai_subway_turnstile_02_rust_01_s
image,#i_mtl_p7_cai_subway_turnstile_02_rust_01_c
image,#i_mtl_p8_zm_crafting_table_alchemy_jar_03_paper_c
image,#i_wpn_t8_lmg_titan_sig_01_stock_s
image,#i_wpn_t8_lmg_titan_sig_01_stock_c
image,#i_wpn_t8_lmg_titan_sig_01_stock_g
image,#i_wpn_t8_lmg_titan_sig_01_stock_o
image,#i_wpn_t8_lmg_titan_sig_01_stock_n
image,#i_mtl_wpn_t8_loot_shotgun_fullauto_receiver_body_sig_c
image,#i_mtl_wpn_t8_loot_shotgun_fullauto_receiver_body_sig_g
image,#i_mtl_wpn_t8_loot_shotgun_fullauto_receiver_body_sig_n
image,#i_mtl_wpn_t8_loot_shotgun_fullauto_receiver_body_sig_o
image,#hash_ca01581a475a64fb
image,#fxt8_fire_inferno_tall_anim_alpha
image,#$whitetransparent_color
image,#$black_specular
image,#ui_icon_weapon_hud_ar_standard_tactical_wz
image,#i_c_t8_zmb_homunculus_mouth_n
image,#i_c_t8_zmb_homunculus_mouth_o
image,#i_c_t8_zmb_homunculus_mouth_g
image,#i_c_t8_zmb_homunculus_mouth_c
image,#i_wpn_t8_loot_ar_double_tap_handguard_r
image,#i_wpn_t8_loot_ar_double_tap_handguard_s
image,#i_wpn_t8_loot_ar_double_tap_handguard_c
image,#i_wpn_t8_loot_ar_double_tap_handguard_g
image,#i_wpn_t8_loot_ar_double_tap_handguard_n
image,#i_wpn_t8_loot_ar_double_tap_handguard_o
image,#i_veh_t7_decal_latch_03_c
image,#i_veh_t7_decal_latch_03_n
image,#i_veh_t8_decal_bolt_14_c
image,#i_veh_t8_decal_bolt_14_n
image,#i_veh_t8_decal_bolt_14_o
image,#i_veh_t8_decal_bolt_14_r
image,#i_t7_brick_worn_brown_heavy_grout_02_c
image,#i_t8_decal_tech_detail_high_tech_38_o
image,#i_t8_decal_tech_detail_high_tech_38_n
image,#i_t8_decal_tech_detail_high_tech_38_c
image,#i_t8_decal_tech_detail_high_tech_38_g
image,#i_wpn_t8_tac_rifle_swordfish_mag_g
image,#i_wpn_t8_tac_rifle_swordfish_mag_c
image,#i_wpn_t8_tac_rifle_swordfish_mag_n
image,#i_wpn_t8_tac_rifle_swordfish_mag_o
image,#i_wpn_t8_tac_rifle_swordfish_mag_r
image,#i_mtl_p7_toolbox_handheld_small_red_s
image,#i_mtl_p7_toolbox_handheld_small_red_g
image,#i_mtl_p7_toolbox_handheld_small_red_c
image,#i_mtl_p7_toolbox_handheld_small_red_n
image,#i_mtl_p7_toolbox_handheld_small_red_o
image,#i_c_t8_detail_plastic_grainy_mr6_2_n
image,#i_t7_plastic_core_ceiling_tiles_light_c
image,#i_t7_plastic_core_ceiling_tiles_light_n
image,#hash_ca3d61bae8651c63
image,#i_veh_t8_decal_gauge_22_c
image,#ui_icon_armordamagestate_wz_medium
image,#hash_4a43c3f62f79d05a
image,#i_veh_t8_micro_rain_drops_n
image,#i_mtl_p8_fire_extinguisher_01_dmg_decal_01_n
image,#i_mtl_p8_fire_extinguisher_01_dmg_decal_01_c
image,#i_t7_rock_granite_smooth_dark_g
image,#i_t7_rock_granite_smooth_dark_c
image,#i_t7_rock_granite_smooth_dark_n
image,#i_t7_dlc1_decal_hole_g
image,#i_t7_dlc1_decal_hole_c
image,#i_t7_dlc1_decal_hole_n
image,#i_mtl_p7_wes_chair_wood_set_wood_01_n
image,#i_mtl_p7_wes_chair_wood_set_wood_01_m
image,#i_t7_plastic_white_worn_01_c
image,#i_t7_plastic_white_worn_01_n
image,#i_mtl_p7_slu_door_white_decal_02_n
image,#i_mtl_p7_slu_door_white_decal_02_m
image,#i_mtl_wpn_t8_loot_melee_zombie_arm_sleeve_o
image,#i_mtl_wpn_t8_loot_melee_zombie_arm_sleeve_n
image,#i_mtl_wpn_t8_loot_melee_zombie_arm_sleeve_g
image,#i_mtl_wpn_t8_loot_melee_zombie_arm_sleeve_c
image,#i_mtl_p8_col_rock_cliff_large_01ab_n
image,#i_t8_wpn_pistol_revolver_bullet_sig_02_s
image,#hash_4a627f7506ea109f
image,#i_wpn_t8_smg_capacity_sig_02_charging_handle_s
image,#i_wpn_t8_smg_capacity_sig_02_charging_handle_o
image,#i_wpn_t8_smg_capacity_sig_02_charging_handle_n
image,#i_wpn_t8_smg_capacity_sig_02_charging_handle_g
image,#i_mtl_p8_zm_esc_security_console_decal_line_m
image,#i_mtl_p8_zm_esc_security_console_decal_line_n
image,#i_wpn_t8_sig_tempest_optic_glass_n
image,#i_wpn_t8_sig_tempest_optic_glass_c
image,#i_wpn_t8_sig_tempest_optic_glass_g
image,#i_wpn_t8_ar_heavy_stock_sig_02_s
image,#i_wpn_t8_ar_heavy_stock_sig_02_c
image,#i_wpn_t8_ar_heavy_stock_sig_02_g
image,#i_wpn_t8_ar_heavy_stock_sig_02_n
image,#i_wpn_t8_ar_heavy_stock_sig_02_o
image,#mtl_t6_attach_optic_acog_lens_col
image,#hash_ca73e8038c742b80
image,#hash_ca73e9038c742d33
image,#hash_ca73f0038c743918
image,#hash_ca73f4038c743fe4
image,#hash_ca7404038c745b14
image,#hash_ca7a9c41a5c62017
image,#hash_ca7ed47024141c80
image,#hash_ca7edd7024142bcb
image,#hash_ca7ee17024143297
image,#hash_ca7ef17024144dc7
image,#compass_vtol
image,#i_mtl_p8_zm_esc_gun_gallery_metal_beam_01_n
image,#i_mtl_p8_zm_esc_gun_gallery_metal_beam_01_o
image,#i_t8_wood_sugi_01_planks_c
image,#i_t8_wood_sugi_01_planks_g
image,#i_t8_wood_sugi_01_planks_n
image,#i_attach_t8_optic_mms_back_m
image,#i_attach_t8_optic_mms_back_n
image,#i_attach_t8_optic_mms_back_o
image,#reticle_side_small
image,#i_fir_bathroom_sink_blackhole_decal_r
image,#i_mtl_p8_zm_esc_crane_rope_n
image,#i_mtl_p8_zm_esc_crane_rope_c
image,#i_wpn_t8_sniper_vanguard_scope_p2_o
image,#i_wpn_t8_sniper_vanguard_scope_p2_n
image,#i_wpn_t8_sniper_vanguard_scope_p2_m
image,#i_wpn_t8_sniper_vanguard_scope_p2_g
image,#i_wpn_t8_sniper_vanguard_scope_p2_c
image,#i_wpn_t8_sniper_vanguard_scope_p2_s
image,#i_t8_micro_metal_wavy_sheet_painted_n
image,#fxt_decal_blood_fatal_02
image,#fxt_decal_blood_fatal_01
image,#i_wpn_t8_loot_tac_rifle_damageburst_mag_g
image,#i_wpn_t8_loot_tac_rifle_damageburst_mag_c
image,#i_wpn_t8_loot_tac_rifle_damageburst_mag_o
image,#i_wpn_t8_loot_tac_rifle_damageburst_mag_n
image,#i_wpn_t8_loot_tac_rifle_damageburst_mag_s
image,#i_wpn_t8_loot_tac_rifle_damageburst_mag_r
image,#i_mtl_p8_col_generator_garage_set_decal_logo_yellow_c
image,#hash_caaa58495e8ed64a
image,#hash_caaa5c495e8edd16
image,#hash_caaa5d495e8edec9
image,#hash_caaa64495e8eeaae
image,#hash_caaa68495e8ef17a
image,#i_attach_t8_ar_kn57_grip_g
image,#i_attach_t8_ar_kn57_grip_c
image,#i_attach_t8_ar_kn57_grip_o
image,#i_attach_t8_ar_kn57_grip_n
image,#i_attach_t8_ar_kn57_grip_s
image,#i_attach_t8_ar_kn57_grip_r
image,#i_mtl_wpn_t8_loot_shotgun_fullauto_receiver_body_mk2_multi_m
image,#i_t8_decal_grunge_barnacles_clusters_01_blend_c
image,#i_t8_decal_grunge_barnacles_clusters_01_blend_n
image,#i_t8_decal_grunge_barnacles_clusters_01_blend_r
image,#hash_cabc7072d61c1d20
image,#hash_cabc7172d61c1ed3
image,#hash_cabc7972d61c2c6b
image,#hash_cabc7d72d61c3337
image,#hash_cabc8d72d61c4e67
image,#i_t7_ceramic_tile_shower_white_n
image,#i_t7_ceramic_tile_shower_white_g
image,#i_t7_ceramic_tile_shower_white_c
image,#i_mtl_p8_zm_esc_generator_lrg_rubber_unique_m
image,#i_mtl_p8_zm_esc_generator_lrg_rubber_unique_n
image,#i_t7_vista_decal_grunge_rust_01_c
image,#i_wpn_tr_powersemi_scope_lens_sig_02_e2
image,#i_wpn_tr_powersemi_scope_lens_sig_02_e3
image,#i_wpn_tr_powersemi_scope_lens_sig_02_e1
image,#i_p7_file_cab_metal_02_drawer_rusty_c
image,#i_wpn_tac_rifle_mid_burst_grip_r
image,#hash_cad49f7b246dc2e9
image,#hash_cad4a37b246dc9b5
image,#hash_cad4a67b246dcece
image,#i_wpn_tac_rifle_mid_burst_grip_o
image,#$color_black_40
image,#i_wpn_t8_loot_shotgun_fullauto_rails_s
image,#i_wpn_t8_loot_shotgun_fullauto_rails_c
image,#i_wpn_t8_loot_shotgun_fullauto_rails_g
image,#i_wpn_t8_loot_shotgun_fullauto_rails_o
image,#i_wpn_t8_loot_shotgun_fullauto_rails_n
image,#hash_4ad9dfbe9d054479
image,#i_veh_t8_decal_line_vert_01_c
image,#i_wpn_t8_sniper_vanguard_stock_v2_m
image,#i_p8_zm_esc_turbine_generator_connector_n
image,#i_p8_zm_esc_turbine_generator_connector_o
image,#hash_cae2e6962f5c7a79
image,#reticle_incendiary_cross
image,#i_attach_t7_ar_dbal_03_d1_n
image,#fxt8_water_bubble_lg_tile
image,#i_mtl_p8_crate_metal_military_medium_03_m
image,#hash_caf850af7a0fe226
image,#hash_caf851af7a0fe3d9
image,#hash_caf858af7a0fefbe
image,#hash_caf85caf7a0ff68a
image,#hash_caf86caf7a1011ba
image,#hash_caf8f0e37a6d1984
image,#i_t8_micro_cloth_cotton_02_n
image,#i_t8_lv8_metal_panels_01_g
image,#i_t8_lv8_metal_panels_01_c
image,#i_t8_lv8_metal_panels_01_o
image,#i_t8_lv8_metal_panels_01_n
image,#ui_icon_weapon_camo_active_sig_ar_stealth_vampire
image,#i_mtl_p8_bookshelf_wood_01_set_decal_02_n
image,#i_mtl_p8_bookshelf_wood_01_set_decal_02_c
image,#i_veh_t8_metal_paint_worn_white_c
image,#hash_4b08ae4d7a1ee17a
image,#hash_4b0954051d8cd699
image,#hash_4b0970051d8d062d
image,#t7_icon_weapon_smg_standard
image,#i_mtl_p8_zm_esc_radio_01_n
image,#i_mtl_p8_zm_esc_radio_01_o
image,#i_mtl_p8_zm_esc_radio_01_m
image,#i_c_zom_der_zombie_head1_c
image,#hash_cb231cbf845160b1
image,#hash_cb2327bf84517362
image,#hash_cb2328bf84517515
image,#hash_cb232cbf84517be1
image,#hash_cb2330bf845182ad
image,#i_wpn_t8_ar_stealth_base_weapon_02_g
image,#i_wpn_t8_ar_stealth_base_weapon_02_c
image,#i_wpn_t8_ar_stealth_base_weapon_02_m
image,#i_wpn_t8_ar_stealth_base_weapon_02_n
image,#i_wpn_t8_ar_stealth_base_weapon_02_o
image,#i_wpn_t8_ar_stealth_base_weapon_02_s
image,#i_t8_micro_wood_oak_01_c
image,#i_t8_micro_wood_oak_01_g
image,#i_t8_micro_wood_oak_01_h
image,#i_t8_micro_wood_oak_01_n
image,#i_mtl_p8_zm_esc_book_01_character_c
image,#i_mtl_p8_zm_esc_book_01_character_n
image,#i_attach_t8_loot_tac_rifle_damageburst_upper_r
image,#i_attach_t8_loot_tac_rifle_damageburst_upper_s
image,#i_attach_t8_loot_tac_rifle_damageburst_upper_g
image,#i_attach_t8_loot_tac_rifle_damageburst_upper_c
image,#i_attach_t8_loot_tac_rifle_damageburst_upper_n
image,#i_attach_t8_loot_tac_rifle_damageburst_upper_o
image,#fxt8_light_ray_solid_wide
image,#i_mtl_mtl_veh_t8_mil_helicopter_transport_attach_04_ir
image,#hash_4b3b12b20231191e
image,#hash_4b3b1eb202312d82
image,#i_mtl_wpn_t8_loot_melee_polynesian_club_rope_c
image,#i_mtl_wpn_t8_loot_melee_polynesian_club_rope_g
image,#i_mtl_wpn_t8_loot_melee_polynesian_club_rope_o
image,#i_mtl_wpn_t8_loot_melee_polynesian_club_rope_n
image,#i_mtl_wpn_t8_loot_melee_polynesian_club_rope_s
image,#i_veh_t8_alpha_gradient_03_c
image,#ui_icon_scorestreaks_drone_recon_dark
image,#i_mtl_p7_cai_door_wood_rustic_02_paint_n
image,#hash_4b5028ffa840a220
image,#hash_4b5029ffa840a3d3
image,#hash_4b5035ffa840b837
image,#hash_4b513e40ce27615c
image,#i_mtl_p8_zm_esc_book_04_m
image,#i_mtl_p8_zm_esc_book_04_n
image,#i_veh_t8_dead_dents_01_n
image,#hash_cb59221537ce820c
image,#black
image,#i_mtl_p8_zm_esc_power_house_windows_slab_04_m
image,#i_mtl_p8_zm_esc_power_house_windows_slab_04_o
image,#i_mtl_p8_zm_esc_power_house_windows_slab_04_n
image,#i_attach_t8_shotgun_semi_ext_mag_01_g
image,#i_attach_t8_shotgun_semi_ext_mag_01_c
image,#i_attach_t8_shotgun_semi_ext_mag_01_m
image,#i_attach_t8_shotgun_semi_ext_mag_01_n
image,#i_attach_t8_shotgun_semi_ext_mag_01_o
image,#i_mtl_wpn_t8_ar_stealth_mag_multi_m
image,#i_mtl_p8_lab_tech_rack_decal_04_n
image,#i_mtl_p8_lab_tech_rack_decal_04_c
image,#hash_cb680db750c50e06
image,#hash_cb6811b750c514d2
image,#hash_cb6813b750c51838
image,#hash_cb6815b750c51b9e
image,#hash_cb6816b750c51d51
image,#hash_cb6821b750c53002
image,#i_veh_t8_mil_boat_tactical_raft_engine_details_n
image,#i_veh_t8_mil_boat_tactical_raft_engine_details_o
image,#i_veh_t8_mil_boat_tactical_raft_engine_details_m
image,#hash_cb6900c4c70247d9
image,#hash_cb6910c4c7026309
image,#hash_cb6914c4c70269d5
image,#hash_cb691bc4c70275ba
image,#hash_cb691cc4c702776d
image,#i_wpn_t8_ar_accurate_handguard_sig_03_g
image,#i_wpn_t8_ar_accurate_handguard_sig_03_c
image,#i_wpn_t8_ar_accurate_handguard_sig_03_n
image,#i_wpn_t8_ar_accurate_handguard_sig_03_o
image,#i_wpn_t8_ar_accurate_handguard_sig_03_s
image,#i_mtl_wpn_tac_rifle_mid_burst_mainbody_decal_01_c
image,#i_t8_glass_transparent_2x1_01_c
image,#i_wpn_t8_shotgun_pump_bolt_base_s
image,#i_wpn_t8_shotgun_pump_bolt_base_n
image,#i_wpn_t8_shotgun_pump_bolt_base_o
image,#i_wpn_t8_shotgun_pump_bolt_base_g
image,#ui_icon_blackmarket_reserves_ar_doublebarrel
image,#i_mtl_p7_slu_door_white_metal_03_m
image,#i_mtl_p7_slu_door_white_metal_03_n
image,#i_mtl_p8_zm_wall_buy_symbol_01_c
image,#i_t8_wpn_pistol_auto_hical_m
image,#i_t8_wpn_pistol_auto_hical_n
image,#i_t8_wpn_pistol_auto_hical_o
image,#i_t8_wpn_pistol_auto_hical_c
image,#i_t8_wpn_pistol_auto_hical_g
image,#i_t8_wpn_pistol_auto_hical_s
image,#i_wpn_t8_camo_geo_gem_diamond_n
image,#i_wpn_t8_camo_geo_gem_diamond_s
image,#i_mtl_p7_fir_shelf_wood_02_n
image,#i_mtl_p7_fir_shelf_wood_02_m
image,#hash_cb8ba3f3b8ea7bae
image,#i_c_t8_zmb_mob_zombie_head2_helmet_s
image,#i_c_t8_zmb_mob_zombie_head2_helmet_o
image,#i_c_t8_zmb_mob_zombie_head2_helmet_n
image,#i_c_t8_zmb_mob_zombie_head2_helmet_c
image,#i_c_t8_zmb_mob_zombie_head2_helmet_g
image,#hash_cb92e776e9b366a0
image,#hash_cb92e876e9b36853
image,#hash_cb92ef76e9b37438
image,#hash_cb930376e9b39634
image,#hash_cb96e884e30a1373
image,#hash_cb96ec84e30a1a3f
image,#hash_cb96f384e30a2624
image,#hash_cb96f484e30a27d7
image,#hash_cb96f784e30a2cf0
image,#hash_cb96f884e30a2ea3
image,#hash_4b982a5be54a714f
image,#hash_4b982b5be54a7302
image,#hash_4b982c5be54a74b5
image,#hash_4b98c051124d3b84
image,#i_t8_wz_esc_pictures_wardenpic3_c
image,#i_mtl_p8_zm_zod_glass_third_class_berths_set_decal_c
image,#i_attach_t8_pistol_revolver_hical_n
image,#i_attach_t8_pistol_revolver_hical_o
image,#i_attach_t8_pistol_revolver_hical_g
image,#i_attach_t8_pistol_revolver_hical_c
image,#i_attach_t8_pistol_revolver_hical_s
image,#i_t7_decal_grunge_burnt_stain_03_c
image,#glass_clear_mp_g
image,#hash_4bb3a1a09b89118a
image,#hash_4bba4e2902f79762
image,#hash_cbbe8e3732725447
image,#hash_cbbf380910b9fb92
image,#hash_cbbf390910b9fd45
image,#hash_cbbf410910ba0add
image,#hash_cbbf4c0910ba1d8e
image,#hash_cbbf4d0910ba1f41
image,#i_mtl_p8_col_radar_dirty_med_grey_bolts_s
image,#i_mtl_p8_col_radar_dirty_med_grey_bolts_n
image,#i_mtl_p8_col_radar_dirty_med_grey_bolts_g
image,#i_mtl_p8_col_radar_dirty_med_grey_bolts_c
image,#i_t8_decal_damage_asphalt_cracks_01_n
image,#i_attach_t8_pistol_burst_clip_02_g
image,#i_attach_t8_pistol_burst_clip_02_c
image,#i_attach_t8_pistol_burst_clip_02_o
image,#i_attach_t8_pistol_burst_clip_02_n
image,#i_attach_t8_pistol_burst_clip_02_s
image,#fxt8_spark_streak_long_hdr
image,#i_attach_t8_ar_heavy_bolt_n
image,#i_attach_t8_ar_heavy_bolt_o
image,#i_attach_t8_ar_heavy_bolt_g
image,#i_attach_t8_ar_heavy_bolt_c
image,#ui_icon_weapon_launcher_standard_render
image,#i_wpn_t8_shotgun_pump_receiver_base_camo_alt_mk2_n
image,#i_wpn_t8_shotgun_pump_receiver_base_camo_alt_mk2_m
image,#i_wpn_t8_loot_smg_burst_clip_mk2_s
image,#i_wpn_t8_loot_smg_burst_clip_mk2_m
image,#i_mtl_p8_zm_esc_cell_bed_cloth_02_m
image,#i_mtl_p8_zm_esc_cell_bed_cloth_02_n
image,#hash_cbdd798bf2e9e60c
image,#hash_cbdd7a8bf2e9e7bf
image,#hash_cbdd7d8bf2e9ecd8
image,#hash_cbdd818bf2e9f3a4
image,#hash_cbdd8d8bf2ea0808
image,#i_t7_dirt_grassy_forest_ground_n
image,#i_t7_dirt_grassy_forest_ground_c
image,#i_attach_t8_optic_acog_decals_c
image,#i_wpn_t8_shotgun_pump_reciever_rail_base_o
image,#i_wpn_t8_shotgun_pump_reciever_rail_base_n
image,#i_wpn_t8_shotgun_pump_reciever_rail_base_c
image,#i_wpn_t8_shotgun_pump_reciever_rail_base_g
image,#i_wpn_t8_shotgun_pump_reciever_rail_base_s
image,#i_wpn_t8_shotgun_pump_reciever_rail_base_r
image,#ui_icon_weapon_ar_fastfire_tactical_render
image,#i_mtl_veh_t8_decal_panel_52_r
image,#i_mtl_veh_t8_decal_panel_52_c
image,#i_mtl_veh_t8_decal_panel_52_o
image,#i_mtl_veh_t8_decal_panel_52_n
image,#hash_cbf7ff4ba04ad414
image,#i_t7_decal_grunge_water_puddle_02_r
image,#i_mtl_p8_wz_foliage_bush_erigonum_02_autumn_proxy_albedo
image,#i_wpn_t8_ar_modular_upper_sig_01_s
image,#i_wpn_t8_ar_modular_upper_sig_01_c
image,#i_wpn_t8_ar_modular_upper_sig_01_g
image,#i_wpn_t8_ar_modular_upper_sig_01_n
image,#i_wpn_t8_ar_modular_upper_sig_01_o
image,#hash_4c08eb728be29651
image,#i_mtl_p8_kit_spa_bou_02_wood_m
image,#i_t8_metal_scifi_lockers_damaged_01_s
image,#i_wpn_t8_wz_smg_mp9_mag_base_c
image,#i_mtl_wpn_t8_sniper_powersemi_wraps_front_sig_02_c
image,#i_mtl_wpn_t8_sniper_powersemi_wraps_front_sig_02_g
image,#i_mtl_wpn_t8_sniper_powersemi_wraps_front_sig_02_o
image,#i_mtl_wpn_t8_sniper_powersemi_wraps_front_sig_02_n
image,#i_t8_decal_utility_metal_manhole_cover_02_c
image,#i_t8_decal_utility_metal_manhole_cover_02_g
image,#i_t8_decal_utility_metal_manhole_cover_02_n
image,#hash_cc201ac41826ba89
image,#fxt_water_bubble_pcloud
image,#i_wpn_t8_sniper_koshka_bolt_mk2_n
image,#ui_icon_obit_ar_peacekeeper
image,#ui_icon_weapon_hud_tr_longburst_tactical_wz
image,#i_mtl_p8_col_foliage_plant_meskel_2_noflower_dead_proxy_albedo
image,#fxt8_decal_blood_fatal_01
image,#fxt8_decal_blood_fatal_02
image,#fxt8_decal_blood_fatal_03
image,#i_t7_micro_wood_oak_unfinished_n
image,#i_t7_micro_wood_oak_unfinished_c
image,#i_mtl_veh_t7_zmb_1931_pickup_van_attach_n
image,#i_mtl_t8_micro_metal_rust_01_c
image,#i_mtl_t8_micro_metal_rust_01_n
image,#hash_cc33cdf87e197db8
image,#i_mtl_veh_t8_drone_rcxd_body_upper_m
image,#i_mtl_veh_t8_drone_rcxd_body_upper_o
image,#i_mtl_veh_t8_drone_rcxd_body_upper_n
image,#i_mtl_p8_tank_fuel_01_set_metal_rust_04_c
image,#i_wpn_t8_smg_capacity_receiver_base_m
image,#i_wpn_t8_smg_capacity_receiver_base_o
image,#i_wpn_t8_smg_capacity_receiver_base_n
image,#i_wpn_t8_smg_capacity_receiver_base_r
image,#i_wpn_t8_smg_capacity_receiver_base_t
image,#i_mtl_p8_usa_submarine_interior_periscope_o
image,#i_mtl_p8_usa_submarine_interior_periscope_n
image,#i_mtl_p8_usa_submarine_interior_periscope_m
image,#i_mtl_p7_blast_wall_concrete_decal_03_c
image,#ui_icon_weapon_ar_stealth_tactical_render
image,#i_veh_t8_mil_heli_light_seat_ir
image,#i_mtl_wpn_t8_sniper_vanguard_mag_v2_mk2_multi_m
image,#i_t8_wpn_smg_accurate_body_upper_sig_02_c
image,#i_t8_wpn_smg_accurate_body_upper_sig_02_g
image,#i_t8_wpn_smg_accurate_body_upper_sig_02_n
image,#i_t8_wpn_smg_accurate_body_upper_sig_02_o
image,#i_t8_wpn_smg_accurate_body_upper_sig_02_s
image,#i_eqp_t8_grenade_smoke_body_o
image,#i_eqp_t8_grenade_smoke_body_n
image,#i_eqp_t8_grenade_smoke_body_m
image,#fxt_debris_grass
image,#i_mtl_p7_zm_ori_duckboard_set_decal_c
image,#i_mtl_p8_zm_zod_gooseneck_grime_c
image,#i_mtl_p8_zm_zod_gooseneck_grime_r
image,#i_t7_metal_edge_wear_02_s
image,#i_t7_metal_edge_wear_02_c
image,#i_t7_metal_edge_wear_02_g
image,#i_t8_micro_wood_rough_shallow_01_g
image,#i_t8_micro_wood_rough_shallow_01_c
image,#i_t8_micro_wood_rough_shallow_01_n
image,#fxt_smk_puff_light_varied
image,#i_t7_decal_bullet_metal_impact_02_c
image,#i_t7_decal_bullet_metal_impact_02_n
image,#ui_icon_obit_trophy_system
image,#hash_cc764645a4311da1
image,#hash_cc8028572420f9c1
image,#i_wpn_t8_gradient_glow_c
image,#i_wpn_t8_gradient_glow_e
image,#i_wpn_t8_zm_dg2_glass_c
image,#i_wpn_t8_zm_dg2_glass_n
image,#i_mtl_p8_crane_suspended_01_tightwire_01_n
image,#ui_icon_weapons_loot_ar_accurate_sig_02
image,#hash_cc8731a395fe6921
image,#i_mtl_wpn_t8_camo_geometric_10_03_s
image,#i_mtl_veh_t8_civ_truck_mini_decal_18_dead_c
image,#i_t8_snow_wind_scallops_n
image,#hash_4cb5ef5490e9617d
image,#hash_4cb63a3fe1c3d3a9
image,#hash_4cb63e3fe1c3da75
image,#hash_4cb6413fe1c3df8e
image,#i_mtp7_zm_gen_horror_shards_kit_06_rock_01_m
image,#i_mtl_p8_col_conveyor_unit_logo_04_c
image,#hash_4cbed679a18c6e17
image,#i_t7_decal_damage_crack_line_02_n
image,#i_t7_decal_damage_crack_line_02_c
image,#i_t7_decal_damage_crack_line_02_r
image,#i_mtl_t8_loot_wpn_smg_folding_stabilizer_02_o
image,#i_mtl_p8_box_electric_commercial_decal_vent_01_drk_n
image,#i_mtl_p8_box_electric_commercial_decal_vent_01_drk_c
image,#i_t7_micro_plastic_rough_02_n
image,#i_t7_micro_plastic_rough_02_g
image,#i_t7_micro_plastic_rough_02_c
image,#hash_4cd9f25b3135c70a
image,#i_mtl_p7_handrail_set_n
image,#i_mtl_p7_handrail_set_o
image,#hash_4cde03c7d1a1153a
image,#hash_4cde04c7d1a116ed
image,#fxt_smk_puff_volume_varied
image,#i_attach_t8_loot_tac_rifle_damageburst_coupler_s
image,#i_attach_t8_loot_tac_rifle_damageburst_coupler_c
image,#i_attach_t8_loot_tac_rifle_damageburst_coupler_g
image,#i_attach_t8_loot_tac_rifle_damageburst_coupler_n
image,#i_attach_t8_loot_tac_rifle_damageburst_coupler_o
image,#hash_cce2f99be99d5449
image,#hash_cce3049be99d66fa
image,#i_mtl_p8_crate_wood_decal_02_n
image,#i_mtl_p8_crate_wood_decal_02_c
image,#fxt8_liquid_streak_anim_mask
image,#hash_4ceecb88106d89d3
image,#hash_4ceed088106d9252
image,#hash_4ceed188106d9405
image,#hash_4ceed488106d991e
image,#i_wpn_t8_shotgun_decal02_sig_02_s
image,#i_wpn_t8_shotgun_decal02_sig_02_g
image,#i_wpn_t8_shotgun_decal02_sig_02_c
image,#i_wpn_t8_shotgun_decal02_sig_02_n
image,#loot_03_ui_icon_blackmarket_stream_smg_folding
image,#i_p8_zm_esc_pipe_holder_r
image,#i_p8_zm_esc_pipe_holder_n
image,#i_p8_zm_esc_pipe_holder_o
image,#i_mtl_p7_zm_mob_bed_infirmary_frame_m
image,#i_mtl_p7_zm_mob_bed_infirmary_frame_n
image,#fxt_fog_slow_wide_md_anim
image,#i_mtl_p7_slu_garage_door_metal_03_m
image,#i_mtl_p7_slu_garage_door_metal_03_n
image,#i_mtl_p8_col_military_ship_ribs_m
image,#i_mtl_p8_col_military_ship_ribs_o
image,#i_mtl_p8_col_military_ship_ribs_n
image,#hash_4d033fe7998e582c
image,#hash_4d0341e7998e5b92
image,#hash_4d0342e7998e5d45
image,#hash_cd0354b10504ad40
image,#hash_cd0358b10504b40c
image,#hash_cd0360b10504c1a4
image,#hash_cd0361b10504c357
image,#hash_cd0364b10504c870
image,#hash_cd0365b10504ca23
image,#hash_cd085c0be86a9060
image,#i_c_t8_zmb_homunculus_forearm_g
image,#i_c_t8_zmb_homunculus_forearm_c
image,#i_c_t8_zmb_homunculus_forearm_o
image,#i_c_t8_zmb_homunculus_forearm_n
image,#hash_cd13963ce18f6ca6
image,#hash_cd13a63ce18f87d6
image,#hash_cd13aa3ce18f8ea2
image,#hash_cd13b23ce18f9c3a
image,#hash_cd13b33ce18f9ded
image,#hash_cd145d1d62630331
image,#hash_cd14681d626315e2
image,#hash_cd14691d62631795
image,#hash_cd146d1d62631e61
image,#hash_cd14711d6263252d
image,#i_mtl_t8_loot_wpn_smg_folding_grip_mk2_n
image,#hash_cd1d4f9f71ac6926
image,#hash_cd1d509f71ac6ad9
image,#hash_cd1d5f9f71ac8456
image,#hash_cd1d639f71ac8b22
image,#hash_cd1d6b9f71ac98ba
image,#hash_cd1d6c9f71ac9a6d
image,#hash_4d1e7fff22660378
image,#i_wpn_t8_tr_midburst_cheekrest_sig_01_c
image,#i_wpn_t8_tr_midburst_cheekrest_sig_01_g
image,#i_wpn_t8_tr_midburst_cheekrest_sig_01_o
image,#i_wpn_t8_tr_midburst_cheekrest_sig_01_n
image,#i_wpn_t8_tr_midburst_cheekrest_sig_01_s
image,#i_t8_wpn_lmg_heavy_rearsight_sig_01_s
image,#i_t8_wpn_lmg_heavy_rearsight_sig_01_c
image,#i_t8_wpn_lmg_heavy_rearsight_sig_01_g
image,#i_t8_wpn_lmg_heavy_rearsight_sig_01_o
image,#i_t8_wpn_lmg_heavy_rearsight_sig_01_n
image,#hash_cd237727f2736039
image,#i_t7_decal_grunge_calcium_drip_01_n
image,#i_wpn_t8_ar_fastfire_rails_g
image,#i_wpn_t8_ar_fastfire_rails_c
image,#i_wpn_t8_ar_fastfire_rails_o
image,#i_wpn_t8_ar_fastfire_rails_n
image,#i_wpn_t8_ar_fastfire_rails_s
image,#i_wpn_t8_ar_fastfire_rails_r
image,#i_mtl_p8_zm_esc_table_wood_lrg_hole_n
image,#i_mtl_wpn_t8_loot_smg_minigun_body_s
image,#i_mtl_wpn_t8_loot_smg_minigun_body_c
image,#i_mtl_wpn_t8_loot_smg_minigun_body_g
image,#i_mtl_wpn_t8_loot_smg_minigun_body_m
image,#i_mtl_wpn_t8_loot_smg_minigun_body_n
image,#i_mtl_wpn_t8_loot_smg_minigun_body_o
image,#i_t8_wpn_smg_accurate_bracelet_sig_02_o
image,#i_t8_wpn_smg_accurate_bracelet_sig_02_n
image,#i_mtl_wpn_t8_loot_ar_an94_sights_s
image,#i_mtl_wpn_t8_loot_ar_an94_sights_o
image,#i_mtl_wpn_t8_loot_ar_an94_sights_n
image,#i_mtl_wpn_t8_loot_ar_an94_sights_g
image,#i_mtl_wpn_t8_loot_ar_an94_sights_c
image,#hash_cd36b370580ef682
image,#i_mtl_p8_chi_circular_grating_decal_grunge_calcium_alt_blend_r
image,#i_t8_wpn_smg_accurate_mag_sig_02_s
image,#i_t8_wpn_smg_accurate_mag_sig_02_g
image,#i_t8_wpn_smg_accurate_mag_sig_02_c
image,#i_t8_wpn_smg_accurate_mag_sig_02_n
image,#i_t8_wpn_smg_accurate_mag_sig_02_o
image,#i_t8_micro_metal_bare_scuffed_01_g
image,#i_c_t8_zmb_mob_zombie_body1_leftleg_n
image,#i_c_t8_zmb_mob_zombie_body1_leftleg_o
image,#i_c_t8_zmb_mob_zombie_body1_leftleg_c
image,#i_c_t8_zmb_mob_zombie_body1_leftleg_g
image,#i_c_t8_zmb_mob_zombie_body1_leftleg_s
image,#i_t7_detail_threadplate_01
image,#i_t7_detail_threadplate_02
image,#i_t7_zm_isl_concrete_trowelled_c
image,#i_t7_zm_isl_concrete_trowelled_n
image,#i_mtl_veh_t7_dlc_glass_pattern_11_n
image,#i_wpn_t8_lmg_hades_rail_sig_01_g
image,#i_wpn_t8_lmg_hades_rail_sig_01_s
image,#i_wpn_t8_loot_melee_hammer_demo_head_interior_o
image,#i_wpn_t8_loot_melee_hammer_demo_head_interior_n
image,#i_wpn_t8_loot_melee_hammer_demo_head_interior_c
image,#i_wpn_t8_loot_melee_hammer_demo_head_interior_g
image,#i_wpn_t8_loot_melee_hammer_demo_head_interior_s
image,#i_t7_micro_grunge_pool_silt_01_n
image,#i_t7_micro_grunge_pool_silt_01_c
image,#i_t7_micro_grunge_pool_silt_01_g
image,#hash_4d59d1a25ea8f410
image,#hash_cd5a51b679b6ec5b
image,#hash_cd5bd8235c1d5947
image,#i_t7_decal_grunge_snow_scorching_01_c
image,#ui_icon_weapon_hud_ar_fastfire_tactical_wz
image,#hash_cd79a3fb9bec2a85
image,#hash_4d836529c7a2aa49
image,#hash_4d836929c7a2b115
image,#hash_4d836c29c7a2b62e
image,#hash_4d836d29c7a2b7e1
image,#hash_cd8581390d6029bc
image,#i_wpn_t8_loot_ar_peacekeeper_upper_base_s
image,#i_wpn_t8_loot_ar_peacekeeper_upper_base_g
image,#i_wpn_t8_loot_ar_peacekeeper_upper_base_c
image,#i_wpn_t8_loot_ar_peacekeeper_upper_base_o
image,#i_wpn_t8_loot_ar_peacekeeper_upper_base_n
image,#ui_icon_obit_blade
image,#ui_icon_armordamagestate_wz_light
image,#i_mtl_wpn_t8_loot_pistol_auto_grip_sig_s
image,#i_mtl_wpn_t8_loot_pistol_auto_grip_sig_n
image,#i_mtl_wpn_t8_loot_pistol_auto_grip_sig_o
image,#i_mtl_wpn_t8_loot_pistol_auto_grip_sig_g
image,#i_mtl_wpn_t8_loot_pistol_auto_grip_sig_c
image,#hash_cd940463b6c8e23c
image,#hash_cd940563b6c8e3ef
image,#hash_4d96a2d90a3f1c79
image,#hash_4d96a6d90a3f2345
image,#hash_4d96a9d90a3f285e
image,#hash_4d96aad90a3f2a11
image,#hash_4d96b6d90a3f3e75
image,#loot_03_ui_icon_blackmarket_stream_shotgun_fullauto
image,#hash_cd9a8f631f5ba25c
image,#i_mtl_p7_zm_isl_fan_wall_vintage_metal_01_m
image,#i_mtl_p7_zm_isl_fan_wall_vintage_metal_01_n
image,#i_mtl_p7_lt_boxes_medicin_04_c
image,#hash_cda37f696974de4b
image,#fxt8_fire_sm_base_anim_alpha
image,#i_mtl_p8_zm_esc_cell_skylight_frame_end_small_m
image,#i_mtl_p8_zm_esc_cell_skylight_frame_end_small_o
image,#i_mtl_p8_zm_esc_cell_skylight_frame_end_small_n
image,#i_t8_wpn_shotgun_semi_sights_s
image,#i_t8_wpn_shotgun_semi_sights_r
image,#i_t8_wpn_shotgun_semi_sights_o
image,#i_t8_wpn_shotgun_semi_sights_n
image,#i_t8_wpn_shotgun_semi_sights_c
image,#i_t8_wpn_shotgun_semi_sights_g
image,#i_mtl_p7_electrical_cabinet_08_n
image,#i_mtl_p7_electrical_cabinet_08_g
image,#i_mtl_p7_electrical_cabinet_08_c
image,#i_veh_t8_detail_char_01_g
image,#i_t8_water_ocean_mp_offshore_n
image,#i_t8_water_ocean_mp_offshore_d
image,#hash_cdaea84668d63cb6
image,#hash_cdb0e9c13ca5e8f3
image,#hash_cdb0f0c13ca5f4d8
image,#hash_cdb0f1c13ca5f68b
image,#hash_cdb0fdc13ca60aef
image,#i_t7_graphic_detail_drone_02_flip_c
image,#i_mtl_p7_cai_mobile_shops_civ_01_metal_02_g
image,#i_t7_rubber_trim_strip_n
image,#i_t7_rubber_trim_strip_c
image,#hash_4dbde1351d4303ef
image,#i_wpn_t8_shotgun_semi_receiver02_sig_02_s
image,#i_wpn_t8_shotgun_semi_receiver02_sig_02_c
image,#i_wpn_t8_shotgun_semi_receiver02_sig_02_g
image,#i_wpn_t8_shotgun_semi_receiver02_sig_02_o
image,#i_wpn_t8_shotgun_semi_receiver02_sig_02_n
image,#hash_cdc290b97d0a03f2
image,#i_t7_decal_signage_numbers_c
image,#hash_cdd51a94179b79e5
image,#hash_cdd52194179b85ca
image,#hash_cdd52694179b8e49
image,#i_mtl_p8_zm_esc_box_cardboard_damaged_set_section_n
image,#i_mtl_p8_zm_esc_box_cardboard_damaged_set_section_c
image,#i_attach_t8_ar_fastfire_bolt_s
image,#i_attach_t8_ar_fastfire_bolt_o
image,#i_attach_t8_ar_fastfire_bolt_n
image,#i_attach_t8_ar_fastfire_bolt_g
image,#i_attach_t8_ar_fastfire_bolt_c
image,#i_t7_decal_damage_burn_impact_02_n
image,#i_mtl_p8_col_sneeze_guard_metal_m
image,#hash_cdee93737bd9d6fe
image,#ui_icon_gadget_smart_cover_mp
image,#i_wpn_t7_camo_silver_s
image,#i_mtl_wpn_t8_loot_pistol_auto_trigger_sig_s
image,#i_mtl_wpn_t8_loot_pistol_auto_trigger_sig_n
image,#i_mtl_wpn_t8_loot_pistol_auto_trigger_sig_o
image,#i_mtl_wpn_t8_loot_pistol_auto_trigger_sig_g
image,#i_mtl_wpn_t8_loot_pistol_auto_trigger_sig_c
image,#i_mtl_p8_col_cabinet_kitchen_sink_n
image,#i_mtl_p8_col_cabinet_kitchen_sink_m
image,#i_attach_t8_ar_galil_barrel_c
image,#i_attach_t8_ar_galil_barrel_g
image,#i_attach_t8_ar_galil_barrel_o
image,#i_attach_t8_ar_galil_barrel_n
image,#i_attach_t8_ar_galil_barrel_s
image,#hash_ce03cbafa56b92cf
image,#i_t7_plastic_whiteboard_01_c
image,#i_t7_plastic_whiteboard_01_n
image,#hash_ce050f99ae18216a
image,#ui_icon_weapon_pistol_standard_sig_01_render
image,#i_mtl_p7_animal_testing_02_metal_black_n
image,#i_mtl_p7_animal_testing_02_metal_black_c
image,#i_mtl_p7_zm_ctl_jacket_hanging_decal_n
image,#i_mtl_p7_zm_ctl_jacket_hanging_decal_c
image,#i_mtl_p8_col_table_cafeteria_folding_set_wood_m
image,#i_wpn_t8_ar_modular_02_bolt_sig_01_g
image,#i_wpn_t8_ar_modular_02_bolt_sig_01_c
image,#i_wpn_t8_ar_modular_02_bolt_sig_01_n
image,#i_wpn_t8_ar_modular_02_bolt_sig_01_o
image,#i_wpn_t8_ar_modular_02_bolt_sig_01_s
image,#i_t7_concrete_gunite_pool_01_n
image,#i_t7_concrete_gunite_pool_01_c
image,#i_t7_concrete_gunite_pool_01_g
image,#i_wpn_t8_sig_bow_decal_02_c
image,#i_wpn_t8_sig_bow_decal_02_n
image,#i_wpn_t8_sig_bow_decal_02_s
image,#i_mtl_p8_zm_esc_box_cardboard_b_open01_damaged_01_n
image,#i_t8_plywood_particleboard_01_n
image,#i_t8_plywood_particleboard_01_g
image,#i_t8_plywood_particleboard_01_c
image,#hash_ce2f10529d30058e
image,#hash_ce2f39e787e9232b
image,#hash_ce2f44e787e935dc
image,#hash_ce2f45e787e9378f
image,#hash_ce2f49e787e93e5b
image,#hash_ce2f4de787e94527
image,#sky_clouds_tiled
image,#i_mtl_p7_stepladder_n
image,#i_mtl_p7_stepladder_o
image,#i_mtl_p7_stepladder_g
image,#i_mtl_p7_stepladder_c
image,#i_mtl_p7_stepladder_s
image,#i_veh_t8_mil_heli_attack_rotor_blade_pnt_blk
image,#hash_4e5692f2e206cba0
image,#hash_4e5723f699764200
image,#hash_4e5725f699764566
image,#hash_4e5726f699764719
image,#i_mtl_t8_wpn_shotgun_semi_shell_mount_r
image,#fxt_trail_laser
image,#i_veh_t8_decal_gauge_04_c
image,#i_t7_metal_bare_tarnished_g
image,#hash_ce68ae93dfda352d
image,#hash_ce696883cc1a71a4
image,#i_wpn_tac_rifle_mid_burst_mag_r
image,#i_wpn_tac_rifle_mid_burst_mag_o
image,#hash_ce696d83cc1a7a23
image,#hash_ce697483cc1a8608
image,#hash_ce697883cc1a8cd4
image,#i_t7_decal_grunge_asphalt_puddle_02_n
image,#i_t7_decal_grunge_asphalt_puddle_02_c
image,#i_t7_frosted_glass_n
image,#i_t8_mud_footprints_01_c
image,#hash_ce7536c5ad3ad21f
image,#i_p8_zm_esc_tarp_bed_sheet_02_g
image,#i_p8_zm_esc_tarp_bed_sheet_02_c
image,#i_p8_zm_esc_tarp_bed_sheet_02_n
image,#i_mtl_wpn_t8_loot_shotgun_fullauto_bolt_sig_s
image,#i_mtl_wpn_t8_loot_shotgun_fullauto_bolt_sig_o
image,#i_mtl_wpn_t8_loot_shotgun_fullauto_bolt_sig_n
image,#i_mtl_wpn_t8_loot_shotgun_fullauto_bolt_sig_g
image,#hash_ce779b1a99f28190
image,#i_mtl_p8_wep_warehouse_crane_decal_rust_c
image,#i_mtl_p7_chair_victorian_velvet_01_worn_velvet_m
image,#i_mtl_p7_fir_ladder_hanging_set_m
image,#i_mtl_p7_fir_ladder_hanging_set_n
image,#i_wpn_t8_zm_raygun_mk2_4
image,#i_wpn_t8_zm_raygun_mk2_2
image,#i_wpn_t8_zm_raygun_mk2_3
image,#hash_4e80dc71b684ebe5
image,#i_mtl_veh_t8_mil_air_gunship_body_01_multi_m
image,#i_t7_plastic_cable_safehouse_01_tint_c
image,#i_wpn_t8_smg_capacity_sig_02_sights_g
image,#i_wpn_t8_smg_capacity_sig_02_sights_s
image,#i_mtl_p7_zm_ctl_light_lamp_vintage_01_n
image,#i_mtl_p7_zm_ctl_light_lamp_vintage_01_m
image,#hash_4e8fb6211a05fe62
image,#i_mtl_p8_usa_submarine_torpedo_02_m
image,#i_mtl_p7_mou_electrical_panel_set_metal_02_n
image,#i_mtl_p8_spa_wall_stone_garden_01_concrete_warm_c
image,#i_t7_micro_metal_grunge_galvanized_01_n
image,#i_t7_micro_metal_grunge_galvanized_01_c
image,#i_t7_micro_metal_grunge_galvanized_01_g
image,#i_t7_micro_metal_grunge_galvanized_01_s
image,#hash_ce9c1916d8449220
image,#hash_ce9c1d16d84498ec
image,#hash_ce9c2516d844a684
image,#hash_ce9c2616d844a837
image,#hash_ce9c2916d844ad50
image,#ui_icon_weapon_hud_sniper_powerbolt_tactical_wz
image,#i_wpn_t8_loot_shotgun_fullauto_stockframe_o
image,#i_wpn_t8_loot_shotgun_fullauto_stockframe_n
image,#i_wpn_t8_loot_shotgun_fullauto_stockframe_c
image,#i_wpn_t8_loot_shotgun_fullauto_stockframe_g
image,#i_wpn_t8_loot_shotgun_fullauto_stockframe_s
image,#i_mtl_p7_file_cab_metal_02_brushed_metal_n
image,#i_mtl_p7_file_cab_metal_02_brushed_metal_o
image,#i_wpn_t8_sig_annihilator_grip_s
image,#i_wpn_t8_sig_annihilator_grip_o
image,#i_wpn_t8_sig_annihilator_grip_n
image,#i_wpn_t8_sig_annihilator_grip_g
image,#i_wpn_t8_sig_annihilator_grip_c
image,#fxt8_water_bubble_lg_alpha
image,#i_wpn_t8_loot_sniper_locus_decals_n
image,#i_wpn_t8_loot_sniper_locus_decals_c
image,#clan_font_n
image,#i_wpn_t8_gradient_glow_small_e
image,#i_wpn_t8_gradient_glow_small_c
image,#hash_ced56fda4e5b69ab
image,#i_wpn_t8_ar_galil_base_g
image,#i_wpn_t8_ar_galil_base_n
image,#i_wpn_t8_ar_galil_base_o
image,#i_wpn_t8_ar_galil_base_s
image,#i_wpn_t8_ar_stealth_screws_s
image,#i_wpn_t8_ar_stealth_screws_n
image,#i_wpn_t8_ar_stealth_screws_o
image,#i_wpn_t8_ar_stealth_screws_g
image,#i_wpn_t8_ar_stealth_screws_c
image,#i_t7_detail_stucco_01
image,#i_t8_sand_beach_footprints_01_g
image,#i_t8_sand_beach_footprints_01_n
image,#i_t8_sand_beach_footprints_01_o
image,#i_t8_sand_beach_footprints_01_r
image,#i_p7_winch_mooring_cables_natural_c
image,#i_mtl_p8_spa_trashcan_covered_proxy_normal
image,#hash_4eed6a8804522fac
image,#hash_4eed6f880452382b
image,#hash_ceedd3eae14baa29
image,#i_t7_metal_bare_brushed_3_g
image,#ui_icon_attachment_recon
image,#hash_cef9a4e2c37adde6
image,#hash_cef9a8e2c37ae4b2
image,#hash_cef9b0e2c37af24a
image,#hash_cef9b1e2c37af3fd
image,#hash_cef9b4e2c37af916
image,#hash_cef9b5e2c37afac9
image,#hash_4efe2b90c4f30694
image,#i_wpn_t8_sig_blade_base_s
image,#i_wpn_t8_sig_blade_base_o
image,#i_wpn_t8_sig_blade_base_n
image,#fxt_water_splash_low_anim
image,#hash_4f04f2b1438a49bc
image,#ui_icon_weapon_ray_gun_mk2z_render
image,#i_t7_cobweb_triangle_01_n
image,#i_t7_cobweb_triangle_01_c
image,#i_rus_concrete_dirtyfloor_n
image,#i_attach_t8_loot_sniper_locus_bolt_01_g
image,#i_attach_t8_loot_sniper_locus_bolt_01_c
image,#i_attach_t8_loot_sniper_locus_bolt_01_m
image,#i_attach_t8_loot_sniper_locus_bolt_01_n
image,#i_attach_t8_loot_sniper_locus_bolt_01_o
image,#i_attach_t8_loot_sniper_locus_bolt_01_s
image,#i_mtl_veh_t8_mil_helicopter_transport_blade_blur_c
image,#i_t7_zm_shi_wood_planks_rustic_worn_n
image,#i_t7_zm_shi_wood_planks_rustic_worn_o
image,#i_t7_zm_shi_wood_planks_rustic_worn_c
image,#i_t7_zm_shi_wood_planks_rustic_worn_g
image,#i_wpn_t8_micro_nylon_weave_heavy_n
image,#i_t7_metal_worn_steel_base_c
image,#i_t7_metal_worn_steel_base_g
image,#i_t8_concrete_wall_poured_dirty_01_n
image,#i_attach_t8_loot_smg_burst_suppressor_s
image,#i_attach_t8_loot_smg_burst_suppressor_o
image,#i_attach_t8_loot_smg_burst_suppressor_n
image,#i_attach_t8_loot_smg_burst_suppressor_c
image,#i_attach_t8_loot_smg_burst_suppressor_g
image,#i_mtl_p8_wz_rock_pile_small_cluster_03_n
image,#i_mtl_p8_wz_rock_pile_small_cluster_03_o
image,#i_mtl_p8_wz_rock_pile_small_cluster_03_c
image,#i_wpn_t8_ar_modular_02_handguard_sig_01_s
image,#i_wpn_t8_ar_modular_02_handguard_sig_01_o
image,#i_wpn_t8_ar_modular_02_handguard_sig_01_n
image,#i_wpn_t8_ar_modular_02_handguard_sig_01_g
image,#i_wpn_t8_ar_modular_02_handguard_sig_01_c
image,#i_wpn_t7_zmb_perk_bottle_metal_stimup_s
image,#i_wpn_t7_zmb_perk_bottle_metal_stimup_c
image,#hash_cf2f4807de8cb12c
image,#hash_cf2f4907de8cb2df
image,#hash_cf2f5c07de8cd328
image,#hash_cf2f5d07de8cd4db
image,#hash_cf2f5f07de8cd841
image,#hash_4f3178cc758dc71a
image,#hash_4f3179cc758dc8cd
image,#i_mtl_p7_zm_ver_box_electric_panel_set_m
image,#fxt_exp_underwater_bubble_mask
image,#fxt8_light_core_hot_mask
image,#fxt_distort_ring_ripple
image,#i_c_t8_zmb_mob_brutus_rightleg_s
image,#i_c_t8_zmb_mob_brutus_rightleg_g
image,#i_c_t8_zmb_mob_brutus_rightleg_c
image,#i_c_t8_zmb_mob_brutus_rightleg_m
image,#i_c_t8_zmb_mob_brutus_rightleg_n
image,#i_c_t8_zmb_mob_brutus_rightleg_o
image,#hash_cf39f785c0380fa8
image,#i_p7_fir_bathroom_sink_porcelain_m
image,#i_p7_fir_bathroom_sink_porcelain_n
image,#hash_cf3d3362ed625cc8
image,#i_wpn_t8_ar_stealth_handguard_metal_micro_n
image,#i_wpn_t8_sniper_koshka_handguard_sig_02_c
image,#i_wpn_t8_sniper_koshka_handguard_sig_02_e
image,#i_wpn_t8_sniper_koshka_handguard_sig_02_g
image,#i_wpn_t8_sniper_koshka_handguard_sig_02_n
image,#i_wpn_t8_sniper_koshka_handguard_sig_02_o
image,#i_wpn_t8_sniper_koshka_handguard_sig_02_s
image,#hash_4f48af69745f29b5
image,#i_t8_decal_trim_weld_01_normal_n
image,#i_t8_decal_trim_weld_01_normal_m
image,#i_t8_decal_trim_weld_01_normal_c
image,#i_mtl_p8_stairs_stone_set_01_step_04_n
image,#i_mtl_p8_stairs_stone_set_01_step_04_g
image,#i_mtl_p8_stairs_stone_set_01_step_04_c
image,#hash_cf50a1547a88682a
image,#hash_cf50b1547a88835a
image,#i_mtl_p7_chalkboard_vintage_wood_c
image,#i_mtl_p7_chalkboard_vintage_wood_n
image,#i_mtl_p8_col_rock_cliff_large_01c_n
image,#hash_4f6582186330ff18
image,#hash_4f658318633100cb
image,#i_wpn_t8_lmg_titan_barrel_o
image,#i_wpn_t8_lmg_titan_barrel_n
image,#i_wpn_t8_lmg_titan_barrel_c
image,#i_wpn_t8_lmg_titan_barrel_g
image,#hash_4f68cbf4b17834d8
image,#hash_cf6e1da923e77226
image,#hash_cf6e21a923e778f2
image,#hash_cf6e29a923e7868a
image,#hash_cf6e2aa923e7883d
image,#hash_cf727663bcb9ed73
image,#hash_cf727763bcb9ef26
image,#hash_cf7427259f34215f
image,#hash_cf746a4887f1dfe5
image,#hash_cf74764887f1f449
image,#hash_cf747a4887f1fb15
image,#hash_cf747d4887f2002e
image,#hash_4f7896eae6e7fd04
image,#hash_4f7899eae6e8021d
image,#hash_cf799888674621a5
image,#hash_cf799b88674626be
image,#hash_cf79ab88674641ee
image,#hash_4f81d75515983514
image,#i_mtl_p7_debris_clothing_pants_01_n
image,#i_mtl_p7_debris_clothing_pants_01_c
image,#hash_cf85bf97c13d2f0b
image,#hash_cf85ca97c13d41bc
image,#hash_cf85cb97c13d436f
image,#hash_cf85cf97c13d4a3b
image,#hash_cf85d397c13d5107
image,#i_mtl_wpn_t8_ar_stealth_rapidfire_mk2_n
image,#i_mtl_wpn_t8_ar_stealth_rapidfire_mk2_m
image,#i_t7_plastic_accordian_rubber_c
image,#i_t7_plastic_accordian_rubber_n
image,#hash_4f8eca111e0b0801
image,#hash_cf9323d1d8f620a6
image,#hash_cf9324d1d8f62259
image,#i_mtl_p8_zm_esc_cell_door_set_01_n
image,#i_mtl_p8_zm_esc_cell_door_set_01_m
image,#i_mtl_p7_blinds_wide_c
image,#i_mtl_wpn_t8_ar_modular_stock_sig_03_mask
image,#i_wpn_t8_lmg_hades_snake_rings_c
image,#i_veh_t8_glass_pattern_05_n
image,#hash_cfa3c6af3405a04b
image,#hash_cfa3d1af3405b2fc
image,#hash_cfa3d2af3405b4af
image,#hash_cfa3d6af3405bb7b
image,#i_wpn_t8_sniper_vanguard_sig_02_wings_s
image,#hash_cfa3daaf3405c247
image,#ui_icon_weapon_hud_sniper_powerbolt_wz
image,#i_t7_decal_grunge_chemical_corrosion_r
image,#i_mtl_p7_chair_cafe_wood_g
image,#ui_icon_inventory_hatchet
image,#ui_icon_ability_flare
image,#i_mtl_wpn_t8_loot_ar_an94_mount_base_s
image,#i_mtl_wpn_t8_loot_ar_an94_mount_base_g
image,#i_mtl_wpn_t8_loot_ar_an94_mount_base_c
image,#i_mtl_wpn_t8_loot_ar_an94_mount_base_n
image,#i_mtl_wpn_t8_loot_ar_an94_mount_base_o
image,#i_c_t8_zmb_mob_brutus_alphas_c
image,#i_c_t8_zmb_mob_brutus_alphas_g
image,#i_c_t8_zmb_mob_brutus_alphas_o
image,#i_c_t8_zmb_mob_brutus_alphas_n
image,#i_t8_dirt_rocky_03_dark_brown_c
image,#i_wpn_t8_lmg_titan_sig_01_grip_s
image,#i_wpn_t8_lmg_titan_sig_01_grip_c
image,#i_wpn_t8_lmg_titan_sig_01_grip_g
image,#i_wpn_t8_lmg_titan_sig_01_grip_o
image,#i_wpn_t8_lmg_titan_sig_01_grip_n
image,#i_c_gen_detail_cloth_burlap_01_n
image,#i_wpn_t8_ar_accurate_sig_01_receiver_o
image,#i_wpn_t8_ar_accurate_sig_01_receiver_n
image,#i_wpn_t8_ar_accurate_sig_01_receiver_g
image,#i_wpn_t8_ar_accurate_sig_01_receiver_c
image,#i_wpn_t8_ar_accurate_sig_01_receiver_s
image,#i_wpn_t8_ar_accurate_sig_01_receiver_r
image,#i_wpn_t8_sniper_koshka_cheek_rest_mk2_n
image,#i_attach_t8_optic_mms_hood_o
image,#i_attach_t8_optic_mms_hood_n
image,#i_attach_t8_optic_mms_hood_m
image,#i_attach_t8_optic_mms_hood_r
image,#i_mtl_p8_zm_esc_sheet_metal_4x8_o
image,#i_mtl_p8_zm_esc_sheet_metal_4x8_n
image,#i_mtl_p8_zm_esc_sheet_metal_4x8_m
image,#i_mtl_p8_box_electric_commercial_glass_01_c
image,#i_mtl_p8_box_electric_commercial_glass_01_g
image,#hash_cfd3ede5dcc78c34
image,#i_wpn_t8_sig_annihilator_drum_c
image,#i_wpn_t8_sig_annihilator_drum_g
image,#i_wpn_t8_sig_annihilator_drum_o
image,#i_wpn_t8_sig_annihilator_drum_n
image,#i_wpn_t8_sig_annihilator_drum_s
image,#ui_icon_scorestreaks_turret_mini_dark
image,#i_wpn_t8_shotgun_semi_mag_glass_sig_01_o
image,#i_wpn_t8_shotgun_semi_mag_glass_sig_01_n
image,#i_wpn_t8_shotgun_semi_mag_glass_sig_01_c
image,#i_wpn_t8_shotgun_semi_mag_glass_sig_01_g
image,#i_wpn_t8_shotgun_semi_mag_glass_sig_01_s
image,#i_mtl_p8_food_dinnerware_plate_lrg_n
image,#i_mtl_p8_food_dinnerware_plate_lrg_m
image,#loot_03_ui_icon_blackmarket_stream_smg_capacity_mk2
image,#i_attach_t8_ar_kn57_suppressor_c
image,#i_attach_t8_ar_kn57_suppressor_g
image,#i_attach_t8_ar_kn57_suppressor_o
image,#i_attach_t8_ar_kn57_suppressor_n
image,#i_attach_t8_ar_kn57_suppressor_s
image,#i_p7_fir_bathroom_mirror_mirror_m
image,#i_attach_t8_pistol_revolver_stock_s
image,#i_attach_t8_pistol_revolver_stock_r
image,#i_attach_t8_pistol_revolver_stock_g
image,#i_attach_t8_pistol_revolver_stock_c
image,#i_attach_t8_pistol_revolver_stock_o
image,#i_attach_t8_pistol_revolver_stock_n
image,#hash_cfee390d9defb517
image,#hash_cfee3c0d9defba30
image,#hash_cfee3d0d9defbbe3
image,#hash_cfee450d9defc97b
image,#hash_cfee490d9defd047
image,#i_mtl_p7_sink_ceramic_old_01_m
image,#i_mtl_p7_sink_ceramic_old_01_n
image,#i_mtl_p7_debris_wood_splinter_med_c
image,#i_mtl_p7_debris_wood_splinter_med_n
image,#i_mtl_p7_zm_isl_fan_wall_vintage_metal_decal_01_n
image,#i_mtl_p7_zm_isl_fan_wall_vintage_metal_decal_01_c
image,#hash_cffb4e7ee7d4b72d
image,#fxt_shockwave_fire_anim
image,#i_c_t8_detail_leather_fine_touch_n
image,#hash_d009bbb41b4bc87c
image,#i_mtl_p8_wz_supply_stash_chest_metal_04_m
image,#i_mtl_p8_wz_supply_stash_chest_metal_04_n
image,#i_veh_t8_decal_bolt_03_n
image,#i_veh_t8_decal_bolt_03_o
image,#i_veh_t8_decal_bolt_03_c
image,#i_t8_decal_tech_detail_high_tech_41_c
image,#i_t8_decal_tech_detail_high_tech_41_m
image,#i_t8_decal_tech_detail_high_tech_41_o
image,#i_t8_decal_tech_detail_high_tech_41_n
image,#i_wpn_t8_tac_rifle_swordfish_grip_s
image,#i_wpn_t8_tac_rifle_swordfish_grip_r
image,#i_wpn_t8_tac_rifle_swordfish_grip_m
image,#i_wpn_t8_tac_rifle_swordfish_grip_o
image,#i_wpn_t8_tac_rifle_swordfish_grip_n
image,#i_wpn_t8_tac_rifle_swordfish_grip_g
image,#i_wpn_t8_tac_rifle_swordfish_grip_c
image,#i_c_t8_detail_leather01_n
image,#hash_d01c5c9b4f4dd796
image,#i_mtl_wpn_t8_sniper_vanguard_sig_02_barrel_c
image,#i_mtl_wpn_t8_sniper_vanguard_sig_02_barrel_g
image,#i_mtl_wpn_t8_sniper_vanguard_sig_02_barrel_o
image,#i_mtl_wpn_t8_sniper_vanguard_sig_02_barrel_n
image,#i_mtl_wpn_t8_sniper_vanguard_sig_02_barrel_s
image,#i_t7_metal_panels_2x4_n
image,#i_t7_metal_panels_2x4_o
image,#i_t8_decal_graphics_signage_chi_warning_high_volt_01_c
image,#i_mtl_veh_t8_drone_rcxd_radio_light_e
image,#i_wpn_t8_shotgun_pump_handguard_shroud_base_mk2_m
image,#hash_50219593900f9549
image,#hash_50219f93900fa647
image,#hash_5021a093900fa7fa
image,#fxt8_spark_shower_core_sparse_hdr
image,#fxt_water_splash_n
image,#fxt_electric_arc_random_centered
image,#hash_5025d3523deb2168
image,#hash_502c0b88b5c4a134
image,#i_wpn_t8_sig_bow_complex_piece_o
image,#i_wpn_t8_sig_bow_complex_piece_n
image,#i_wpn_t8_sig_bow_complex_piece_g
image,#i_wpn_t8_sig_bow_complex_piece_c
image,#i_wpn_t8_sig_bow_complex_piece_s
image,#hash_50304a04d09d21a8
image,#hash_50304c04d09d250e
image,#hash_50304d04d09d26c1
image,#i_mtl_wpn_t8_loot_shotgun_fullauto_barrel_sig_g
image,#i_mtl_wpn_t8_loot_shotgun_fullauto_barrel_sig_c
image,#i_mtl_wpn_t8_loot_shotgun_fullauto_barrel_sig_n
image,#i_mtl_wpn_t8_loot_shotgun_fullauto_barrel_sig_o
image,#i_mtl_wpn_t8_loot_shotgun_fullauto_barrel_sig_s
image,#hash_d03a4f02b7ba3905
image,#hash_d03a6002b7ba55e8
image,#hash_d03a6202b7ba594e
image,#hash_d03a6302b7ba5b01
image,#i_wpn_t8_eqp_turret_mini_tripod_leg_01_s
image,#i_mtl_p7_barrel_metal_55gal_lid_n
image,#i_wpn_t8_eqp_turret_mini_tripod_leg_01_c
image,#i_wpn_t8_eqp_turret_mini_tripod_leg_01_g
image,#i_wpn_t8_eqp_turret_mini_tripod_leg_01_n
image,#i_wpn_t8_eqp_turret_mini_tripod_leg_01_o
image,#i_mtl_p8_zm_esc_crate_wood_sml_iron_m
image,#i_mtl_p8_zm_esc_clothes_01_m
image,#i_mtl_p8_zm_esc_clothes_01_n
image,#i_wpn_t7_global_decal_set_02_c_512
image,#i_mtl_p7_can_metal_open_beans_n
image,#i_mtl_p7_can_metal_open_beans_c
image,#i_mtl_wpn_t8_loot_ar_peacekeeper_sights_base_m
image,#hash_d048b9ef6dc95c58
image,#hash_d048bfef6dc9668a
image,#hash_504d391187a4590b
image,#hash_504d451187a46d6f
image,#i_t8_water_ocean_mp_ve_n
image,#$color
image,#i_mtl_wpn_t8_ar_stealth_mag_mk2_n
image,#i_veh_t8_decal_panel_23_g
image,#i_veh_t8_decal_panel_23_c
image,#i_veh_t8_decal_panel_23_o
image,#i_veh_t8_decal_panel_23_n
image,#i_veh_t8_decal_panel_23_s
image,#i_veh_t8_decal_panel_23_r
image,#i_wpn_t8_smg_fastfire_bullet_s
image,#i_wpn_t8_smg_fastfire_bullet_g
image,#i_wpn_t8_smg_fastfire_bullet_n
image,#i_wpn_t8_smg_fastfire_bullet_o
image,#i_t8_micro_wood_ply_03_g
image,#i_t8_micro_wood_ply_03_c
image,#i_t8_micro_wood_ply_03_n
image,#i_t8_micro_wood_ply_03_h
image,#i_mtl_wpn_t8_lmg_heavy_lever_sig_02_s
image,#i_mtl_wpn_t8_lmg_heavy_lever_sig_02_o
image,#i_mtl_wpn_t8_lmg_heavy_lever_sig_02_n
image,#i_mtl_wpn_t8_lmg_heavy_lever_sig_02_c
image,#i_mtl_wpn_t8_lmg_heavy_lever_sig_02_g
image,#i_veh_t8_decal_text_access_ext_c
image,#i_t7_zm_kin_wood_rough_c
image,#i_veh_t8_decal_text_chaff_flare_c
image,#i_wpn_t8_eqp_sensor_dart_gun_s
image,#i_wpn_t8_eqp_sensor_dart_gun_o
image,#i_wpn_t8_eqp_sensor_dart_gun_n
image,#i_wpn_t8_eqp_sensor_dart_gun_g
image,#i_wpn_t8_eqp_sensor_dart_gun_c
image,#i_mtl_veh_t8_mil_air_gunship_body_01_n
image,#i_mtl_veh_t8_mil_air_gunship_body_01_o
image,#i_mtl_veh_t8_mil_air_gunship_body_01_c
image,#i_t7_metal_trim_rivets_02_clean_nobolts_o
image,#i_t7_metal_trim_rivets_02_clean_nobolts_n
image,#i_t7_metal_trim_rivets_02_clean_nobolts_m
image,#hash_d0726af03a417d0c
image,#hash_d0726bf03a417ebf
image,#hash_d0726ef03a4183d8
image,#hash_d07272f03a418aa4
image,#hash_d0727ef03a419f08
image,#hash_d0727ff03a41a0bb
image,#hash_d073da3320e37c83
image,#hash_d07c3d103eed5295
image,#i_attach_t8_ar_heavy_hical_01_r
image,#i_attach_t8_ar_heavy_hical_01_s
image,#i_attach_t8_ar_heavy_hical_01_g
image,#i_attach_t8_ar_heavy_hical_01_c
image,#i_attach_t8_ar_heavy_hical_01_n
image,#i_attach_t8_ar_heavy_hical_01_o
image,#i_t7_micro_plastic_02_c
image,#$specular_ice
image,#i_t7_metal_trim_no_rivets_02_n
image,#asphalt_smooth01_n
image,#i_veh_t8_mil_heli_attack_wing_o
image,#i_veh_t8_mil_heli_attack_wing_n
image,#hash_d08d6e3996794b12
image,#hash_d08d6f3996794cc5
image,#hash_d08d733996795391
image,#hash_d08d773996795a5d
image,#hash_d08d823996796d0e
image,#hash_d08d833996796ec1
image,#i_mtl_p8_zm_zod_chair_victorian_decal_01_g
image,#i_mtl_p8_zm_zod_chair_victorian_decal_01_c
image,#i_mtl_p8_zm_zod_chair_victorian_decal_01_n
image,#i_mtl_p7_slu_alarm_fire_n
image,#i_t8_zm_esc_stain_grunge_leaks_potassium_01_n
image,#i_t8_zm_esc_stain_grunge_leaks_potassium_01_g
image,#i_t8_zm_esc_stain_grunge_leaks_potassium_01_r
image,#i_attach_t8_pistol_revolver_barrel_02_c
image,#i_attach_t8_pistol_revolver_barrel_02_g
image,#i_attach_t8_pistol_revolver_barrel_02_n
image,#i_attach_t8_pistol_revolver_barrel_02_o
image,#i_attach_t8_pistol_revolver_barrel_02_m
image,#i_attach_t8_pistol_revolver_barrel_02_s
image,#hash_509cec9f99fa8d0c
image,#i_t7_detail_concrete_01
image,#i_t7_detail_concrete_02
image,#i_veh_t8_weathered_paint_02_g
image,#fxt_water_drip
image,#i_mtl_p8_zm_esc_dryer_industrial_01_r
image,#i_mtl_p8_zm_esc_dryer_industrial_01_n
image,#hash_d0b086ab2f3232b2
image,#i_wpn_t8_shotgun_pump_sig_01_body_s
image,#i_wpn_t8_shotgun_pump_sig_01_body_g
image,#i_wpn_t8_shotgun_pump_sig_01_body_o
image,#i_wpn_t8_shotgun_pump_sig_01_body_n
image,#i_wpn_t8_shotgun_pump_sig_02_rail_s
image,#i_wpn_t8_shotgun_pump_sig_02_rail_g
image,#i_wpn_t8_shotgun_pump_sig_02_rail_c
image,#hash_d0b9223bb534492c
image,#hash_d0b9233bb5344adf
image,#hash_d0b9263bb5344ff8
image,#hash_d0b92a3bb53456c4
image,#hash_d0b9363bb5346b28
image,#core_cloth_dark_c
image,#i_attach_t8_loot_tac_rifle_damageburst_ext_mag_s
image,#i_attach_t8_loot_tac_rifle_damageburst_ext_mag_r
image,#i_attach_t8_loot_tac_rifle_damageburst_ext_mag_o
image,#i_attach_t8_loot_tac_rifle_damageburst_ext_mag_n
image,#i_attach_t8_loot_tac_rifle_damageburst_ext_mag_c
image,#i_attach_t8_loot_tac_rifle_damageburst_ext_mag_g
image,#i_t7_decal_grunge_algae_wet_r
image,#i_t7_decal_grunge_algae_wet_c
image,#i_t7_decal_grunge_algae_wet_n
image,#i_mtl_p8_zm_esc_generator_lrg_decal_sticker_01_c
image,#i_wpn_t8_sniper_koshka_grip_s
image,#i_wpn_t8_sniper_koshka_grip_r
image,#i_wpn_t8_sniper_koshka_grip_o
image,#i_wpn_t8_sniper_koshka_grip_n
image,#i_wpn_t8_sniper_koshka_grip_c
image,#i_wpn_t8_sniper_koshka_grip_g
image,#$occlusion_50
image,#i_wpn_t8_ar_accurate_sight_glass_n
image,#i_wpn_t8_ar_accurate_sight_glass_c
image,#fxt_smk_wisp_string_mask
image,#fxt_lightning_bolt_ground
image,#i_mtl_veh_t7_dlc_decal_grunge_rust_01_512_r
image,#i_mtl_p7_zod_booth_couch_arm_rest_dirty_n
image,#i_mtl_p7_zod_booth_couch_arm_rest_dirty_c
image,#i_t7_micro_stone_mixed_03_r
image,#i_wpn_t8_sniper_vanguard_barrel_v2_m
image,#hash_d0e9b9546f8148b4
image,#i_mtl_p7_spl_rubber_floor_mat_tile_o
image,#i_mtl_p7_spl_rubber_floor_mat_tile_n
image,#i_mtl_p7_spl_rubber_floor_mat_tile_g
image,#i_mtl_p7_spl_rubber_floor_mat_tile_c
image,#hash_d0ed5880fbbb28ae
image,#hash_d0efeecce215d518
image,#i_t8_decal_tech_detail_low_tech_08a_o
image,#i_wpn_t8_eqp_smartcover_kevlar_upper_o
image,#i_wpn_t8_eqp_smartcover_kevlar_upper_n
image,#i_t8_decal_nails_wood_s
image,#i_t8_decal_nails_wood_g
image,#i_t8_decal_nails_wood_c
image,#i_t8_decal_nails_wood_n
image,#i_t8_decal_nails_wood_o
image,#hash_d0f71a658febe425
image,#hash_d0f726658febf889
image,#hash_d0f72d658fec046e
image,#i_t7_fir_metal_scratch_yellow_g
image,#hash_d0f925ffd1675da0
image,#hash_d0f926ffd1675f53
image,#hash_d0f92effd1676ceb
image,#hash_d0f932ffd16773b7
image,#hash_d0f942ffd1678ee7
image,#i_t8_water_ocean_mp_seaside_far_n
image,#i_attach_t8_ar_kn57_stock_02_s
image,#i_attach_t8_ar_kn57_stock_02_g
image,#i_attach_t8_ar_kn57_stock_02_c
image,#i_attach_t8_ar_kn57_stock_02_n
image,#i_attach_t8_ar_kn57_stock_02_o
image,#i_t8_zm_fro_metal_scratched_rust_n
image,#i_t8_zm_fro_metal_scratched_rust_c
image,#hash_d10b592627b86f52
image,#hash_d10b652627b883b6
image,#hash_d10b692627b88a82
image,#hash_d10b6d2627b8914e
image,#hash_d10b6e2627b89301
image,#ui_icon_obit_shotgun_fullauto
image,#ui_icon_inventory_p8_wz_ammo_pickup_338
image,#i_mtl_wpn_t8_zm_eqp_acid_bomb_steel_m
image,#i_mtl_wpn_t8_zm_eqp_acid_bomb_steel_n
image,#i_t7_glass_dirty_streaks_half_opaque_c
image,#hash_d1176b2ff9f4113e
image,#i_mtl_veh_t8_civ_citycar_police_japan_siren_base_o
image,#i_mtl_veh_t8_civ_citycar_police_japan_siren_base_n
image,#i_wpn_t8_smg_handling_base_sig_02_o
image,#i_wpn_t8_smg_handling_base_sig_02_n
image,#i_wpn_t8_smg_handling_base_sig_02_g
image,#i_wpn_t8_smg_handling_base_sig_02_c
image,#i_wpn_t8_smg_handling_base_sig_02_s
image,#i_c_t8_zmb_mob_brutus_leftleg_s
image,#i_c_t8_zmb_mob_brutus_leftleg_m
image,#i_c_t8_zmb_mob_brutus_leftleg_o
image,#i_c_t8_zmb_mob_brutus_leftleg_n
image,#i_c_t8_zmb_mob_brutus_leftleg_g
image,#i_c_t8_zmb_mob_brutus_leftleg_c
image,#i_c_t8_mp_spe_prophet_body1_belt_s
image,#i_c_t8_mp_spe_prophet_body1_belt_m
image,#i_c_t8_mp_spe_prophet_body1_belt_n
image,#i_c_t8_mp_spe_prophet_body1_belt_o
image,#i_c_t8_mp_spe_prophet_body1_belt_g
image,#i_c_t8_mp_spe_prophet_body1_belt_c
image,#ui_icon_attachment_longbarrel
image,#hash_d12c4284f79c73e0
image,#i_veh_t8_decal_leak_10_c
image,#i_mtl_wpn_t8_zm_eqp_acid_bomb_steel_painted_n
image,#i_mtl_wpn_t8_zm_eqp_acid_bomb_steel_painted_m
image,#i_p8_col_fishing_net_rolled_m
image,#i_p8_col_fishing_net_rolled_n
image,#i_mtl_p8_col_rock_large_02b_c
image,#i_mtl_p8_col_rock_large_02b_n
image,#i_mtl_p8_col_rock_large_02b_o
image,#i_mtl_p8_zm_esc_security_console_hinge_n
image,#i_mtl_p8_zm_esc_security_console_hinge_m
image,#hash_51406007aafd5f39
image,#i_mtl_p8_zm_esc_box_cardboard_damaged_set_labels_c
image,#i_wpn_t8_loot_tac_rifle_damageburst_decals_c
image,#i_t7_decal_damage_plywood_edge_n
image,#i_t7_decal_damage_plywood_edge_c
image,#hash_d15a30dd37c31ae4
image,#hash_d15ed766c8c8ea26
image,#i_wpn_t8_lmg_heavy_lever_g
image,#i_wpn_t8_lmg_heavy_lever_c
image,#i_wpn_t8_lmg_heavy_lever_n
image,#i_wpn_t8_lmg_heavy_lever_o
image,#i_wpn_t8_lmg_heavy_lever_s
image,#i_mtl_wpn_t8_ar_kn57_handguard_alt_mk2_multi_m
image,#i_mtl_p7_microtile_plaster_n
image,#i_mtl_p7_microtile_plaster_g
image,#i_mtl_p7_microtile_plaster_c
image,#i_wpn_t8_lmg_titan_decals_n
image,#i_wpn_t8_lmg_titan_decals_c
image,#i_mtl_p8_generator_open_01_paint_metal_tintable_06_n
image,#i_mtl_p8_generator_open_01_paint_metal_tintable_06_m
image,#i_mtl_p7_ris_insulation_roll_o
image,#i_mtl_p7_ris_insulation_roll_n
image,#i_mtl_p7_ris_insulation_roll_c
image,#i_mtl_p7_ris_insulation_roll_g
image,#i_mtl_p7_ris_insulation_roll_s
image,#i_t7_micro_stone_sandstone_02_g
image,#i_t7_micro_stone_sandstone_02_n
image,#i_wpn_t8_shotgun_pump_sig_02_strap_c
image,#i_wpn_t8_shotgun_pump_sig_02_strap_n
image,#i_wpn_t8_shotgun_pump_sig_02_strap_o
image,#i_mtl_p8_zm_esc_light_roof_decal_rust_c
image,#i_mtl_p7_medical_surgical_cart_metal_dirty_n
image,#i_mtl_p7_medical_surgical_cart_metal_dirty_c
image,#i_mtl_p7_medical_surgical_cart_metal_dirty_s
image,#ui_icon_weapon_hud_smg_vmp
image,#i_veh_t8_mil_boat_tactical_raft_engine_dead_m
image,#i_p7_trash_bag_n
image,#i_p7_trash_bag_c
image,#hash_d18e855f2ebffaa0
image,#hash_d18e895f2ec0016c
image,#hash_d18e915f2ec00f04
image,#hash_d18e925f2ec010b7
image,#hash_d18e955f2ec015d0
image,#hash_d18e965f2ec01783
image,#i_t8_micro_concrete_sidewalk_01
image,#i_attach_t7_ar_dbal_03_s
image,#i_attach_t7_ar_dbal_03_c
image,#i_attach_t7_ar_dbal_03_g
image,#i_attach_t7_ar_dbal_03_m
image,#i_attach_t7_ar_dbal_03_o
image,#i_attach_t7_ar_dbal_03_n
image,#i_veh_t8_decal_grunge_oil_stain_02_c
image,#i_attach_t8_loot_tr_flechette_ext_mag_c
image,#i_attach_t8_loot_tr_flechette_ext_mag_g
image,#i_attach_t8_loot_tr_flechette_ext_mag_m
image,#i_attach_t8_loot_tr_flechette_ext_mag_o
image,#i_attach_t8_loot_tr_flechette_ext_mag_n
image,#i_attach_t8_loot_tr_flechette_ext_mag_s
image,#i_wpn_t8_tac_rifle_swordfish_sig02_decals_03_n
image,#i_wpn_t8_tac_rifle_swordfish_sig02_decals_03_r
image,#i_mtl_p7_rooftop_hvac_metal_vent_n
image,#i_mtl_p7_rooftop_hvac_metal_vent_c
image,#ui_icon_obit_melee_club
image,#hash_d1a63368c12190d9
image,#hash_d1a64f68c121c06d
image,#i_mtl_p7_debris_newspaper_01_n
image,#i_mtl_p7_debris_newspaper_01_c
image,#i_veh_t8_plaster_paint_peel_n
image,#i_mtl_p7_wes_container_vintage_crate_end_n
image,#i_mtl_p7_wes_container_vintage_crate_end_m
image,#i_t7_zm_ori_dirt_01_n
image,#i_mtl_veh_t7_zmb_1931_pickup_under_n
image,#i_mtl_veh_t7_zmb_1931_pickup_under_o
image,#ui_icon_inventory_homunculus
image,#i_t7_snow_slushy_01_c
image,#i_mtl_p8_wmd_generator_metal_decal_dmg_02_c
image,#i_mtl_p8_wmd_generator_metal_decal_dmg_02_n
image,#i_mtl_p7_fir_wire_spool_set_n
image,#i_mtl_p7_fir_wire_spool_set_m
image,#hash_d1c8bb1cafa7913f
image,#hash_d1c8c71cafa7a5a3
image,#hash_d1c8cb1cafa7ac6f
image,#hash_d1c8ce1cafa7b188
image,#hash_d1c8cf1cafa7b33b
image,#i_mtl_t8_wpn_loot_smg_folding_foregrip_02_c
image,#i_mtl_t8_wpn_loot_smg_folding_foregrip_02_g
image,#i_mtl_t8_wpn_loot_smg_folding_foregrip_02_n
image,#i_mtl_t8_wpn_loot_smg_folding_foregrip_02_m
image,#i_wpn_t8_sniper_koshka_stock_mk2_m
image,#i_wpn_t8_lmg_titan_sig_01_bolt_s
image,#i_wpn_t8_lmg_titan_sig_01_bolt_n
image,#i_wpn_t8_lmg_titan_sig_01_bolt_o
image,#i_wpn_t8_lmg_titan_sig_01_bolt_g
image,#i_wpn_t8_lmg_titan_sig_01_bolt_c
image,#hash_51d38c7c11fef010
image,#i_veh_t8_mil_heli_attack_navi_light_o
image,#i_veh_t8_mil_heli_attack_navi_light_n
image,#i_mtl_p7_medical_divider_folding_rubber_c
image,#i_t7_graphic_bars_tank_01_flip_c
image,#ui_icon_weapon_smg_vmp_render
image,#hash_51dfef8b30115503
image,#i_t8_plaster_fort_wall_dirty_01_r
image,#i_t8_plaster_fort_wall_dirty_01_g
image,#i_t8_plaster_fort_wall_dirty_01_c
image,#i_t8_plaster_fort_wall_dirty_01_n
image,#i_t8_plaster_fort_wall_dirty_01_o
image,#hash_51e25483daf28460
image,#hash_51e25683daf287c6
image,#hash_51e25783daf28979
image,#hash_d1e3ad47435b5cd9
image,#hash_d1e3b147435b63a5
image,#hash_d1e3b847435b6f8a
image,#hash_d1e3b947435b713d
image,#hash_d1e3bc47435b7656
image,#hash_d1e3bd47435b7809
image,#hash_d1e4af168575ca26
image,#hash_d1e4bf168575e556
image,#hash_d1e4c3168575ec22
image,#hash_d1e4cb168575f9ba
image,#hash_d1e4cc168575fb6d
image,#i_t7_wes_wood_cedar_lt_c
image,#i_mtl_wpn_t8_camo_bomber_03_c
image,#hash_51eb4874b42c311f
image,#hash_d1f0a38b31249a56
image,#t7_hud_icon_menu_incendiary
image,#hash_d20ca05870509c43
image,#hash_d2110ed5628ce258
image,#i_mtl_wpn_t8_smg_fastfire_stock_alt_mk2_m
image,#hash_d214d3fce44c26d2
image,#hash_d214d4fce44c2885
image,#hash_d214d7fce44c2d9e
image,#hash_d214dbfce44c346a
image,#hash_d214e7fce44c48ce
image,#hash_522793bab3360b7d
image,#i_t7_glass_edge_trim_n
image,#i_t7_glass_edge_trim_c
image,#i_t7_veh_decal_greeble_07_s
image,#i_t7_veh_decal_greeble_07_n
image,#i_t7_veh_decal_greeble_07_o
image,#i_mtl_wpn_t8_lmg_hades_snake_ring_02_c
image,#i_mtl_p7_coffee_table_wood_02_decals_n
image,#i_mtl_p7_coffee_table_wood_02_decals_c
image,#hash_d22fccf5a5f838d1
image,#hash_d22fd7f5a5f84b82
image,#hash_d22fd8f5a5f84d35
image,#hash_d22fdcf5a5f85401
image,#hash_d22fe0f5a5f85acd
image,#i_veh_t8_square_fade_c
image,#i_veh_t8_square_fade_e
image,#hash_d2399288f2ad11bd
image,#i_mtl_wpn_t8_zm_blundergat_acid_s
image,#i_mtl_wpn_t8_zm_blundergat_acid_e
image,#i_mtl_wpn_t8_zm_blundergat_acid_g
image,#i_mtl_wpn_t8_zm_blundergat_acid_c
image,#i_mtl_wpn_t8_zm_blundergat_acid_o
image,#i_mtl_wpn_t8_zm_blundergat_acid_n
image,#i_mtl_p7_lamp_floor_01_s
image,#i_mtl_p7_lamp_floor_01_o
image,#i_mtl_p7_lamp_floor_01_n
image,#i_mtl_p7_lamp_floor_01_g
image,#i_mtl_p7_lamp_floor_01_c
image,#i_mtl_wpn_t8_ar_stealth_hical_mk2_n
image,#i_mtl_wpn_t8_ar_stealth_hical_mk2_m
image,#i_mtl_p7_zm_tra_stove_kitchen_label_c
image,#i_mtl_p7_zm_tra_stove_kitchen_label_n
image,#i_mtl_p7_sin_bio_monument_boat_hull_m
image,#i_mtl_p7_sin_bio_monument_boat_hull_o
image,#i_mtl_p7_rug_cloth_modern_128x256_05_c
image,#i_veh_t8_decal_bolt_13_r
image,#i_veh_t8_decal_bolt_13_o
image,#i_veh_t8_decal_bolt_13_n
image,#i_veh_t8_decal_bolt_13_c
image,#i_mtl_p8_col_generator_garage_set_decal_logo_caution_c
image,#ui_icon_weapon_annihilator_render
image,#i_t8_wpn_smg_accurate_rail_cover_sig_01_s
image,#i_t8_wpn_smg_accurate_rail_cover_sig_01_g
image,#i_t8_wpn_smg_accurate_rail_cover_sig_01_c
image,#i_t8_wpn_smg_accurate_rail_cover_sig_01_n
image,#i_t8_wpn_smg_accurate_rail_cover_sig_01_o
image,#i_t7_decal_blast_03_c
image,#i_t7_decal_blast_03_n
image,#hash_526378af96d497c6
image,#hash_526379af96d49979
image,#hash_526394af96d4c75a
image,#i_mtl_wpn_t8_ar_stealth_front_hical_mk2_m
image,#hash_d2687ddc5dad7c7f
image,#hash_d26889dc5dad90e3
image,#hash_d2688ddc5dad97af
image,#hash_d26890dc5dad9cc8
image,#hash_d26891dc5dad9e7b
image,#hash_d2696c3578e35012
image,#hash_d2696d3578e351c5
image,#hash_d269703578e356de
image,#hash_d269743578e35daa
image,#hash_d269803578e3720e
image,#i_veh_t8_metal_painted_rough_01_g
image,#tracer_enemy
image,#ui_icon_inventory_p8_wz_ammo_pickup_45acp
image,#hash_5274c10ff357e2f1
image,#i_mtl_veh_t8_drone_rcxd_flashlight_n
image,#i_mtl_veh_t8_drone_rcxd_flashlight_o
image,#i_mtl_veh_t8_drone_rcxd_flashlight_m
image,#i_p8_zm_esc_turbine_generator_turbineguards_decal_fakeao_c
image,#i_mtl_wpn_t8_lmg_hades_snake_head_ring_e
image,#i_mtl_wpn_t8_lmg_hades_snake_head_ring_c
image,#i_p8_zm_zod_micro_wood_teak_01_c
image,#i_wpn_t8_shotgun_semi_receiver04_sig_01_g
image,#i_wpn_t8_shotgun_semi_receiver04_sig_01_c
image,#i_wpn_t8_shotgun_semi_receiver04_sig_01_n
image,#i_wpn_t8_shotgun_semi_receiver04_sig_01_o
image,#i_wpn_t8_shotgun_semi_receiver04_sig_01_r
image,#i_wpn_t8_shotgun_semi_receiver04_sig_01_s
image,#i_veh_t8_glass_dirty_grimes_01_512_g
image,#hash_52800dd4aa2c14e9
image,#i_mtl_p7_fir_targetdummy_rail_wood_01_c
image,#i_t7_glass_dark_translucent_c
image,#i_veh_t7_metal_paint_scratched_02_c
image,#i_t7_street_concrete_curb_01a_yellow_solid_c
image,#hash_d293a7ace3bf02cd
image,#hash_d296266c5d4ac503
image,#i_mtl_p7_mou_electrical_panel_set_pane_m
image,#i_mtl_p7_mou_electrical_panel_set_pane_n
image,#i_veh_t8_decal_sign_square_half_01_c
image,#hash_52ab19a56f9db015
image,#i_mtl_p8_usa_submarine_interior_consoles_details_control_stick_c
image,#i_mtl_p8_usa_submarine_interior_consoles_details_control_stick_g
image,#i_mtl_p8_usa_submarine_interior_consoles_details_control_stick_n
image,#i_mtl_wpn_t8_lmg_heavy_barrel_sig_02_o
image,#i_mtl_wpn_t8_lmg_heavy_barrel_sig_02_n
image,#i_mtl_wpn_t8_lmg_heavy_barrel_sig_02_c
image,#i_mtl_wpn_t8_lmg_heavy_barrel_sig_02_g
image,#i_mtl_wpn_t8_lmg_heavy_barrel_sig_02_s
image,#hash_d2ad465778a843c7
image,#i_t7_ntx_metal_trim_01_n
image,#i_attach_t8_shotgun_semi_ext_mag_02_s
image,#i_attach_t8_shotgun_semi_ext_mag_02_o
image,#i_attach_t8_shotgun_semi_ext_mag_02_n
image,#i_attach_t8_shotgun_semi_ext_mag_02_c
image,#i_attach_t8_shotgun_semi_ext_mag_02_g
image,#i_p7_metal_cut_panel_02_n
image,#i_p7_metal_cut_panel_02_g
image,#i_p7_metal_cut_panel_02_c
image,#i_wpn_t8_loot_shotgun_fullauto_receiver_parts_s
image,#i_wpn_t8_loot_shotgun_fullauto_receiver_parts_g
image,#i_wpn_t8_loot_shotgun_fullauto_receiver_parts_c
image,#i_wpn_t8_loot_shotgun_fullauto_receiver_parts_n
image,#i_wpn_t8_loot_shotgun_fullauto_receiver_parts_o
image,#ui_icon_weapon_sniper_quickscope_sig_02_render
image,#i_mtl_attach_t8_loot_ar_an94_ext_mag_01_s
image,#i_mtl_attach_t8_loot_ar_an94_ext_mag_01_n
image,#i_mtl_attach_t8_loot_ar_an94_ext_mag_01_o
image,#i_mtl_attach_t8_loot_ar_an94_ext_mag_01_m
image,#i_mtl_attach_t8_loot_ar_an94_ext_mag_01_c
image,#i_mtl_attach_t8_loot_ar_an94_ext_mag_01_g
image,#hash_d2c40e4603ee6522
image,#detail_map_scratches_n
image,#i_wpn_t8_loot_shared_decals_mk2_c
image,#hash_52d5e662e08b07e8
image,#i_veh_t8_decal_bolt_10_other_n
image,#i_attach_t8_smg_fastfire_handguard_01_g
image,#i_attach_t8_smg_fastfire_handguard_01_c
image,#i_attach_t8_smg_fastfire_handguard_01_n
image,#i_attach_t8_smg_fastfire_handguard_01_o
image,#i_attach_t8_smg_fastfire_handguard_01_r
image,#i_attach_t8_smg_fastfire_handguard_01_s
image,#i_mtl_p8_zm_esc_generator_lrg_plastic_unique_c
image,#i_mtl_p8_zm_esc_generator_lrg_plastic_unique_o
image,#i_mtl_p8_zm_esc_generator_lrg_plastic_unique_n
image,#i_mtl_p8_zm_esc_generator_lrg_plastic_unique_m
image,#i_wpn_t8_tac_rifle_swordfish_handguard_o
image,#i_wpn_t8_tac_rifle_swordfish_handguard_n
image,#i_wpn_t8_tac_rifle_swordfish_handguard_c
image,#i_wpn_t8_tac_rifle_swordfish_handguard_g
image,#hash_d2dbd8d57c705dae
image,#hash_d2dbd9d57c705f61
image,#i_t7_wood_beam_worn_oak_bleached_tint_wht_c
image,#i_mtl_p8_bench_garden_wood_bolt_grunge_c
image,#i_p8_zm_esc_obsidian_rock_large_03_part7_o
image,#i_p8_zm_esc_obsidian_rock_large_03_part7_n
image,#i_t8_wz_esc_concrete_slabs_2x2_light_c
image,#hash_d2e050dd3507d5a2
image,#i_mtl_veh_t8_mil_helicopter_transport_decal_close_c
image,#i_mtl_p7_ram_tower_lion_ram_01_n
image,#i_wpn_t8_ar_accurate_sig_02_receiver_n
image,#i_wpn_t8_ar_accurate_sig_02_receiver_c
image,#i_wpn_t8_ar_accurate_sig_02_receiver_e
image,#i_wpn_t8_ar_accurate_sig_02_receiver_g
image,#i_wpn_t8_ar_accurate_sig_02_receiver_s
image,#i_t8_decal_tech_detail_low_tech_07_r
image,#i_t8_decal_tech_detail_low_tech_07_c
image,#i_t8_decal_tech_detail_low_tech_07_o
image,#i_t8_decal_tech_detail_low_tech_07_n
image,#i_t7_ra2_stone_tile_floor_g
image,#i_t7_ra2_stone_tile_floor_c
image,#i_t7_ra2_stone_tile_floor_o
image,#i_t7_ra2_stone_tile_floor_n
image,#hash_52ee08b561055393
image,#hash_52ee0cb561055a5f
image,#i_mtl_wpn_t8_loot_lmg_mk48_barrel_g
image,#i_mtl_wpn_t8_loot_lmg_mk48_barrel_c
image,#i_mtl_wpn_t8_loot_lmg_mk48_barrel_n
image,#i_mtl_wpn_t8_loot_lmg_mk48_barrel_o
image,#i_mtl_wpn_t8_loot_lmg_mk48_barrel_s
image,#i_mtl_p8_zm_zod_debris_wood_decal_a_n
image,#i_mtl_p8_zm_zod_debris_wood_decal_a_c
image,#fxt_gas_blur_thin
image,#i_mtl_p8_computer_classroom_keyboard_plastic02_m
image,#i_mtl_p8_computer_classroom_keyboard_plastic02_n
image,#hash_52fde8eff43eb4cd
image,#i_t8_decal_grunge_rust_stain_drain_n
image,#i_t8_decal_grunge_rust_stain_drain_c
image,#fxt8_spark_streak_abnorm_hdr
image,#i_wpn_t8_loot_tac_rifle_damageburst_card_g
image,#i_wpn_t8_loot_tac_rifle_damageburst_card_c
image,#i_wpn_t8_loot_tac_rifle_damageburst_card_n
image,#i_wpn_t8_loot_tac_rifle_damageburst_card_o
image,#i_mtl_t8_loot_wpn_smg_folding_handgrip_s
image,#i_mtl_t8_loot_wpn_smg_folding_handgrip_m
image,#i_mtl_t8_loot_wpn_smg_folding_handgrip_o
image,#i_mtl_t8_loot_wpn_smg_folding_handgrip_n
image,#i_mtl_t8_loot_wpn_smg_folding_handgrip_g
image,#i_mtl_t8_loot_wpn_smg_folding_handgrip_c
image,#i_mtl_wpn_t8_ar_modular_rails_sig_03_o
image,#i_mtl_wpn_t8_ar_modular_rails_sig_03_n
image,#i_mtl_wpn_t8_ar_modular_rails_sig_03_g
image,#i_mtl_wpn_t8_ar_modular_rails_sig_03_c
image,#i_mtl_wpn_t8_ar_modular_rails_sig_03_s
image,#i_attach_t8_smg_fastfire_dbal_02_n
image,#i_attach_t8_smg_fastfire_dbal_02_o
image,#i_attach_t8_smg_fastfire_dbal_02_g
image,#i_attach_t8_smg_fastfire_dbal_02_c
image,#i_attach_t8_smg_fastfire_dbal_02_r
image,#i_attach_t8_smg_fastfire_dbal_02_s
image,#i_mtl_p7_chair_victorian_velvet_01_wood_n
image,#hash_d319bc38a3d2cd58
image,#hash_d319c838a3d2e1bc
image,#hash_d319c938a3d2e36f
image,#hash_d319cb38a3d2e6d5
image,#hash_d31af219b9713dbe
image,#hash_531dde7a8e72dc3d
image,#i_t8_plastic_floor_epoxy_01_dirty_g
image,#hash_d32831bee1c8e06b
image,#hash_d32841bee1c8fb9b
image,#i_mtl_p7_zm_sta_shelf_wall_m
image,#i_mtl_p7_zm_sta_shelf_wall_n
image,#$wetness_ripples
image,#hash_532ce765ff64a116
image,#i_mtl_veh_t8_drone_rcxd_radio_text_c
image,#i_mtl_p8_col_cabinet_lab_wood_top_n
image,#i_mtl_p8_col_cabinet_lab_wood_top_m
image,#i_mtl_p8_zm_esc_gun_gallery_metal_beam_01_multi_m
image,#hash_5332a5856b06b878
image,#hash_5332a6856b06ba2b
image,#hash_d333840eaf8299b8
image,#i_mtl_p8_box_electric_commercial_sml_02_m
image,#hash_534103e49416b800
image,#hash_534107e49416becc
image,#hash_534109e49416c232
image,#hash_534110e49416ce17
image,#hash_53468aabd0f7b888
image,#i_t8_metal_tech_welded_panels_01_c
image,#i_mtl_p7_zm_ctl_chair_swivel_02_m
image,#i_mtl_p7_zm_ctl_chair_swivel_02_n
image,#i_t8_metal_tech_welded_panels_01_s
image,#i_mtl_p8_usa_submarine_mess_hall_furniture_o
image,#i_mtl_p8_usa_submarine_mess_hall_furniture_n
image,#i_mtl_p8_usa_submarine_mess_hall_furniture_m
image,#i_mtl_p8_zm_esc_gondola_rust_c
image,#i_mtl_p8_zm_esc_gondola_rust_n
image,#i_veh_t8_decal_grunge_oil_drip_01_c_redux
image,#i_t7_micro_stone_mixed_moss_g
image,#i_t7_micro_stone_mixed_moss_c
image,#i_t7_micro_stone_mixed_moss_n
image,#i_t7_micro_stone_mixed_moss_r
image,#i_mtl_p7_cai_dumpster_small_decal_01_c
image,#i_attach_t8_optic_float_dot_body_c
image,#i_attach_t8_optic_float_dot_body_g
image,#i_attach_t8_optic_float_dot_body_n
image,#i_attach_t8_optic_float_dot_body_o
image,#i_attach_t8_optic_float_dot_body_r
image,#i_attach_t8_optic_float_dot_body_s
image,#i_mtl_p7_inf_toilet_vintage_wood_m
image,#i_mtl_p7_inf_toilet_vintage_wood_n
image,#ui_icon_weapon_smg_standard_sig_02_render
image,#i_mtl_p7_ban_chainlink_m
image,#i_mtl_p7_ban_chainlink_o
image,#i_mtl_p7_ban_chainlink_n
image,#i_mtl_veh_t8_metal_worn_painted_graphite_g
image,#i_mtl_veh_t8_metal_worn_painted_graphite_r
image,#i_mtl_veh_t8_metal_worn_painted_graphite_t
image,#hash_d357b2025e26ef64
image,#i_t7_wood_planks_damaged_teak_painted_r
image,#i_mtl_p8_wep_cargo_container_military_decal_grunge_c
image,#i_mtl_p8_zm_esc_pipe_bundle_end_n
image,#i_mtl_p8_zm_esc_pipe_bundle_end_o
image,#i_mtl_wpn_t8_zm_blundergat_armor_s
image,#i_mtl_wpn_t8_zm_blundergat_armor_c
image,#i_mtl_wpn_t8_zm_blundergat_armor_g
image,#i_mtl_wpn_t8_zm_blundergat_armor_o
image,#i_mtl_wpn_t8_zm_blundergat_armor_n
image,#ui_icon_weapon_tr_midburst_tactical_render
image,#i_mtl_p7_slu_garage_door_metal_02_m
image,#i_mtl_p7_slu_garage_door_metal_02_n
image,#hash_d378287c149bc00c
image,#hash_d378297c149bc1bf
image,#hash_d378357c149bd623
image,#hash_d378397c149bdcef
image,#hash_d3783c7c149be208
image,#hash_d3783d7c149be3bb
image,#hash_d37a16b770036324
image,#i_mtl_p8_zm_esc_table_wood_lrg_wood_r
image,#i_mtl_p8_zm_esc_table_wood_lrg_wood_g
image,#i_mtl_wpn_t8_loot_ar_peacekeeper_upper_base_mk2_multi_m
image,#i_mtl_p8_zm_esc_box_cardboard_c_open02_damaged_n
image,#hash_d390b18d3bab2099
image,#hash_d390b58d3bab2765
image,#hash_d390b88d3bab2c7e
image,#hash_d390b98d3bab2e31
image,#hash_d390c58d3bab4295
image,#i_mtl_p7_door_frame_metal_industrial_02_o
image,#i_mtl_p7_door_frame_metal_industrial_02_n
image,#i_mtl_p7_door_frame_metal_industrial_02_m
image,#hash_d3941d02c995271b
image,#i_mtl_p8_foliage_grass_blades_tall_sml_dry_proxy_depth
image,#i_wpn_t8_loot_tac_rifle_damageburst_card
image,#i_mtl_p7_can_metal_open_o
image,#i_mtl_p7_can_metal_open_n
image,#i_mtl_p7_can_metal_open_g
image,#i_mtl_p7_can_metal_open_c
image,#i_mtl_p7_can_metal_open_s
image,#i_t7_ral_decal_signage_arrow_04_c
image,#i_mtl_p8_vent_roof_01_decal_m
image,#i_mtl_p7_slu_door_white_metal_02_m
image,#i_mtl_p7_slu_door_white_metal_02_n
image,#i_mtl_p7_fir_crate_wood_set_decal01_c
image,#i_mtl_p7_zm_zod_magicians_wife_cracked_n
image,#i_t7_plaster_ground_01_n
image,#i_wpn_t8_crossbow_mag_base_g
image,#i_wpn_t8_crossbow_mag_base_c
image,#i_wpn_t8_crossbow_mag_base_o
image,#i_wpn_t8_crossbow_mag_base_n
image,#i_wpn_t8_crossbow_mag_base_s
image,#i_wpn_t8_crossbow_mag_base_r
image,#hash_53b886c71a35147c
image,#hash_53b887c71a35162f
image,#i_wpn_t8_shotgun_semi_bolt_sig_02_s
image,#i_wpn_t8_shotgun_semi_bolt_sig_02_o
image,#i_wpn_t8_shotgun_semi_bolt_sig_02_n
image,#i_wpn_t8_shotgun_semi_bolt_sig_02_g
image,#i_wpn_t8_shotgun_semi_bolt_sig_02_c
image,#i_mtl_p8_wz_ep_fishing_pole_carbon_fiber_c
image,#hash_d3bcfd05e92b5670
image,#i_wpn_t8_eqp_turret_mini_gun_decal_c
image,#i_wpn_t8_eqp_turret_mini_gun_decal_n
image,#fxt_distort_ring_hvy
image,#i_t8_wz_esc_pictures_wardenpic2_c
image,#i_wpn_t8_tac_rifle_surgeon_handguard_o
image,#i_wpn_t8_tac_rifle_surgeon_handguard_n
image,#i_wpn_t8_tac_rifle_surgeon_handguard_c
image,#i_wpn_t8_tac_rifle_surgeon_handguard_g
image,#i_wpn_t8_tac_rifle_surgeon_handguard_s
image,#i_wpn_t8_tac_rifle_surgeon_handguard_r
image,#hash_53d5cb8b1dc28668
image,#hash_53d70f4bba2dbaff
image,#hash_53d7104bba2dbcb2
image,#hash_53d7114bba2dbe65
image,#hash_d3da8c1a4254c1c6
image,#hash_d3da8d1a4254c379
image,#hash_d3da951a4254d111
image,#hash_d3da991a4254d7dd
image,#hash_d3daa81a4254f15a
image,#hash_d3daa91a4254f30d
image,#i_wpn_t8_loot_sniper_locus_metal_c
image,#i_wpn_t8_loot_sniper_locus_metal_g
image,#i_wpn_t8_loot_sniper_locus_metal_m
image,#i_wpn_t8_loot_sniper_locus_metal_n
image,#i_wpn_t8_loot_sniper_locus_metal_o
image,#i_wpn_t8_loot_sniper_locus_metal_s
image,#i_mtl_attach_t8_loot_sniper_semiauto_fmj_s
image,#i_mtl_attach_t8_loot_sniper_semiauto_fmj_o
image,#i_mtl_attach_t8_loot_sniper_semiauto_fmj_n
image,#i_mtl_attach_t8_loot_sniper_semiauto_fmj_g
image,#i_mtl_attach_t8_loot_sniper_semiauto_fmj_c
image,#i_eqp_t8_grenade_concussion_body_n
image,#i_eqp_t8_grenade_concussion_body_o
image,#i_eqp_t8_grenade_concussion_body_m
image,#i_t7_wallpaper_solid_01_c
image,#hash_d3ef9efdd4f74c5d
image,#i_wpn_t8_smg_capacity_sig_02_stock_o
image,#i_wpn_t8_smg_capacity_sig_02_stock_n
image,#i_wpn_t8_smg_capacity_sig_02_stock_c
image,#i_wpn_t8_smg_capacity_sig_02_stock_g
image,#i_wpn_t8_smg_capacity_sig_02_stock_s
image,#i_wpn_t8_smg_capacity_sig_02_stock_r
image,#i_mtl_p7_mou_electric_switch_decal_metal_01_s
image,#i_mtl_p7_mou_electric_switch_decal_metal_01_g
image,#i_t7_metal_chainlink_yellow_c
image,#i_p8_zm_esc_barbed_wire_o
image,#i_p8_zm_esc_barbed_wire_n
image,#i_mtl_p7_bottle_glass_liquor_01_g
image,#i_mtl_p7_bottle_glass_liquor_01_c
image,#i_mtl_p7_bottle_glass_liquor_01_n
image,#i_mtl_p7_bottle_glass_liquor_01_o
image,#i_mtl_p7_bottle_glass_liquor_01_s
image,#i_mtl_p8_shelf_display_shop_metal_m
image,#i_mtl_p8_shelf_display_shop_metal_n
image,#fxt_lightning_beam
image,#i_t7_decal_grunge_concrete_drip_02_blend_r
image,#i_t7_decal_grunge_concrete_drip_02_blend_m
image,#i_mtl_p8_zm_esc_cell_bed_decal_net_n
image,#i_mtl_p8_zm_esc_cell_bed_decal_net_g
image,#i_mtl_p8_zm_esc_cell_bed_decal_net_c
image,#hash_d40e08336b6159be
image,#hash_540e293a89d01796
image,#hash_540e363a89d02dad
image,#i_c_t8_detail_plastic_grainy_mr6_3_n
image,#i_mtl_t8_micro_metal_brushed_001_n
image,#i_wpn_tr_powersemi_fore_front_sig_02_e
image,#i_wpn_tr_powersemi_fore_front_sig_02_g
image,#i_wpn_tr_powersemi_fore_front_sig_02_c
image,#i_wpn_tr_powersemi_fore_front_sig_02_n
image,#i_wpn_tr_powersemi_fore_front_sig_02_o
image,#i_wpn_tr_powersemi_fore_front_sig_02_s
image,#i_mtl_p7_faucet_kitchen_stainless_modern_01_n
image,#i_mtl_p7_faucet_kitchen_stainless_modern_01_o
image,#i_t7_rock_gravel_compact_r
image,#i_t7_rock_gravel_compact_c
image,#fxt_water_bubble
image,#i_veh_t8_mil_heli_light_rotor_n
image,#i_veh_t8_mil_heli_light_rotor_o
image,#i_veh_t8_mil_heli_light_rotor_m
image,#hash_54209b10875434c6
image,#hash_54209c1087543679
image,#hash_5420b8108754660d
image,#hash_d424b78f2ff9d828
image,#core_metal_rusty_s
image,#core_metal_rusty_m
image,#core_metal_rusty_c
image,#core_metal_rusty_g
image,#i_mtl_p8_wz_foliage_bush_erigonum_02_autumn_proxy_normal
image,#i_mtl_t8_loot_wpn_smg_folding_reciever_a_o
image,#hash_d43597adf5b755e6
image,#hash_d435ec1e081be066
image,#hash_d435ed1e081be219
image,#hash_d435f51e081befb1
image,#hash_d436091e081c11ad
image,#i_mtl_veh_t8_clouds_01_t
image,#hash_544092760f453898
image,#i_mtl_p7_dresser_wood_vintage_short_01_blue_01_m
image,#hash_d442f1195f31b776
image,#ui_icon_obit_blundergat
image,#i_mtl_p7_ban_chainlink_alphatest_c
image,#i_mtl_p7_ban_chainlink_alphatest_n
image,#i_mtl_p7_ban_chainlink_alphatest_s
image,#hash_544e67ea3c4a07b6
image,#i_t7_camo_quilted_n
image,#i_mtl_p7_corrugated_sheet_metal_rust_04_proxy_normal
image,#i_mtl_p7_zm_isl_fire_extinguisher_set_n
image,#i_mtl_p7_zm_isl_fire_extinguisher_set_m
image,#i_c_t8_zmb_dlc3_avagadro_heart_n
image,#i_c_t8_zmb_dlc3_avagadro_heart_c
image,#hash_d45f6bf41ec390f4
image,#hash_5462eedfe11fab3c
image,#hash_5462efdfe11facef
image,#hash_5462f3dfe11fb3bb
image,#hash_5462f7dfe11fba87
image,#hash_d464b2151bc569f8
image,#hash_d464b3151bc56bab
image,#hash_d464be151bc57e5c
image,#hash_d464bf151bc5800f
image,#hash_d464c2151bc58528
image,#hash_d464c6151bc58bf4
image,#i_p7_fir_bathroom_mop_metal_o
image,#i_p7_fir_bathroom_mop_metal_n
image,#i_p7_fir_bathroom_mop_metal_m
image,#cuc_ies_cust_02
image,#i_mtl_p7_debris_paper_sheet_01_c
image,#i_mtl_p8_streetlight_solar_metal_01_n
image,#i_mtl_p8_streetlight_solar_metal_01_m
image,#i_mtl_wpn_t8_camo_diamond_02_c
image,#hash_d47876923365c333
image,#i_wpn_t8_crossbow_motor_base_s
image,#i_wpn_t8_crossbow_motor_base_r
image,#i_wpn_t8_crossbow_motor_base_o
image,#i_wpn_t8_crossbow_motor_base_n
image,#i_wpn_t8_crossbow_motor_base_g
image,#hash_d47bf413316930d0
image,#hash_d47dd6009c084872
image,#hash_d47dd7009c084a25
image,#hash_d47ddb009c0850f1
image,#hash_d47ddf009c0857bd
image,#hash_d47deb009c086c21
image,#i_mtl_t8_loot_wpn_smg_folding_bolt_02_o
image,#i_t7_micro_plaster_01_n
image,#i_t7_micro_plaster_01_c
image,#i_p8_zm_esc_turbine_generator_machinerysign_01_r
image,#i_p8_zm_esc_turbine_generator_machinerysign_01_c
image,#fxt_web_patch_tile_mask
image,#i_mtl_p8_zm_esc_power_house_windows_03_o
image,#i_mtl_p8_zm_esc_power_house_windows_03_n
image,#i_mtl_p8_zm_esc_power_house_windows_03_m
image,#hash_d4945002aaa1ae28
image,#i_t8_micro_metal_grunge_scratch_fine_01_g
image,#i_mtl_p7_debris_concrete_rubble_lg_02_c
image,#i_mtl_p7_debris_concrete_rubble_lg_02_n
image,#hash_d4a16ce99da4f35d
image,#i_t8_wpn_pistol_revolver_trigger_sig_01_g
image,#i_t8_wpn_pistol_revolver_trigger_sig_01_c
image,#i_t8_wpn_pistol_revolver_trigger_sig_01_o
image,#i_t8_wpn_pistol_revolver_trigger_sig_01_n
image,#i_t8_wpn_pistol_revolver_trigger_sig_01_s
image,#hash_d4a4cd916686a452
image,#hash_d4a4ce916686a605
image,#hash_d4a4d2916686acd1
image,#hash_d4a4d6916686b39d
image,#hash_d4a4e1916686c64e
image,#hash_d4a4e2916686c801
image,#hash_54aa3ff5c6ea85df
image,#hash_54aa4ef5c6ea9f5c
image,#i_t8_zm_off_wall_wood_02_n
image,#hash_d4b385d32b28c96d
image,#fxt_mesh_tile_heat_wave
image,#hash_d4b6c84e237fc5c5
image,#hash_d4b6cf4e237fd1aa
image,#hash_d4b6db4e237fe60e
image,#i_mtl_p7_wes_washstand_vintage_metal_n
image,#i_mtl_p7_wes_washstand_vintage_metal_m
image,#i_mtl_p8_foliage_grass_blades_tall_sml_dry_proxy_albedo
image,#i_mtl_p8_wood_building_deco_cracks_c
image,#i_mtl_wpn_t8_camo_geometric_10_02_s
image,#i_t8_micro_snow_rough_01_n
image,#i_mtl_p8_foliage_grass_long_skinny_lrg_dry_proxy_depth
image,#loot_04_ui_icon_blackmarket_stream_lmg_stealth
image,#i_mtl_p7_zm_kin_bed_antique_cover_m
image,#i_mtl_p7_zm_kin_bed_antique_cover_n
image,#hash_d4d3f683ec2d129d
image,#hash_d4d3f983ec2d17b6
image,#hash_d4d3fa83ec2d1969
image,#hash_d4d40283ec2d2701
image,#hash_d4d40683ec2d2dcd
image,#i_mtl_p7_refrigerator_mini_01_door_02_glass_g
image,#i_p7_rebar_bundle_n
image,#i_p7_rebar_bundle_c
image,#i_t8_decal_tech_detail_high_tech_02_n
image,#i_t8_decal_tech_detail_high_tech_02_o
image,#i_t8_decal_tech_detail_high_tech_02_g
image,#i_t8_decal_tech_detail_high_tech_02_c
image,#i_mtl_wpn_t8_sniper_vanguard_sig_02_dragon_c
image,#i_mtl_wpn_t8_sniper_vanguard_sig_02_dragon_g
image,#i_mtl_wpn_t8_sniper_vanguard_sig_02_dragon_n
image,#i_mtl_wpn_t8_sniper_vanguard_sig_02_dragon_o
image,#i_mtl_wpn_t8_sniper_vanguard_sig_02_dragon_s
image,#i_t7_metal_worn_galvanized_g
image,#i_mtl_p7_zm_ori_pump_tank_set_m
image,#i_mtl_p8_col_portobelo_cannon_01_c
image,#i_mtl_p8_col_portobelo_cannon_01_g
image,#i_mtl_p8_col_portobelo_cannon_01_n
image,#i_mtl_p8_col_portobelo_cannon_01_o
image,#i_t7_plastic_polyethylene_worn_red_c
image,#i_mtl_p8_fire_extinguisher_01_dmg_decal_02_n
image,#hash_d4fb0726df6694b8
image,#hash_d4fb1326df66a91c
image,#hash_d4fb1426df66aacf
image,#hash_d4fb1726df66afe8
image,#hash_d4fb1b26df66b6b4
image,#hash_d4ff26b11a822912
image,#hash_d4ff2bb11a823191
image,#hash_d50028154209c122
image,#i_t7_metal_grunge_med_01_s
image,#i_t7_metal_grunge_med_01_c
image,#i_t7_metal_grunge_med_01_g
image,#hash_d502fe939dde7bf3
image,#hash_d50302939dde82bf
image,#hash_d50305939dde87d8
image,#hash_d50306939dde898b
image,#hash_d50312939dde9def
image,#hash_d505fdb849688a72
image,#hash_5506d3b0f80e667c
image,#hash_5506d8b0f80e6efb
image,#hash_5506d9b0f80e70ae
image,#i_t7_rubber_roof_granular_c
image,#i_t7_rubber_roof_granular_n
image,#hash_550cee352104dc06
image,#i_t7_metal_paint_worn_grey_dk_c
image,#i_wpn_t8_tac_rifle_swordfish_sig02_hair_o
image,#i_wpn_t8_tac_rifle_swordfish_sig02_hair_n
image,#i_wpn_t8_tac_rifle_swordfish_sig02_hair_g
image,#i_wpn_t8_tac_rifle_swordfish_sig02_hair_c
image,#i_wpn_t8_tac_rifle_swordfish_sig02_hair_s
image,#i_veh_t8_mil_boat_tactical_raft_body_straight_02_m
image,#i_veh_t8_mil_boat_tactical_raft_body_straight_02_o
image,#i_veh_t8_mil_boat_tactical_raft_body_straight_02_n
image,#i_mtl_veh_t8_decal_stripe_02_c
image,#i_wpn_t8_ar_galil_parts_base_g
image,#i_wpn_t8_ar_galil_parts_base_o
image,#i_wpn_t8_ar_galil_parts_base_n
image,#i_mtl_p8_vent_roof_03_metal_m
image,#i_attach_t8_pistol_revolver_quickdraw_c
image,#i_attach_t8_pistol_revolver_quickdraw_g
image,#i_attach_t8_pistol_revolver_quickdraw_n
image,#i_attach_t8_pistol_revolver_quickdraw_o
image,#i_attach_t8_pistol_revolver_quickdraw_s
image,#i_t8_decal_tech_detail_low_tech_16_c
image,#i_t8_decal_tech_detail_low_tech_16_o
image,#i_t8_decal_tech_detail_low_tech_16_n
image,#ui_icon_obit_wire
image,#i_p7_food_shop_item_set_01_n
image,#i_p7_food_shop_item_set_01_c
image,#reticle_side_round
image,#hash_55387136d1d57f72
image,#i_t7_cru_metal_panel_01_g
image,#i_wpn_t8_tac_rifle_swordfish_decals_mk2_c
image,#i_wpn_t8_tac_rifle_swordfish_barrel_o
image,#i_wpn_t8_tac_rifle_swordfish_barrel_n
image,#i_wpn_t8_tac_rifle_swordfish_barrel_g
image,#i_wpn_t8_tac_rifle_swordfish_barrel_c
image,#i_wpn_t8_tac_rifle_swordfish_barrel_s
image,#i_wpn_t8_tac_rifle_swordfish_barrel_r
image,#i_t8_decal_tech_detail_keyhole_c
image,#i_t8_decal_tech_detail_keyhole_o
image,#i_t8_decal_tech_detail_keyhole_n
image,#i_mtl_p7_zm_ctl_cart_metal_wheel_n
image,#i_mtl_p7_zm_ctl_cart_metal_wheel_m
image,#hash_d562f08c5dd10d1a
image,#i_t8_wpn_smg_accurate_mag_sig_01_o
image,#i_t8_wpn_smg_accurate_mag_sig_01_n
image,#i_t8_wpn_smg_accurate_mag_sig_01_c
image,#i_t8_wpn_smg_accurate_mag_sig_01_g
image,#i_t8_wpn_smg_accurate_mag_sig_01_s
image,#i_t7_micro_metal_grunge_lathed_01_g
image,#i_t7_micro_metal_grunge_lathed_01_c
image,#i_t7_micro_metal_grunge_lathed_01_n
image,#i_t7_micro_metal_grunge_lathed_01_m
image,#i_t7_micro_metal_grunge_lathed_01_s
image,#ui_icon_weapon_sniper_mini14_mk2_render
image,#i_mtl_p8_zm_esc_box_cardboard_b_open01_damaged_02_n
image,#hash_d573dc7ca209baa8
image,#i_wpn_t8_pistol_burst_slide_s
image,#i_wpn_t8_pistol_burst_slide_r
image,#i_wpn_t8_pistol_burst_slide_c
image,#i_wpn_t8_pistol_burst_slide_g
image,#i_wpn_t8_pistol_burst_slide_o
image,#i_wpn_t8_pistol_burst_slide_n
image,#i_mtl_wpn_t8_sniper_vanguard_sig_02_scope_front_v2_n
image,#i_mtl_wpn_t8_sniper_vanguard_sig_02_scope_front_v2_o
image,#i_mtl_wpn_t8_sniper_vanguard_sig_02_scope_front_v2_c
image,#i_mtl_wpn_t8_sniper_vanguard_sig_02_scope_front_v2_g
image,#i_mtl_wpn_t8_sniper_vanguard_sig_02_scope_front_v2_s
image,#hash_d57ccdd398554933
image,#hash_d57cddd398556463
image,#hash_d57ce1d398556b2f
image,#hash_d57ce8d398557714
image,#hash_d57ce9d3985578c7
image,#i_t8_micro_metal_painted_rough_01_g
image,#hash_d57d9ede0865b7dd
image,#hash_d57da0de0865bb43
image,#hash_d57da1de0865bcf6
image,#hash_d57da2de0865bea9
image,#hash_d57daade0865cc41
image,#hash_d57e899f197af6ca
image,#hash_d57e8a9f197af87d
image,#i_mtl_p8_zm_esc_book_pile_02_m
image,#i_mtl_p8_zm_esc_book_pile_02_n
image,#i_veh_t8_base_paint_07_c
image,#hash_5590fb6cda7bbc57
image,#hash_559392b809245db0
image,#i_mtl_p8_metal_tank_water_rust_08_n
image,#i_c_t8_mp_spe_armor_heavy_s
image,#i_c_t8_mp_spe_armor_heavy_o
image,#i_c_t8_mp_spe_armor_heavy_n
image,#i_c_t8_mp_spe_armor_heavy_c
image,#i_c_t8_mp_spe_armor_heavy_g
image,#i_c_t8_mp_spe_armor_heavy_2
image,#i_mtl_p8_concrete_tile_03_n
image,#i_mtl_p8_concrete_tile_03_m
image,#i_p7_sin_ship_container_mask_rust_c
image,#i_mtl_wpn_t8_sniper_vanguard_stock_v2_s
image,#i_mtl_wpn_t8_sniper_vanguard_stock_v2_r
image,#i_mtl_wpn_t8_sniper_vanguard_stock_v2_o
image,#i_mtl_wpn_t8_sniper_vanguard_stock_v2_n
image,#i_mtl_wpn_t8_sniper_vanguard_stock_v2_c
image,#i_mtl_wpn_t8_sniper_vanguard_stock_v2_g
image,#i_t8_metal_ship_exterior_wall_01_c
image,#i_t8_metal_ship_exterior_wall_01_g
image,#i_mtl_t8_loot_wpn_smg_folding_stabilizer_g
image,#i_mtl_t8_loot_wpn_smg_folding_stabilizer_c
image,#i_mtl_t8_loot_wpn_smg_folding_stabilizer_o
image,#i_mtl_t8_loot_wpn_smg_folding_stabilizer_n
image,#i_mtl_t8_loot_wpn_smg_folding_stabilizer_s
image,#i_attach_t8_sniper_powersemi_grip_s
image,#i_attach_t8_sniper_powersemi_grip_o
image,#i_attach_t8_sniper_powersemi_grip_n
image,#i_attach_t8_sniper_powersemi_grip_g
image,#i_attach_t8_sniper_powersemi_grip_c
image,#i_c_gen_detail_carbon_fiber_n
image,#i_wpn_t8_sniper_koshka_muzzle_n
image,#i_wpn_t8_sniper_koshka_muzzle_o
image,#i_wpn_t8_sniper_koshka_muzzle_g
image,#i_wpn_t8_sniper_koshka_muzzle_c
image,#i_wpn_t8_sniper_koshka_muzzle_s
image,#global_window_glass_clean_c
image,#global_window_glass_clean_g
image,#hash_55bd2e781c99173f
image,#i_t7_micro_plaster_smooth_light_01_c
image,#i_t7_micro_plaster_smooth_light_01_n
image,#hash_d5c9b65babcda7f2
image,#hash_d5c9b75babcda9a5
image,#hash_d5c9c25babcdbc56
image,#hash_d5c9c65babcdc322
image,#hash_d5c9ca5babcdc9ee
image,#hash_d5c9cb5babcdcba1
image,#i_p8_zm_esc_bodybag_bloody_lowerpart_c
image,#i_p8_zm_esc_bodybag_bloody_lowerpart_n
image,#hash_55d3099e2fd08c28
image,#ui_icon_weapon_smg_accurate_sig_01_render
image,#i_danger_red_tips_c
image,#i_t8_wpn_pistol_revolver_sight_sig_01_n
image,#i_t8_wpn_pistol_revolver_sight_sig_01_o
image,#i_t8_wpn_pistol_revolver_sight_sig_01_c
image,#i_t8_wpn_pistol_revolver_sight_sig_01_g
image,#i_t8_wpn_pistol_revolver_sight_sig_01_s
image,#i_wpn_t8_ar_stealth_base_weapon_01_s
image,#i_wpn_t8_ar_stealth_base_weapon_01_r
image,#i_wpn_t8_ar_stealth_base_weapon_01_o
image,#i_wpn_t8_ar_stealth_base_weapon_01_n
image,#i_wpn_t8_ar_stealth_base_weapon_01_c
image,#i_wpn_t8_ar_stealth_base_weapon_01_g
image,#i_mtl_t7_decal_grunge_dirty_matte_tile_01_c
image,#i_mtl_t7_decal_grunge_dirty_matte_tile_01_g
image,#hash_55e150438f9d058d
image,#i_attach_t8_optic_elo_reticle_c
image,#i_wpn_t8_loot_ar_double_tap_barrel_n
image,#i_wpn_t8_loot_ar_double_tap_barrel_o
image,#i_wpn_t8_loot_ar_double_tap_barrel_m
image,#i_wpn_t8_loot_ar_double_tap_barrel_g
image,#i_wpn_t8_loot_ar_double_tap_barrel_c
image,#i_wpn_t8_loot_ar_double_tap_barrel_s
image,#i_mtl_p8_chi_beam_roof_metal_support_n
image,#i_mtl_p8_chi_beam_roof_metal_support_m
image,#hash_d5f4f769e84ddba6
image,#hash_d5f4f869e84ddd59
image,#hash_d5f50069e84deaf1
image,#hash_d5f50469e84df1bd
image,#hash_d5f51469e84e0ced
image,#hash_55f57bb6aff6bc67
image,#hash_d5f5e7a0c3d179ca
image,#i_t7_wes_plaster_wallpaper_pattern_03_c
image,#hash_d5f7b6bb2fa3e780
image,#hash_d5f7b7bb2fa3e933
image,#hash_d5f7b9bb2fa3ec99
image,#hash_d5f7d2bb2fa41714
image,#i_t7_micro_metal_bare_worn_01_1024_g
image,#i_t7_micro_metal_bare_worn_01_1024_n
image,#i_t8_wpn_smg_accurate_barrel_s
image,#i_t8_wpn_smg_accurate_barrel_m
image,#i_t8_wpn_smg_accurate_barrel_n
image,#i_t8_wpn_smg_accurate_barrel_o
image,#i_t8_wpn_smg_accurate_barrel_c
image,#i_t8_wpn_smg_accurate_barrel_g
image,#i_attach_t8_loot_tac_rifle_damageburst_bolt_g
image,#i_attach_t8_loot_tac_rifle_damageburst_bolt_c
image,#i_t7_plastic_light_cover_n
image,#i_attach_t8_loot_tac_rifle_damageburst_bolt_o
image,#i_attach_t8_loot_tac_rifle_damageburst_bolt_n
image,#i_attach_t8_loot_tac_rifle_damageburst_bolt_s
image,#i_attach_t8_loot_tac_rifle_damageburst_bolt_r
image,#i_mtl_p8_wz_foliage_sycamore_wood_foliage_01_r
image,#i_mtl_p8_wz_foliage_sycamore_wood_foliage_01_t
image,#i_mtl_p8_wz_foliage_sycamore_wood_foliage_01_n
image,#i_mtl_p8_wz_foliage_sycamore_wood_foliage_01_c
image,#i_mtl_p7_curtain_hanging_36x72_m
image,#i_mtl_p7_curtain_hanging_36x72_n
image,#hash_560a65c8651f710d
image,#i_mtl_p8_col_generator_garage_set_decal_logo_red_c
image,#i_mtl_p8_zm_esc_cloth_pile_01_m
image,#i_mtl_p8_zm_esc_cloth_pile_01_n
image,#i_mtl_p8_zm_esc_cloth_pile_01_o
image,#i_mtl_p8_ice_blinds_white_plastic_01_c
image,#i_mtl_p8_ice_blinds_white_plastic_01_n
image,#i_p8_jnt_light_strip_hanging_modular_01_s
image,#i_p8_jnt_light_strip_hanging_modular_01_o
image,#i_p8_jnt_light_strip_hanging_modular_01_n
image,#i_p8_jnt_light_strip_hanging_modular_01_e
image,#i_p8_jnt_light_strip_hanging_modular_01_g
image,#i_p8_jnt_light_strip_hanging_modular_01_c
image,#$black_gloss
image,#i_wpn_t8_eqp_trophy_system_panels_n
image,#i_wpn_t8_eqp_trophy_system_panels_o
image,#i_wpn_t8_eqp_trophy_system_panels_g
image,#i_wpn_t8_eqp_trophy_system_panels_c
image,#i_wpn_t8_eqp_trophy_system_panels_s
image,#hash_d61fceff9db15b00
image,#hash_d61fd2ff9db161cc
image,#i_mtl_p7_duct_metal_square_support_n
image,#i_mtl_p7_duct_metal_square_support_o
image,#i_t8_micro_wood_01_c
image,#i_t8_micro_wood_01_n
image,#i_mtl_p7_blast_wall_concrete_decal_02_c
image,#hash_d62c02afa9e5a304
image,#i_wpn_t8_ar_heavy_decal_stock_c
image,#hash_562e7f32c558d843
image,#hash_562e8032c558d9f6
image,#i_mtl_wpn_t8_lmg_heavy_clip_sig_02_s
image,#i_mtl_wpn_t8_lmg_heavy_clip_sig_02_c
image,#i_mtl_wpn_t8_lmg_heavy_clip_sig_02_g
image,#i_mtl_wpn_t8_lmg_heavy_clip_sig_02_e
image,#i_mtl_wpn_t8_lmg_heavy_clip_sig_02_o
image,#i_mtl_wpn_t8_lmg_heavy_clip_sig_02_n
image,#hash_d6335aece3712e8a
image,#hash_d63390de27a99c59
image,#hash_d63394de27a9a325
image,#hash_d6339bde27a9af0a
image,#hash_d6339cde27a9b0bd
image,#hash_d633a0de27a9b789
image,#i_mtl_t8_loot_wpn_smg_folding_foregrip_mk2_n
image,#i_mtl_t8_loot_wpn_smg_folding_foregrip_mk2_m
image,#i_mtl_p7_mou_electrical_panel_set_parts_n
image,#i_mtl_wpn_t8_loot_ar_double_barrel_sights_o
image,#i_mtl_wpn_t8_loot_ar_double_barrel_sights_n
image,#i_mtl_wpn_t8_loot_ar_double_barrel_sights_m
image,#i_mtl_wpn_t8_loot_ar_double_barrel_sights_g
image,#i_mtl_wpn_t8_loot_ar_double_barrel_sights_c
image,#i_mtl_wpn_t8_loot_ar_double_barrel_sights_s
image,#i_t7_water_sector_n
image,#i_mtl_p7_street_curb_concrete_chunk_01_n
image,#i_p8_wz_foliage_poppy_01_flowers_r
image,#hash_564c355bebedbc00
image,#hash_564c365bebedbdb3
image,#hash_564c375bebedbf66
image,#i_t8_zm_esc_roof_shingles_asphalt_red_01_c
image,#i_wpn_t8_shotgun_semi_receiver03_sig_01_r
image,#i_wpn_t8_shotgun_semi_receiver03_sig_01_o
image,#i_wpn_t8_shotgun_semi_receiver03_sig_01_n
image,#i_wpn_t8_shotgun_semi_receiver03_sig_01_c
image,#i_wpn_t8_shotgun_semi_receiver03_sig_01_g
image,#i_veh_t8_paint_rough_01_n
image,#i_veh_t8_paint_rough_01_g
image,#hash_565a4e0a07ac6012
image,#hash_565a5b0a07ac7629
image,#hash_565a5f0a07ac7cf5
image,#hash_565a620a07ac820e
image,#hash_565a630a07ac83c1
image,#i_sprite_dirt_mask_vehicle
image,#i_mtl_p8_wz_supply_stash_ammo_s
image,#i_mtl_p8_wz_supply_stash_ammo_o
image,#i_mtl_p8_wz_supply_stash_ammo_n
image,#i_mtl_p8_wz_supply_stash_ammo_g
image,#i_mtl_p8_wz_supply_stash_ammo_c
image,#i_mtl_wpn_t8_loot_lmg_mk48_bipod_mk2_n
image,#i_mtl_wpn_t8_loot_lmg_mk48_bipod_mk2_m
image,#i_attach_t8_smg_accurate_grip_02_attach_s
image,#i_attach_t8_smg_accurate_grip_02_attach_g
image,#i_attach_t8_smg_accurate_grip_02_attach_c
image,#i_attach_t8_smg_accurate_grip_02_attach_o
image,#i_attach_t8_smg_accurate_grip_02_attach_n
image,#i_attach_t8_smg_capacity_ext_mag_03_s
image,#i_attach_t8_smg_capacity_ext_mag_03_r
image,#i_attach_t8_smg_capacity_ext_mag_03_g
image,#i_attach_t8_smg_capacity_ext_mag_03_c
image,#i_attach_t8_smg_capacity_ext_mag_03_o
image,#i_attach_t8_smg_capacity_ext_mag_03_n
image,#i_t7_sand_pebbles_fine_n
image,#i_t7_sand_pebbles_fine_r
image,#i_wpn_t8_shotgun_pump_handguard_shroud_base_o
image,#i_wpn_t8_shotgun_pump_handguard_shroud_base_n
image,#i_mtl_wpn_t8_smg_burst_grip_sig_c
image,#i_mtl_wpn_t8_smg_burst_grip_sig_g
image,#i_mtl_wpn_t8_smg_burst_grip_sig_n
image,#i_mtl_wpn_t8_smg_burst_grip_sig_o
image,#i_mtl_wpn_t8_smg_burst_grip_sig_s
image,#i_wpn_t8_lmg_titan_rails_c
image,#i_wpn_t8_lmg_titan_rails_g
image,#i_wpn_t8_lmg_titan_rails_n
image,#i_wpn_t8_lmg_titan_rails_o
image,#i_wpn_t8_lmg_titan_rails_r
image,#i_wpn_t8_lmg_titan_rails_s
image,#hash_56804cf69df1ed6b
image,#hash_56804df69df1ef1e
image,#hash_56804ef69df1f0d1
image,#i_mtl_p8_wz_supply_stash_chest_metal_05_m
image,#ui_icon_weapon_ar_stealth_render
image,#i_wpn_t8_loot_melee_hammer_demo_receiver_s
image,#i_wpn_t8_loot_melee_hammer_demo_receiver_r
image,#i_wpn_t8_loot_melee_hammer_demo_receiver_g
image,#i_wpn_t8_loot_melee_hammer_demo_receiver_c
image,#i_wpn_t8_loot_melee_hammer_demo_receiver_o
image,#i_wpn_t8_loot_melee_hammer_demo_receiver_n
image,#i_t7_dlc1_concrete_greek_moulding_trim_gray_c
image,#i_c_t8_zmb_male_head1_igc_c
image,#i_c_t8_zmb_male_head1_igc_n
image,#i_t7_micro_cloth_cotton_01_n
image,#i_t7_micro_cloth_cotton_01_c
image,#i_t7_micro_cloth_cotton_01_g
image,#i_veh_t8_base_paint_10_dead_c
image,#hash_56ab11a3a974a141
image,#loot_02_ui_icon_blackmarket_stream_pistol_revolver_sig02
image,#i_mtl_p8_col_rock_cliff_large_01b_n
image,#hash_56b1c0ce3cdf6b5c
image,#hash_56b1c3ce3cdf7075
image,#i_mtl_p8_usa_submarine_interior_consoles_details_hinge_n
image,#i_wpn_t8_ar_heavy_ranger_guards_base_o
image,#i_wpn_t8_ar_heavy_ranger_guards_base_n
image,#i_wpn_t8_ar_heavy_ranger_guards_base_g
image,#i_wpn_t8_ar_heavy_ranger_guards_base_c
image,#i_wpn_t8_ar_heavy_ranger_guards_base_s
image,#i_mtl_p8_zm_esc_dark_machine_metal_paint_green_c
image,#ui_icon_obit_ar_damage
image,#hash_d6bc45c13da1e78e
image,#i_c_gen_tigershark_body_c
image,#i_c_gen_tigershark_body_g
image,#i_c_gen_tigershark_body_n
image,#i_mtl_t8_wpn_lmg_heavy_mk2_n
image,#i_t8_decal_tech_detail_high_tech_63_o
image,#i_t8_decal_tech_detail_high_tech_63_n
image,#i_t8_decal_tech_detail_high_tech_63_c
image,#i_mtl_wpn_t8_smg_burst_bolt_sig_o
image,#i_mtl_wpn_t8_smg_burst_bolt_sig_n
image,#i_mtl_wpn_t8_smg_burst_bolt_sig_c
image,#i_mtl_wpn_t8_smg_burst_bolt_sig_g
image,#i_mtl_wpn_t8_smg_burst_bolt_sig_s
image,#mtl_t6_attach_optic_acog_lens_spc
image,#mtl_t6_attach_optic_acog_lens_spg
image,#hash_d6cc08a7000de5c8
image,#hash_d6cc0ba7000deae1
image,#ui_icon_weapons_zm_tr_flechette
image,#i_t8_decal_grunge_rust_12_c
image,#i_t8_decal_grunge_rust_12_n
image,#hash_d6d86574972458f7
image,#hash_d6da66cbdc165a93
image,#hash_d6da6acbdc16615f
image,#hash_d6da6dcbdc166678
image,#hash_d6da6ecbdc16682b
image,#i_mtl_p8_wep_cargo_container_military_floor_n
image,#i_wpn_t8_loot_smg_burst_decals_c
image,#i_wpn_t8_loot_smg_burst_decals_g
image,#i_wpn_t8_loot_smg_burst_decals_o
image,#i_wpn_t8_loot_smg_burst_decals_n
image,#i_wpn_t8_loot_smg_burst_decals_s
image,#i_attach_t8_lmg_heavy_stock_n
image,#i_attach_t8_lmg_heavy_stock_o
image,#i_attach_t8_lmg_heavy_stock_c
image,#i_attach_t8_lmg_heavy_stock_g
image,#i_attach_t8_lmg_heavy_stock_r
image,#i_attach_t8_lmg_heavy_stock_s
image,#hash_56f47039c720a60f
image,#i_mtl_p7_flag_usa_01_n
image,#i_mtl_p7_flag_usa_01_c
image,#i_mtl_p7_zm_der_door_buy_trim_01_c
image,#i_mtl_p7_zm_der_door_buy_trim_01_g
image,#i_mtl_p7_zm_der_door_buy_trim_01_n
image,#i_mtl_p7_zm_der_door_buy_trim_01_o
image,#i_mtl_p7_zm_der_door_buy_trim_01_s
image,#i_attach_t8_ar_heavy_hical_02_o
image,#i_attach_t8_ar_heavy_hical_02_n
image,#i_attach_t8_ar_heavy_hical_02_m
image,#i_attach_t8_ar_heavy_hical_02_c
image,#i_attach_t8_ar_heavy_hical_02_g
image,#i_attach_t8_ar_heavy_hical_02_s
image,#i_mtl__t7_metal_vent_02_dirty_g
image,#i_mtl_wpn_t8_ar_stealth_sig_02_side_lower_pocket_s
image,#i_mtl_wpn_t8_ar_stealth_sig_02_side_lower_pocket_n
image,#i_mtl_wpn_t8_ar_stealth_sig_02_side_lower_pocket_o
image,#i_mtl_wpn_t8_ar_stealth_sig_02_side_lower_pocket_c
image,#i_mtl_wpn_t8_ar_stealth_sig_02_side_lower_pocket_g
image,#hash_d6ff0ec191c0dfb3
image,#hash_d6ff12c191c0e67f
image,#hash_d6ff19c191c0f264
image,#hash_d6ff1ac191c0f417
image,#hash_d6ff1ec191c0fae3
image,#i_wpn_t8_loot_sniper_locus_handguard_o
image,#i_wpn_t8_loot_sniper_locus_handguard_n
image,#i_wpn_t8_loot_sniper_locus_handguard_m
image,#i_wpn_t8_loot_sniper_locus_handguard_c
image,#i_wpn_t8_loot_sniper_locus_handguard_g
image,#i_wpn_t8_loot_sniper_locus_handguard_s
image,#i_wpn_t8_loot_sniper_locus_handguard_r
image,#i_mtl_p8_pipes_electrical_fittings_m
image,#i_mtl_p8_pipes_electrical_fittings_n
image,#i_mtl_p8_pipes_electrical_fittings_o
image,#hash_d7048601ba6e2892
image,#i_t7_metal_heavy_painted_01_g
image,#i_t7_metal_heavy_painted_01_c
image,#i_t7_metal_heavy_painted_01_s
image,#i_mtl_p7_mou_electrical_panel_set_decal_c
image,#hash_d70ced31bc785086
image,#ui_icon_weapon_ar_standard_sig_02_render
image,#i_mtl_p7_monitor_rugged_military_dmg_c
image,#i_veh_t8_graphic_static_tiling_01_sml_c
image,#fxt8_water_splash_swirl_anim
image,#i_attach_t8_ar_stealth_bayonet_s
image,#i_attach_t8_ar_stealth_bayonet_c
image,#i_attach_t8_ar_stealth_bayonet_g
image,#i_attach_t8_ar_stealth_bayonet_o
image,#i_attach_t8_ar_stealth_bayonet_n
image,#i_mtl_p7_zm_mob_crate_wood_sml_wood_decal01_n
image,#i_mtl_p7_zm_mob_crate_wood_sml_wood_decal01_c
image,#i_mtl_p8_winch_mooring_cables_n
image,#i_mtl_p7_bathtub_clawfoot_01_m
image,#i_mtl_p7_bathtub_clawfoot_01_n
image,#i_mtl_p7_zm_asc_chemistry_bottle_white_n
image,#i_mtl_p7_zm_asc_chemistry_bottle_white_c
image,#i_attach_t8_optic_red_dot_main_r
image,#i_attach_t8_optic_red_dot_main_s
image,#i_attach_t8_optic_red_dot_main_n
image,#i_attach_t8_optic_red_dot_main_o
image,#i_attach_t8_optic_red_dot_main_g
image,#i_attach_t8_optic_red_dot_main_c
image,#hash_d7356ab67fa25e16
image,#i_mtl_p8_crate_wood_short_02_n
image,#i_mtl_p8_crate_wood_short_02_c
image,#i_mtl_p8_crate_wood_short_02_g
image,#hash_573f3b7412f260df
image,#i_mtl_p7_shelf_industrial_vintage_metal_s
image,#i_mtl_p7_shelf_industrial_vintage_metal_n
image,#i_mtl_p7_shelf_industrial_vintage_metal_c
image,#i_mtl_p7_shelf_industrial_vintage_metal_g
image,#i_mtl_p7_zm_sha_fence_bamboo_decal_02_c
image,#i_wpn_t8_loot_shotgun_fullauto_screws_s
image,#i_wpn_t8_loot_shotgun_fullauto_screws_c
image,#i_wpn_t8_loot_shotgun_fullauto_screws_g
image,#i_wpn_t8_loot_shotgun_fullauto_screws_o
image,#i_wpn_t8_loot_shotgun_fullauto_screws_n
image,#i_mtl_p8_sign_neon_wood_decal_c
image,#ui_icon_weapon_hud_sig_grapple_gun
image,#i_mtl_p8_light_bulb_vintage_01_n
image,#i_mtl_p8_light_bulb_vintage_01_c
image,#hash_574bcb25cef988a0
image,#i_wpn_t8_tr_midburst_rail_sig_02_g
image,#i_wpn_t8_tr_midburst_rail_sig_02_c
image,#i_wpn_t8_tr_midburst_rail_sig_02_n
image,#i_wpn_t8_tr_midburst_rail_sig_02_o
image,#fxt8_fire_sm_lick_tall_anim_hdr
image,#i_wpn_t7_zmb_perk_bottle_paper_n
image,#i_t7_shr_wood_wall_worn_g
image,#i_t7_shr_wood_wall_worn_c
image,#i_t7_shr_wood_wall_worn_o
image,#i_t7_shr_wood_wall_worn_n
image,#ui_icon_weapon_tr_damageburst_render
image,#dimitars_phong_test_n
image,#hash_d76e452c803e6872
image,#hash_d76e462c803e6a25
image,#hash_d76e4a2c803e70f1
image,#hash_d76e4e2c803e77bd
image,#hash_d76e592c803e8a6e
image,#hash_d76e5a2c803e8c21
image,#i_t7_plaster_rough_worn_01_c
image,#i_mtl_p8_col_conveyor_unit_logo_05_c
image,#hash_5773ed79a831802c
image,#hash_577491805fa50df6
image,#hash_57749e805fa5240d
image,#fxt8_decal_blood_pool_02
image,#i_mtl_p8_zm_esc_pipe_metal_04_n
image,#i_mtl_p7_electrical_cabinet_07_g
image,#i_mtl_p7_electrical_cabinet_07_c
image,#i_mtl_p7_electrical_cabinet_07_n
image,#hash_d78e0ec7faffdc84
image,#hash_d78e13c7faffe503
image,#i_mtl_p7_panels_metal_wall_exterior_access_01_g
image,#i_mtl_p7_panels_metal_wall_exterior_access_01_n
image,#i_mtl_p7_panels_metal_wall_exterior_access_01_o
image,#i_mtl_p7_panels_metal_wall_exterior_access_01_s
image,#hash_5790e0ea8b9d52bb
image,#hash_5790e1ea8b9d546e
image,#hash_5792a72ccb422a3e
image,#i_wpn_t8_tac_rifle_swordfish_sig02_barrel_rail_c
image,#i_wpn_t8_tac_rifle_swordfish_sig02_barrel_rail_g
image,#i_wpn_t8_tac_rifle_swordfish_sig02_barrel_rail_n
image,#i_wpn_t8_tac_rifle_swordfish_sig02_barrel_rail_o
image,#i_wpn_t8_tac_rifle_swordfish_sig02_barrel_rail_s
image,#i_attach_t8_ar_heavy_rail_o
image,#i_attach_t8_ar_heavy_rail_n
image,#i_attach_t8_ar_heavy_rail_c
image,#i_attach_t8_ar_heavy_rail_g
image,#i_attach_t8_ar_heavy_rail_s
image,#i_t8_wpn_smg_accurate_handguard_sig_01_s
image,#i_t8_wpn_smg_accurate_handguard_sig_01_c
image,#i_t8_wpn_smg_accurate_handguard_sig_01_g
image,#i_t8_wpn_smg_accurate_handguard_sig_01_n
image,#i_t8_wpn_smg_accurate_handguard_sig_01_o
image,#i_mtl_wpn_t8_ar_kn57_stock_mk2_multi_m
image,#i_wpn_t8_smg_mp9_spike_base_n
image,#i_wpn_t8_smg_mp9_spike_base_o
image,#i_wpn_t8_smg_mp9_spike_base_c
image,#i_wpn_t8_smg_mp9_spike_base_g
image,#i_wpn_t8_smg_mp9_spike_base_r
image,#i_wpn_t8_smg_mp9_spike_base_s
image,#i_mtl_p7_cai_display_wall_theater_n
image,#i_wpn_t8_lmg_hades_weapon_part_2_sig_02_g
image,#i_t8_concrete_floor_sealed_01_n
image,#i_t8_concrete_floor_sealed_01_g
image,#i_t8_concrete_floor_sealed_01_c
image,#i_mtl_p7_zm_tra_billiard_vintage_cover_chain_c
image,#hash_d7b8783302b545c0
image,#hash_d7b8793302b54773
image,#hash_d7b8813302b5550b
image,#hash_d7b8853302b55bd7
image,#hash_d7b8953302b57707
image,#i_mtl_p8_col_conveyor_unit_decal_04_n
image,#i_mtl_p8_col_conveyor_unit_decal_04_m
image,#i_mtl_p7_zm_ver_couch_floral_02_n
image,#i_mtl_p7_zm_ver_couch_floral_02_m
image,#hash_d7bfb2cc9ab7144c
image,#hash_57bff2ce2f650cb8
image,#hash_57bff6ce2f651384
image,#i_mtl_wpn_t8_sniper_vanguard_sig_01_stock_c
image,#i_mtl_wpn_t8_sniper_vanguard_sig_01_stock_g
image,#i_mtl_wpn_t8_sniper_vanguard_sig_01_stock_n
image,#i_mtl_wpn_t8_sniper_vanguard_sig_01_stock_o
image,#i_mtl_wpn_t8_sniper_vanguard_sig_01_stock_s
image,#hash_d7d00abd65febfa3
image,#hash_57d188fe890a41ea
image,#hash_d7d1b49a8fa3ce35
image,#i_t8_metal_painted_sheet_tan_no_ridges_g
image,#i_t7_fir_plywood_natural_4_c
image,#i_t7_fir_plywood_natural_4_n
image,#hash_d7dab3e66041021d
image,#i_t8_wpn_smg_accurate_grip_sig_02_alt1_c
image,#i_wpn_t8_micro_carbon_base_v01_c
image,#i_wpn_t8_micro_carbon_base_v01_g
image,#i_wpn_t8_micro_carbon_base_v01_n
image,#i_mtl_wpn_t8_camo_geometric_04_alt_03_s
image,#i_p8_zm_esc_bldg_64_grate_n
image,#i_mtl_p7_light_fixture_led_ceiling_01_g
image,#i_mtl_p7_light_fixture_led_ceiling_01_n
image,#i_mtl_p7_light_fixture_led_ceiling_01_o
image,#i_mtl_p8_foliage_flower_lavender_leaf_01_c
image,#i_mtl_p8_foliage_flower_lavender_leaf_01_n
image,#i_wpn_t8_pistol_standard_barrel_base_s
image,#i_wpn_t8_pistol_standard_barrel_base_o
image,#i_wpn_t8_pistol_standard_barrel_base_n
image,#i_wpn_t8_pistol_standard_barrel_base_g
image,#i_wpn_t8_pistol_standard_barrel_base_c
image,#i_mtl_t8_wpn_loot_smg_folding_bolt_02_n
image,#i_mtl_t8_wpn_loot_smg_folding_bolt_02_c
image,#i_mtl_t8_wpn_loot_smg_folding_bolt_02_g
image,#i_mtl_t8_wpn_loot_smg_folding_bolt_02_s
image,#i_mtl_p7_foliage_vines_leaves_dead_c
image,#hash_d7f90c39af854332
image,#hash_d7f91839af855796
image,#hash_d7f91c39af855e62
image,#hash_d7f92039af85652e
image,#hash_d7f92139af8566e1
image,#i_mtl_wpn_t8_loot_ar_double_barrel_body_s
image,#i_mtl_wpn_t8_loot_ar_double_barrel_body_g
image,#i_mtl_wpn_t8_loot_ar_double_barrel_body_c
image,#i_mtl_wpn_t8_loot_ar_double_barrel_body_m
image,#i_mtl_wpn_t8_loot_ar_double_barrel_body_o
image,#i_mtl_wpn_t8_loot_ar_double_barrel_body_n
image,#ui_icon_weapon_ar_accurate_render
image,#i_c_t8_zmb_homunculus_beads_g
image,#i_c_t8_zmb_homunculus_beads_c
image,#i_c_t8_zmb_homunculus_beads_n
image,#i_c_t8_zmb_homunculus_beads_o
image,#fxt8_liquid_string_mask
image,#i_mtl_p7_zm_asc_light_cage_warning_metal_n
image,#i_wpn_t8_lmg_titan_sig_02_clamp_c
image,#i_wpn_t8_lmg_titan_sig_02_clamp_e
image,#i_wpn_t8_lmg_titan_sig_02_clamp_g
image,#i_wpn_t8_lmg_titan_sig_02_clamp_o
image,#i_wpn_t8_lmg_titan_sig_02_clamp_n
image,#i_wpn_t8_lmg_titan_sig_02_clamp_s
image,#i_attach_t8_loot_smg_burst_stock_g
image,#i_attach_t8_loot_smg_burst_stock_c
image,#i_attach_t8_loot_smg_burst_stock_o
image,#i_attach_t8_loot_smg_burst_stock_n
image,#i_attach_t8_loot_smg_burst_stock_m
image,#i_attach_t8_loot_smg_burst_stock_s
image,#i_attach_t8_loot_smg_burst_stock_r
image,#i_wpn_t8_smg_accurate_corrupted_base_sig_03_n
image,#i_wpn_t8_smg_accurate_corrupted_base_sig_03_o
image,#i_wpn_t8_smg_accurate_corrupted_base_sig_03_c
image,#i_wpn_t8_smg_accurate_corrupted_base_sig_03_e
image,#i_wpn_t8_smg_accurate_corrupted_base_sig_03_g
image,#i_wpn_t8_smg_accurate_corrupted_base_sig_03_s
image,#i_p7_electrical_box_set2_boxes_g
image,#hash_d83931fc38e2a4a0
image,#hash_d8393afc38e2b3eb
image,#hash_d8393efc38e2bab7
image,#hash_d8394efc38e2d5e7
image,#i_dirt_sprites_c
image,#hash_d847170c9c4d6a04
image,#hash_d847270c9c4d8534
image,#i_t7_rubber_floor_tiles_grip_01_c
image,#i_t7_rubber_floor_tiles_grip_01_n
image,#i_mtl_wpn_t8_loot_lmg_mk48_decal_g
image,#i_mtl_wpn_t8_loot_lmg_mk48_decal_c
image,#i_mtl_wpn_t8_lmg_heavy_decals_sig_02_s
image,#i_mtl_wpn_t8_lmg_heavy_decals_sig_02_o
image,#i_mtl_wpn_t8_lmg_heavy_decals_sig_02_n
image,#i_mtl_wpn_t8_lmg_heavy_decals_sig_02_c
image,#i_mtl_wpn_t8_lmg_heavy_decals_sig_02_g
image,#hash_d8559bd463b51158
image,#i_mtl_mtl_veh_t8_mil_air_gunship_01_ir
image,#ui_icon_weapons_zm_lmg_stealth
image,#hash_585a84750b2b7e45
image,#hash_585a87750b2b835e
image,#hash_585b0b434b6e3163
image,#i_mtl_p8_foliage_weeds_leaf_01_n
image,#i_mtl_p8_foliage_weeds_leaf_01_c
image,#i_mtl_p8_foliage_weeds_leaf_01_t
image,#i_mtl_p7_cai_door_wood_rustic_metal_s
image,#i_mtl_p7_cai_door_wood_rustic_metal_o
image,#i_mtl_p7_cai_door_wood_rustic_metal_n
image,#i_mtl_p7_cai_door_wood_rustic_metal_g
image,#i_mtl_p7_cai_door_wood_rustic_metal_c
image,#i_mtl_p7_zm_zod_igc_ashtray_n
image,#i_mtl_p7_zm_zod_igc_ashtray_c
image,#i_mtl_p7_cai_dumpster_small_base_02_m
image,#i_mtl_p7_cai_dumpster_small_base_02_n
image,#hash_d867d6ad0e7df1ab
image,#i_mtl_p7_boxing_bag_m
image,#i_mtl_p7_boxing_bag_n
image,#i_t8_gloss_noise_grunge_01_g
image,#i_wpn_t8_tr_midburst_handguard_sig_02_s
image,#i_wpn_t8_tr_midburst_handguard_sig_02_c
image,#i_wpn_t8_tr_midburst_handguard_sig_02_g
image,#i_wpn_t8_tr_midburst_handguard_sig_02_n
image,#i_wpn_t8_tr_midburst_handguard_sig_02_o
image,#i_mtl_p8_wz_foliage_primrose_02_proxy_albedo
image,#i_mtl_p7_gate_metal_scissor_01_decal_n
image,#i_mtl_p7_gate_metal_scissor_01_decal_c
image,#i_mtl_p7_shelf_metal_lab_grate_c
image,#i_mtl_p7_shelf_metal_lab_grate_n
image,#hash_587b4ec91ee97d10
image,#i_wpn_t8_shotgun_semi_tape_sig_02_c
image,#i_wpn_t8_shotgun_semi_tape_sig_02_g
image,#i_wpn_t8_shotgun_semi_tape_sig_02_n
image,#i_wpn_t8_shotgun_semi_tape_sig_02_o
image,#i_wpn_t8_shotgun_semi_tape_sig_02_s
image,#i_wpn_t8_smg_capacity_decals_base_c
image,#i_wpn_t8_smg_capacity_decals_base_n
image,#i_mtl_p7_inf_vista_stalingrad_bldg_01_wall_c
image,#i_veh_t8_glass_pattern_03b_n
image,#i_veh_t8_glass_pattern_03b_o
image,#i_veh_t8_glass_pattern_03b_g
image,#i_veh_t8_glass_pattern_03b_c
image,#i_mtl_p8_col_rock_large_02a_c
image,#i_mtl_p8_col_rock_large_02a_o
image,#i_mtl_p8_col_rock_large_02a_n
image,#hash_588b03dfa992634a
image,#i_c_t8_mp_spe_ruin_body1_mag_pouch_dual_s
image,#i_c_t8_mp_spe_ruin_body1_mag_pouch_dual_n
image,#i_c_t8_mp_spe_ruin_body1_mag_pouch_dual_m
image,#i_c_t8_mp_spe_ruin_body1_mag_pouch_dual_g
image,#i_c_t8_mp_spe_ruin_body1_mag_pouch_dual_c
image,#i_wpn_t8_tac_rifle_swordfish_sig02_scope_s
image,#i_wpn_t8_tac_rifle_swordfish_sig02_scope_o
image,#i_wpn_t8_tac_rifle_swordfish_sig02_scope_n
image,#i_wpn_t8_tac_rifle_swordfish_sig02_scope_g
image,#i_wpn_t8_tac_rifle_swordfish_sig02_scope_c
image,#hash_d8915a4959ba48df
image,#i_t8_chemical_corrosion_n
image,#i_mtl_p8_esc_generator_lrg_rear_m
image,#i_mtl_p8_esc_generator_lrg_rear_n
image,#ui_icon_equipment_tripwire_dark
image,#i_mtl_attach_t8_ar_fastfire_barrel_wz_m
image,#i_mtl_attach_t8_ar_fastfire_barrel_wz_n
image,#i_mtl_attach_t8_ar_fastfire_barrel_wz_o
image,#hash_d89fb7e17a51a838
image,#hash_d89fb8e17a51a9eb
image,#hash_d89fc3e17a51bc9c
image,#hash_d89fc4e17a51be4f
image,#hash_d89fc7e17a51c368
image,#hash_d89fcbe17a51ca34
image,#i_mtl_p8_zm_zod_pipe_set_brace_metal_n
image,#i_mtl_p8_zm_zod_pipe_set_brace_metal_o
image,#i_mtl_p8_zm_zod_pipe_set_brace_metal_m
image,#$gray
image,#i_mtl_wpn_t8_ar_stealth_sig_02_rapidfire_c
image,#i_mtl_wpn_t8_ar_stealth_sig_02_rapidfire_e
image,#i_mtl_wpn_t8_ar_stealth_sig_02_rapidfire_g
image,#i_mtl_wpn_t8_ar_stealth_sig_02_rapidfire_n
image,#i_mtl_wpn_t8_ar_stealth_sig_02_rapidfire_o
image,#i_mtl_wpn_t8_ar_stealth_sig_02_rapidfire_s
image,#i_mtl_attach_t8_loot_ar_an94_silencer_01_g
image,#i_mtl_attach_t8_loot_ar_an94_silencer_01_c
image,#i_mtl_attach_t8_loot_ar_an94_silencer_01_n
image,#i_mtl_attach_t8_loot_ar_an94_silencer_01_o
image,#i_mtl_attach_t8_loot_ar_an94_silencer_01_s
image,#i_wpn_t8_ar_heavy_decal_torque_c
image,#i_t7_zm_isl_concrete_poured_01_n
image,#i_t7_zm_isl_concrete_poured_01_c
image,#i_mtl_p8_zm_chaos_mound_sack_n
image,#i_mtl_p8_zm_chaos_mound_sack_o
image,#i_mtl_p8_zm_chaos_mound_sack_e
image,#i_wpn_t8_ar_heavy_receiver_upper_c
image,#i_wpn_t8_ar_heavy_receiver_upper_g
image,#i_wpn_t8_ar_heavy_receiver_upper_o
image,#i_wpn_t8_ar_heavy_receiver_upper_n
image,#i_wpn_t8_ar_heavy_receiver_upper_s
image,#i_wpn_t8_ar_heavy_receiver_upper_r
image,#hash_d8b1666e3fec38d9
image,#i_mtl_p7_zm_asc_fire_extinguisher_set_05_c
image,#ui_icon_weapon_lmg_plr_mk2_render
image,#i_c_t8_zmb_mob_zombie_body2_barbwire_s
image,#i_c_t8_zmb_mob_zombie_body2_barbwire_c
image,#i_c_t8_zmb_mob_zombie_body2_barbwire_g
image,#i_c_t8_zmb_mob_zombie_body2_barbwire_n
image,#i_c_t8_zmb_mob_zombie_body2_barbwire_o
image,#i_t7_glass_reinforced_g
image,#i_t7_glass_reinforced_c
image,#i_mtl_p7_zm_ori_coat_hanging_02_m
image,#i_mtl_p7_zm_ori_coat_hanging_02_n
image,#i_mtl_wpn_t8_sniper_powersemi_eye_sig_02_o
image,#i_mtl_wpn_t8_sniper_powersemi_eye_sig_02_n
image,#i_mtl_wpn_t8_sniper_powersemi_eye_sig_02_g
image,#i_mtl_wpn_t8_sniper_powersemi_eye_sig_02_c
image,#i_mtl_wpn_t8_sniper_powersemi_eye_sig_02_s
image,#i_mtl_p8_wz_foliage_bush_creosote_01_proxy_albedo
image,#hash_58cfe1c376381ccb
image,#i_mtl_p7_mou_light_cage_set_metal_m
image,#i_mtl_p7_mou_light_cage_set_metal_n
image,#i_veh_t8_decal_latch_01_o
image,#i_veh_t8_decal_latch_01_n
image,#i_veh_t8_decal_latch_01_c
image,#i_c_t8_zmb_concentrated_catalyst_hand_o
image,#i_c_t8_zmb_concentrated_catalyst_hand_n
image,#i_c_t8_zmb_concentrated_catalyst_hand_c
image,#i_c_t8_zmb_concentrated_catalyst_hand_e
image,#i_c_t8_zmb_concentrated_catalyst_hand_g
image,#i_wpn_t8_ar_heavy_decal_fabric_c
image,#i_mtl_wpn_t8_camo_mathworks_c
image,#i_veh_t8_decal_tech_detail_high_tech_86_n
image,#i_veh_t8_decal_tech_detail_high_tech_86_o
image,#i_veh_t8_decal_tech_detail_high_tech_86_m
image,#i_mtl_p8_hangar_scaffolding_decal_dirty_02_c
image,#i_mtl_p8_wz_foliage_primrose_02_proxy_depth
image,#i_mtl_p7_zm_isl_bed_infirmary_mattress_n
image,#i_mtl_p7_zm_isl_bed_infirmary_mattress_m
image,#i_mtl_t8_micro_rock_gravel_01_c
image,#i_c_t8_mp_spe_buffer_body1_view_watch_glass_g
image,#hash_d8f7e19e14654df8
image,#i_mtl_veh_t8_mil_helicopter_transport_decal_open_c
image,#i_t8_rubber_mat_worn_01_c
image,#i_t8_rubber_mat_worn_01_g
image,#i_t8_rubber_mat_worn_01_n
image,#i_mtl_p8_wz_picture_bunker_02_c
image,#ui_icon_equipment_zm_homunculus
image,#i_mtl_p8_hay_bale_round_lg_01_grass_n
image,#i_mtl_p8_hay_bale_round_lg_01_grass_c
image,#fxt_laser_dust_mask
image,#$black_multimask
image,#hash_d90cd2333d654ef5
image,#i_mtl_p7_newspaper_vintage_folded_decal_n
image,#i_mtl_p7_newspaper_vintage_folded_decal_c
image,#i_mtl_p7_slu_fuse_box_electric_set_text_c
image,#i_mtl_p7_antenna_rooftop_01_c
image,#i_mtl_p7_antenna_rooftop_01_n
image,#i_t8_veh_decal_beware_of_blast_c
image,#i_veh_t8_concrete_bare_weathered_01_n
image,#i_veh_t8_decal_gauge_05_c
image,#i_veh_t8_decal_panel_18_n
image,#i_t8_brick_old_rough_02_o
image,#hash_d92cd6406d4cf245
image,#hash_d931ee47471bda4c
image,#hash_d931fa47471beeb0
image,#hash_d931fe47471bf57c
image,#hash_d9320247471bfc48
image,#hash_d9320347471bfdfb
image,#hash_d937d5bd460f2ec5
image,#i_attach_t8_ar_galil_foregrip_g
image,#i_attach_t8_ar_galil_foregrip_c
image,#i_attach_t8_ar_galil_foregrip_o
image,#i_attach_t8_ar_galil_foregrip_n
image,#i_attach_t8_ar_galil_foregrip_s
image,#hash_593aef7e7ac2b30c
image,#hash_593af07e7ac2b4bf
image,#hash_593b037e7ac2d508
image,#i_t7_water_variant_opacity_90_c
image,#i_mtl_wpn_t8_ar_stealth_barrel_mk2_m
image,#i_t8_wpn_pistol_revolver_screen_overlay_02b_sig_02_c2
image,#i_mtl_p7_cai_work_table_metal_04_white_n
image,#i_mtl_p7_cai_work_table_metal_04_white_m
image,#i_mtl_p7_wes_bed_victorian_ornate_comforter_01_m
image,#i_mtl_p7_wes_bed_victorian_ornate_comforter_01_n
image,#i_attach_t8_optic_red_dot_lens_c
image,#i_attach_t8_optic_red_dot_lens_g
image,#i_attach_t8_optic_red_dot_lens_n
image,#i_attach_t8_sniper_vanguard_handguard_01_n
image,#i_attach_t8_sniper_vanguard_handguard_01_o
image,#i_attach_t8_sniper_vanguard_handguard_01_m
image,#i_attach_t8_sniper_vanguard_handguard_01_c
image,#i_attach_t8_sniper_vanguard_handguard_01_g
image,#i_attach_t8_sniper_vanguard_handguard_01_s
image,#hash_d9575dab50cb28ad
image,#hash_5958039f0ba38421
image,#hash_5958079f0ba38aed
image,#ui_icon_obit_smg_capacity
image,#i_mtl_p7_pipe_metal_sprinkler_holder_n
image,#i_mtl_p7_pipe_metal_sprinkler_holder_o
image,#i_mtl_p7_pipe_metal_sprinkler_holder_g
image,#i_mtl_p8_spa_trashcan_covered_proxy_albedo
image,#i_p8_zm_esc_rug_02_c
image,#i_t8_wpn_smg_accurate_body_sig_01_n
image,#i_t8_wpn_smg_accurate_body_sig_01_o
image,#i_t8_wpn_smg_accurate_body_sig_01_c
image,#i_t8_wpn_smg_accurate_body_sig_01_g
image,#i_t8_wpn_smg_accurate_body_sig_01_s
image,#hash_d982725f7f75511f
image,#hash_d9827e5f7f756583
image,#hash_d982825f7f756c4f
image,#hash_d982855f7f757168
image,#hash_d982865f7f75731b
image,#i_wpn_t8_lmg_hades_bolt_base_o
image,#i_wpn_t8_lmg_hades_bolt_base_n
image,#i_wpn_t8_lmg_hades_bolt_base_m
image,#i_wpn_t8_lmg_hades_bolt_base_r
image,#i_t8_zm_zod_decal_metal_scratch_blend_n
image,#i_t8_zm_zod_decal_metal_scratch_blend_r
image,#i_mtl_t8_wpn_smg_accurate_front_sight_r
image,#hash_599245a86f864774
image,#hash_599246a86f864927
image,#ui_icon_weapon_hud_ar_an94
image,#i_wpn_tr_powersemi_fore_main_sig_02_s
image,#i_wpn_tr_powersemi_fore_main_sig_02_n
image,#i_wpn_tr_powersemi_fore_main_sig_02_o
image,#i_wpn_tr_powersemi_fore_main_sig_02_g
image,#i_wpn_tr_powersemi_fore_main_sig_02_c
image,#hash_d9960a7727c4280d
image,#i_mtl_p7_cai_sign_billboard_weather_metal_tile_n
image,#i_mtl_p7_cai_sign_billboard_weather_metal_tile_g
image,#i_mtl_p7_cai_sign_billboard_weather_metal_tile_c
image,#i_t7_zm_isl_metal_diamond_plate_01_panel_2x2_n
image,#i_t7_zm_isl_metal_diamond_plate_01_panel_2x2_m
image,#hash_d9a0311a8e880c00
image,#i_veh_t8_decal_bolt_12_r
image,#i_veh_t8_decal_bolt_12_c
image,#i_veh_t8_decal_bolt_12_n
image,#i_veh_t8_decal_bolt_12_o
image,#hash_d9ad5a3b5fd37d33
image,#i_mtl_p7_zm_ctl_book_vintage_decal_c
image,#i_mtl_p7_zm_ctl_book_vintage_decal_n
image,#i_mtl_p7_mirror_dressing_vintage_01_glass_g
image,#i_attach_t8_lmg_heavy_bolt_handle_n
image,#i_attach_t8_lmg_heavy_bolt_handle_o
image,#i_attach_t8_lmg_heavy_bolt_handle_c
image,#i_mtl_p7_mirror_dressing_vintage_01_glass_s
image,#i_attach_t8_lmg_heavy_bolt_handle_g
image,#i_attach_t8_lmg_heavy_bolt_handle_s
image,#i_t8_wpn_smg_capacity_laces_sig_n
image,#i_t8_wpn_smg_capacity_laces_sig_o
image,#i_mtl_p7_medical_surgical_tools_tray_bloody_s
image,#i_mtl_p7_medical_surgical_tools_tray_bloody_n
image,#i_mtl_p7_medical_surgical_tools_tray_bloody_c
image,#i_mtl_p7_medical_surgical_tools_tray_bloody_g
image,#i_attach_t8_shotgun_pump_handguard_s
image,#i_attach_t8_shotgun_pump_handguard_o
image,#i_attach_t8_shotgun_pump_handguard_n
image,#i_attach_t8_shotgun_pump_handguard_c
image,#i_attach_t8_shotgun_pump_handguard_g
image,#hash_59c0a139246159ac
image,#hash_59c0a23924615b5f
image,#hash_59c0c5f8e5737e51
image,#i_mtl_wpn_t8_zm_eqp_wraith_fire_decal_c
image,#i_mtl_wpn_t8_zm_eqp_wraith_fire_decal_n
image,#i_mtl_wpn_t8_smg_folding_window_s
image,#i_mtl_wpn_t8_smg_folding_window_c
image,#i_mtl_wpn_t8_smg_folding_window_g
image,#i_mtl_wpn_t8_smg_folding_window_n
image,#i_veh_t8_decal_text_cartridge_c
image,#hash_d9d7de8433e69dc1
image,#i_wpn_t8_shotgun_pump_sights_base_r
image,#i_wpn_t8_shotgun_pump_sights_base_o
image,#i_wpn_t8_shotgun_pump_sights_base_n
image,#i_attach_t8_ar_fastfire_grip_02_c
image,#i_attach_t8_ar_fastfire_grip_02_g
image,#i_attach_t8_ar_fastfire_grip_02_o
image,#i_attach_t8_ar_fastfire_grip_02_n
image,#i_attach_t8_ar_fastfire_grip_02_s
image,#fxt8_liquid_fall
image,#ui_icon_weapon_tr_powersemi_render
image,#i_c_t8_zmb_homunculus_twigs_g
image,#i_c_t8_zmb_homunculus_twigs_c
image,#i_c_t8_zmb_homunculus_twigs_o
image,#i_c_t8_zmb_homunculus_twigs_n
image,#i_mtl_p8_chi_generator_o
image,#i_mtl_p8_chi_generator_n
image,#hash_d9e4023a63ffa960
image,#hash_d9e4123a63ffc490
image,#hash_d9e4163a63ffcb5c
image,#hash_d9e41e3a63ffd8f4
image,#hash_d9e41f3a63ffdaa7
image,#i_mtl_p8_col_generator_garage_set_decal_ventilate_n
image,#i_mtl_p8_col_generator_garage_set_decal_ventilate_m
image,#i_wpn_t8_tac_rifle_surgeon_level_glass_g
image,#i_wpn_t8_tac_rifle_surgeon_level_glass_c
image,#loot04_ui_icon_blackmarket_reserves_weapon_smg_fastfire_mk2
image,#fxt_spark_omni
image,#i_mtl_p7_ra2_gladiator_pillar_large_shaft_o
image,#i_mtl_p7_ra2_gladiator_pillar_large_shaft_m
image,#i_attach_t8_sniper_vanguard_stock_02_s
image,#i_attach_t8_sniper_vanguard_stock_02_g
image,#i_attach_t8_sniper_vanguard_stock_02_c
image,#i_attach_t8_sniper_vanguard_stock_02_m
image,#i_attach_t8_sniper_vanguard_stock_02_o
image,#i_attach_t8_sniper_vanguard_stock_02_n
image,#i_t8_metal_bare_dirty_01_g
image,#i_t8_metal_bare_dirty_01_c
image,#i_t8_metal_bare_dirty_01_n
image,#i_t7_decal_line_horizontal_black_n
image,#i_t7_decal_line_horizontal_black_c
image,#hash_5a0045579a9e81e3
image,#i_mtl_wpn_t8_loot_melee_action_figure_star_inside_e
image,#i_mtl_wpn_t8_loot_melee_action_figure_star_inside_n
image,#hash_da0616b0fe3e4060
image,#hash_da061ab0fe3e472c
image,#hash_da061eb0fe3e4df8
image,#hash_da061fb0fe3e4fab
image,#fxt_fire_candle_sm_1_anim
image,#hash_da062ab0fe3e625c
image,#i_t8_linoleum_floor_01_tile_4x4_c
image,#i_mtl_wpn_t8_camo_bomber_02_c
image,#hash_5a13b6ef52cbe3d3
image,#i_t8_micro_concrete_aggregate_01_c
image,#i_t8_micro_concrete_aggregate_01_o
image,#i_t8_micro_concrete_aggregate_01_n
image,#i_p7_file_cab_metal_02_brushed_metal_rusty_g
image,#i_t7_detail_fiberglass_01
image,#hash_5a242162ad7aa0f3
image,#hash_5a242262ad7aa2a6
image,#hash_5a242f62ad7ab8bd
image,#i_veh_t8_paint_burnt_01_n
image,#i_veh_t8_paint_burnt_01_c
image,#i_veh_t8_paint_burnt_01_g
image,#i_mtl_attach_t8_loot_ar_double_barrel_stock_o
image,#i_mtl_attach_t8_loot_ar_double_barrel_stock_n
image,#i_mtl_attach_t8_loot_ar_double_barrel_stock_m
image,#i_mtl_attach_t8_loot_ar_double_barrel_stock_g
image,#i_mtl_attach_t8_loot_ar_double_barrel_stock_c
image,#i_mtl_attach_t8_loot_ar_double_barrel_stock_s
image,#i_c_t8_mp_spe_armor_shared_light_g
image,#i_c_t8_mp_spe_armor_shared_light_n
image,#i_c_t8_mp_spe_armor_shared_light_o
image,#i_c_t8_mp_spe_armor_shared_light_s
image,#fxt8_light_phosphorous_mask
image,#ui_icon_weapon_pistol_revolver_render
image,#i_t8_decal_grunge_stain_concrete_01_r
image,#hash_5a3fec886a733f8b
image,#hash_5a3fed886a73413e
image,#i_mtl_p7_conduit_rust_parts_c
image,#i_mtl_p7_conduit_rust_parts_n
image,#hash_5a4c5a4bbd3658b0
image,#hash_5a4c5b4bbd365a63
image,#hash_5a4c5c4bbd365c16
image,#i_mtl_p8_kit_zod_eng_01_set_metal_dark_m
image,#i_mtl_mtl_veh_t8_mil_heli_attack_navi_light_ir
image,#i_mtl_p7_dumpster_construction_large_decal_01_c
image,#i_t7_shr_wood_rough_n
image,#i_t7_shr_wood_rough_c
image,#ui_icon_weapon_smg_capacity_mk2_render
image,#i_t8_wpn_smg_accurate_grip_sig_02_o
image,#i_t8_wpn_smg_accurate_grip_sig_02_n
image,#i_t8_wpn_smg_accurate_grip_sig_02_g
image,#i_t8_wpn_smg_accurate_grip_sig_02_c
image,#i_t8_wpn_smg_accurate_grip_sig_02_s
image,#i_attach_t8_sniper_vanguard_barrel_01_s
image,#i_attach_t8_sniper_vanguard_barrel_01_g
image,#i_attach_t8_sniper_vanguard_barrel_01_n
image,#i_attach_t8_sniper_vanguard_barrel_01_o
image,#ui_icon_weapon_hud_lmg_standard
image,#hash_5a6fd2b03edfbdf5
image,#hash_5a6fd5b03edfc30e
image,#i_t7_fir_bullet_impact_concrete_o
image,#i_t7_fir_bullet_impact_concrete_n
image,#i_t7_fir_bullet_impact_concrete_g
image,#i_t7_fir_bullet_impact_concrete_c
image,#i_t7_fir_bullet_impact_concrete_r
image,#$black
image,#hash_da770fe48ca7536b
image,#i_c_t8_camo_wood_painted_red_c
image,#i_mtl_p8_usa_fire_extinguisher_case_m
image,#i_veh_t8_ban_metal_painted_rusty_c
image,#i_veh_t8_ban_metal_painted_rusty_n
image,#i_wpn_t8_hero_war_machine_body_c
image,#i_wpn_t8_hero_war_machine_body_g
image,#i_wpn_t8_hero_war_machine_body_o
image,#i_wpn_t8_hero_war_machine_body_n
image,#i_wpn_t8_hero_war_machine_body_s
image,#i_t8_decal_grunge_color_stone_01_r
image,#i_mtl_p7_eth_light_wall_02_metal2_detailmaps2_n
image,#i_mtl_p7_furniture_bedroom_vintage_01_dirty_c
image,#i_mtl_wpn_t8_loot_ar_an94_stock_base_m
image,#i_mtl_wpn_t8_loot_ar_an94_stock_base_o
image,#i_mtl_wpn_t8_loot_ar_an94_stock_base_n
image,#i_mtl_wpn_t8_loot_ar_an94_stock_base_g
image,#i_mtl_wpn_t8_loot_ar_an94_stock_base_c
image,#i_mtl_wpn_t8_loot_ar_an94_stock_base_s
image,#i_t7_plastic_cable_safehouse_01_n
image,#i_mtl_p8_zm_esc_security_console_wood_m
image,#i_t7_metal_worn_aluminum_base_s
image,#i_t7_metal_worn_aluminum_base_n
image,#i_t7_metal_worn_aluminum_base_c
image,#i_t7_metal_worn_aluminum_base_g
image,#$camo_base_normal
image,#hash_daa74ce484df2786
image,#hash_daa74de484df2939
image,#hash_daa75ce484df42b6
image,#hash_daa760e484df4982
image,#hash_daa768e484df571a
image,#hash_daa769e484df58cd
image,#i_wpn_t8_eqp_turret_mini_case_panel_bottom_g
image,#i_wpn_t8_eqp_turret_mini_case_panel_bottom_c
image,#i_wpn_t8_eqp_turret_mini_case_panel_bottom_n
image,#i_wpn_t8_eqp_turret_mini_case_panel_bottom_o
image,#i_attach_t8_shotgun_semi_foregrip_s
image,#i_attach_t8_shotgun_semi_foregrip_o
image,#i_attach_t8_shotgun_semi_foregrip_n
image,#i_attach_t8_shotgun_semi_foregrip_m
image,#i_attach_t8_shotgun_semi_foregrip_c
image,#i_attach_t8_shotgun_semi_foregrip_g
image,#i_t8_decal_blood_drip_wall_spots_multi_01_c
image,#i_t8_micro_ripple_02_n
image,#i_wpn_tac_rifle_mid_burst_scope_decal_02_c
image,#i_wpn_tac_rifle_mid_burst_scope_decal_02_n
image,#i_t8_decal_tech_detail_high_tech_40_n
image,#i_t8_decal_tech_detail_high_tech_40_o
image,#i_t8_decal_tech_detail_high_tech_40_c
image,#hash_dac96ff5afca6f56
image,#i_veh_t8_decal_sign_square_half_02_c
image,#i_mtl_wpn_t8_camo_topology_01_g
image,#i_t8_jpn_ceramic_tile_wall_01_n
image,#i_t8_jpn_ceramic_tile_wall_01_o
image,#i_t8_jpn_ceramic_tile_wall_01_c
image,#i_t8_jpn_ceramic_tile_wall_01_g
image,#ui_icon_obit_cymbal_monkey
image,#i_mtl_wpn_t8_sniper_vanguard_scope_v2_s
image,#i_mtl_wpn_t8_sniper_vanguard_scope_v2_o
image,#i_mtl_wpn_t8_sniper_vanguard_scope_v2_n
image,#i_mtl_wpn_t8_sniper_vanguard_scope_v2_c
image,#i_mtl_wpn_t8_sniper_vanguard_scope_v2_g
image,#i_wpn_t8_ar_accurate_strap_n
image,#i_wpn_t8_ar_accurate_strap_o
image,#i_wpn_t8_ar_accurate_strap_g
image,#i_wpn_t8_ar_accurate_strap_c
image,#i_wpn_t8_ar_accurate_strap_r
image,#i_wpn_t8_ar_accurate_strap_s
image,#hash_dadf3d925ba2c219
image,#hash_dadf41925ba2c8e5
image,#hash_dadf44925ba2cdfe
image,#hash_dadf45925ba2cfb1
image,#hash_dadf50925ba2e262
image,#hash_dadf51925ba2e415
image,#i_wpn_t8_sniper_koshka_mag_mk2_n
image,#i_wpn_t8_sniper_koshka_mag_mk2_m
image,#hash_dae64a38f146cfa5
image,#i_wpn_t8_pistol_standard_slide_sig_01_r
image,#i_wpn_t8_pistol_standard_slide_sig_01_s
image,#i_wpn_t8_pistol_standard_slide_sig_01_n
image,#i_wpn_t8_pistol_standard_slide_sig_01_o
image,#i_wpn_t8_pistol_standard_slide_sig_01_g
image,#i_wpn_t8_loot_shotgun_fullauto_mag_s
image,#i_wpn_t8_loot_shotgun_fullauto_mag_c
image,#i_wpn_t8_loot_shotgun_fullauto_mag_g
image,#i_wpn_t8_loot_shotgun_fullauto_mag_o
image,#i_wpn_t8_loot_shotgun_fullauto_mag_n
image,#i_mtl_p8_zm_zod_broom_galley_decal_brush_c
image,#i_mtl_p8_zm_zod_broom_galley_decal_brush_n
image,#i_wpn_t8_eqp_turret_mini_tripod_leg_02_g
image,#i_wpn_t8_eqp_turret_mini_tripod_leg_02_c
image,#i_wpn_t8_eqp_turret_mini_tripod_leg_02_o
image,#i_wpn_t8_eqp_turret_mini_tripod_leg_02_n
image,#i_wpn_t8_eqp_turret_mini_tripod_leg_02_s
image,#i_attach_t8_lmg_titan_hipfire_strap_g
image,#i_attach_t8_lmg_titan_hipfire_strap_c
image,#i_attach_t8_lmg_titan_hipfire_strap_o
image,#i_attach_t8_lmg_titan_hipfire_strap_n
image,#i_attach_t8_lmg_titan_hipfire_strap_s
image,#i_veh_t8_mil_heli_light_body_mid_o
image,#i_veh_t8_mil_heli_light_body_mid_n
image,#i_veh_t8_mil_heli_light_body_mid_m
image,#i_mtl_p7_slu_chair_sofa_dmg_cloth02_n
image,#i_mtl_p7_slu_chair_sofa_dmg_cloth02_m
image,#i_p8_zm_esc_obsidian_rock_large_03_part6_n
image,#i_p8_zm_esc_obsidian_rock_large_03_part6_o
image,#hash_db0b8ba3a36de66e
image,#i_mtl_p7_zm_asc_battery_auto_set_logo_n
image,#i_t8_micro_wood_ply_02_c
image,#hash_5b13a45da14774e0
image,#hash_5b13a75da14779f9
image,#i_mtl_p7_fir_bench_wood_decal_n
image,#i_t7_micro_cloth_burlap_01_n
image,#i_t7_micro_cloth_burlap_01_g
image,#i_t7_micro_cloth_burlap_01_c
image,#i_wpn_t8_zm_tomahawk_feather_g
image,#i_wpn_t8_zm_tomahawk_feather_c
image,#i_wpn_t8_zm_tomahawk_feather_n
image,#ui_icon_obit_pistol_burst
image,#i_attach_t8_smg_fastfire_coupler_c
image,#i_attach_t8_smg_fastfire_coupler_g
image,#i_attach_t8_smg_fastfire_coupler_n
image,#i_attach_t8_smg_fastfire_coupler_o
image,#i_attach_t8_smg_fastfire_coupler_s
image,#fxt8_smk_lg_vapor_anim_loop
image,#i_veh_t8_decal_rust_leaking_01_c
image,#i_mtl_wpn_t8_lmg_heavy_beercan_sig_02_c
image,#i_mtl_wpn_t8_lmg_heavy_beercan_sig_02_g
image,#i_mtl_wpn_t8_lmg_heavy_beercan_sig_02_o
image,#i_mtl_wpn_t8_lmg_heavy_beercan_sig_02_n
image,#i_mtl_wpn_t8_lmg_heavy_beercan_sig_02_s
image,#fxt_dust_heli_swirl_anim
image,#i_wpn_t8_zm_akud_grip_o
image,#i_wpn_t8_zm_akud_grip_n
image,#i_wpn_t8_zm_akud_grip_c
image,#i_wpn_t8_zm_akud_grip_g
image,#i_wpn_t8_zm_akud_grip_s
image,#ui_icon_weapon_sniper_quickscope_tactical_render
image,#hash_5b28a15b5cc0b85c
image,#hash_5b28a25b5cc0ba0f
image,#hash_5b28a45b5cc0bd75
image,#i_c_t8_mp_spe_armor_rivets_g
image,#i_c_t8_mp_spe_armor_rivets_n
image,#i_c_t8_mp_spe_armor_rivets_s
image,#i_mtl_p7_zm_ori_pump_tank_decal_n
image,#hash_db2c95c9e30efbc0
image,#hash_db2c97c9e30eff26
image,#hash_db2c98c9e30f00d9
image,#hash_db2c9ac9e30f043f
image,#hash_db2c9bc9e30f05f2
image,#hash_db2c9cc9e30f07a5
image,#hash_db326d935b50b4eb
image,#hash_db3272935b50bd6a
image,#hash_db3278935b50c79c
image,#hash_db3279935b50c94f
image,#hash_db327d935b50d01b
image,#hash_db3281935b50d6e7
image,#i_t7_zm_gen_debrsi_metal_scrap_dirt_r
image,#i_attach_t8_lmg_hades_grip_n
image,#i_attach_t8_lmg_hades_grip_o
image,#i_attach_t8_lmg_hades_grip_g
image,#i_attach_t8_lmg_hades_grip_c
image,#i_attach_t8_lmg_hades_grip_r
image,#i_attach_t8_lmg_hades_grip_s
image,#i_t7_micro_plastic_01_c
image,#i_t7_micro_plastic_01_g
image,#i_t7_micro_plastic_01_n
image,#hash_5b3c775f277e0e0d
image,#hash_db3f728f33ed40df
image,#hash_db3f758f33ed45f8
image,#hash_db3f858f33ed6128
image,#i_wpn_t8_lmg_hades_barrel_sig_01_s
image,#i_wpn_t8_lmg_hades_barrel_sig_01_g
image,#i_mtl_p7_pipe_metal_hp_4_02_m
image,#i_mtl_p7_pipe_metal_hp_4_02_o
image,#i_mtl_p7_pipe_metal_hp_4_02_n
image,#i_attach_t8_smg_accurate_suppressor_attach_s
image,#i_attach_t8_smg_accurate_suppressor_attach_g
image,#i_attach_t8_smg_accurate_suppressor_attach_c
image,#i_attach_t8_smg_accurate_suppressor_attach_n
image,#i_attach_t8_smg_accurate_suppressor_attach_o
image,#hash_db490783ef354dc0
image,#hash_db491783ef3568f0
image,#hash_db491b83ef356fbc
image,#hash_db492383ef357d54
image,#hash_db492483ef357f07
image,#hash_db50ec625c1875fb
image,#hash_db50ed625c1877ae
image,#i_mtl_p7_fan_electric_o
image,#i_mtl_p7_fan_electric_n
image,#i_mtl_p7_fan_electric_g
image,#i_mtl_p7_fan_electric_c
image,#i_mtl_p7_fan_electric_s
image,#i_t8_rock_coal_01_t
image,#i_t8_rock_coal_01_r
image,#i_t8_rock_coal_01_n
image,#i_t8_rock_coal_01_o
image,#i_t8_rock_coal_01_e
image,#i_t8_rock_coal_01_g
image,#i_t8_rock_coal_01_c
image,#i_mtl_p7_plastic_tarp_cover_n
image,#i_mtl_p7_plastic_tarp_cover_c
image,#i_wpn_t7_shotty_tc12_barrel_o
image,#i_wpn_t7_shotty_tc12_barrel_n
image,#i_wpn_t7_shotty_tc12_barrel_c
image,#i_wpn_t7_shotty_tc12_barrel_g
image,#i_wpn_t7_shotty_tc12_barrel_s
image,#hash_db60d2b087bc350e
image,#hash_db65dfab35d7b4ed
image,#i_veh_t8_decal_gauge_20_c
image,#i_mtl_wpn_t8_smg_fastfire_charging_handle_sig_01_g
image,#i_mtl_wpn_t8_smg_fastfire_charging_handle_sig_01_c
image,#i_mtl_wpn_t8_smg_fastfire_charging_handle_sig_01_n
image,#i_mtl_wpn_t8_smg_fastfire_charging_handle_sig_01_o
image,#i_mtl_wpn_t8_smg_fastfire_charging_handle_sig_01_s
image,#i_mtl_p8_kit_col_gen_02_concrete_attrit_decal_01_c
image,#hash_5b70a4b19f974aed
image,#ui_icon_meansofdeath_sig_bow
image,#i_mtl_p8_spa_tiger_gate_key_hole_01_n
image,#i__c_t8_mp_spe_armortemp_rivets_c
image,#i_wpn_t8_sniper_koshka_barrel_s
image,#i_wpn_t8_sniper_koshka_barrel_c
image,#i_wpn_t8_sniper_koshka_barrel_g
image,#i_wpn_t8_sniper_koshka_barrel_o
image,#i_wpn_t8_sniper_koshka_barrel_n
image,#hash_db86ee2cefb1bfbc
image,#i_attach_t8_ar_fastfire_dbal_02_g
image,#i_attach_t8_ar_fastfire_dbal_02_c
image,#i_attach_t8_ar_fastfire_dbal_02_n
image,#i_attach_t8_ar_fastfire_dbal_02_o
image,#i_attach_t8_ar_fastfire_dbal_02_m
image,#i_attach_t8_ar_fastfire_dbal_02_s
image,#hash_db890ee48cf9f368
image,#hash_db8a389834d3c299
image,#hash_db8a3c9834d3c965
image,#hash_db8a439834d3d54a
image,#hash_db8a449834d3d6fd
image,#hash_db8a479834d3dc16
image,#hash_db8a489834d3ddc9
image,#ui_icon_weapon_ray_gun_mk2x_render
image,#i_mtl_p7_slu_trash_bin_sml_base_m
image,#i_mtl_p7_slu_trash_bin_sml_base_n
image,#i_wpn_t8_loot_sniper_locus_stock_g
image,#i_wpn_t8_loot_sniper_locus_stock_c
image,#i_wpn_t8_loot_sniper_locus_stock_n
image,#i_wpn_t8_loot_sniper_locus_stock_m
image,#i_wpn_t8_loot_sniper_locus_stock_s
image,#i_wpn_t8_loot_sniper_locus_stock_r
image,#skin_pore_detail
image,#i_mtl_p7_zm_tra_tank_chemical_decal_n
image,#ui_icon_obit_sniper_locus
image,#i_wpn_t8_eqp_turret_mini_device_camera_body_s
image,#i_wpn_t8_eqp_turret_mini_device_camera_body_c
image,#i_wpn_t8_eqp_turret_mini_device_camera_body_g
image,#i_wpn_t8_eqp_turret_mini_device_camera_body_n
image,#i_wpn_t8_eqp_turret_mini_device_camera_body_o
image,#i_mtl_p8_col_storage_chem_lab_metal_02_n
image,#i_wpn_t8_ar_accurate_sig_01_handguard_r
image,#i_wpn_t8_ar_accurate_sig_01_handguard_s
image,#i_wpn_t8_ar_accurate_sig_01_handguard_n
image,#i_wpn_t8_ar_accurate_sig_01_handguard_o
image,#i_wpn_t8_ar_accurate_sig_01_handguard_g
image,#i_wpn_t8_ar_accurate_sig_01_handguard_c
image,#hash_dbb3d1ba33e277a3
image,#i_wpn_t8_smg_handling_handguard_mk2_n
image,#i_wpn_t8_smg_handling_handguard_mk2_m
image,#i_mtl_p7_monitor_rugged_military_screen_dmg_n
image,#i_mtl_p7_monitor_rugged_military_screen_dmg_c
image,#i_wpn_t8_ar_stealth_barrel_o
image,#i_wpn_t8_ar_stealth_barrel_n
image,#i_wpn_t8_ar_stealth_barrel_g
image,#i_wpn_t8_ar_stealth_barrel_s
image,#i_mtl_p7_duct_metal_square_vent_proxy_depth
image,#i_mtl_p8_zm_esc_dock_post_n
image,#i_t7_plaster_painted_over_01_n
image,#i_t7_plaster_painted_over_01_c
image,#fxt_smk_puff_thin_varied
image,#i_mtl_p8_bottles_broken_ashore_01_g
image,#i_mtl_p8_bottles_broken_ashore_01_c
image,#i_mtl_p8_bottles_broken_ashore_01_n
image,#i_t7_plastic_panels_exterior_c
image,#i_t7_plastic_panels_exterior_n
image,#hash_dbc3eefcaefbd013
image,#hash_dbc3f2fcaefbd6df
image,#hash_dbc3f5fcaefbdbf8
image,#hash_5bc3f6fb47442e10
image,#hash_dbc3f6fcaefbddab
image,#hash_dbc402fcaefbf20f
image,#hash_dbd8ddeccd9b43f1
image,#i_mtl_wpn_t8_loot_ar_an94_handguard_base_s
image,#i_mtl_wpn_t8_loot_ar_an94_handguard_base_g
image,#i_mtl_wpn_t8_loot_ar_an94_handguard_base_c
image,#i_mtl_wpn_t8_loot_ar_an94_handguard_base_m
image,#i_mtl_wpn_t8_loot_ar_an94_handguard_base_o
image,#i_mtl_wpn_t8_loot_ar_an94_handguard_base_n
image,#i_wpn_t8_zm_raygun_plastic_r
image,#i_mtl_p7_debris_clothing_pants_02_tan_c
image,#i_wpn_t8_ar_heavy_lower_receiver_sig_01_n
image,#i_wpn_t8_ar_heavy_lower_receiver_sig_01_o
image,#i_wpn_t8_ar_heavy_lower_receiver_sig_01_g
image,#i_wpn_t8_ar_heavy_lower_receiver_sig_01_c
image,#i_wpn_t8_ar_heavy_lower_receiver_sig_01_s
image,#hash_dbe3f2e79bdb2770
image,#hash_dbe3f6e79bdb2e3c
image,#hash_dbe3fae79bdb3508
image,#hash_dbe3fbe79bdb36bb
image,#hash_dbe41412d0a6bd91
image,#hash_dbe41f12d0a6d042
image,#hash_dbe42012d0a6d1f5
image,#hash_dbe42412d0a6d8c1
image,#hash_dbe42812d0a6df8d
image,#i_wpn_t8_ar_heavy_bullet_base_s
image,#i_wpn_t8_ar_heavy_bullet_base_o
image,#i_wpn_t8_ar_heavy_bullet_base_n
image,#i_wpn_t8_ar_heavy_bullet_base_c
image,#i_wpn_t8_ar_heavy_bullet_base_g
image,#ui_icon_weapon_smg_standard_tactical_render
image,#i_mtl_p8_zm_esc_book_pile_01_n
image,#i_mtl_p8_zm_esc_book_pile_01_m
image,#i_t7_wood_worn_painted_white_g
image,#i_t7_wood_worn_painted_white_c
image,#i_attach_t8_smg_mp9_dbal_s
image,#i_attach_t8_smg_mp9_dbal_r
image,#i_attach_t8_smg_mp9_dbal_g
image,#i_attach_t8_smg_mp9_dbal_c
image,#i_attach_t8_smg_mp9_dbal_o
image,#i_attach_t8_smg_mp9_dbal_n
image,#ui_icon_weapon_hud_tr_longburst_operator_wz
image,#ui_icon_weapons_zm_ar_peacekeeper
image,#i_attach_t8_ar_accurate_grip_c
image,#i_attach_t8_ar_accurate_grip_g
image,#i_attach_t8_ar_accurate_grip_n
image,#i_attach_t8_ar_accurate_grip_o
image,#i_t8_wz_esc_pictures_guardobit1_c
image,#i_p7_zm_ori_pump_tank_metal_02_m
image,#i_mtl_p7_tape_gaffer_wire_set_plastic_m
image,#i_mtl_p7_tape_gaffer_wire_set_plastic_n
image,#i_mtl_p8_crate_metal_military_medium_01_n
image,#i_mtl_p8_crate_metal_military_medium_01_o
image,#hash_dc21150c718a0276
image,#i_mtl_p7_cai_door_metal_rustic_rusty_c
image,#i_wpn_t8_ar_galil_mag_base_g
image,#i_wpn_t8_ar_galil_mag_base_c
image,#i_wpn_t8_ar_galil_mag_base_n
image,#i_wpn_t8_ar_galil_mag_base_o
image,#i_wpn_t8_ar_galil_mag_base_s
image,#fxt_distort_heat_md
image,#hash_5c2d781486aedfa4
image,#hash_5c2d791486aee157
image,#fxt_distort_heat_lg
image,#hash_dc36ed0b50d3122c
image,#hash_dc36ee0b50d313df
image,#hash_dc36f10b50d318f8
image,#hash_dc36f50b50d31fc4
image,#hash_dc37010b50d33428
image,#i_mtl_p8_col_cart_metal_weld_c
image,#i_mtl_p8_col_cart_metal_weld_n
image,#i_mtl_wpn_t8_loot_ar_double_barrel_stock_s
image,#i_mtl_wpn_t8_loot_ar_double_barrel_stock_g
image,#i_mtl_wpn_t8_loot_ar_double_barrel_stock_c
image,#i_mtl_wpn_t8_loot_ar_double_barrel_stock_o
image,#i_mtl_wpn_t8_loot_ar_double_barrel_stock_n
image,#i_mtl_wpn_t8_loot_ar_double_barrel_stock_m
image,#hash_dc480e11c561ec99
image,#i_mtl_p7_cai_street_signage_bracket_03_o
image,#i_mtl_p7_cai_street_signage_bracket_03_n
image,#i_mtl_p7_cai_street_signage_bracket_03_m
image,#i_t8_zm_zod_metal_diamond_plate_01_n
image,#i_t8_zm_zod_metal_diamond_plate_01_r
image,#i_mtl_p7_mirror_dressing_vintage_01_m
image,#i_mtl_p7_mirror_dressing_vintage_01_n
image,#i_wpn_t8_zm_crossbow_cylinder_n
image,#i_wpn_t8_zm_crossbow_cylinder_o
image,#i_wpn_t8_zm_crossbow_cylinder_e
image,#i_wpn_t8_zm_crossbow_cylinder_g
image,#i_wpn_t8_zm_crossbow_cylinder_c
image,#i_wpn_t8_zm_crossbow_cylinder_s
image,#hash_dc5a6885795f3d4c
image,#hash_dc5a6985795f3eff
image,#hash_dc5a6d85795f45cb
image,#hash_dc5a7185795f4c97
image,#hash_dc5a7d85795f60fb
image,#i_t8_lv8_dirt_rocky_moss_01_c
image,#i_veh_t8_decal_greeble_08_c
image,#i_veh_t8_decal_greeble_08_g
image,#hash_dc5bce9314334276
image,#i_wpn_tac_rifle_mid_burst_upperfront_mk2_c
image,#i_wpn_tac_rifle_mid_burst_upperfront_mk2_n
image,#i_wpn_tac_rifle_mid_burst_upperfront_mk2_m
image,#i_mtl_p7_rolled_tarp_n
image,#i_mtl_p7_rolled_tarp_c
image,#fxt_lf_artifact_05
image,#fxt_lf_artifact_06
image,#fxt_lf_artifact_02
image,#fxt_lf_artifact_15
image,#fxt_lf_artifact_10
image,#i_mtl_p8_col_radar_dirty_med_grey_baseplastic_c
image,#i_mtl_p8_col_radar_dirty_med_grey_baseplastic_g
image,#i_wpn_t8_smg_fastfire_grip_r
image,#i_wpn_t8_smg_fastfire_grip_s
image,#i_wpn_t8_smg_fastfire_grip_n
image,#i_wpn_t8_smg_fastfire_grip_o
image,#i_wpn_t8_smg_fastfire_grip_c
image,#i_wpn_t8_smg_fastfire_grip_g
image,#ui_icon_obit_tr_damageburst
image,#fxt_lf_artifact_20
image,#i_wpn_t8_tr_midburst_stock_sig_01_s
image,#i_wpn_t8_tr_midburst_stock_sig_01_o
image,#i_wpn_t8_tr_midburst_stock_sig_01_n
image,#i_wpn_t8_tr_midburst_stock_sig_01_g
image,#i_wpn_t8_tr_midburst_stock_sig_01_c
image,#i_t8_decal_tech_detail_low_tech_17_n
image,#i_t8_decal_tech_detail_low_tech_17_o
image,#i_t8_decal_tech_detail_low_tech_17_c
image,#i_p8_coffee_table_rectangle_wood_02_worn_m
image,#i_p8_coffee_table_rectangle_wood_02_worn_n
image,#i_p7_food_shop_item_set_02_n
image,#i_p7_food_shop_item_set_02_m
image,#i_wpn_t7_shotty_prec_sights_front_base_c
image,#i_wpn_t7_shotty_prec_sights_front_base_g
image,#i_wpn_t7_shotty_prec_sights_front_base_o
image,#i_wpn_t7_shotty_prec_sights_front_base_n
image,#i_wpn_t7_shotty_prec_sights_front_base_s
image,#hash_dc8a44eb7dd95356
image,#i_t7_metal_trim_weld_01_a
image,#i_t7_metal_trim_weld_01_c
image,#i_t7_metal_trim_weld_01_g
image,#i_t7_metal_trim_weld_01_o
image,#i_t7_metal_trim_weld_01_n
image,#i_wpn_t8_tac_rifle_surgeon_scope_1_s
image,#i_wpn_t8_tac_rifle_surgeon_scope_1_o
image,#i_wpn_t8_tac_rifle_surgeon_scope_1_n
image,#i_wpn_t8_tac_rifle_surgeon_scope_1_c
image,#i_wpn_t8_tac_rifle_surgeon_scope_1_g
image,#hash_dc93608a7a68765f
image,#ui_icon_weapon_hud_ar_doublebarrel
image,#hash_dc936c8a7a688ac3
image,#hash_dc93708a7a68918f
image,#hash_dc93738a7a6896a8
image,#hash_dc93748a7a68985b
image,#i_attach_t8_sniper_powersemi_mag_01_n
image,#i_attach_t8_sniper_powersemi_mag_01_o
image,#i_attach_t8_sniper_powersemi_mag_01_c
image,#i_attach_t8_sniper_powersemi_mag_01_g
image,#i_t8_micro_metal_grunge_scratch_02_g
image,#i_mtl_p8_zm_zod_toilet_first_class_bathroom_paper_n
image,#i_mtl_p8_zm_zod_toilet_first_class_bathroom_paper_m
image,#i_p8_wz_foliage_bush_erigonum_stem_01_r
image,#i_mtl_p7_sin_boxes_chinese_medicin_01_n
image,#loot_04_ui_icon_blackmarket_stream_melee_club
image,#i_wpn_t8_tac_rifle_surgeon_muzzle_n
image,#i_wpn_t8_tac_rifle_surgeon_muzzle_o
image,#i_wpn_t8_tac_rifle_surgeon_muzzle_c
image,#i_wpn_t8_tac_rifle_surgeon_muzzle_g
image,#i_wpn_t8_tac_rifle_surgeon_muzzle_s
image,#i_wpn_t8_wz_ar_accurate_mag_base_c
image,#hash_dcafe077a1ee55e6
image,#hash_dcafe177a1ee5799
image,#hash_dcafe977a1ee6531
image,#hash_dcafed77a1ee6bfd
image,#hash_dcaffc77a1ee857a
image,#hash_dcaffd77a1ee872d
image,#i_mtl_attach_t8_loot_lmg_mk48_fmj_top_o
image,#i_mtl_attach_t8_loot_lmg_mk48_fmj_top_n
image,#i_mtl_attach_t8_loot_lmg_mk48_fmj_top_g
image,#i_mtl_attach_t8_loot_lmg_mk48_fmj_top_c
image,#i_mtl_attach_t8_loot_lmg_mk48_fmj_top_s
image,#i_mtl_p7_zm_asc_fire_bell_metal02_g
image,#i_mtl_p7_zm_asc_fire_bell_metal02_c
image,#i_mtl_p7_zm_asc_fire_bell_metal02_n
image,#i_p8_wz_foliage_bush_coyote_a_r
image,#hash_dcbe93c4ab088a40
image,#hash_dcbea3c4ab08a570
image,#hash_dcbeafc4ab08b9d4
image,#hash_dcbeb0c4ab08bb87
image,#i_t8_snow_sparkle_global_g
image,#i_t8_snow_sparkle_global_c
image,#i_mtl_wpn_t8_lmg_heavy_clip_tray_lid_cover_sig_02_c
image,#i_mtl_wpn_t8_lmg_heavy_clip_tray_lid_cover_sig_02_g
image,#i_mtl_wpn_t8_lmg_heavy_clip_tray_lid_cover_sig_02_n
image,#i_mtl_wpn_t8_lmg_heavy_clip_tray_lid_cover_sig_02_o
image,#i_mtl_wpn_t8_lmg_heavy_clip_tray_lid_cover_sig_02_s
image,#ui_icon_equipment_emp_grenade
image,#i_t8_wood_trim_01_c
image,#fxt8_spark_rndhit_alpha
image,#i_t7_decal_blood_smear_01_r
image,#i_mtl_p8_spray_paint_can_camo_plastic_m
image,#i_p8_col_metal_corrugated_bare_tarnished_g
image,#i_p8_col_metal_corrugated_bare_tarnished_c
image,#i_t7_decal_grunge_scratches_scrapes_01_n
image,#i_t7_decal_grunge_scratches_scrapes_01_c
image,#hash_dcd8c31897742afb
image,#ui_icon_weapon_sniper_fastrechamber_wz_render
image,#i_wpn_t8_smg_accurate_grip_sig_03_s
image,#i_wpn_t8_smg_accurate_grip_sig_03_c
image,#i_wpn_t8_smg_accurate_grip_sig_03_e
image,#i_wpn_t8_smg_accurate_grip_sig_03_g
image,#i_wpn_t8_smg_accurate_grip_sig_03_n
image,#i_veh_t8_base_paint_06_c
image,#i_t7_linoleum_rolled_01_g
image,#i_t7_metal_heavy_painted_01_white_c
image,#hash_5ce6e4b79a9f293f
image,#i_mtl_p8_concrete_tile_02_n
image,#i_mtl_p8_concrete_tile_02_m
image,#i_mtl_p7_corrugated_sheet_metal_rust_06_proxy_normal
image,#i_c_gen_detail_canvas1_n
image,#hash_dcf820541a4bc0b8
image,#i_wpn_t8_eqp_tripwire_slingshot_decals_n
image,#i_wpn_t8_eqp_tripwire_slingshot_decals_c
image,#i_mtl_mtl_veh_t8_mil_heli_attack_body_rear_ir
image,#i_veh_t7_drone_attack_rocketpods_highres_gunmetal_n
image,#i_mtl_p7_rug_cloth_modern_128x256_06_c
image,#ui_icon_weapon_melee_bowie_bloody_render
image,#fxt_sparks_rndhit_core_mask
image,#i_t7_zm_sha_rock_cliff_01_moss_r
image,#i_t7_zm_sha_rock_cliff_01_moss_c
image,#i_mtl_veh_t8_decal_panel_50_c
image,#hash_5d1ebf39b1f7d710
image,#hash_5d1ecc39b1f7ed27
image,#hash_dd201f9ff74b0a40
image,#hash_dd20239ff74b110c
image,#hash_dd202b9ff74b1ea4
image,#hash_dd202c9ff74b2057
image,#hash_dd202f9ff74b2570
image,#i_t7_vista_plastic_tarp_blue_creased_n
image,#i_t7_vista_plastic_tarp_blue_creased_c
image,#i_mtl_wpn_t8_loot_ar_an94_barrel_base_c
image,#i_mtl_wpn_t8_loot_ar_an94_barrel_base_g
image,#i_mtl_wpn_t8_loot_ar_an94_barrel_base_o
image,#i_mtl_wpn_t8_loot_ar_an94_barrel_base_n
image,#i_mtl_wpn_t8_loot_ar_an94_barrel_base_s
image,#hash_dd2bfdffb96e1745
image,#hash_dd2c09ffb96e2ba9
image,#hash_dd2c10ffb96e378e
image,#i_wpn_t8_shotgun_semi_receiver04_sig_02_s
image,#i_wpn_t8_shotgun_semi_receiver04_sig_02_o
image,#i_wpn_t8_shotgun_semi_receiver04_sig_02_n
image,#i_wpn_t8_shotgun_semi_receiver04_sig_02_c
image,#i_wpn_t8_shotgun_semi_receiver04_sig_02_g
image,#i_wpn_t8_smg_handling_barrel_g
image,#i_wpn_t8_smg_handling_barrel_o
image,#i_wpn_t8_smg_handling_barrel_n
image,#i_wpn_t8_smg_handling_barrel_s
image,#i_wpn_t8_smg_handling_barrel_r
image,#i_t8_zm_met_metal_rust_peel_n
image,#i_t7_graphic_detail_wave_data_01_c
image,#hash_dd42e80f31f85deb
image,#i_attach_t8_tac_rifle_swordfish_hical_n
image,#i_attach_t8_tac_rifle_swordfish_hical_o
image,#i_attach_t8_tac_rifle_swordfish_hical_m
image,#i_attach_t8_tac_rifle_swordfish_hical_c
image,#i_attach_t8_tac_rifle_swordfish_hical_g
image,#i_attach_t8_tac_rifle_swordfish_hical_s
image,#i_mtl_veh_t8_drone_rcxd_strap_c
image,#i_mtl_veh_t8_drone_rcxd_strap_g
image,#i_mtl_veh_t8_drone_rcxd_strap_m
image,#i_mtl_veh_t8_drone_rcxd_strap_n
image,#i_mtl_veh_t8_drone_rcxd_strap_o
image,#i_p8_wz_foliage_bush_erigonum_flower_01_r
image,#hash_5d5c6ce96543b237
image,#hash_5d5c70e96543b903
image,#i_mtl_p8_col_generator_garage_set_decal_logo_indicator_c
image,#i_postfx_wz_esc_tele_reveal_r
image,#hash_5d5e093455299fbc
image,#hash_5d5fffa293f0c848
image,#hash_5d6000a293f0c9fb
image,#hash_5d6001a293f0cbae
image,#i_mtl_p8_zm_esc_cloth_pile_02_o
image,#i_mtl_p8_zm_esc_cloth_pile_02_n
image,#i_mtl_p8_zm_esc_cloth_pile_02_m
image,#ui_icon_weapons_zm_pistolrevolver
image,#hash_5d62f8ae552d65b0
image,#hash_dd67090dc0124ffe
image,#i_mtl_p8_zm_esc_bed_infirmary_mattress_03_cloth_n
image,#i_mtl_wpn_t8_camo_error_01_c
image,#i_t8_micro_rock_granite_01_n
image,#i_t8_micro_rock_granite_01_g
image,#i_wpn_t8_lmg_hades_mag_bullet_n
image,#i_wpn_t8_lmg_hades_mag_bullet_o
image,#i_wpn_t8_lmg_hades_mag_bullet_m
image,#hash_dd75ed818cee4d5f
image,#i_mtl_p7_curtain_hanging_yarn_worn_n
image,#i_mtl_p7_curtain_hanging_yarn_worn_c
image,#fxt8_water_splash_tall_center_anim
image,#hash_dd7ef15a6700bd30
image,#hash_dd7efe5a6700d347
image,#i_mtl_p7_pallet_wood_splinters_n
image,#i_mtl_p7_pallet_wood_splinters_c
image,#hash_dd8a56e9b751acff
image,#hash_dd8a62e9b751c163
image,#hash_dd8a66e9b751c82f
image,#hash_dd8a69e9b751cd48
image,#hash_dd8a6ae9b751cefb
image,#i_attach_t8_smg_fastfire_handguard_02_s
image,#i_attach_t8_smg_fastfire_handguard_02_r
image,#i_attach_t8_smg_fastfire_handguard_02_o
image,#i_attach_t8_smg_fastfire_handguard_02_n
image,#i_attach_t8_smg_fastfire_handguard_02_c
image,#i_attach_t8_smg_fastfire_handguard_02_g
image,#hash_dd8fa025ebdf68ec
image,#i_t8_micro_plastic_rough_heavy_01_g
image,#i_mtl_p7_ram_tower_lion_ram_02_n
image,#i_p7_foliage_distictis_hanging_ledge_64_long_c
image,#i_t8_decal_tech_detail_low_tech_06_n
image,#i_t8_decal_tech_detail_low_tech_06_o
image,#i_t8_decal_tech_detail_low_tech_06_c
image,#i_mtl_p7_crate_wood_02_lid_n
image,#i_mtl_p7_crate_wood_02_lid_o
image,#i_mtl_p7_crate_wood_02_lid_m
image,#hash_dd9998c950d2234a
image,#i_mtl_wpn_t8_loot_lmg_mk48_rail_g
image,#i_mtl_wpn_t8_loot_lmg_mk48_rail_c
image,#i_mtl_wpn_t8_loot_lmg_mk48_rail_n
image,#i_mtl_wpn_t8_loot_lmg_mk48_rail_o
image,#i_mtl_wpn_t8_loot_lmg_mk48_rail_s
image,#i_mtl_p7_zm_mob_crate_wood_sml_wood_m
image,#i_mtl_p7_zm_mob_crate_wood_sml_wood_n
image,#i_t7_metal_chain_o
image,#i_t7_metal_chain_n
image,#i_t7_metal_chain_c
image,#i_attach_t8_lmg_titan_hipfire_handle_o
image,#i_attach_t8_lmg_titan_hipfire_handle_n
image,#i_attach_t8_lmg_titan_hipfire_handle_g
image,#i_attach_t8_lmg_titan_hipfire_handle_c
image,#i_attach_t8_lmg_titan_hipfire_handle_s
image,#i_attach_t8_lmg_titan_hipfire_handle_r
image,#i_t8_metal_rebar_rust_01_cap_n
image,#i_t8_metal_rebar_rust_01_cap_g
image,#i_t8_metal_rebar_rust_01_cap_c
image,#i_mtl_p7_cai_foliage_flower_penstemon_flowers_n
image,#i_mtl_p7_cai_foliage_flower_penstemon_flowers_c
image,#i_mtl_p7_cai_foliage_flower_penstemon_flowers_r
image,#i_mtl_p7_cai_foliage_flower_penstemon_flowers_t
image,#i_dni_interference_c
image,#i_dni_interference_m
image,#hash_ddc0c337ae333173
image,#hash_ddc0c737ae33383f
image,#hash_ddc0ca37ae333d58
image,#hash_ddc0cb37ae333f0b
image,#hash_ddc0d737ae33536f
image,#i_p7_vld_wood_rustic_white_c
image,#i_p7_vld_wood_rustic_white_n
image,#i_attach_t8_smg_fastfire_dbal_01_c
image,#i_attach_t8_smg_fastfire_dbal_01_g
image,#i_attach_t8_smg_fastfire_dbal_01_o
image,#i_attach_t8_smg_fastfire_dbal_01_n
image,#i_attach_t8_smg_fastfire_dbal_01_s
image,#i_attach_t8_smg_fastfire_dbal_01_r
image,#i_mtl_p7_dumpster_construction_large_base_01_m
image,#i_mtl_p7_dumpster_construction_large_base_01_n
image,#i_mtl_p7_dumpster_construction_large_base_01_o
image,#hash_ddc80dbd319ed6d9
image,#hash_ddc81dbd319ef209
image,#hash_ddc821bd319ef8d5
image,#hash_ddc828bd319f04ba
image,#hash_ddc829bd319f066d
image,#i_wpn_t8_loot_smg_burst_clip_s
image,#i_wpn_t8_loot_smg_burst_clip_g
image,#i_wpn_t8_loot_smg_burst_clip_c
image,#i_wpn_t8_loot_smg_burst_clip_o
image,#i_wpn_t8_loot_smg_burst_clip_n
image,#hash_ddce73ddb0f2be66
image,#hash_ddce77ddb0f2c532
image,#hash_ddce7bddb0f2cbfe
image,#hash_ddce7cddb0f2cdb1
image,#hash_ddce87ddb0f2e062
image,#hash_5dce97f6a1b27bdc
image,#hash_5dce98f6a1b27d8f
image,#hash_5dce99f6a1b27f42
image,#i_mtl_p7_zm_isl_bed_infirmary_mattress_stripe_c
image,#i_t8_rock_ground_smooth_02_r
image,#i_t8_rock_ground_smooth_02_n
image,#i_t8_rock_ground_smooth_02_o
image,#i_t8_rock_ground_smooth_02_c
image,#hash_ddd23c6d753bbd8b
image,#hash_ddd2476d753bd03c
image,#hash_ddd24c6d753bd8bb
image,#hash_ddd2506d753bdf87
image,#i_t8_mud_ground_dirt_01_bright_c
image,#i_mtl_t8_decal_grunge_rust_02_blend_n
image,#i_mtl_t8_decal_grunge_rust_02_blend_c
image,#i_t7_detail_linen_01
image,#i_mtl_veh_t8_decal_text_8a271_c
image,#i_wpn_t8_lmg_titan_sig_02_mag_o
image,#i_wpn_t8_lmg_titan_sig_02_mag_n
image,#i_wpn_t8_lmg_titan_sig_02_mag_c
image,#i_wpn_t8_lmg_titan_sig_02_mag_e
image,#i_wpn_t8_lmg_titan_sig_02_mag_g
image,#i_wpn_t8_lmg_titan_sig_02_mag_s
image,#i_t8_decal_damage_asphalt_pothole_01_wet_c
image,#i_t8_decal_damage_asphalt_pothole_01_wet_g
image,#i_t8_decal_damage_asphalt_pothole_01_wet_n
image,#i_mtl_p7_tent_military_roll_01_c
image,#i_mtl_p7_tent_military_roll_01_n
image,#i_t7_fir_fence_wire_metal_g
image,#i_t7_fir_fence_wire_metal_c
image,#i_t7_fir_fence_wire_metal_n
image,#hash_ddf51f35f5a28eaa
image,#hash_ddf52035f5a2905d
image,#hash_ddf52335f5a29576
image,#hash_ddf52435f5a29729
image,#hash_ddf52b35f5a2a30e
image,#hash_ddf52f35f5a2a9da
image,#i_p8_zm_zod_wall_box_electrical_set_metal_r
image,#i_p8_zm_zod_wall_box_electrical_set_metal_n
image,#i_wpn_t8_wz_shotgun_semi_mag_c
image,#i_t8_wpn_shotgun_semi_shell_mount_s
image,#i_t8_wpn_shotgun_semi_shell_mount_g
image,#i_t8_wpn_shotgun_semi_shell_mount_c
image,#i_t8_wpn_shotgun_semi_shell_mount_o
image,#i_t8_wpn_shotgun_semi_shell_mount_n
image,#hash_ddffd08f35e549e3
image,#hash_de01c75315933ce8
image,#hash_de01cb53159343b4
image,#i_mtl_p8_foliage_grass_long_skinny_rice_01_c
image,#i_mtl_p8_foliage_grass_long_skinny_rice_01_n
image,#i_t7_metal_gunmetal_02_c
image,#i_t8_concrete_old_cracked_01_c
image,#i_t8_concrete_old_cracked_01_n
image,#i_wpn_t8_tac_rifle_swordfish_sig02_decals_left_r
image,#i_t8_concrete_old_cracked_01_o
image,#i_wpn_t8_tac_rifle_swordfish_sig02_decals_left_n
image,#i_wpn_t8_tac_rifle_swordfish_sig02_decals_left_c
image,#ui_icon_obit_lmg_stealth
image,#i_mtl_p7_zm_mob_cabinet_steel_01_m
image,#i_wpn_t8_shotgun_pump_sig_02_decal_c
image,#i_wpn_t8_shotgun_semi_railcover_sig_02_o
image,#i_wpn_t8_shotgun_semi_railcover_sig_02_n
image,#i_wpn_t8_shotgun_semi_railcover_sig_02_g
image,#i_wpn_t8_shotgun_semi_railcover_sig_02_c
image,#i_t8_zm_esc_concrete_slabs_2x2_o
image,#i_t8_zm_esc_concrete_slabs_2x2_n
image,#i_t8_zm_esc_concrete_slabs_2x2_c
image,#i_t8_zm_esc_concrete_slabs_2x2_g
image,#hash_de1f00a0c84d0a05
image,#fxt8_fire_fuel_wide_sm_anim_alpha
image,#hash_de25c08ad52e29e3
image,#i_t8_decal_tech_detail_high_tech_19_n
image,#i_p7_fence_metal_corrugated_tile01_g
image,#hash_de297b53a3d3f85e
image,#i_mtl_p7_3d_printer_safehouse_01_stand2_m
image,#i_mtl_p7_3d_printer_safehouse_01_stand2_n
image,#i_mtl_p7_slu_garage_door_metal_01_n
image,#i_mtl_p7_slu_garage_door_metal_01_m
image,#hash_5e33fedbeb9cfdd4
image,#i_wpn_t8_ar_heavy_smoke_sig_02_c
image,#i_t8_micro_paper_mache_01_g
image,#i_t8_micro_paper_mache_01_n
image,#i_wpn_t8_ar_modular_02_accessories_sig_01_g
image,#i_wpn_t8_ar_modular_02_accessories_sig_01_c
image,#i_wpn_t8_ar_modular_02_accessories_sig_01_o
image,#i_wpn_t8_ar_modular_02_accessories_sig_01_n
image,#i_wpn_t8_ar_modular_02_accessories_sig_01_s
image,#i_t7_graphic_detail_disc_06_c
image,#i_wpn_t8_smg_capacity_sig_02_receiver_lower_s
image,#i_wpn_t8_smg_capacity_sig_02_receiver_lower_g
image,#i_wpn_t8_smg_capacity_sig_02_receiver_lower_e
image,#i_wpn_t8_smg_capacity_sig_02_receiver_lower_c
image,#i_wpn_t8_smg_capacity_sig_02_receiver_lower_n
image,#i_wpn_t8_smg_capacity_sig_02_receiver_lower_o
image,#i_attach_t8_ar_fastfire_flashlight_s
image,#i_attach_t8_ar_fastfire_flashlight_n
image,#i_attach_t8_ar_fastfire_flashlight_o
image,#i_attach_t8_ar_fastfire_flashlight_c
image,#i_attach_t8_ar_fastfire_flashlight_g
image,#i_t7_micro_stone_granite_c
image,#i_t7_micro_stone_granite_n
image,#i_t7_dlc1_plastic_wrap_n
image,#i_mtl_wpn_t8_smg_fastfire_grip_mk2_m
image,#fxt8_shockwave_elec_anim_mask
image,#hash_de591c00a1f406a4
image,#hash_de592000a1f40d70
image,#hash_de592100a1f40f23
image,#hash_de592800a1f41b08
image,#hash_de592c00a1f421d4
image,#hash_de5a6a85cc4b1306
image,#hash_de5a6e85cc4b19d2
image,#hash_de5a7685cc4b276a
image,#hash_de5a7785cc4b291d
image,#hash_de5a7a85cc4b2e36
image,#i_wpn_t8_ar_fastfire_magwell_sig_02_n
image,#i_wpn_t8_ar_fastfire_magwell_sig_02_o
image,#i_wpn_t8_ar_fastfire_magwell_sig_02_g
image,#i_wpn_t8_ar_fastfire_magwell_sig_02_c
image,#i_wpn_t8_ar_fastfire_magwell_sig_02_s
image,#i_mtl_p8_ice_med_rock_01_dark_c
image,#i_mtl_p8_wz_skt_signage_hours_c
image,#i_veh_t8_base_paint_09_dead_c
image,#i_t8_decal_grunge_lichen_rock_01_m
image,#i_mtl_p7_conduit_rust_outlets_n
image,#i_mtl_p7_conduit_rust_outlets_c
image,#i_t8_micro_cloth_denim_01_n
image,#core_dirt_light_c
image,#fxt_shockwave_elec_anim_mask
image,#i_wpn_t8_sig_annihilator_decals_n
image,#i_wpn_t8_sig_annihilator_decals_c
image,#i_wpn_t8_sig_annihilator_decals_g
image,#i_veh_t8_decal_inset_01_r
image,#i_veh_t8_decal_inset_01_c
image,#i_veh_t8_decal_inset_01_n
image,#i_veh_t8_decal_inset_01_o
image,#i_veh_t8_decal_inset_01_m
image,#hash_5e8cff7f2bbcc2a2
image,#i_attach_t8_ar_galil_dbal_n
image,#i_attach_t8_ar_galil_dbal_o
image,#i_attach_t8_ar_galil_dbal_c
image,#i_attach_t8_ar_galil_dbal_g
image,#i_attach_t8_ar_galil_dbal_s
image,#i_t7_wood_varnished_clean_cherry_n
image,#i_t7_wood_varnished_clean_cherry_g
image,#i_t7_wood_varnished_clean_cherry_c
image,#i_wpn_t8_lmg_heavy_bullet_g
image,#i_wpn_t8_lmg_heavy_bullet_c
image,#i_wpn_t8_lmg_heavy_bullet_n
image,#i_wpn_t8_lmg_heavy_bullet_o
image,#i_wpn_t8_lmg_heavy_bullet_s
image,#i_mtl_p7_cai_foliage_flower_penstemon_leaves_dry_n
image,#i_mtl_p7_cai_foliage_flower_penstemon_leaves_dry_c
image,#i_mtl_p7_cai_foliage_flower_penstemon_leaves_dry_t
image,#i_attach_t8_smg_capacity_ext_mag_02_m
image,#i_attach_t8_smg_capacity_ext_mag_02_n
image,#i_attach_t8_smg_capacity_ext_mag_02_o
image,#i_attach_t8_smg_capacity_ext_mag_02_g
image,#i_attach_t8_smg_capacity_ext_mag_02_c
image,#i_attach_t8_smg_capacity_ext_mag_02_r
image,#i_attach_t8_smg_capacity_ext_mag_02_s
image,#hash_de983c14324a9b8f
image,#i_mtl_p8_zm_zod_bathroom_sink_first_class_set_dirt_02_c
image,#i_wpn_t8_tac_rifle_swordfish_reticle_04_c
image,#hash_5e9ea3ace7db6ecd
image,#i_mtl_p7_debris_cardboard_flat_09_c
image,#i_mtl_p7_debris_cardboard_flat_09_n
image,#i_c_zom_der_zombie_hound_teeth_g
image,#i_c_zom_der_zombie_hound_teeth_c
image,#i_c_zom_der_zombie_hound_teeth_n
image,#hash_deaec79006fc8af7
image,#hash_deaeca9006fc9010
image,#hash_deaecb9006fc91c3
image,#hash_deaecd9006fc9529
image,#hash_deaed39006fc9f5b
image,#hash_deaed79006fca627
image,#i_mtl_p7_zm_asc_console_launch_key_o
image,#i_mtl_p7_zm_asc_console_launch_key_n
image,#i_mtl_p7_zm_asc_console_launch_key_m
image,#i_wpn_t8_loot_sniper_mini14_under_mk2_n
image,#i_wpn_t8_loot_sniper_mini14_under_mk2_m
image,#i_mtl_p7_wes_couch_victorian_med_02_m
image,#i_mtl_p7_wes_couch_victorian_med_02_n
image,#hash_deb6876fdceb120b
image,#hash_deb6926fdceb24bc
image,#hash_deb6936fdceb266f
image,#hash_deb6976fdceb2d3b
image,#hash_deb69b6fdceb3407
image,#i_mtl_p8_zm_esc_windows_frame_01_n
image,#i_mtl_p8_zm_esc_windows_frame_01_o
image,#i_mtl_p8_zm_esc_windows_frame_01_m
image,#i_t8_decal_blood_footprints_sml_r
image,#i_t8_decal_blood_footprints_sml_g
image,#hash_dec3d7b0d38c67df
image,#i_c_t8_detail_metal_bumps_n
image,#i_mtl_p8_gutter_01_brackets_m
image,#i_mtl_p8_gutter_01_brackets_n
image,#i_mtl_p8_gutter_01_brackets_o
image,#i_t7_decal_grunge_brick_stain_01_c
image,#i_t7_decal_grunge_brick_stain_01_g
image,#i_t7_decal_grunge_paint_discolored_01_c
image,#i_t7_decal_grunge_paint_discolored_01_g
image,#i_t7_concrete_wall_painted_peel_01_blend_c
image,#i_t7_concrete_wall_painted_peel_01_blend_m
image,#fxt_beam_dead_turret
image,#i_wpn_t8_ar_modular_02_weapon_sig_01_02_e
image,#i_t7_micro_metal_bare_worn_01_n
image,#i_t7_micro_metal_bare_worn_01_g
image,#i_p7_barrel_plastic_c
image,#i_p7_barrel_plastic_n
image,#hash_dee0da70967cb52b
image,#i_veh_t8_noise_g
image,#i_mtl_attach_t8_loot_lmg_mk48_muzzle_s
image,#i_mtl_attach_t8_loot_lmg_mk48_muzzle_o
image,#i_mtl_attach_t8_loot_lmg_mk48_muzzle_n
image,#i_mtl_attach_t8_loot_lmg_mk48_muzzle_g
image,#i_mtl_attach_t8_loot_lmg_mk48_muzzle_c
image,#hash_dee9c07276d05601
image,#i_t7_metal_painted_clean_white_c
image,#hash_deeb4643dcb6b83d
image,#hash_deeb4943dcb6bd56
image,#hash_deeb4a43dcb6bf09
image,#hash_deeb5243dcb6cca1
image,#hash_deeb5643dcb6d36d
image,#hash_5eee0bb19c4461ab
image,#i_mtl_veh_t8_decal_button_rect_01_c
image,#i_mtl_veh_t8_decal_button_rect_01_g
image,#i_mtl_veh_t8_decal_button_rect_01_n
image,#i_mtl_p7_mou_concrete_slab_m
image,#i_mtl_p7_mou_concrete_slab_n
image,#hash_5ef78dd826cd5a1e
image,#hash_def8b46b4c2c2f81
image,#i_wpn_t8_shotgun_semi_chain_sig_02_s
image,#i_wpn_t8_shotgun_semi_chain_sig_02_g
image,#i_wpn_t8_shotgun_semi_chain_sig_02_o
image,#i_wpn_t8_shotgun_semi_chain_sig_02_n
image,#i_t7_cobweb_corner_02_n
image,#i_t7_cobweb_corner_02_c
image,#i_wpn_t8_ar_accurate_scope_sig_03_s
image,#i_wpn_t8_ar_accurate_scope_sig_03_n
image,#i_wpn_t8_ar_accurate_scope_sig_03_o
image,#i_wpn_t8_ar_accurate_scope_sig_03_g
image,#i_wpn_t8_ar_accurate_scope_sig_03_c
image,#i_t8_micro_metal_bare_01_g
image,#i_mtl_wpn_t8_sniper_vanguard_handguard_v2_o
image,#i_mtl_wpn_t8_sniper_vanguard_handguard_v2_n
image,#i_mtl_wpn_t8_sniper_vanguard_handguard_v2_c
image,#i_mtl_wpn_t8_sniper_vanguard_handguard_v2_g
image,#i_mtl_wpn_t8_sniper_vanguard_handguard_v2_s
image,#i_mtl_wpn_t8_sniper_vanguard_handguard_v2_r
image,#i_wpn_t8_shotgun_pump_sig_02_muzzle_s
image,#i_wpn_t8_shotgun_pump_sig_02_muzzle_g
image,#i_wpn_t8_shotgun_pump_sig_02_muzzle_c
image,#hash_5f0d8d862a4913bd
image,#i_attach_t8_tac_rifle_mid_burst_uber_decals_c
image,#i_wpn_t8_micro_plastic_base_v01_n
image,#i_wpn_t8_micro_plastic_base_v01_c
image,#i_wpn_t8_micro_plastic_base_v01_g
image,#i_wpn_t8_ar_stealth_tacsac_s
image,#i_wpn_t8_ar_stealth_tacsac_g
image,#i_wpn_t8_ar_stealth_tacsac_c
image,#i_wpn_t8_ar_stealth_tacsac_m
image,#i_wpn_t8_ar_stealth_tacsac_n
image,#i_wpn_t8_ar_stealth_tacsac_o
image,#i_wpn_t8_smg_handling_handguard_s
image,#i_wpn_t8_smg_handling_handguard_r
image,#i_wpn_t8_smg_handling_handguard_o
image,#i_wpn_t8_smg_handling_handguard_n
image,#i_wpn_t8_smg_handling_handguard_g
image,#i_mtl_wpn_t8_camo_diamond_03_c
image,#hash_df2d330b909946d3
image,#hash_df2d430b90996203
image,#hash_df2d470b909968cf
image,#hash_df2d4e0b909974b4
image,#hash_df2d4f0b90997667
image,#i_c_t8_mp_spe_swat_body1_fray_n
image,#i_c_t8_mp_spe_swat_body1_fray_c
image,#i_p8_zm_zod_mail_bag_set_sack_paper_c
image,#i_p8_zm_zod_mail_bag_set_sack_paper_n
image,#hash_5f3a4b5fce9b5548
image,#hash_5f3a4e5fce9b5a61
image,#i_wpn_t8_loot_smg_burst_sling_s
image,#i_wpn_t8_loot_smg_burst_sling_g
image,#i_wpn_t8_loot_smg_burst_sling_c
image,#i_wpn_t8_loot_smg_burst_sling_n
image,#i_wpn_t8_loot_smg_burst_sling_o
image,#i_mtl_wpn_t8_loot_melee_action_figure_decal_g
image,#i_mtl_wpn_t8_loot_melee_action_figure_decal_c
image,#i_mtl_wpn_t8_loot_melee_action_figure_decal_n
image,#fxt_light_glow_square
image,#i_wpn_t8_ar_modular_02_weapon_sig_01_s
image,#i_wpn_t8_ar_modular_02_weapon_sig_01_o
image,#i_wpn_t8_ar_modular_02_weapon_sig_01_n
image,#i_wpn_t8_ar_modular_02_weapon_sig_01_e
image,#i_wpn_t8_ar_modular_02_weapon_sig_01_g
image,#i_wpn_t8_ar_modular_02_weapon_sig_01_c
image,#i_mtl_p8_zm_esc_power_house_windows_02_n
image,#i_mtl_p8_zm_esc_power_house_windows_02_o
image,#i_mtl_p8_zm_esc_power_house_windows_02_m
image,#i_mtl_p8_wood_beam_generic_01_n
image,#i_mtl_p8_wood_beam_generic_01_o
image,#i_mtl_p8_wood_beam_generic_01_g
image,#i_mtl_p8_wood_beam_generic_01_c
image,#hash_df4ef57ca7f52c63
image,#i_wood_teak_decking_dlc1_n
image,#i_mtl_t8_camo_dlc3_spacedust_08_c
image,#i_wpn_t8_ar_fastfire_rail_sig_01_s
image,#i_wpn_t8_ar_fastfire_rail_sig_01_n
image,#i_wpn_t8_ar_fastfire_rail_sig_01_o
image,#i_wpn_t8_ar_fastfire_rail_sig_01_g
image,#i_wpn_t8_ar_fastfire_rail_sig_01_c
image,#fxt8_water_bubble_md_mask
image,#ui_icon_inventory_p8_wz_ammo_pickup_50
image,#i_mtl_p7_cinder_block_n
image,#i_mtl_p7_cinder_block_c
image,#hash_df6f3d4896bbbf5d
image,#hash_df6f404896bbc476
image,#hash_df6f414896bbc629
image,#hash_df6f494896bbd3c1
image,#hash_df6f4d4896bbda8d
image,#i_t8_micro_carpet_shag_01_c
image,#i_t8_micro_carpet_shag_01_n
image,#i_t8_mylar_tape_atlas_sheet_01_n
image,#i_t7_decal_damage_mold_01_n
image,#i_t7_decal_damage_mold_01_r
image,#i_t8_wpn_smg_accurate_body_c
image,#i_t8_wpn_smg_accurate_body_g
image,#i_t8_wpn_smg_accurate_body_n
image,#i_t8_wpn_smg_accurate_body_o
image,#i_t8_wpn_smg_accurate_body_s
image,#hash_df7f9dd99c8eaeaf
image,#hash_df8051ae6ba54c26
image,#hash_df8052ae6ba54dd9
image,#hash_df805aae6ba55b71
image,#hash_df805eae6ba5623d
image,#hash_df806eae6ba57d6d
image,#hash_5f8112613542fbc0
image,#hash_5f811f61354311d7
image,#i_wpn_t8_lmg_titan_sig_02_stock_g
image,#i_wpn_t8_lmg_titan_sig_02_stock_c
image,#i_wpn_t8_lmg_titan_sig_02_stock_n
image,#i_wpn_t8_lmg_titan_sig_02_stock_o
image,#i_wpn_t8_lmg_titan_sig_02_stock_s
image,#hash_df851b4002ecc918
image,#hash_df851c4002eccacb
image,#hash_df85274002ecdd7c
image,#hash_df85284002ecdf2f
image,#hash_df85294002ece0e2
image,#hash_df852b4002ece448
image,#hash_df852f4002eceb14
image,#i_wpn_t8_smg_mp9_stock_base_r
image,#i_wpn_t8_smg_mp9_stock_base_s
image,#i_wpn_t8_smg_mp9_stock_base_c
image,#i_wpn_t8_smg_mp9_stock_base_g
image,#i_wpn_t8_smg_mp9_stock_base_n
image,#i_wpn_t8_smg_mp9_stock_base_o
image,#i_veh_t8_decal_gauge_06_c
image,#i_mtl_p7_hose_01_rubber_n
image,#i_mtl_p7_hose_01_rubber_c
image,#i_t8_concrete_damaged_cracked_01_r
image,#i_t8_concrete_damaged_cracked_01_n
image,#i_t8_concrete_damaged_cracked_01_o
image,#i_t8_concrete_damaged_cracked_01_g
image,#i_t8_concrete_damaged_cracked_01_c
image,#i_mtl_p7_ac_unit_extra_n
image,#i_mtl_p7_ac_unit_extra_g
image,#i_mtl_p7_ac_unit_extra_c
image,#hash_df95300ca00da37f
image,#i_mtl_p8_col_rail_tower_metal_01_m
image,#i_mtl_wpn_t8_loot_lmg_mk48_clip_stick_mk2_multi_m
image,#i_attach_t8_loot_tac_rifle_damageburst_grip_r
image,#i_attach_t8_loot_tac_rifle_damageburst_grip_c
image,#i_attach_t8_loot_tac_rifle_damageburst_grip_g
image,#i_attach_t8_loot_tac_rifle_damageburst_grip_n
image,#i_attach_t8_loot_tac_rifle_damageburst_grip_o
image,#hash_df9aa27367943075
image,#hash_df9b3dec216fa2d6
image,#hash_dfa4694f121b36c7
image,#i_mtl_p8_zm_esc_laundry_bag_n
image,#i_mtl_p8_zm_esc_laundry_bag_m
image,#hash_5faa2375893b097a
image,#i_wpn_t8_tac_rifle_swordfish_scope_mk2_m
image,#i_mtl_t8_metal_bare_steel_worn_01_g
image,#i_mtl_wpn_t8_ar_stealth_dbal_mk2_multi_m
image,#i_wpn_t8_launcher_standard_body_rear_s
image,#i_wpn_t8_launcher_standard_body_rear_r
image,#i_wpn_t8_launcher_standard_body_rear_c
image,#i_wpn_t8_launcher_standard_body_rear_g
image,#i_wpn_t8_launcher_standard_body_rear_o
image,#i_wpn_t8_launcher_standard_body_rear_n
image,#i_wpn_t8_lmg_titan_sig_01_muzzle_s
image,#i_wpn_t8_lmg_titan_sig_01_muzzle_n
image,#i_wpn_t8_lmg_titan_sig_01_muzzle_o
image,#i_wpn_t8_lmg_titan_sig_01_muzzle_c
image,#i_wpn_t8_lmg_titan_sig_01_muzzle_g
image,#loot06_ui_icon_blackmarket_reserves_ar_standard_sig02
image,#i_attach_t8_ar_stealth_cord_o
image,#i_attach_t8_ar_stealth_cord_n
image,#i_attach_t8_ar_stealth_cord_c
image,#i_mtl_p7_bulletin_board_cork_cork_material_c
image,#i_mtl_p7_bulletin_board_cork_cork_material_n
image,#hash_5fb9e02123b34f00
image,#i_t7_ban_metal_painted_rusty_light_c
image,#i_wpn_t8_sniper_power_semi_handguard_r
image,#i_wpn_t8_sniper_power_semi_handguard_s
image,#i_wpn_t8_sniper_power_semi_handguard_m
image,#i_wpn_t8_sniper_power_semi_handguard_n
image,#i_wpn_t8_sniper_power_semi_handguard_o
image,#i_wpn_t8_sniper_power_semi_handguard_c
image,#i_wpn_t8_sniper_power_semi_handguard_g
image,#i_mtl_p8_ice_signage_rectangle_01_n
image,#i_mtl_p8_ice_signage_rectangle_01_g
image,#i_mtl_p8_ice_signage_rectangle_01_s
image,#i_wpn_t8_decals_global_screws_hex_01_mp9_o
image,#i_mtl_p7_vista_lotus_tower_decal_dot_c
image,#hash_dfce44dc92009e1e
image,#hash_dfcf13bb0bc74075
image,#i_p8_usa_submarine_interior_consoles_panels_small_m
image,#i_p8_usa_submarine_interior_consoles_panels_small_n
image,#i_mtl_wpn_t8_loot_ar_double_barrel_handguard_s
image,#i_mtl_wpn_t8_loot_ar_double_barrel_handguard_o
image,#i_mtl_wpn_t8_loot_ar_double_barrel_handguard_n
image,#i_mtl_wpn_t8_loot_ar_double_barrel_handguard_m
image,#i_mtl_wpn_t8_loot_ar_double_barrel_handguard_c
image,#i_mtl_wpn_t8_loot_ar_double_barrel_handguard_g
image,#i_p8_wz_foliage_sycamore_wood_foliage_01_a
image,#i_p8_wz_foliage_sycamore_wood_foliage_01_g
image,#i_t8_micro_plaster_01_h
image,#i_t8_micro_plaster_01_n
image,#i_t7_metal_panel_safehouse_moblie_01_n
image,#i_mtl_p7_light_fixture_led_utility_g
image,#i_mtl_p7_light_fixture_led_utility_c
image,#i_mtl_p7_light_fixture_led_utility_o
image,#i_mtl_p7_light_fixture_led_utility_n
image,#i_mtl_p7_light_fixture_led_utility_s
image,#i_wpn_t8_sniper_koshka_camo_sig_02_s
image,#i_wpn_t8_sniper_koshka_camo_sig_02_g
image,#i_wpn_t8_sniper_koshka_camo_sig_02_c
image,#hash_dff9b1fc3460101e
image,#hash_dff9b3fc34601384
image,#i_mtl_wpn_t8_ar_kn57_receiver_lower_mk2_n
image,#hash_e000a3fc34661702
image,#hash_e000a4fc346618b5
image,#i_mtl_t8_loot_wpn_smg_folding_hybrid_mag_o
image,#hash_600104f3412cfc14
image,#ui_icon_weapons_zm_smgcapacity
image,#i_mtl_wpn_t8_zm_eqp_wraith_fire_liquid_c
image,#i_mtl_wpn_t8_ar_stealth_sig_02_mag_s
image,#i_mtl_wpn_t8_ar_stealth_sig_02_mag_c
image,#i_mtl_wpn_t8_ar_stealth_sig_02_mag_g
image,#i_mtl_wpn_t8_ar_stealth_sig_02_mag_o
image,#i_mtl_wpn_t8_ar_stealth_sig_02_mag_n
image,#hash_600ca092f837834c
image,#i_t8_decal_graphics_signage_usa_notice_wash_hands_01_c
image,#i_t7_decal_grunge_calcium_drip_01_blend_r
image,#i_t7_decal_grunge_calcium_drip_01_blend_c
image,#i_t7_decal_grunge_calcium_drip_01_blend_n
image,#i_t7_micro_metal_rough_soft_01_n
image,#i_t7_micro_metal_grunge_scratch_mask_01_m
image,#i_mtl_p7_brace_support_n
image,#i_mtl_p7_brace_support_c
image,#i_wpn_tr_powersemi_receiver_sig_02_g
image,#i_wpn_tr_powersemi_receiver_sig_02_c
image,#i_wpn_tr_powersemi_receiver_sig_02_o
image,#i_wpn_tr_powersemi_receiver_sig_02_n
image,#i_wpn_tr_powersemi_receiver_sig_02_s
image,#hash_6024876ed4a836c5
image,#hash_60248a6ed4a83bde
image,#hash_60248e6ed4a842aa
image,#hash_602e32ea59a88608
image,#hash_602e33ea59a887bb
image,#hash_602e35ea59a88b21
image,#hash_e033d39f20205f88
image,#hash_e033d49f2020613b
image,#i_mtl_p7_mou_electrical_pipe_box_n
image,#i_mtl_p7_mou_electrical_pipe_box_m
image,#i_wpn_t8_tac_rifle_surgeon_bolt_s
image,#i_wpn_t8_tac_rifle_surgeon_bolt_n
image,#i_wpn_t8_tac_rifle_surgeon_bolt_o
image,#i_wpn_t8_tac_rifle_surgeon_bolt_c
image,#i_wpn_t8_tac_rifle_surgeon_bolt_g
image,#i_veh_t8_decal_grunge_wall_scratch_marks_c
image,#i_t8_micro_metal_bare_brush_01_g
image,#i_t7_micro_coir_01_c
image,#i_t7_micro_coir_01_n
image,#i_mtl_t8_wpn_smg_accurate_charging_handle_r
image,#i_t8_decal_grunge_rust_08_c
image,#i_t8_decal_grunge_rust_08_o
image,#i_t8_decal_grunge_rust_08_n
image,#i_t7_plaster_wallpaper_pattern_10_c
image,#i_mtl_p7_pipe_metal_water_set_s
image,#i_mtl_p7_pipe_metal_water_set_o
image,#i_mtl_p7_pipe_metal_water_set_n
image,#i_mtl_p7_pipe_metal_water_set_g
image,#i_mtl_p7_pipe_metal_water_set_c
image,#i_wpn_t8_ar_accurate_grip_sig_03_s
image,#i_wpn_t8_ar_accurate_grip_sig_03_g
image,#i_wpn_t8_ar_accurate_grip_sig_03_c
image,#i_wpn_t8_ar_accurate_grip_sig_03_n
image,#i_wpn_t8_ar_accurate_grip_sig_03_o
image,#i_mtl_p7_sink_kitchen_stainless_modern_01_clean_g
image,#i_attach_t8_shotgun_pump_decal_n
image,#i_attach_t8_shotgun_pump_decal_o
image,#i_attach_t8_shotgun_pump_decal_c
image,#i_attach_t8_shotgun_pump_decal_g
image,#i_mtl_p8_zm_esc_box_cardboard_d_open02_damaged_n
image,#i_mtl_t7_plastic_polyethylene_worn_g
image,#i_wpn_t8_shotgun_semi_bullets_sig_01_s
image,#i_wpn_t8_shotgun_semi_bullets_sig_01_n
image,#i_wpn_t8_shotgun_semi_bullets_sig_01_o
image,#i_wpn_t8_shotgun_semi_bullets_sig_01_g
image,#i_wpn_t8_shotgun_semi_bullets_sig_01_c
image,#i_mtl_p7_cai_dumpster_small_base_03_m
image,#i_mtl_p7_cai_dumpster_small_base_03_n
image,#i_t7_decal_damage_bullet_holes_metal_set_r
image,#i_t7_decal_damage_bullet_holes_metal_set_n
image,#i_t8_micro_concrete_formed_01_c
image,#i_t8_micro_concrete_formed_01_g
image,#i_t8_micro_concrete_formed_01_n
image,#i_wpn_t8_tac_rifle_swordfish_sig02_windows_s
image,#i_wpn_t8_tac_rifle_swordfish_sig02_windows_n
image,#i_wpn_t8_tac_rifle_swordfish_sig02_windows_o
image,#i_wpn_t8_tac_rifle_swordfish_sig02_windows_c
image,#i_wpn_t8_tac_rifle_swordfish_sig02_windows_g
image,#i_mtl_p8_zm_esc_book_04_character_c
image,#i_mtl_p8_zm_esc_book_04_character_n
image,#i_mtl_p7_medical_surgical_cart_metal_weathered_n
image,#i_mtl_p7_medical_surgical_cart_metal_weathered_c
image,#hash_60a3d1438b3332e2
image,#hash_60a3d6438b333b61
image,#t7_icon_weapon_special_knife_pu
image,#i_veh_t8_decal_panel_04_r
image,#i_veh_t8_decal_panel_04_s
image,#i_veh_t8_decal_panel_04_c
image,#i_veh_t8_decal_panel_04_g
image,#i_veh_t8_decal_panel_04_n
image,#i_veh_t8_decal_panel_04_o
image,#$white_thickness
image,#i_attach_t7_shotty_prec_fast_mag_02_g
image,#i_attach_t7_shotty_prec_fast_mag_02_c
image,#i_attach_t7_shotty_prec_fast_mag_02_n
image,#i_attach_t7_shotty_prec_fast_mag_02_o
image,#i_attach_t7_shotty_prec_fast_mag_02_s
image,#ui_icon_weapon_hud_ar_accurate_tactical_wz
image,#i_mtl_t8_wpn_smg_accurate_stock_r
image,#i_mtl_p7_ceiling_fan_metal_s
image,#i_mtl_p7_ceiling_fan_metal_o
image,#i_mtl_p7_ceiling_fan_metal_n
image,#i_mtl_veh_t7_dlc_base_paint_04_c
image,#i_mtl_p7_chair_victorian_velvet_01_worn_wood_m
image,#i_wpn_t8_zm_blundergat_armor_c
image,#i_wpn_t8_zm_blundergat_armor_g
image,#i_wpn_t8_zm_blundergat_armor_o
image,#i_wpn_t8_zm_blundergat_armor_n
image,#i_mtl_p7_zm_shi_net_fishing_rope_detail_n
image,#i_mtl_p8_zm_red_dks_snake_decal_fiber_r
image,#clan_font_dark_c
image,#i_wpn_t7_sniper_locus_scope_lens_n
image,#i_wpn_t7_sniper_locus_scope_lens_c
image,#i_t8_wpn_shotgun_semi_screws_s
image,#i_t8_wpn_shotgun_semi_screws_n
image,#i_t8_wpn_shotgun_semi_screws_o
image,#i_t8_wpn_shotgun_semi_screws_g
image,#i_t8_wpn_shotgun_semi_screws_c
image,#i_attach_t8_launcher_standard_ammo_secondary_g
image,#i_attach_t8_launcher_standard_ammo_secondary_c
image,#i_attach_t8_launcher_standard_ammo_secondary_s
image,#i_mtl_p7_table_endtable_wood_decal_c
image,#i_mtl_p7_table_endtable_wood_decal_n
image,#fxt8_exp_alpha_anim
image,#loot06_ui_icon_blackmarket_reserves_ar_peacekeeper_mk2
image,#i_mtl_p8_zm_ora_shipping_container_set_welding_m
image,#i_mtl_p7_barrier_block_concrete_m
image,#i_mtl_p7_barrier_block_concrete_n
image,#fx_shell_cos
image,#fx_shell_col
image,#i_wpn_t8_sig_grapple_gun_handle_n
image,#i_wpn_t8_sig_grapple_gun_handle_o
image,#i_wpn_t8_sig_grapple_gun_handle_g
image,#i_wpn_t8_sig_grapple_gun_handle_c
image,#i_veh_t8_paint_rust_01_c
image,#i_veh_t8_paint_rust_01_g
image,#loot05_ui_icon_blackmarket_stream_sniper_quickscope_sig_02
image,#i_t8_wpn_pistol_revolver_decals_02_sig_02_c
image,#i_wpn_t8_shotgun_semi_straps02_sig_01_c
image,#i_wpn_t8_shotgun_semi_straps02_sig_01_g
image,#i_wpn_t8_shotgun_semi_straps02_sig_01_m
image,#i_wpn_t8_shotgun_semi_straps02_sig_01_n
image,#i_wpn_t8_shotgun_semi_straps02_sig_01_o
image,#i_wpn_t8_shotgun_semi_straps02_sig_01_r
image,#i_wpn_t8_shotgun_semi_straps02_sig_01_s
image,#hash_e0f9c1ef4ccd247a
image,#i_attach_t8_pistol_burst_grip_g
image,#i_attach_t8_pistol_burst_grip_c
image,#i_attach_t8_pistol_burst_grip_n
image,#i_attach_t8_pistol_burst_grip_o
image,#i_attach_t8_pistol_burst_grip_s
image,#i_wpn_t8_ar_heavy_decal_42_c
image,#i_mtl_p7_zm_tra_tank_chemical_mian_02_m
image,#i_mtl_p7_zm_tra_tank_chemical_mian_02_n
image,#i_p8_col_fishing_net_rope_n
image,#i_p8_col_fishing_net_rope_c
image,#i_p8_col_fishing_net_rope_g
image,#i_mtl_p7_sin_display_broken_glass_g
image,#i_mtl_p7_zm_isl_plank_metal_set_metal_01_m
image,#i_mtl_p7_zm_isl_plank_metal_set_metal_01_n
image,#i_wpn_t8_tr_midburst_details_sig_02_s
image,#i_wpn_t8_tr_midburst_details_sig_02_n
image,#i_wpn_t8_tr_midburst_details_sig_02_o
image,#i_wpn_t8_tr_midburst_details_sig_02_g
image,#i_wpn_t8_tr_midburst_details_sig_02_c
image,#hash_6125383bfe2976fa
image,#i_mtl_p7_zm_zod_keeper_portal_starfield_01_c
image,#i_p8_zm_zod_rope_cargo_hold_decal_c
image,#i_p8_zm_zod_rope_cargo_hold_decal_n
image,#i_mtl_p7_zm_mob_table_mess_hall_set_wood_04_n
image,#i_mtl_p7_zm_mob_table_mess_hall_set_wood_04_m
image,#i_p8_zm_gla_wall_arena_wood_01_set_post_01_m
image,#p7_zm_zod_water_refraction_magic_box_ramp_c
image,#i_mtl_p8_zm_esc_crane_decal_bolt_02_c
image,#i_mtl_p8_zm_esc_crane_decal_bolt_02_n
image,#i_wpn_t8_tac_rifle_swordfish_sig02_mag_case_s
image,#i_wpn_t8_tac_rifle_swordfish_sig02_mag_case_o
image,#i_wpn_t8_tac_rifle_swordfish_sig02_mag_case_n
image,#i_wpn_t8_tac_rifle_swordfish_sig02_mag_case_g
image,#i_wpn_t8_tac_rifle_swordfish_sig02_mag_case_c
image,#ui_icon_weapon_hud_ar_modular
image,#ui_icon_blackmarket_reserves_ar_an94
image,#i_mtl_p8_wz_door_01_metal_trim_n
image,#i_mtl_wpn_t8_ar_stealth_sig_02_side_top_pocket_s
image,#i_mtl_wpn_t8_ar_stealth_sig_02_side_top_pocket_n
image,#i_mtl_wpn_t8_ar_stealth_sig_02_side_top_pocket_o
image,#i_mtl_wpn_t8_ar_stealth_sig_02_side_top_pocket_c
image,#i_mtl_wpn_t8_ar_stealth_sig_02_side_top_pocket_g
image,#i_t7_zm_ctl_silo_metal_wall_worn_01_m
image,#i_t7_zm_ctl_silo_metal_wall_worn_01_n
image,#i_mtl_p7_rus_bookshelf_metal_n
image,#i_mtl_p7_rus_bookshelf_metal_m
image,#i_mtl_wpn_t8_sniper_vanguard_scope_p4_r
image,#i_mtl_p7_zm_mob_crate_wood_lrg_wood_n
image,#i_mtl_p7_zm_isl_bed_infirmary_dirty_c
image,#i_attach_t8_loot_tr_flechette_dbal_o
image,#i_attach_t8_loot_tr_flechette_dbal_n
image,#i_attach_t8_loot_tr_flechette_dbal_m
image,#i_attach_t8_loot_tr_flechette_dbal_g
image,#i_attach_t8_loot_tr_flechette_dbal_c
image,#i_attach_t8_loot_tr_flechette_dbal_s
image,#fxt8_fire_sm_lick_tall_anim_alpha
image,#hash_e16d2b5e66f35723
image,#i_t7_wes_wood_wall_siding_01_white_c
image,#ui_icon_inventory_deadsilence
image,#i_p8_zm_zod_vase_flower_ceramic_tall_01_c
image,#i_t8_reveal_cracked_paint_01_r
image,#i_p7_file_cab_metal_02_rusty_c
image,#hash_e194a626bbadb95f
image,#i_mtl_veh_t8_decal_sign_laser_01_c
image,#i_t8_decal_tech_shipping_container_bolt_01_m
image,#hash_e19b22638b3035f5
image,#hash_e19da5b9a8c55671
image,#i_t8_gradient_01_m
image,#i_t8_gradient_01_t
image,#i_t8_wood_teak_decking_trim_dark_512_wz_c
image,#i_t8_wood_teak_decking_trim_dark_512_wz_g
image,#i_t8_wood_teak_decking_trim_dark_512_wz_o
image,#i_t8_wood_teak_decking_trim_dark_512_wz_n
image,#skybox_clouds_cumulus1_mask
image,#i_wpn_t8_tac_rifle_swordfish_sig02_shotty_bolt_planes_01_decals_c
image,#i_wpn_t8_tac_rifle_swordfish_sig02_shotty_bolt_planes_01_decals_n
image,#i_wpn_t8_tac_rifle_swordfish_sig02_shotty_bolt_planes_01_decals_r
image,#i_mtl_wpn_t8_camo_geometric_03_alt_g
image,#i_mtl_wpn_t8_camo_geometric_03_alt_s
image,#i_p8_wz_frack_metal_plate_thin_01_r
image,#ui_icon_weapon_sniper_powersemi_tactical_render
image,#i_p8_wz_foliage_primrose_stems_r
image,#i_veh_t8_mil_heli_attack_wing_multi_m
image,#i_veh_t8_mil_boat_tactical_raft_body_curve_02_n
image,#i_veh_t8_mil_boat_tactical_raft_body_curve_02_o
image,#i_veh_t8_mil_boat_tactical_raft_body_curve_02_m
image,#i_attach_wpn_t8_loot_pistol_auto_hical_o
image,#i_attach_wpn_t8_loot_pistol_auto_hical_n
image,#i_attach_wpn_t8_loot_pistol_auto_hical_c
image,#i_attach_wpn_t8_loot_pistol_auto_hical_g
image,#i_attach_wpn_t8_loot_pistol_auto_hical_s
image,#i_veh_t8_glass_scratched_01_g
image,#ui_icon_obit_melee_slaybell
image,#hash_61d063235c8fe310
image,#hash_61d18e6ed1552bb5
image,#hash_61d1916ed15530ce
image,#hash_61d1956ed155379a
image,#i_mtl_p8_zm_esc_water_tower_01_tank_bottom_o
image,#i_mtl_p8_zm_esc_water_tower_01_tank_bottom_n
image,#i_mtl_p8_zm_esc_water_tower_01_tank_bottom_m
image,#i_mtl_p8_zm_esc_dryer_industrial_03_n
image,#i_mtl_p8_zm_esc_dryer_industrial_03_r
image,#i_t7_micro_metal_painted_rough_01_n
image,#i_t7_micro_metal_painted_rough_01_c
image,#i_t7_micro_metal_painted_rough_01_g
image,#i_mtl_attach_t8_loot_ar_double_barrel_grip_g
image,#i_mtl_attach_t8_loot_ar_double_barrel_grip_c
image,#i_mtl_attach_t8_loot_ar_double_barrel_grip_m
image,#i_mtl_attach_t8_loot_ar_double_barrel_grip_o
image,#i_mtl_attach_t8_loot_ar_double_barrel_grip_n
image,#i_mtl_attach_t8_loot_ar_double_barrel_grip_s
image,#i_t7_decal_fillet_corner_90_degrees_n
image,#i_t7_decal_fillet_corner_90_degrees_m
image,#i_t8_zm_decal_wood_scratches_01_n
image,#i_mtl_p8_zm_esc_staff_crystal_fire_e
image,#hash_61ecf961a5a59c43
image,#i_t8_micro_rock_desert_02_n
image,#i_t8_micro_rock_desert_02_r
image,#i_p8_zm_esc_turbine_generator_pipe_decal_a_m
image,#i_t8_plaster_paint_01_g
image,#i_mtl_wpn_t8_loot_smg_vmp_grip_base_r
image,#i_mtl_wpn_t8_loot_smg_vmp_grip_base_s
image,#i_mtl_wpn_t8_loot_smg_vmp_grip_base_c
image,#i_mtl_wpn_t8_loot_smg_vmp_grip_base_g
image,#i_mtl_wpn_t8_loot_smg_vmp_grip_base_n
image,#i_mtl_wpn_t8_loot_smg_vmp_grip_base_o
image,#i_t8_decal_grunge_rust_offset_01_blend_r
image,#ui_icon_weapon_smg_fastfire_operator_render
image,#i_mtl_p8_zm_zod_bathroom_sink_first_class_set_old_c
image,#i_mtl_p8_zm_zod_bathroom_sink_first_class_set_old_n
image,#i_wpn_t8_tac_rifle_swordfish_sig02_scope_rail_n
image,#i_wpn_t8_tac_rifle_swordfish_sig02_scope_rail_o
image,#i_wpn_t8_tac_rifle_swordfish_sig02_scope_rail_c
image,#i_wpn_t8_tac_rifle_swordfish_sig02_scope_rail_g
image,#i_wpn_t8_tac_rifle_swordfish_sig02_scope_rail_s
image,#i_mtl_p7_sin_sleeping_bag_zipper_teeth_o
image,#i_mtl_p7_sin_sleeping_bag_zipper_teeth_n
image,#i_t7_decal_signage_caution_stripes_slanted_g
image,#default_c
image,#i_wpn_t8_tr_midburst_rail_sig_01_s
image,#i_wpn_t8_tr_midburst_rail_sig_01_o
image,#i_wpn_t8_tr_midburst_rail_sig_01_n
image,#i_wpn_t8_tr_midburst_rail_sig_01_c
image,#i_mtl_t8_decal_grunge_wall_lg_02_r
image,#i_wpn_t8_tr_midburst_rail_sig_01_g
image,#i_t8_micro_metal_brushed_swirl_01_n
image,#i_t8_micro_metal_brushed_swirl_01_g
image,#i_attach_t8_ar_stealth_decals_s
image,#i_attach_t8_ar_stealth_decals_n
image,#i_attach_t8_ar_stealth_decals_c
image,#i_attach_t8_ar_stealth_decals_g
image,#i_mtl_wpn_t8_knife_bowie_bloody_metal_o
image,#i_mtl_wpn_t8_knife_bowie_bloody_metal_n
image,#i_mtl_wpn_t8_knife_bowie_bloody_metal_c
image,#i_mtl_wpn_t8_knife_bowie_bloody_metal_g
image,#i_mtl_wpn_t8_knife_bowie_bloody_metal_s
image,#hash_6211160017ce3048
image,#hash_6211170017ce31fb
image,#hash_6211190017ce3561
image,#i_mtl_p7_barrier_block_concrete_rusty_n
image,#i_mtl_p8_col_storage_chem_lab_wood_dirt_decal_c
image,#i_veh_t8_decal_sign_square_half_03_c
image,#hash_621be4317f63ab5a
image,#hash_e220a81caf1152ac
image,#hash_e220a91caf11545f
image,#hash_e220ad1caf115b2b
image,#hash_e220b11caf1161f7
image,#hash_e220bd1caf11765b
image,#i_t7_metal_worn_copper_base_s
image,#i_t7_metal_worn_copper_base_n
image,#i_t7_metal_worn_copper_base_c
image,#i_t7_metal_worn_copper_base_g
image,#i_wpn_t8_smg_fastfire_stock_alt_mk2_n
image,#i_veh_t8_mil_heli_attack_body_rear_o
image,#i_veh_t8_mil_heli_attack_body_rear_n
image,#i_t7_metal_bare_g
image,#i_t7_metal_bare_n
image,#i_veh_t8_decal_arrow_outline_02_c
image,#hash_e22bbaa6c155f200
image,#i_t8_decal_tech_detail_high_tech_89_c
image,#i_t8_micro_metal_grunge_lathed_01_g
image,#hash_623385a8503cb547
image,#i_attach_t8_optic_ironsights_sniper_decals_n
image,#i_attach_t8_optic_ironsights_sniper_decals_c
image,#i_wpn_t8_pistol_standard_slide_sig_02_o
image,#i_wpn_t8_pistol_standard_slide_sig_02_n
image,#i_wpn_t8_pistol_standard_slide_sig_02_g
image,#i_wpn_t8_pistol_standard_slide_sig_02_e
image,#i_wpn_t8_pistol_standard_slide_sig_02_c
image,#i_wpn_t8_pistol_standard_slide_sig_02_s
image,#hash_e23ae4c32d25939c
image,#i_mtl_wpn_t8_loot_lmg_mk48_clip_stick_o
image,#i_mtl_wpn_t8_loot_lmg_mk48_clip_stick_n
image,#i_mtl_wpn_t8_loot_lmg_mk48_clip_stick_g
image,#i_mtl_wpn_t8_loot_lmg_mk48_clip_stick_c
image,#i_mtl_wpn_t8_loot_lmg_mk48_clip_stick_s
image,#hash_624204ca8b7ea6dd
image,#i_mtl_p8_zm_esc_barrel_drum_pallet_n
image,#i_mtl_p8_zm_esc_barrel_drum_pallet_g
image,#i_mtl_p8_zm_esc_barrel_drum_pallet_c
image,#ui_icon_weapon_shotgun_pump_mk2_render
image,#i_mtl_veh_t8_decal_round_slit_g
image,#hash_e24c12b0ce1ee5f7
image,#hash_e24c15b0ce1eeb10
image,#hash_e24c16b0ce1eecc3
image,#hash_e24c18b0ce1ef029
image,#hash_e24c1eb0ce1efa5b
image,#hash_e24c22b0ce1f0127
image,#hash_624cf4d3e0cd538c
image,#i_p8_zm_esc_obsidian_rock_large_03_part1_o
image,#i_p8_zm_esc_obsidian_rock_large_03_part1_n
image,#i_attach_t8_pistol_burst_hammer_s
image,#i_attach_t8_pistol_burst_hammer_n
image,#i_attach_t8_pistol_burst_hammer_o
image,#i_attach_t8_pistol_burst_hammer_c
image,#i_attach_t8_pistol_burst_hammer_g
image,#i_wpn_t8_lmg_hades_weapon_part_2_sig_01_g
image,#i_wpn_t8_lmg_hades_weapon_part_2_sig_01_o
image,#i_wpn_t8_lmg_hades_weapon_part_2_sig_01_n
image,#i_wpn_t8_lmg_hades_weapon_part_2_sig_01_s
image,#i_wpn_t8_lmg_hades_weapon_part_2_sig_01_r
image,#hash_e25e44f9ba354c07
image,#i_t7_glass_dirty_grimes_02_g
image,#i_t7_glass_dirty_grimes_02_c
image,#i_wpn_t8_tr_midburst_decals_sig_03_n
image,#i_wpn_t8_tr_midburst_decals_sig_03_c
image,#i_wpn_t8_tr_midburst_decals_sig_03_g
image,#i_mtl_p8_col_rail_tower_decal_02_c
image,#i_mtl_p7_zm_mob_door_security_window_n
image,#i_mtl_p7_zm_mob_door_security_window_m
image,#i_mtl_p7_rebar_01_n
image,#i_mtl_p7_whiteboard_frame_metal_o
image,#i_mtl_p7_whiteboard_frame_metal_n
image,#i_mtl_p7_whiteboard_frame_metal_g
image,#fxt8_liquid_streak_anim
image,#hash_e275ebdb2b339fb9
image,#hash_e275fbdb2b33bae9
image,#hash_e275ffdb2b33c1b5
image,#hash_e27606db2b33cd9a
image,#hash_e27607db2b33cf4d
image,#i_t8_decal_tech_detail_screw_01_g
image,#i_t8_decal_tech_detail_screw_01_c
image,#i_t8_decal_tech_detail_screw_01_n
image,#i_t8_decal_tech_detail_screw_01_s
image,#hash_e2869f2dff610391
image,#i_wpn_tac_rifle_mid_burst_grip_mk2_n
image,#i_p8_zm_esc_power_house_door_metal_rolling_weld_r
image,#i_p8_zm_esc_power_house_door_metal_rolling_weld_n
image,#i_mtl_p8_lab_tech_rack_metal_painted_03_n
image,#i_mtl_p8_lab_tech_rack_metal_painted_03_m
image,#i_wpn_t8_lmg_hades_barrel_sig_02_g
image,#i_wpn_t8_lmg_hades_barrel_sig_02_s
image,#i_mtl_wpn_t8_zm_blundergat_receiver_s
image,#i_mtl_wpn_t8_zm_blundergat_receiver_o
image,#i_mtl_wpn_t8_zm_blundergat_receiver_n
image,#i_mtl_wpn_t8_zm_blundergat_receiver_g
image,#i_mtl_wpn_t8_zm_blundergat_receiver_c
image,#i_wpn_t8_ar_accurate_sig_02_handguard_n
image,#i_wpn_t8_ar_accurate_sig_02_handguard_c
image,#i_wpn_t8_ar_accurate_sig_02_handguard_e
image,#i_wpn_t8_ar_accurate_sig_02_handguard_g
image,#i_wpn_t8_ar_accurate_sig_02_handguard_s
image,#i_wpn_t8_ar_accurate_pouch_plastic_g
image,#i_wpn_t8_ar_accurate_pouch_plastic_c
image,#i_wpn_t8_ar_accurate_pouch_plastic_n
image,#i_wpn_t8_tr_midburst_propeller_bomb_sig_02_n
image,#i_wpn_t8_tr_midburst_propeller_bomb_sig_02_o
image,#i_wpn_t8_tr_midburst_propeller_bomb_sig_02_c
image,#i_wpn_t8_tr_midburst_propeller_bomb_sig_02_e
image,#i_wpn_t8_tr_midburst_propeller_bomb_sig_02_g
image,#i_wpn_t8_tr_midburst_propeller_bomb_sig_02_s
image,#i_mtl_wpn_tac_rifle_mid_burst_scope_decal_01_n
image,#i_mtl_wpn_tac_rifle_mid_burst_scope_decal_01_c
image,#i_mtl_t8_concrete_painted_stains_01_n
image,#i_mtl_p7_light_fixture_led_ceiling_02_s
image,#i_mtl_p7_light_fixture_led_ceiling_02_o
image,#i_mtl_p7_light_fixture_led_ceiling_02_n
image,#i_mtl_p7_light_fixture_led_ceiling_02_g
image,#i_t7_wood_plywood_trim_dirty_c
image,#i_wpn_t8_loot_melee_gift_axe_r
image,#i_wpn_t8_loot_melee_gift_axe_s
image,#i_wpn_t8_loot_melee_gift_axe_g
image,#i_wpn_t8_loot_melee_gift_axe_c
image,#i_wpn_t8_loot_melee_gift_axe_n
image,#i_wpn_t8_loot_melee_gift_axe_o
image,#i_mtl_p8_wz_supply_stash_chest_decal_tag_01_c
image,#i_p8_zm_esc_concrete_destroyed_base_c
image,#i_p8_zm_esc_concrete_destroyed_base_g
image,#i_p8_zm_esc_concrete_destroyed_base_n
image,#i_p8_zm_esc_concrete_destroyed_base_o
image,#hash_62baee143c20089e
image,#i_mtl_p7_wes_desk_wood_vintage_m
image,#i_mtl_p7_wes_desk_wood_vintage_n
image,#hash_62c2d456a0c093de
image,#i_mtl_wpn_t8_zm_blundergat_frame_s
image,#i_mtl_wpn_t8_zm_blundergat_frame_o
image,#i_mtl_wpn_t8_zm_blundergat_frame_n
image,#i_mtl_wpn_t8_zm_blundergat_frame_g
image,#i_t8_camo_dlc3_assassin_c
image,#i_veh_t7_dlc_con_decal_grunge_ash_r
image,#i_wpn_t8_loot_shotgun_fullauto_bolt_s
image,#i_wpn_t8_loot_shotgun_fullauto_bolt_o
image,#i_wpn_t8_loot_shotgun_fullauto_bolt_n
image,#i_wpn_t8_loot_shotgun_fullauto_bolt_c
image,#i_wpn_t8_loot_shotgun_fullauto_bolt_g
image,#hash_e2d5a093b96c6359
image,#i_mtl_p7_zm_ctl_desk_wood_vintage_gold_n
image,#i_mtl_p7_zm_ctl_desk_wood_vintage_gold_m
image,#i_t8_micro_ripple_03_n
image,#i_mtl_p8_zm_esc_gun_gallery_metal_plate_01_o
image,#i_mtl_p8_zm_esc_gun_gallery_metal_plate_01_n
image,#hash_62e8fbe0d5405af5
image,#i_attach_t8_tac_rifle_mid_burst_uber_wire_m
image,#i_attach_t8_tac_rifle_mid_burst_uber_wire_o
image,#i_attach_t8_tac_rifle_mid_burst_uber_wire_n
image,#i_t8_wpn_smg_accurate_charging_handle_sig_01_g
image,#i_t8_wpn_smg_accurate_charging_handle_sig_01_c
image,#i_t8_wpn_smg_accurate_charging_handle_sig_01_n
image,#i_t8_wpn_smg_accurate_charging_handle_sig_01_o
image,#i_t8_wpn_smg_accurate_charging_handle_sig_01_m
image,#i_t8_wpn_smg_accurate_charging_handle_sig_01_s
image,#i_p8_usa_submarine_interior_consoles_panels_medium_n
image,#i_p8_usa_submarine_interior_consoles_panels_medium_m
image,#i_wpn_t8_sniper_powersemi_blood_drops_sig_02_c
image,#fxt8_water_bubble_group_mask
image,#hash_e2fa791f874e7ee2
image,#i_wpn_t8_loot_sniper_locus_bullet_s
image,#i_wpn_t8_loot_sniper_locus_bullet_g
image,#i_wpn_t8_loot_sniper_locus_bullet_n
image,#hash_e3011c76fce712aa
image,#hash_e3025401e5009a0d
image,#i_mtl_p7_mirror_wood_ornate_02_m
image,#i_mtl_p7_mirror_wood_ornate_02_n
image,#i_mtl_p8_box_electric_commercial_metal_sml_dmg_01_m
image,#i_mtl_p8_fire_extinguisher_01_dmg_metal_02_c
image,#hash_e30d6daa7d807100
image,#ui_icon_weapon_lmg_stealth_render
image,#hash_e3163a3fbc1e0139
image,#hash_e3164e3fbc1e2335
image,#i_t8_wz_window_glass_shards_n
image,#i_t8_wz_window_glass_shards_g
image,#i_t8_wz_window_glass_shards_c
image,#hash_e324de15fadccfbd
image,#hash_632dbfe60aef90a6
image,#hash_632dcce60aefa6bd
image,#i_mtl_wpn_t8_lmg_heavy_frontsight_sig_02_s
image,#i_mtl_wpn_t8_lmg_heavy_frontsight_sig_02_o
image,#i_mtl_wpn_t8_lmg_heavy_frontsight_sig_02_n
image,#i_mtl_wpn_t8_lmg_heavy_frontsight_sig_02_g
image,#i_mtl_wpn_t8_lmg_heavy_frontsight_sig_02_c
image,#i_mtl_p7_light_emergency_a_c
image,#i_mtl_p7_light_emergency_a_g
image,#i_mtl_p7_light_emergency_a_n
image,#i_mtl_p7_light_emergency_a_o
image,#i_mtl_p7_light_emergency_a_s
image,#i_mtl_p7_zm_isl_plank_metal_set_decal_c
image,#i_attach_t7_shotty_prec_silencer_02_s
image,#i_attach_t7_shotty_prec_silencer_02_g
image,#i_attach_t7_shotty_prec_silencer_02_c
image,#i_attach_t7_shotty_prec_silencer_02_o
image,#i_attach_t7_shotty_prec_silencer_02_n
image,#i_mtl_wpn_t8_zm_blundergat_stock_wooden_g
image,#i_mtl_wpn_t8_zm_blundergat_stock_wooden_c
image,#i_mtl_wpn_t8_zm_blundergat_stock_wooden_o
image,#i_mtl_wpn_t8_zm_blundergat_stock_wooden_n
image,#i_t8_glass_wall_solar_plates_512_n
image,#i_veh_t8_mil_boat_tactical_raft_body_decal_dead_m
image,#i_mtl_p7_fir_catwalk_metal_set_floor_g
image,#i_mtl_p7_spool_wire_metal_cable_01_c
image,#i_mtl_p7_spool_wire_metal_cable_01_n
image,#fxt8_muzzleflash_side
image,#i_mtl_p7_zm_ctl_tool_fireplace_set_metal_01_m
image,#i_mtl_t8_wpn_lmg_heavy_frontgrip_mk2_m
image,#i_mtl_t8_wpn_lmg_heavy_frontgrip_mk2_n
image,#hash_e3710b772daf7100
image,#hash_e37128772dafa247
image,#i_mtl_p7_fir_shelf_set_wood_n
image,#i_mtl_p7_fir_shelf_set_wood_m
image,#hash_e3743d798d138d5d
image,#hash_e37440798d139276
image,#hash_e37441798d139429
image,#hash_e37449798d13a1c1
image,#hash_e3744d798d13a88d
image,#i_t8_micro_cloth_cotton_01_c
image,#i_t8_micro_cloth_cotton_01_n
image,#i_mtl_p7_zm_ori_coat_hanging_01_n
image,#i_mtl_p7_zm_ori_coat_hanging_01_m
image,#fxt8_lf_artifact_15a
image,#i_mtl_p7_zm_ctl_book_vintage_cover_01_burn_n
image,#i_mtl_p7_zm_ctl_book_vintage_cover_01_burn_c
image,#i_mtl_p7_zm_ctl_book_vintage_cover_01_burn_g
image,#hash_e38939ad170b030b
image,#hash_e38949ad170b1e3b
image,#hash_e3894dad170b2507
image,#hash_e38df0ab3a518490
image,#hash_638ec8c38cdf5dba
image,#hash_638ec9c38cdf5f6d
image,#i_wpn_t8_loot_melee_gift_axe_ribbon_s
image,#i_wpn_t8_loot_melee_gift_axe_ribbon_o
image,#i_wpn_t8_loot_melee_gift_axe_ribbon_n
image,#i_wpn_t8_loot_melee_gift_axe_ribbon_g
image,#i_wpn_t8_loot_melee_gift_axe_ribbon_c
image,#i_mtl_p7_shr_weapon_shield_01_dmg_m
image,#i_mtl_p7_shr_weapon_shield_01_dmg_n
image,#i_mtl_p7_shr_weapon_shield_01_dmg_c
image,#i_attach_t8_optic_thermal_scope_lens_c
image,#i_attach_t8_optic_thermal_scope_lens_n
image,#i_mtl_wpn_t8_loot_lmg_mk48_barrel_mk2_m
image,#i_mtl_wpn_t8_loot_lmg_mk48_barrel_mk2_n
image,#i_t7_decal_grunge_scrap_metal_c
image,#i_t7_water_mp_hunted_flow_c
image,#reticle_semtex
image,#i_mtl_p8_zm_esc_box_cardboard_d_closed_damaged_n
image,#i_t8_decal_tech_detail_bolt_10_o
image,#i_t8_decal_tech_detail_bolt_10_n
image,#hash_63b7c11f53710193
image,#i_t8_decal_tech_detail_bolt_10_g
image,#i_t8_decal_tech_detail_bolt_10_c
image,#i_t7_soc_metal_orange_chipped_c
image,#i_t7_dlc1_plastic_hose_small_n
image,#i_t7_dlc1_plastic_hose_small_c
image,#i_t8_wpn_smg_accurate_bolts_sig_01_c
image,#i_t8_wpn_smg_accurate_bolts_sig_01_g
image,#i_t8_wpn_smg_accurate_bolts_sig_01_n
image,#i_t8_wpn_smg_accurate_bolts_sig_01_o
image,#i_t8_wpn_smg_accurate_bolts_sig_01_s
image,#hash_63c2eb932f27fbf5
image,#i_veh_t8_mil_heli_light_belt_o
image,#i_veh_t8_mil_heli_light_belt_n
image,#i_veh_t8_mil_heli_light_belt_m
image,#ui_icon_weapon_hud_ar_damage
image,#i_t8_wpn_pistol_auto_rapid_fire_n
image,#i_t8_wpn_pistol_auto_rapid_fire_o
image,#i_t8_wpn_pistol_auto_rapid_fire_g
image,#i_t8_wpn_pistol_auto_rapid_fire_c
image,#i_t8_wpn_pistol_auto_rapid_fire_s
image,#i_wpn_t8_sig_annihilator_ammo_s
image,#i_wpn_t8_sig_annihilator_ammo_g
image,#i_wpn_t8_sig_annihilator_ammo_c
image,#i_wpn_t8_sig_annihilator_ammo_o
image,#i_wpn_t8_sig_annihilator_ammo_n
image,#hash_e3d864e0bbf7f8ec
image,#hash_e3da1e11305c42d3
image,#hash_e3dae01e5b07cac3
image,#hash_e3dae4d00b07f004
image,#i_mtl_p7_sin_signage_help_wanted_01_eng_c
image,#hash_e3df4e5d7d86c219
image,#i_mtl_p8_lab_tech_rack_decal_01_c
image,#i_mtl_p8_lab_tech_rack_decal_01_n
image,#hash_63ec2f84675186e5
image,#fxt8_water_splash
image,#i_wpn_t8_decals_global_screws_hex_01_n
image,#i_mtl_p7_zm_mob_cell_sink_set_m
image,#i_mtl_p7_zm_mob_cell_sink_set_n
image,#i_mtl_p8_wmd_generator_metal_02_g
image,#i_mtl_p8_wmd_generator_metal_02_c
image,#ui_icon_equipment_eq_cluster_semtex_grenade
image,#ui_icon_scorestreaks_drone_recon_light
image,#i_t7_cry_metal_floor_tech_trim_s
image,#i_t7_cry_metal_floor_tech_trim_g
image,#i_t7_cry_metal_floor_tech_trim_c
image,#i_t7_cry_metal_floor_tech_trim_o
image,#i_t7_cry_metal_floor_tech_trim_n
image,#i_wpn_t8_zm_akud_bulb_g
image,#i_wpn_t8_zm_akud_bulb_n
image,#hash_e40a13fb5d863551
image,#hash_e40a1efb5d864802
image,#hash_e40a23fb5d865081
image,#hash_e40a27fb5d86574d
image,#i_t7_micro_wood_varied_damaged_teak_c
image,#i_t8_decal_tech_detail_low_tech_09_g
image,#i_t8_decal_tech_detail_low_tech_09_c
image,#i_t8_decal_tech_detail_low_tech_09_o
image,#i_t8_decal_tech_detail_low_tech_09_n
image,#ui_icon_weapon_shotgun_prec_render
image,#i_wpn_t8_tr_midburst_front_sig_01_g
image,#i_wpn_t8_tr_midburst_front_sig_01_c
image,#i_wpn_t8_tr_midburst_front_sig_01_n
image,#i_wpn_t8_tr_midburst_front_sig_01_o
image,#i_wpn_t8_tr_midburst_front_sig_01_s
image,#ui_icon_weapons_zm_trlongburst
image,#i_mtl_p8_col_storage_chem_lab_metal_decal_s
image,#i_mtl_p8_col_storage_chem_lab_metal_decal_n
image,#i_mtl_p8_col_storage_chem_lab_metal_decal_c
image,#ui_icon_obit_ar_doublebarrel
image,#i_mtl_p8_panel_debris_metal_set_decal_rust_c
image,#i_p8_zm_esc_rug_01_c
image,#i_generic_filter_teleport_sparkles
image,#i_mtl_p8_col_storage_chem_lab_wood_decal_c
image,#i_mtl_p8_col_storage_chem_lab_wood_decal_m
image,#i_mtl_p8_col_storage_chem_lab_wood_decal_n
image,#i_mtl_wpn_t8_sniper_vanguard_sig_01_body_n
image,#i_mtl_wpn_t8_sniper_vanguard_sig_01_body_o
image,#i_mtl_wpn_t8_sniper_vanguard_sig_01_body_c
image,#i_mtl_wpn_t8_sniper_vanguard_sig_01_body_g
image,#i_mtl_wpn_t8_sniper_vanguard_sig_01_body_s
image,#i_mtl_p7_mov_zm_isl_boat_main_09_c
image,#i_wpn_t8_lmg_titan_sig_01_base_c
image,#i_wpn_t8_lmg_titan_sig_01_base_g
image,#i_wpn_t8_lmg_titan_sig_01_base_n
image,#i_wpn_t8_lmg_titan_sig_01_base_o
image,#i_wpn_t8_lmg_titan_sig_01_base_s
image,#i_veh_t8_decal_sign_moving_parts_02_c
image,#i_wpn_t8_lmg_titan_sig_02_iron_sights_s
image,#i_wpn_t8_lmg_titan_sig_02_iron_sights_g
image,#i_wpn_t8_lmg_titan_sig_02_iron_sights_e
image,#i_wpn_t8_lmg_titan_sig_02_iron_sights_c
image,#i_wpn_t8_lmg_titan_sig_02_iron_sights_o
image,#i_wpn_t8_lmg_titan_sig_02_iron_sights_n
image,#i_t7_plastic_polyethylene_worn_grey_dk_c
image,#i_wpn_t8_shotgun_pump_sig_01_muzzle_s
image,#i_wpn_t8_shotgun_pump_sig_01_muzzle_g
image,#i_wpn_t8_shotgun_pump_sig_01_muzzle_c
image,#hash_e44acfaf883775f3
image,#hash_e44adfaf88379123
image,#hash_e44ae3af883797ef
image,#hash_e44aeaaf8837a3d4
image,#hash_e44aebaf8837a587
image,#i_mtl_p7_cai_foliage_flower_penstemon_leaves_n
image,#i_mtl_p7_cai_foliage_flower_penstemon_leaves_c
image,#i_mtl_p7_cai_foliage_flower_penstemon_leaves_t
image,#hash_e45273beeb7659d1
image,#hash_e45283beeb767501
image,#i_mtl_p7_sink_ceramic_old_01_pipes_n
image,#i_mtl_p7_sink_ceramic_old_01_pipes_o
image,#i_mtl_p7_sink_ceramic_old_01_pipes_m
image,#i_wpn_t8_ar_fastfire_barrel_r
image,#i_wpn_t8_ar_fastfire_barrel_s
image,#i_wpn_t8_ar_fastfire_barrel_n
image,#i_wpn_t8_ar_fastfire_barrel_o
image,#i_wpn_t8_ar_fastfire_barrel_g
image,#i_wpn_t8_ar_fastfire_barrel_c
image,#hash_64605a8ddc89daa6
image,#hash_64605b8ddc89dc59
image,#i_mtl_t8_camo_dlc3_fishy_02_c
image,#i_wpn_t8_shotgun_pump_handguard_base_r
image,#i_wpn_t8_shotgun_pump_handguard_base_c
image,#i_wpn_t8_shotgun_pump_handguard_base_o
image,#i_wpn_t8_shotgun_pump_handguard_base_n
image,#core_mud_dark_n
image,#core_mud_dark_c
image,#ui_icon_weapon_camo_active_sig_lmg_spray_render
image,#hash_e4799a3b6789cffc
image,#i_mtl_p8_zm_esc_crate_wood_lrg_cloth01_m
image,#i_mtl_p7_foliage_plant_meskel_flower_dead_c
image,#i_mtl_p7_foliage_plant_meskel_flower_dead_n
image,#i_t8_metal_bare_tarnished_g
image,#i_t8_metal_bare_tarnished_c
image,#i_mtl_p7_mou_electric_switch_metal_04_m
image,#i_mtl_p7_mou_electric_switch_metal_04_n
image,#i_wpn_t8_smg_accurate_stock_armor_sig_03_s
image,#i_wpn_t8_smg_accurate_stock_armor_sig_03_n
image,#i_wpn_t8_smg_accurate_stock_armor_sig_03_o
image,#i_wpn_t8_smg_accurate_stock_armor_sig_03_g
image,#hash_e48fddd0effa1c0a
image,#hash_e48fded0effa1dbd
image,#i_veh_t8_decal_stain_01_c
image,#hash_e492d731da11b0af
image,#hash_e493279bea9d2c7a
image,#hash_64960daed2b5ee05
image,#i_t8_decal_tech_detail_low_tech_14_c
image,#i_t8_decal_tech_detail_low_tech_14_o
image,#i_t8_decal_tech_detail_low_tech_14_n
image,#i_veh_t8_glass_dirty_grimes_extreme_g
image,#i_t8_micro_grout_noise_n
image,#i_mtl_p7_box_wood_wood_n
image,#i_veh_t8_decal_gauge_19_n
image,#i_veh_t8_decal_gauge_19_g
image,#i_veh_t8_decal_gauge_19_c
image,#i_veh_t8_decal_gauge_19_s
image,#hash_e4b274a9aaf6d4c6
image,#i_t7_dirt_chunky_01_c
image,#i_mtl_p8_chi_generator_worn_m
image,#i_wpn_t8_lmg_titan_sig_01_barrel_o
image,#i_wpn_t8_lmg_titan_sig_01_barrel_n
image,#i_wpn_t8_lmg_titan_sig_01_barrel_g
image,#i_wpn_t8_lmg_titan_sig_01_barrel_c
image,#i_wpn_t8_lmg_titan_sig_01_barrel_s
image,#i_veh_t8_base_paint_21_dead_c
image,#i_t8_micro_rock_granite_02_c
image,#i_t8_micro_rock_granite_02_g
image,#i_t8_micro_rock_granite_02_n
image,#hash_e4c2cd322a4154b2
image,#i_t7_micro_metal_rust_c
image,#i_t7_micro_metal_rust_n
image,#hash_64c66bcfe2a2cab8
image,#hash_64c66ecfe2a2cfd1
image,#hash_e4c733741ac0a1d9
image,#hash_e4c73a741ac0adbe
image,#hash_e4c73e741ac0b48a
image,#i_mtl_wpn_t8_camo_bomber_01_c
image,#i_veh_t8_decal_text_pull_handle_c
image,#ui_icon_weapon_hud_pistol_fullauto
image,#i_t7_fir_metal_scratch_n
image,#i_t8_wpn_lmg_heavy_muzzle_sig_01_c
image,#i_t8_wpn_lmg_heavy_muzzle_sig_01_g
image,#i_t8_wpn_lmg_heavy_muzzle_sig_01_o
image,#i_t8_wpn_lmg_heavy_muzzle_sig_01_n
image,#i_t8_wpn_lmg_heavy_muzzle_sig_01_s
image,#fxt_debris_clumps
image,#i_wpn_t8_shotgun_semi_barrel_sig_01_s
image,#i_wpn_t8_shotgun_semi_barrel_sig_01_g
image,#i_wpn_t8_shotgun_semi_barrel_sig_01_o
image,#i_wpn_t8_shotgun_semi_barrel_sig_01_n
image,#i_wpn_t8_tac_rifle_swordfish_sig02_forend_g
image,#i_wpn_t8_tac_rifle_swordfish_sig02_forend_c
image,#i_wpn_t8_tac_rifle_swordfish_sig02_forend_o
image,#i_wpn_t8_tac_rifle_swordfish_sig02_forend_n
image,#i_wpn_t8_tac_rifle_swordfish_sig02_forend_s
image,#i_t8_decal_trim_relief_jacobean_01_o
image,#i_t8_decal_trim_relief_jacobean_01_n
image,#$camo_base_mask
image,#i_attach_t8_sniper_koshka_dbal_01_s
image,#i_attach_t8_sniper_koshka_dbal_01_g
image,#i_attach_t8_sniper_koshka_dbal_01_c
image,#i_attach_t8_sniper_koshka_dbal_01_n
image,#i_attach_t8_sniper_koshka_dbal_01_o
image,#i_mtl_p7_wes_container_vintage_cup_glass_01_c
image,#i_mtl_p7_wes_container_vintage_cup_glass_01_n
image,#i_p7_jun_foliage_bush_branches_02_r
image,#i_veh_t8_slu_cup_trash_set_02_g
image,#i_veh_t8_mil_heli_light_bench_ir
image,#hash_65061989b3f4a152
image,#i_mtl_p8_kit_zod_hal_02_railing_01_m
image,#i_mtl_p8_kit_zod_hal_02_railing_01_n
image,#i_t8_brick_old_red_01_c
image,#i_t8_brick_old_red_01_g
image,#i_t8_brick_old_red_01_n
image,#i_t8_brick_old_red_01_o
image,#fxt8_water_bubble_md_alpha
image,#hash_e51a0c08929c60d8
image,#i_mtl_wpn_t8_loot_ar_standard_bolt_sig_02_n
image,#i_mtl_wpn_t8_loot_ar_standard_bolt_sig_02_o
image,#i_mtl_wpn_t8_loot_ar_standard_bolt_sig_02_g
image,#i_mtl_wpn_t8_loot_ar_standard_bolt_sig_02_c
image,#i_mtl_wpn_t8_loot_ar_standard_bolt_sig_02_s
image,#hash_e52799bca204bdcf
image,#i_attach_t8_tac_rifle_mid_burst_ext_mag_r
image,#i_attach_t8_tac_rifle_mid_burst_ext_mag_s
image,#i_attach_t8_tac_rifle_mid_burst_ext_mag_g
image,#i_attach_t8_tac_rifle_mid_burst_ext_mag_c
image,#i_attach_t8_tac_rifle_mid_burst_ext_mag_n
image,#i_attach_t8_tac_rifle_mid_burst_ext_mag_o
image,#i_wpn_t8_eqp_sensor_dart_gun_decals_c
image,#i_wpn_t8_eqp_sensor_dart_gun_decals_n
image,#i_wpn_t8_pistol_standard_hammer_base_s
image,#i_wpn_t8_pistol_standard_hammer_base_o
image,#i_wpn_t8_pistol_standard_hammer_base_n
image,#i_wpn_t8_pistol_standard_hammer_base_g
image,#i_wpn_t8_pistol_standard_hammer_base_c
image,#loot06_ui_icon_blackmarket_reserves_sniper_damagesemi
image,#i_mtl_wpn_t8_loot_lmg_mk48_frontsight_mk2_n
image,#ui_icon_weapon_lmg_spray_tactical_render
image,#loot05_ui_icon_blackmarket_reserves_shotgun_precision
image,#i_t8_cloth_rope_01_n
image,#i_t8_cloth_rope_01_c
image,#i_t8_cloth_rope_01_g
image,#hash_e54ee98f39a7365e
image,#hash_e5539a2c40e654eb
image,#i_c_t8_zmb_gib_gore_blood_n
image,#i_c_t8_zmb_gib_gore_blood_c
image,#i_t7_wood_beam_worn_oak_splintered_02_m
image,#i_veh_t8_mil_boat_tactical_raft_hull_dead_m
image,#i_attach_t8_loot_shotgun_fullauto_drummag_parts_s
image,#i_attach_t8_loot_shotgun_fullauto_drummag_parts_n
image,#i_attach_t8_loot_shotgun_fullauto_drummag_parts_o
image,#i_attach_t8_loot_shotgun_fullauto_drummag_parts_c
image,#i_attach_t8_loot_shotgun_fullauto_drummag_parts_g
image,#i_mtl_p8_col_ship_interior_fire_control_console_o
image,#i_mtl_p8_col_ship_interior_fire_control_console_m
image,#i_wpn_t8_loot_ar_double_tap_sight_o
image,#i_wpn_t8_loot_ar_double_tap_sight_n
image,#i_wpn_t8_loot_ar_double_tap_sight_g
image,#i_wpn_t8_loot_ar_double_tap_sight_c
image,#i_wpn_t8_loot_ar_double_tap_sight_s
image,#i_wpn_t8_loot_ar_double_tap_sight_r
image,#i_t7_cru_concrete_wall_slab_dark_01_g
image,#i_t7_cru_concrete_wall_slab_dark_01_o
image,#i_wpn_t8_zm_raygun_mk2_1_n
image,#i_wpn_t8_zm_raygun_mk2_1_o
image,#i_wpn_t8_zm_raygun_mk2_1_c
image,#i_wpn_t8_zm_raygun_mk2_1_g
image,#i_wpn_t8_zm_raygun_mk2_1_s
image,#hash_6571b0a1c628b554
image,#i_t8_grass_wild_01_zm_esc_r
image,#i_t8_zm_off_dec_blood_pool_xlrg_c
image,#i_t7_wood_clean_painted_offwhite_c
image,#i_t7_wood_clean_painted_offwhite_g
image,#i_t7_wood_clean_painted_offwhite_n
image,#hash_657899ea45f765ec
image,#hash_e578fc9a6f1d78b1
image,#hash_e57c01371a7bdbb2
image,#hash_e57c16371a7bff61
image,#i_t7_wood_plywood_painted_white_r
image,#i_t7_wood_plywood_painted_white_c
image,#i_wpn_t8_sniper_power_semi_body_decals_c
image,#i_wpn_t8_sniper_power_semi_body_decals_n
image,#i_t8_micro_wood_maple_01_n
image,#i_t8_micro_wood_maple_01_g
image,#i_t8_micro_wood_maple_01_c
image,#i_p8_wz_foliage_bush_erigonum_flower_02_r
image,#i_wpn_t8_loot_shotgun_fullauto_sights_s
image,#i_wpn_t8_loot_shotgun_fullauto_sights_n
image,#i_wpn_t8_loot_shotgun_fullauto_sights_o
image,#i_wpn_t8_loot_shotgun_fullauto_sights_c
image,#i_wpn_t8_loot_shotgun_fullauto_sights_g
image,#i_mtl_p7_zm_mob_sign_location_frame_g
image,#i_mtl_p8_zm_zod_bathroom_sink_first_class_set_hole_n
image,#i_mtl_p8_zm_zod_bathroom_sink_first_class_set_hole_c
image,#i_mtl_p8_zm_esc_cell_support_step_n
image,#i_wpn_t8_ar_accurate_sight_reticle_c
image,#i_wpn_t8_sig_flamethrower_upper_tape_o
image,#i_wpn_t8_sig_flamethrower_upper_tape_n
image,#i_wpn_t8_sig_flamethrower_upper_tape_m
image,#hash_e59814f66b5b864c
image,#hash_e59816f66b5b89b2
image,#hash_e59817f66b5b8b65
image,#i_mtl_p8_wz_door_01_wood_frame_painted_r
image,#i_mtl_p8_wz_door_01_wood_frame_painted_n
image,#i_veh_t8_decal_scratches_02_n
image,#i_veh_t8_decal_scratches_02_m
image,#i_p7_vld_wood_roof_base_n
image,#i_p7_vld_wood_roof_base_c
image,#i_mtl_attach_t8_ar_heavy_hical_02_r
image,#i_mtl_p8_wz_supply_stash_health_logo_n
image,#i_t8_wpn_shotgun_semi_magwell_r
image,#i_t8_wpn_shotgun_semi_magwell_s
image,#i_t8_wpn_shotgun_semi_magwell_c
image,#i_t8_wpn_shotgun_semi_magwell_g
image,#i_t8_wpn_shotgun_semi_magwell_n
image,#i_t8_wpn_shotgun_semi_magwell_o
image,#hash_e5aff925c1184d79
image,#hash_e5affd25c1185445
image,#hash_e5b00325c1185e77
image,#hash_e5b00425c118602a
image,#hash_e5b00525c11861dd
image,#hash_e5b00925c11868a9
image,#i_mtl_p8_foliage_weeds_bunch_02_n
image,#i_mtl_p8_foliage_weeds_bunch_02_c
image,#i_mtl_p7_ram_tower_lion_ram_03_n
image,#i_mtl_p8_zm_zod_gooseneck_dent_n
image,#i_mtl_p7_cash_register_vintage_glass_g
image,#i_mtl_p7_cash_register_vintage_glass_c
image,#i_t7_glass_dirty_streaks_cracked_c
image,#fxt8_fire_md_lick_deplete_anim_alpha
image,#hash_65cbb5895d748239
image,#i_c_gen_detail_cloth_polyester_weave_n
image,#fxt_smk_billow_sm_anim
image,#hash_e5d708a41d1d01b9
image,#hash_e5d70ca41d1d0885
image,#hash_e5d713a41d1d146a
image,#hash_e5d714a41d1d161d
image,#hash_e5d718a41d1d1ce9
image,#hash_65db970efe2198f4
image,#i_p8_zm_esc_cell_bridge_broadway_large_grating_m
image,#i_p8_zm_esc_cell_bridge_broadway_large_grating_n
image,#i_c_t8_zmb_mob_brutus_grenade_igc_n
image,#i_c_t8_zmb_mob_brutus_grenade_igc_o
image,#i_c_t8_zmb_mob_brutus_grenade_igc_g
image,#i_c_t8_zmb_mob_brutus_grenade_igc_c
image,#i_c_t8_zmb_mob_brutus_grenade_igc_s
image,#i_mtl_wpn_t8_ar_stealth_sig_02_skull_g
image,#i_mtl_wpn_t8_ar_stealth_sig_02_skull_c
image,#i_mtl_wpn_t8_ar_stealth_sig_02_skull_o
image,#i_mtl_wpn_t8_ar_stealth_sig_02_skull_n
image,#i_mtl_wpn_t8_ar_stealth_sig_02_skull_s
image,#i_attach_t8_smg_capacity_ext_mag_01_g
image,#i_attach_t8_smg_capacity_ext_mag_01_o
image,#i_attach_t8_smg_capacity_ext_mag_01_n
image,#i_t7_plastic_tarp_blue_n
image,#afr_floor_burnt_02_dec_nml
image,#hash_e5eed19535eb5a7f
image,#hash_e5eee49535eb7ac8
image,#i_mtl_p8_zm_zod_bed_bunk_third_class_berths_vent_01_m
image,#i_mtl_p8_zm_zod_bed_bunk_third_class_berths_vent_01_n
image,#i_mtl_p8_hangar_scaffolding_platform_01_m
image,#hash_e5f48e8f3a925b73
image,#hash_e5f4998f3a926e24
image,#hash_e5f49e8f3a9276a3
image,#i_t8_micro_styrofoam_ridged_01_n
image,#i_t8_micro_styrofoam_ridged_01_c
image,#i_p7_ris_hose_coupling_metal_s
image,#i_p7_ris_hose_coupling_metal_n
image,#i_p7_ris_hose_coupling_metal_g
image,#hash_e5fd4d7c8287fa03
image,#ui_icon_weapon_shotgun_semiauto_render
image,#hash_65ff5af14c3255fd
image,#ui_icon_weapon_ar_modular_mk2_render
image,#i_mtl_p8_zm_esc_cell_bed_cloth_01_n
image,#i_mtl_p8_zm_esc_cell_bed_cloth_01_m
image,#ui_icon_equipment_eq_grapple
image,#hash_e60dfa2fb3406014
image,#i_mtl_p8_printer_machine_metal_painted_01_m
image,#i_mtl_p7_shelf_metal_warehouse_hole_c
image,#i_mtl_p7_shelf_metal_warehouse_hole_n
image,#i_c_t8_mp_spe_nomad_body1_polyester1_n
image,#hash_661687aecd3b2b12
image,#i_mtl_attach_t8_loot_lmg_mk48_fastmag_01_s
image,#i_mtl_attach_t8_loot_lmg_mk48_fastmag_01_o
image,#i_mtl_attach_t8_loot_lmg_mk48_fastmag_01_n
image,#i_mtl_attach_t8_loot_lmg_mk48_fastmag_01_c
image,#i_mtl_attach_t8_loot_lmg_mk48_fastmag_01_g
image,#i_veh_t8_decal_gauge_21_c
image,#i_t7_water_sgen_pipe_swell_t
image,#i_veh_t8_mil_heli_attack_rotor_blade_n
image,#i_t8_metal_bare_steel_worn_01_n
image,#i_t8_metal_bare_steel_worn_01_g
image,#i_t8_metal_bare_steel_worn_01_s
image,#i_t7_zm_ori_concrete_trim_damaged_n
image,#i_wpn_t8_lmg_heavy_frame_g
image,#i_wpn_t8_lmg_heavy_frame_c
image,#i_wpn_t8_lmg_heavy_frame_o
image,#i_wpn_t8_lmg_heavy_frame_n
image,#i_wpn_t8_lmg_heavy_frame_s
image,#hash_6634c3da5e239979
image,#hash_6634ceda5e23ac2a
image,#fxt8_decal_mltv_liquid
image,#i_mtl_p8_foliage_grass_long_skinny_branch_01_c
image,#i_mtl_p8_foliage_grass_long_skinny_branch_01_n
image,#hash_e63e7000df2ed5e6
image,#hash_e63e7100df2ed799
image,#hash_e63e7800df2ee37e
image,#hash_e63e7c00df2eea4a
image,#hash_e63e8c00df2f057a
image,#i_mtl_attach_t8_loot_ar_double_barrel_ext_mag_01_s
image,#i_mtl_attach_t8_loot_ar_double_barrel_ext_mag_01_g
image,#i_mtl_attach_t8_loot_ar_double_barrel_ext_mag_01_c
image,#i_mtl_attach_t8_loot_ar_double_barrel_ext_mag_01_m
image,#i_mtl_attach_t8_loot_ar_double_barrel_ext_mag_01_n
image,#i_mtl_attach_t8_loot_ar_double_barrel_ext_mag_01_o
image,#i_mtl_t8_loot_wpn_smg_folding_decals_02_c
image,#i_mtl_t8_loot_wpn_smg_folding_decals_02_n
image,#i_mtl_p8_lab_tech_rack_metal_01_n
image,#i_mtl_p8_lab_tech_rack_metal_01_m
image,#hash_e64cf015d14cec89
image,#i_t7_micro_metal_bare_scuffed_01_1024_g
image,#i_t7_micro_metal_bare_scuffed_01_1024_n
image,#i_t7_wood_plywood_splintered_n
image,#i_wpn_t8_ar_accurate_sig_01_mag_c
image,#i_wpn_t8_ar_accurate_sig_01_mag_g
image,#i_wpn_t8_ar_accurate_sig_01_mag_o
image,#i_wpn_t8_ar_accurate_sig_01_mag_n
image,#i_wpn_t8_ar_accurate_sig_01_mag_s
image,#i_wpn_t8_ar_accurate_sig_01_mag_r
image,#loot_02_ui_icon_blackmarket_stream_ar_standard
image,#$spec_simple
image,#i_mtl_wpn_t8_sniper_vanguard_sig_01_scope_front_v2_s
image,#i_mtl_wpn_t8_sniper_vanguard_sig_01_scope_front_v2_g
image,#i_mtl_wpn_t8_sniper_vanguard_sig_01_scope_front_v2_c
image,#i_mtl_wpn_t8_sniper_vanguard_sig_01_scope_front_v2_o
image,#i_mtl_wpn_t8_sniper_vanguard_sig_01_scope_front_v2_n
image,#i_t7_decal_damage_burn_impact_01_n
image,#i_t7_decal_damage_burn_impact_01_c
image,#i_mtl_p7_zur_barracks_grate_m
image,#i_mtl_p7_zur_barracks_grate_n
image,#hash_666249930de79b48
image,#hash_66624c930de7a061
image,#i_mtl_attach_t8_loot_smg_minigun_ext_mag_02_s
image,#i_mtl_attach_t8_loot_smg_minigun_ext_mag_02_n
image,#i_mtl_attach_t8_loot_smg_minigun_ext_mag_02_o
image,#i_mtl_attach_t8_loot_smg_minigun_ext_mag_02_m
image,#i_mtl_attach_t8_loot_smg_minigun_ext_mag_02_c
image,#i_mtl_attach_t8_loot_smg_minigun_ext_mag_02_g
image,#ui_icon_obit_wraith_fire
image,#i_mtl_p8_wep_cargo_container_military_decal_scratch_s
image,#i_mtl_p8_wep_cargo_container_military_decal_scratch_c
image,#i_mtl_p8_wep_cargo_container_military_decal_scratch_g
image,#i_mtl_p8_wep_cargo_container_military_decal_scratch_n
image,#hash_e679001ca6aad284
image,#hash_e679041ca6aad950
image,#hash_e679051ca6aadb03
image,#hash_e6790c1ca6aae6e8
image,#hash_e679101ca6aaedb4
image,#i_attach_t8_pistol_burst_laser_02_n
image,#i_attach_t8_pistol_burst_laser_02_o
image,#i_attach_t8_pistol_burst_laser_02_g
image,#i_attach_t8_pistol_burst_laser_02_c
image,#i_attach_t8_pistol_burst_laser_02_s
image,#i_wpn_t8_lmg_hades_snake_head_s
image,#i_wpn_t8_lmg_hades_snake_head_c
image,#i_wpn_t8_lmg_hades_snake_head_g
image,#i_wpn_t8_lmg_hades_snake_head_o
image,#i_wpn_t8_lmg_hades_snake_head_n
image,#i_attach_t8_pistol_revolver_uber_g
image,#i_attach_t8_pistol_revolver_uber_c
image,#i_attach_t8_pistol_revolver_uber_o
image,#i_attach_t8_pistol_revolver_uber_n
image,#i_attach_t8_pistol_revolver_uber_m
image,#i_attach_t8_pistol_revolver_uber_s
image,#i_attach_t8_pistol_revolver_uber_r
image,#ui_icon_weapon_camo_active_sig_shotgun_pump_police
image,#ui_icon_weapon_hud_sniper_locus_wz
image,#i_mtl_p8_zm_esc_power_house_windows_05_m
image,#i_mtl_p8_zm_esc_power_house_windows_05_o
image,#i_mtl_p8_zm_esc_power_house_windows_05_n
image,#i_mtl_p7_zm_asc_fire_bell_metal01_n
image,#i_mtl_p7_zm_asc_fire_bell_metal01_m
image,#fxt_sparks_rndhit_core
image,#i_wpn_t8_sniper_vanguard_bolt_v2_r
image,#i_wpn_t8_sniper_vanguard_bolt_v2_t
image,#i_mtl_wpn_t8_sniper_vanguard_handle_v2_mk2_multi_m
image,#hash_e6ad0c97da775c12
image,#i_wpn_t8_tac_rifle_swordfish_sig02_body_details_s
image,#i_wpn_t8_tac_rifle_swordfish_sig02_body_details_g
image,#i_wpn_t8_tac_rifle_swordfish_sig02_body_details_c
image,#i_wpn_t8_tac_rifle_swordfish_sig02_body_details_n
image,#i_wpn_t8_tac_rifle_swordfish_sig02_body_details_o
image,#i_c_gen_detail_noise_n
image,#i_wpn_t8_crossbow_arms_base_g
image,#i_wpn_t8_crossbow_arms_base_c
image,#i_wpn_t8_crossbow_arms_base_o
image,#i_wpn_t8_crossbow_arms_base_n
image,#loot_02_ui_icon_blackmarket_stream_ar_stealth_sig_02
image,#i_wpn_t8_crossbow_arms_base_s
image,#i_wpn_t8_crossbow_arms_base_r
image,#hash_e6bea284a9c4a4cc
image,#i_mtl_p7_zm_sta_cabinet_wood_02_set_damage
image,#i_mtl_veh_t8_decal_grunge_scorch_01_ir
image,#i_wpn_t8_smg_capacity_stamp_c
image,#i_wpn_t8_smg_capacity_stamp_n
image,#i_wpn_t8_zm_crossbow_impaler_grip_base_c
image,#i_wpn_t8_zm_crossbow_impaler_grip_base_g
image,#i_wpn_t8_zm_crossbow_impaler_grip_base_o
image,#i_wpn_t8_zm_crossbow_impaler_grip_base_n
image,#i_wpn_t8_zm_crossbow_impaler_grip_base_s
image,#hash_66d5ec29d5ca4bae
image,#i_mtl_p8_col_conveyor_unit_panel_box_decal_key_c
image,#i_mtl_p8_col_conveyor_unit_panel_box_decal_key_n
image,#hash_66d75bdf20374c0a
image,#ui_icon_weapon_shotgun_pump_render
image,#ui_icon_weapon_hud_melee_coinbag
image,#hash_e6de851751f94592
image,#hash_e6de911751f959f6
image,#hash_e6de951751f960c2
image,#hash_e6de991751f9678e
image,#hash_e6de9a1751f96941
image,#i_t8_concrete_damaged_norebar_02_r
image,#i_t8_wpn_pistol_auto_decals_n
image,#i_t8_wpn_pistol_auto_decals_c
image,#i_veh_t8_decal_paint_peel_04_n
image,#i_t8_decal_grunge_drywall_sealer_line_r
image,#i_t7_decal_signage_photo_image_04_c
image,#i_p8_zm_zod_cart_mail_sorting_n
image,#i_p8_zm_zod_cart_mail_sorting_o
image,#i_p8_zm_zod_cart_mail_sorting_m
image,#i_wpn_t8_zm_tomahawk_c
image,#i_wpn_t8_zm_tomahawk_g
image,#i_wpn_t8_zm_tomahawk_o
image,#i_wpn_t8_zm_tomahawk_n
image,#hash_66f8a3c0e5f452d7
image,#hash_e6f98911e2d2b280
image,#hash_e6f98a11e2d2b433
image,#i_mtl_p7_books_office_n
image,#i_mtl_p7_books_office_c
image,#i_mtl_p7_books_office_s
image,#i_wpn_t8_loot_shotgun_fullauto_mag_release_s
image,#i_wpn_t8_loot_shotgun_fullauto_mag_release_g
image,#i_wpn_t8_loot_shotgun_fullauto_mag_release_c
image,#i_wpn_t8_loot_shotgun_fullauto_mag_release_o
image,#i_wpn_t8_loot_shotgun_fullauto_mag_release_n
image,#hash_67101b1c2291b387
image,#i_mtl_p8_crate_wood_decal_01_n
image,#i_mtl_p8_crate_wood_decal_01_c
image,#i_mtl_p7_zm_asc_light_fluorescent_s
image,#i_mtl_p7_zm_asc_light_fluorescent_g
image,#i_mtl_p7_zm_asc_light_fluorescent_c
image,#i_mtl_p7_zm_asc_light_fluorescent_o
image,#i_mtl_p7_zm_asc_light_fluorescent_n
image,#i_mtl_wpn_t8_loot_smg_vmp_sights_c
image,#i_mtl_wpn_t8_loot_smg_vmp_sights_g
image,#i_mtl_wpn_t8_loot_smg_vmp_sights_n
image,#i_mtl_wpn_t8_loot_smg_vmp_sights_o
image,#i_mtl_wpn_t8_loot_smg_vmp_sights_r
image,#i_mtl_wpn_t8_loot_smg_vmp_sights_s
image,#i_p7_light_hanging_half_globe_glass_n
image,#i_p7_light_hanging_half_globe_glass_c
image,#i_p7_light_hanging_half_globe_glass_t
image,#i_c_zom_der_zombie_hound_body_n
image,#i_c_zom_der_zombie_hound_body_g
image,#i_c_zom_der_zombie_hound_body_c
image,#i_t7_decal_grunge_oil_stain_wet_03_s
image,#i_mtl_p7_barrier_block_concrete_long_decal01_c
image,#i_wpn_t8_tac_rifle_swordfish_stock_mk2_m
image,#i_wpn_t8_tac_rifle_swordfish_stock_mk2_n
image,#i_wpn_t8_tac_rifle_swordfish_stock_mk2_o
image,#i_wpn_t8_tac_rifle_swordfish_stock_mk2_t
image,#i_mtl_mtl_veh_t8_mil_heli_attack_rotor_ir
image,#hash_e72e211eff828589
image,#i_t7_vista_decal_grunge_calcium_drip_01_c
image,#hash_67371ce8e9079bbf
image,#i_mtl_p8_hatch_door_decal_signage_open_close_c
image,#hash_e73f5deb847e68d1
image,#hash_e74022569d21ebc5
image,#i_mtl_attach_t8_loot_sniper_semiauto_hical_02_n
image,#i_mtl_attach_t8_loot_sniper_semiauto_hical_02_o
image,#i_mtl_attach_t8_loot_sniper_semiauto_hical_02_c
image,#i_mtl_attach_t8_loot_sniper_semiauto_hical_02_g
image,#i_mtl_attach_t8_loot_sniper_semiauto_hical_02_s
image,#i_c_zom_der_zombie_hound_fur_bloody_c
image,#hash_6746fb6af4f8a7a4
image,#hash_e748d29f808bf47f
image,#hash_e748de9f808c08e3
image,#hash_e748e29f808c0faf
image,#hash_e748e59f808c14c8
image,#hash_e748e69f808c167b
image,#i_wpn_t8_lmg_hades_rail_clamp_base_r
image,#i_wpn_t8_lmg_hades_rail_clamp_base_m
image,#i_wpn_t8_lmg_hades_rail_clamp_base_n
image,#i_wpn_t8_lmg_hades_rail_clamp_base_o
image,#hash_67533840d35260b0
image,#hash_67533b40d35265c9
image,#i_t7_decal_grunge_calcium_drip_02_c
image,#i_veh_t8_decal_lift_01_c
image,#i_wpn_t8_ar_accurate_pouch_screen_c
image,#i_t8_sand_wind_swept_01_r
image,#i_mtl_p8_zm_zod_pipe_set_cap_metal_o
image,#i_mtl_p8_zm_zod_pipe_set_cap_metal_n
image,#i_mtl_p8_zm_zod_pipe_set_cap_metal_m
image,#i_wpn_t8_loot_ar_peacekeeper_sights_base_s
image,#i_wpn_t8_loot_ar_peacekeeper_sights_base_o
image,#i_wpn_t8_loot_ar_peacekeeper_sights_base_n
image,#i_wpn_t8_loot_ar_peacekeeper_sights_base_g
image,#i_wpn_t8_loot_ar_peacekeeper_sights_base_c
image,#fxt_ui_square_mask
image,#i_mtl_p7_zm_kin_dresser_wood_02_dmg_n
image,#i_mtl_p7_zm_kin_dresser_wood_02_dmg_m
image,#hash_e776883342f016cb
image,#i_mtl_wpn_t8_sniper_vanguard_stock_v2_alt_mk2_multi_m
image,#i_t7_decal_grunge_splatter_c
image,#i_mtl_p7_cai_lantern_chain_g
image,#i_mtl_p7_cai_lantern_chain_n
image,#i_mtl_p7_cai_lantern_chain_o
image,#i_mtl_p7_cinder_block_broken_3_c
image,#i_mtl_p7_cinder_block_broken_3_n
image,#i_wpn_t8_ar_fastfire_rail_sig_02_s
image,#i_wpn_t8_ar_fastfire_rail_sig_02_c
image,#i_wpn_t8_ar_fastfire_rail_sig_02_g
image,#i_wpn_t8_ar_fastfire_rail_sig_02_o
image,#i_wpn_t8_ar_fastfire_rail_sig_02_n
image,#i_t8_wpn_pistol_auto_mk2_hical_n
image,#i_mtl_p7_wes_poker_set_side_n
image,#i_mtl_p7_wes_poker_set_side_c
image,#i_mtl_p8_usa_locker_metal_door_metal_decal_dirt_02_c
image,#i_mtl_p8_fence_rustic_wood_plank_decal_end_01_c
image,#i_mtl_p8_fence_rustic_wood_plank_decal_end_01_n
image,#i_mtl_p8_wz_door_01_frame_o
image,#i_mtl_p8_wz_door_01_frame_n
image,#i_mtl_p8_wz_door_01_frame_r
image,#i_veh_t8_micro_hexagon_02_redux_128_r
image,#i_veh_t8_micro_hexagon_02_redux_128_n
image,#i_veh_t8_micro_hexagon_02_redux_128_c
image,#ui_icon_obit_ar_an94
image,#hash_e79c5098faff525b
image,#hash_679d285814dccc29
image,#i_mtl_t8_loot_wpn_smg_folding_sight_g
image,#i_mtl_t8_loot_wpn_smg_folding_sight_c
image,#i_mtl_t8_loot_wpn_smg_folding_sight_o
image,#i_mtl_t8_loot_wpn_smg_folding_sight_n
image,#i_mtl_t8_loot_wpn_smg_folding_sight_s
image,#i_mtl_p7_dumpster_construction_large_base_02_o
image,#i_mtl_p7_dumpster_construction_large_base_02_n
image,#i_mtl_p7_dumpster_construction_large_base_02_m
image,#i_mtl_wpn_t8_lmg_heavy_van_sig_02_s
image,#i_mtl_wpn_t8_lmg_heavy_van_sig_02_c
image,#i_mtl_wpn_t8_lmg_heavy_van_sig_02_g
image,#i_mtl_wpn_t8_lmg_heavy_van_sig_02_e
image,#i_mtl_wpn_t8_lmg_heavy_van_sig_02_n
image,#i_mtl_wpn_t8_lmg_heavy_van_sig_02_o
image,#i_mtl_wpn_t8_loot_melee_action_figure_star_g
image,#i_mtl_wpn_t8_loot_melee_action_figure_star_c
image,#i_mtl_wpn_t8_loot_melee_action_figure_star_o
image,#i_mtl_wpn_t8_loot_melee_action_figure_star_n
image,#hash_67a8c8433d6a56d0
image,#hash_67a8cb433d6a5be9
image,#i_wpn_t8_sniper_koshka_screen_c
image,#i_t7_decal_grunge_rust_02_r
image,#i_t7_decal_grunge_rust_02_g
image,#i_t7_decal_grunge_rust_02_n
image,#i_mtl_p8_kit_col_row_08_steps_decal_n
image,#i_mtl_p8_kit_col_row_08_steps_decal_c
image,#hash_e7ad9ef082154884
image,#i_mtl_p8_zm_esc_chemistry_kit_glass_c
image,#hash_e7b1e21541c9ce3e
image,#ui_icon_obit_sniper_quickscope
image,#i_t7_metal_paint_scratched_01_r
image,#i_t7_metal_paint_scratched_01_c
image,#i_t7_metal_paint_scratched_01_g
image,#i_t7_metal_paint_scratched_01_n
image,#fxt_water_splash_trident_anim
image,#i_t7_graphic_detail_square_target_01_flip_c
image,#i_t8_decal_grunge_rust_09_n
image,#i_t8_decal_grunge_rust_09_c
image,#i_t8_decal_tech_detail_vent_01_c
image,#i_t8_decal_tech_detail_vent_01_n
image,#hash_e7be2f85fdd4196a
image,#fxt8_spark_shower_core_alpha
image,#i_p8_usa_ladder_old_wood_mid_n
image,#i_p8_usa_ladder_old_wood_mid_o
image,#i_p8_usa_ladder_old_wood_mid_g
image,#i_p8_usa_ladder_old_wood_mid_c
image,#hash_e7cd5045971ee93d
image,#hash_e7cd5345971eee56
image,#hash_e7cd5445971ef009
image,#hash_e7cd5c45971efda1
image,#hash_e7cd6045971f046d
image,#i_mtl_p7_fir_catwalk_metal_set_floor_02_n
image,#i_mtl_p7_corrugated_sheet_metal_rust_04_proxy_albedo
image,#hash_67da42470abf086d
image,#hash_e7dd300994ba9be6
image,#hash_e7dd400994bab716
image,#hash_e7dd440994babde2
image,#hash_e7dd4c0994bacb7a
image,#hash_e7dd4d0994bacd2d
image,#hash_67dea598cd1e8100
image,#hash_67deb598cd1e9c30
image,#hash_67dec298cd1eb247
image,#hash_67dec398cd1eb3fa
image,#fxt8_decal_blood_pool_02_n
image,#fxt8_decal_blood_pool_02_g
image,#fxt8_decal_blood_pool_02_s
image,#i_wpn_t8_shotgun_semi_receiver02_sig_01_r
image,#i_wpn_t8_shotgun_semi_receiver02_sig_01_s
image,#i_wpn_t8_shotgun_semi_receiver02_sig_01_g
image,#i_wpn_t8_shotgun_semi_receiver02_sig_01_c
image,#i_wpn_t8_shotgun_semi_receiver02_sig_01_n
image,#i_wpn_t8_shotgun_semi_receiver02_sig_01_o
image,#i_t7_metal_panels_painted_2x4_c
image,#i_t7_metal_panels_painted_2x4_g
image,#i_wpn_t8_shotgun_pump_sig_01_slide_s
image,#i_wpn_t8_shotgun_pump_sig_01_slide_g
image,#i_wpn_t8_shotgun_pump_sig_01_slide_c
image,#hash_67fc376933bd5886
image,#ui_icon_weapon_pistol_revolver_tactical_render
image,#i_wpn_t8_lmg_hades_snake_decals_c
image,#fxt_lightning_beam_trail_mask
image,#i_t8_decal_tech_shipping_container_bolt_02_n
image,#i_t8_decal_tech_shipping_container_bolt_02_g
image,#i_t8_decal_tech_shipping_container_bolt_02_c
image,#ui_icon_weapon_hud_melee_bowie
image,#hash_e819f1f97ad079c9
image,#hash_e81b10081a8f44b9
image,#hash_e81b14081a8f4b85
image,#hash_e81b17081a8f509e
image,#hash_e81b18081a8f5251
image,#hash_e81b24081a8f66b5
image,#i_t8_decal_tech_detail_high_tech_67_sml_c
image,#i_t8_decal_tech_detail_high_tech_67_sml_g
image,#i_t8_decal_tech_detail_high_tech_67_sml_n
image,#i_t7_decal_water_dripping_n
image,#hash_682cc0cfe2e3db22
image,#i_mtl_p7_zm_asc_fire_extinguisher_set_03_m
image,#i_mtl_p7_zm_asc_fire_extinguisher_set_03_n
image,#i_mtl_p7_zm_der_magic_box_wood_01_n
image,#i_mtl_p7_zm_der_magic_box_wood_01_c
image,#i_mtl_p7_corrugated_sheet_metal_rust_04_proxy_specular
image,#i_veh_t8_decal_logo_19_c
image,#i_mtl_wpn_t8_sniper_powersemi_mag_sig_02_o
image,#i_mtl_wpn_t8_sniper_powersemi_mag_sig_02_n
image,#i_mtl_wpn_t8_sniper_powersemi_mag_sig_02_c
image,#i_mtl_wpn_t8_sniper_powersemi_mag_sig_02_g
image,#i_mtl_wpn_t8_sniper_powersemi_mag_sig_02_s
image,#char_base_fabric_leather_n
image,#i_t8_dirt_road_tire_tracks_n
image,#i_wpn_t8_lmg_hades_mag_interior_base_m
image,#i_wpn_t8_lmg_hades_mag_interior_base_n
image,#i_wpn_t8_lmg_hades_mag_interior_base_o
image,#i_mtl_p8_ice_generator_metal_lrg_panel_01_o
image,#i_mtl_p8_ice_generator_metal_lrg_panel_01_n
image,#hash_e84fdf4b41cd6825
image,#hash_e84ff24b41cd886e
image,#ui_icon_inventory_tomahawk
image,#i_wpn_t8_sniper_koshka_base_lower_sig_02_o
image,#i_wpn_t8_sniper_koshka_base_lower_sig_02_n
image,#i_wpn_t8_sniper_koshka_base_lower_sig_02_c
image,#i_wpn_t8_sniper_koshka_base_lower_sig_02_g
image,#i_wpn_t8_sniper_koshka_base_lower_sig_02_s
image,#i_mtl_p7_bottle_milk_g
image,#i_mtl_p7_bottle_milk_c
image,#i_mtl_p7_bottle_milk_n
image,#i_wpn_t8_ar_stealth_sights_s
image,#i_wpn_t8_ar_stealth_sights_o
image,#i_wpn_t8_ar_stealth_sights_n
image,#i_wpn_t8_ar_stealth_sights_c
image,#i_wpn_t8_ar_stealth_sights_g
image,#hash_e85a338d77a06cd2
image,#hash_e85a348d77a06e85
image,#hash_e85a408d77a082e9
image,#hash_e85a448d77a089b5
image,#hash_e85a478d77a08ece
image,#hash_e85a488d77a09081
image,#i_mtl_p8_box_electric_commercial_plastic_n
image,#i_mtl_p8_box_electric_commercial_plastic_m
image,#hash_e86cdc5ca0c189e4
image,#hash_e86cde5ca0c18d4a
image,#hash_e86cdf5ca0c18efd
image,#i_mtl_p8_wz_foliage_bush_creosote_02_proxy_specular
image,#i_mtl_wpn_t8_ar_stealth_sig_01_tacsac_s
image,#i_mtl_wpn_t8_ar_stealth_sig_01_tacsac_n
image,#i_mtl_wpn_t8_ar_stealth_sig_01_tacsac_o
image,#i_mtl_wpn_t8_ar_stealth_sig_01_tacsac_g
image,#i_mtl_wpn_t8_ar_stealth_sig_01_tacsac_c
image,#i_veh_t7_detail_concrete_01
image,#i_mtl_p7_zm_mob_table_mess_hall_set_wood_03_m
image,#i_mtl_p7_zm_mob_table_mess_hall_set_wood_03_n
image,#i_mtl_p7_crate_wood_02_long_lid_m
image,#i_mtl_p7_crate_wood_02_long_lid_o
image,#i_mtl_p7_crate_wood_02_long_lid_n
image,#i_mtl_p7_roof_vents_metal_02_m
image,#i_mtl_p7_roof_vents_metal_02_n
image,#i_mtl_p7_roof_vents_metal_02_o
image,#i_c_t8_detail_polyester_mesh_net2_n
image,#i_t8_wood_trim_painted_01_n
image,#i_t8_wood_trim_painted_01_g
image,#loot_04_ui_icon_blackmarket_stream_mastercraft_swordfish
image,#ui_icon_obit_melee_bowie
image,#ui_icon_weapons_zm_loot_switchblade
image,#hash_e8a097e0d9e711c6
image,#hash_e8a0a0e0d9e72111
image,#hash_e8a0a4e0d9e727dd
image,#hash_e8a0b4e0d9e7430d
image,#i_mtl_p8_curtain_ornate_valance_02_n
image,#i_wpn_t8_smg_capacity_handguard_base_mk2_m
image,#hash_68aac921bc7f78b7
image,#i_t8_water_ocean_mp_offshore_far_n
image,#i_p8_zm_esc_bldg_64_grate_frame_n
image,#i_wpn_t8_shotgun_semi_bullets_sig_02_s
image,#i_wpn_t8_shotgun_semi_bullets_sig_02_c
image,#i_wpn_t8_shotgun_semi_bullets_sig_02_g
image,#i_wpn_t8_shotgun_semi_bullets_sig_02_o
image,#i_wpn_t8_shotgun_semi_bullets_sig_02_n
image,#i_mtl_wpn_t8_zm_towers_scorpion_body_base_s
image,#i_mtl_wpn_t8_zm_towers_scorpion_body_base_n
image,#i_mtl_wpn_t8_zm_towers_scorpion_body_base_o
image,#i_mtl_wpn_t8_zm_towers_scorpion_body_base_g
image,#i_mtl_wpn_t8_zm_towers_scorpion_body_base_c
image,#i_mtl_wpn_t8_loot_pistol_auto_hical_sig_o
image,#i_mtl_wpn_t8_loot_pistol_auto_hical_sig_n
image,#i_mtl_wpn_t8_loot_pistol_auto_hical_sig_g
image,#i_mtl_wpn_t8_loot_pistol_auto_hical_sig_c
image,#i_mtl_wpn_t8_loot_pistol_auto_hical_sig_s
image,#hash_e8b56d1de3c9f20c
image,#hash_e8b56e1de3c9f3bf
image,#hash_e8b57a1de3ca0823
image,#hash_e8b57e1de3ca0eef
image,#hash_e8b5811de3ca1408
image,#hash_e8b5821de3ca15bb
image,#i_mtl_p7_rug_round_01_white_dirty_c
image,#hash_68b7c7bb19c5aee9
image,#i_t7_metal_gunmetal_01_g
image,#i_t7_metal_gunmetal_01_c
image,#i_t7_metal_gunmetal_01_s
image,#i_mtl_p7_mou_electrical_panel_set_metal_01_r
image,#hash_e8c40dafe546aed2
image,#hash_e8c40eafe546b085
image,#hash_e8c412afe546b751
image,#hash_e8c416afe546be1d
image,#hash_e8c422afe546d281
image,#hash_e8c6b8409906f1b8
image,#i_mtl_p7_dock_wood_rustic_set_03_n
image,#i_mtl_p7_dock_wood_rustic_set_03_m
image,#hash_e8ccb7379f9e8760
image,#hash_e8ccb8379f9e8913
image,#hash_e8ccbf379f9e94f8
image,#hash_e8ccc3379f9e9bc4
image,#hash_e8ccd3379f9eb6f4
image,#i_t7_decal_grunge_rust_orange_drips
image,#fxt_lf_artifact_15a
image,#i_t8_micro_snow_01_n
image,#i_mtl_p8_zm_esc_chemistry_kit_metal_n
image,#hash_e8e5d9cfa3f13cac
image,#hash_e8e5e5cfa3f15110
image,#hash_e8e5e9cfa3f157dc
image,#hash_e8e5edcfa3f15ea8
image,#hash_e8e5eecfa3f1605b
image,#i_mtl_p8_office_papers_sheets_n
image,#i_mtl_p8_office_papers_sheets_c
image,#i_veh_t8_decal_panel_01_soft_r
image,#i_wpn_t8_decals_global_hole_c
image,#i_t8_metal_paint_thick_01_c
image,#i_t8_metal_paint_thick_01_g
image,#i_t8_metal_paint_thick_01_n
image,#i_t8_metal_paint_thick_01_r
image,#i_mtl_p7_wes_couch_victorian_med_cloth_01_n
image,#i_t7_graphic_detail_disc_07_c
image,#hash_68f9096a2eccc922
image,#hash_68f90d6a2ecccfee
image,#hash_68f90e6a2eccd1a1
image,#i_mtl_p7_electrical_box_set_box_1_n
image,#i_mtl_p7_electrical_box_set_box_1_c
image,#hash_e8fd40ffa8d0ba76
image,#ui_icon_weapon_pistol_fullauto_render
image,#ui_icon_weapon_pistol_fullauto_mk2_render
image,#ui_icon_meansofdeath_basketball
image,#i_t7_cry_metal_base_c
image,#i_wpn_t8_shotgun_semi_screws02_sig_02_s
image,#i_wpn_t8_shotgun_semi_screws02_sig_02_c
image,#i_wpn_t8_shotgun_semi_screws02_sig_02_g
image,#i_wpn_t8_shotgun_semi_screws02_sig_02_o
image,#i_wpn_t8_shotgun_semi_screws02_sig_02_n
image,#i_mtl_p8_zm_esc_gondola_lift_light_01_e
image,#hash_e911820c489e6419
image,#hash_e911860c489e6ae5
image,#hash_e9118d0c489e76ca
image,#hash_e9118e0c489e787d
image,#hash_e911920c489e7f49
image,#ui_icon_weapon_ar_doublebarrel_render
image,#i_mtl_wpn_t8_ar_stealth_sig_02_assist_base_s
image,#i_mtl_wpn_t8_ar_stealth_sig_02_assist_base_o
image,#i_mtl_wpn_t8_ar_stealth_sig_02_assist_base_n
image,#i_mtl_wpn_t8_ar_stealth_sig_02_assist_base_c
image,#i_mtl_wpn_t8_ar_stealth_sig_02_assist_base_g
image,#i_t7_decal_grunge_wall_stain01_metal_c
image,#i_mtl_mtl_p8_wz_perk_pickups_medic_a
image,#hash_e91e7639f809bd92
image,#hash_e924be1a85799cc5
image,#hash_e924ca1a8579b129
image,#hash_e924ce1a8579b7f5
image,#hash_e924d11a8579bd0e
image,#i_mtl_p7_mou_door_white_decal_01_c
image,#i_t7_drywall_edge_n
image,#hash_692ec0c5f04d802d
image,#i_mtl_p8_news_mod_steel_cable_01_n
image,#i_mtl_p7_zm_tra_tank_chemical_mian_01_n
image,#i_mtl_p7_zm_tra_tank_chemical_mian_01_m
image,#i_mtl_veh_t8_drone_rcxd_radio_o
image,#i_mtl_veh_t8_drone_rcxd_radio_n
image,#i_mtl_veh_t8_drone_rcxd_radio_m
image,#i_wpn_t7_shotty_prec_barrel_base_o
image,#i_wpn_t7_shotty_prec_barrel_base_n
image,#i_wpn_t7_shotty_prec_barrel_base_g
image,#hash_e936a85b8cfcfcc4
image,#i_c_t8_zmb_mob_brutus_torso_g
image,#i_c_t8_zmb_mob_brutus_torso_c
image,#i_c_t8_zmb_mob_brutus_torso_m
image,#i_c_t8_zmb_mob_brutus_torso_o
image,#i_c_t8_zmb_mob_brutus_torso_n
image,#i_c_t8_zmb_mob_brutus_torso_s
image,#i_wpn_t8_eqp_hawk_drone_n
image,#i_wpn_t8_eqp_hawk_drone_o
image,#i_wpn_t8_eqp_hawk_drone_c
image,#i_wpn_t8_eqp_hawk_drone_g
image,#i_wpn_t8_eqp_hawk_drone_s
image,#hash_694669342858bd84
image,#hash_69466d342858c450
image,#i_veh_t8_decal_tech_details_01a_o
image,#i_veh_t8_decal_tech_details_01a_n
image,#i_veh_t8_decal_tech_details_01a_g
image,#i_veh_t8_decal_tech_details_01a_a
image,#i_t8_decal_grunge_burn_soot_01_r
image,#i_t8_decal_grunge_burn_soot_01_g
image,#i_t8_decal_grunge_burn_soot_01_c
image,#i_t8_decal_grunge_burn_soot_01_n
image,#i_attach_t8_ar_heavy_handguard_02_s
image,#i_attach_t8_ar_heavy_handguard_02_g
image,#i_attach_t8_ar_heavy_handguard_02_c
image,#i_attach_t8_ar_heavy_handguard_02_m
image,#i_attach_t8_ar_heavy_handguard_02_n
image,#i_attach_t8_ar_heavy_handguard_02_o
image,#hash_e9576fa619d9dbe6
image,#hash_e9577fa619d9f716
image,#hash_e95783a619d9fde2
image,#hash_e9578ba619da0b7a
image,#hash_e9578ca619da0d2d
image,#i_c_t8_zmb_skin_detail
image,#i_mtl_p7_hook_metal_small_01_m
image,#i_mtl_p7_hook_metal_small_01_o
image,#i_mtl_p7_hook_metal_small_01_n
image,#i_wpn_t8_lmg_heavy_clip_tray_lid_s
image,#i_wpn_t8_lmg_heavy_clip_tray_lid_c
image,#i_wpn_t8_lmg_heavy_clip_tray_lid_g
image,#i_wpn_t8_lmg_heavy_clip_tray_lid_o
image,#i_wpn_t8_lmg_heavy_clip_tray_lid_n
image,#i_mtl_veh_t8_drone_rcxd_wheel_metal_o
image,#i_mtl_veh_t8_drone_rcxd_wheel_metal_n
image,#i_mtl_veh_t8_drone_rcxd_wheel_metal_m
image,#i_mtl_wpn_t8_zm_eqp_wraith_fire_brass_2_n
image,#i_mtl_wpn_t8_zm_eqp_wraith_fire_brass_2_m
image,#i_mtl_p7_wes_couch_victorian_med_01_n
image,#i_mtl_p7_wes_couch_victorian_med_01_m
image,#hash_69763eb2e3066472
image,#ui_icon_weapon_smg_fastburst_tactical_render
image,#i_wpn_t8_ar_kn57_stock_connector_o
image,#i_wpn_t8_ar_kn57_stock_connector_n
image,#i_wpn_t8_ar_kn57_stock_connector_g
image,#i_wpn_t8_ar_kn57_stock_connector_c
image,#i_wpn_t8_ar_kn57_stock_connector_s
image,#i_wpn_t8_ar_kn57_stock_connector_r
image,#com_glass_opaque_dirty_01_col
image,#i_t8_zm_esc_spawn_cap_decal_02_c
image,#i_t8_zm_esc_spawn_cap_decal_02_g
image,#i_t8_zm_esc_spawn_cap_decal_02_n
image,#i_t8_zm_esc_spawn_cap_decal_02_o
image,#ui_icon_inventory_p8_wz_ammo_pickup_rockets
image,#i_t7_decal_signage_whiteboard_writing_01_c
image,#i_mtl_p7_medical_sanitation_towels02_n
image,#hash_e98ca2cfdf3dfeec
image,#hash_e98ca3cfdf3e009f
image,#hash_e98ca7cfdf3e076b
image,#hash_e98cabcfdf3e0e37
image,#hash_e98cb6cfdf3e20e8
image,#hash_e98cb7cfdf3e229b
image,#i_wpn_t8_wz_tac_rifle_swordfish_mag_c
image,#i_mtl_p8_zm_esc_clothes_02_n
image,#i_mtl_p8_zm_esc_clothes_02_m
image,#i_t7_gradient_alpha_gradient_c
image,#i_mtl_p8_zm_esc_sheet_metal_4x4_o
image,#i_mtl_p8_zm_esc_sheet_metal_4x4_n
image,#i_mtl_p8_zm_esc_sheet_metal_4x4_m
image,#i_mtl_p8_zm_esc_warden_dresser_metal_02_c
image,#i_mtl_p8_zm_esc_warden_dresser_metal_02_m
image,#i_mtl_p8_zm_esc_warden_dresser_metal_02_n
image,#i_mtl_p7_cleaning_paper_c
image,#i_mtl_p7_cleaning_paper_n
image,#hash_69ae13341ce003bd
image,#i_wpn_t8_smg_capacity_grip_base_mk2_m
image,#i_mtl_p7_debris_clothing_pants_02_n
image,#hash_69b8f101e588ed76
image,#hash_69b8f501e588f442
image,#hash_69b8f901e588fb0e
image,#hash_69b8fa01e588fcc1
image,#i_wpn_t8_shotgun_pump_sig_01_lower_g
image,#i_wpn_t8_shotgun_pump_sig_01_lower_n
image,#i_wpn_t8_shotgun_pump_sig_01_lower_o
image,#i_wpn_t8_shotgun_pump_sig_01_lower_s
image,#ui_icon_obit_smg_accurate
image,#hash_69beda124a986084
image,#i_t8_micro_metal_bare_02_g
image,#i_mtl_p8_wep_cargo_container_military_decal_weld_c
image,#i_mtl_p8_wep_cargo_container_military_decal_weld_m
image,#i_p8_zm_esc_turbine_generator_turbineinterior_r
image,#i_t8_decal_tech_detail_screw_02_s
image,#i_t8_decal_tech_detail_screw_02_r
image,#i_t8_decal_tech_detail_screw_02_o
image,#i_t8_decal_tech_detail_screw_02_n
image,#i_t8_decal_tech_detail_screw_02_c
image,#i_p8_usa_light_fluorescent_hanging_m
image,#i_p8_usa_light_fluorescent_hanging_n
image,#i_mtl_p8_kit_zt8_gal_02_beam_01_basic_painted_metal_02_m
image,#hash_e9d12e5cce8d95e6
image,#i_wpn_tac_rifle_mid_burst_barrel_o
image,#hash_e9d1375cce8da531
image,#hash_e9d13b5cce8dabfd
image,#hash_e9d14b5cce8dc72d
image,#i_wpn_t8_ar_stealth_base_decals_g
image,#i_wpn_t8_ar_stealth_base_decals_c
image,#i_wpn_t8_ar_stealth_base_decals_n
image,#i_mtl_p8_zm_esc_gun_gallery_metal_beam_03_multi_m
image,#i_wpn_t8_smg_capacity_mag_spring_n
image,#i_attach_t8_ar_galil_upper_s
image,#i_attach_t8_ar_galil_upper_o
image,#i_attach_t8_ar_galil_upper_n
image,#i_attach_t8_ar_galil_upper_c
image,#i_attach_t8_ar_galil_upper_g
image,#i_mtl_p8_lab_tech_rack_metal_painted_02_n
image,#i_mtl_p8_lab_tech_rack_metal_painted_02_m
image,#i_wpn_t8_gun_case_n
image,#i_wpn_t8_gun_case_o
image,#i_wpn_t8_gun_case_m
image,#hash_69ea2734ef1da8d7
image,#i_mtl_p7_zm_mob_medical_cabinet_glass_g
image,#i_mtl_p7_zm_mob_medical_cabinet_glass_c
image,#hash_e9ebf9b7667b93f2
image,#hash_e9ebfab7667b95a5
image,#hash_e9ebfdb7667b9abe
image,#hash_e9ec01b7667ba18a
image,#hash_e9ec0db7667bb5ee
image,#i_t7_micro_stone_sandstone_01_g
image,#i_t7_micro_stone_sandstone_01_n
image,#hash_e9f5fa398233ef25
image,#hash_e9f6063982340389
image,#hash_e9f60a3982340a55
image,#hash_e9f60d3982340f6e
image,#hash_e9f60e3982341121
image,#hash_69f902690d01d403
image,#i_mtl_p7_wes_boot_leather_02_cloth_c
image,#i_mtl_wpn_t8_loot_lmg_mk48_grip_mk2_multi_m
image,#i_mtl_p7_light_fixture_led_ceiling_01_bulbs_c
image,#i_mtl_p7_light_fixture_led_ceiling_01_bulbs_n
image,#hash_ea06acfbadf51604
image,#hash_ea06adfbadf517b7
image,#hash_ea06b0fbadf51cd0
image,#hash_ea06b1fbadf51e83
image,#hash_ea06b8fbadf52a68
image,#hash_ea06bcfbadf53134
image,#i_wpn_t8_tr_midburst_wings_sig_02_trail_gradient_c
image,#reticle_side_small_rotated
image,#hash_6a11dbf4863d8185
image,#i_veh_t8_decal_greeble_11_n
image,#i_veh_t8_decal_greeble_11_o
image,#i_veh_t8_decal_greeble_11_r
image,#i_aml_gen_raven_low_01_c
image,#i_aml_gen_raven_low_01_g
image,#i_aml_gen_raven_low_01_o
image,#i_aml_gen_raven_low_01_n
image,#i_mtl_p7_zm_tra_crate_metal_strap_n
image,#i_mtl_p8_zm_zod_chair_victorian_cloth_01_n
image,#hash_6a25333d45cfebec
image,#hash_6a25383d45cff46b
image,#hash_ea2e252dcf7fdb23
image,#hash_ea2e292dcf7fe1ef
image,#hash_ea2e302dcf7fedd4
image,#hash_ea2e312dcf7fef87
image,#i_t7_decal_damage_mold_02_r
image,#i_t7_decal_damage_mold_02_c
image,#i_wpn_t8_smg_capacity_mag_plastic_mk2_n
image,#i_veh_t8_decal_gauge_07_c
image,#hash_ea42733e7ea9cd60
image,#hatchet_reticle
image,#i_mtl_p7_conduit_metal_pipes_c
image,#i_mtl_p7_conduit_metal_pipes_g
image,#i_mtl_p7_conduit_metal_pipes_n
image,#i_mtl_p8_col_rail_tower_metal_02_m
image,#i_wpn_t8_shotgun_pump_barrel_base_mk2_m
image,#i_mtl_wpn_t8_lmg_heavy_clip_tray_lid_sig_02_n
image,#i_mtl_wpn_t8_lmg_heavy_clip_tray_lid_sig_02_o
image,#i_mtl_wpn_t8_lmg_heavy_clip_tray_lid_sig_02_c
image,#i_mtl_wpn_t8_lmg_heavy_clip_tray_lid_sig_02_g
image,#i_mtl_wpn_t8_lmg_heavy_clip_tray_lid_sig_02_e
image,#i_mtl_wpn_t8_lmg_heavy_clip_tray_lid_sig_02_s
image,#hash_ea55f26725218d56
image,#hash_ea55fb6725219ca1
image,#hash_ea57a4778fe97a40
image,#hash_ea57a8778fe9810c
image,#hash_ea57ac778fe987d8
image,#hash_ea57ad778fe9898b
image,#hash_ea57b8778fe99c3c
image,#i_mtl_p7_soc_bag_ammo_metal_n
image,#i_wpn_tac_rifle_mid_burst_barrel_mk2_n
image,#i_wpn_tac_rifle_mid_burst_barrel_mk2_m
image,#i_wpn_t8_smg_handling_base_sig_01_r
image,#i_wpn_t8_smg_handling_base_sig_01_s
image,#i_wpn_t8_smg_handling_base_sig_01_c
image,#i_wpn_t8_smg_handling_base_sig_01_g
image,#i_wpn_t8_smg_handling_base_sig_01_n
image,#i_wpn_t8_smg_handling_base_sig_01_o
image,#i_wpn_t8_crossbow_decals_g
image,#i_wpn_t8_crossbow_decals_c
image,#ui_icon_weapon_shotgun_fullauto_render
image,#i_mtl_p8_wmd_generator_metal_01_n
image,#i_mtl_p8_wmd_generator_metal_01_m
image,#i_mtl_p8_foliage_grass_blades_tall_sml_dry_proxy_distance
image,#i_mtl_wpn_t8_ar_stealth_sig_01_rail_base1_s
image,#i_mtl_wpn_t8_ar_stealth_sig_01_rail_base1_n
image,#i_mtl_wpn_t8_ar_stealth_sig_01_rail_base1_o
image,#i_mtl_wpn_t8_ar_stealth_sig_01_rail_base1_g
image,#i_mtl_wpn_t8_ar_stealth_sig_01_rail_base1_c
image,#i_p7_aqu_railings_set_metal_g
image,#i_p7_aqu_railings_set_metal_n
image,#i_p7_aqu_railings_set_metal_o
image,#i_p7_aqu_railings_set_metal_m
image,#i_wpn_t8_sniper_vanguard_decals_c
image,#i_wpn_t8_sniper_vanguard_decals_g
image,#i_wpn_t8_sniper_vanguard_decals_n
image,#i_veh_t8_decal_light_reflector_10_em
image,#ui_icon_obit_pistol_fullauto
image,#i_mtl_p8_wz_spray_can_metal_01_g
image,#hash_6a8c2c70adbb97cd
image,#hash_ea956df533db8718
image,#hash_6a9976d61101eb1c
image,#hash_6a9978d61101ee82
image,#hash_6a9fa494959fab52
image,#hash_6a9fa994959fb3d1
image,#i_t7_brick_irregular_worn_02_n
image,#i_veh_t8_detail_treadplate_01_o
image,#i_veh_t8_detail_treadplate_01_n
image,#i_veh_t8_detail_treadplate_01_g
image,#i_veh_t8_detail_treadplate_01_c
image,#i_veh_t8_detail_treadplate_01_s
image,#hash_eaa9af71951d2de2
image,#hash_eaa9b471951d3661
image,#i_wpn_t8_tac_rifle_surgeon_scope_g
image,#i_wpn_t8_tac_rifle_surgeon_scope_c
image,#i_wpn_t8_tac_rifle_surgeon_scope_o
image,#i_wpn_t8_tac_rifle_surgeon_scope_n
image,#i_wpn_t8_tac_rifle_surgeon_scope_s
image,#i_wpn_t8_tac_rifle_surgeon_scope_r
image,#hash_eaace3eefd3654f3
image,#i_veh_t8_micro_plastic_rough_02_n
image,#hash_eab3e87944201403
image,#hash_eab3ec7944201acf
image,#hash_eab3ef7944201fe8
image,#hash_eab3f0794420219b
image,#i_wpn_t8_sniper_koshka_range_finder_g
image,#i_wpn_t8_sniper_koshka_range_finder_c
image,#i_wpn_t8_sniper_koshka_range_finder_o
image,#i_wpn_t8_sniper_koshka_range_finder_n
image,#i_wpn_t8_sniper_koshka_range_finder_s
image,#i_wpn_t8_sniper_koshka_range_finder_r
image,#hash_eabbddc8c9ab290b
image,#hash_eabbe8c8c9ab3bbc
image,#hash_eabbe9c8c9ab3d6f
image,#hash_eabbedc8c9ab443b
image,#hash_eabbf1c8c9ab4b07
image,#i_mtl_wpn_t8_camo_geometric_08_n
image,#i_mtl_wpn_t8_camo_geometric_08_c
image,#hash_6ac1ca083e584add
image,#hash_eac34aad71831251
image,#i_attach_t8_ar_accurate_compensator_o
image,#i_attach_t8_ar_accurate_compensator_n
image,#i_attach_t8_ar_accurate_compensator_m
image,#i_wpn_t8_shotgun_pump_decal_base_c
image,#i_wpn_t8_shotgun_pump_decal_base_g
image,#i_wpn_t8_shotgun_pump_decal_base_n
image,#i_wpn_t8_shotgun_pump_decal_base_o
image,#i_wpn_t8_shotgun_pump_decal_base_s
image,#i_t7_zm_tra_rock_lava_solid_n
image,#i_veh_t8_decal_bolt_10_n
image,#i_veh_t8_decal_bolt_10_o
image,#i_veh_t8_decal_bolt_10_c
image,#i_attach_t8_shotgun_pump_mag_g
image,#i_attach_t8_shotgun_pump_mag_c
image,#i_attach_t8_shotgun_pump_mag_n
image,#i_attach_t8_shotgun_pump_mag_o
image,#i_mtl_wpn_t8_ar_modular_grip_sig_03_c
image,#i_mtl_wpn_t8_ar_modular_grip_sig_03_g
image,#i_mtl_wpn_t8_ar_modular_grip_sig_03_n
image,#i_mtl_wpn_t8_ar_modular_grip_sig_03_o
image,#i_mtl_wpn_t8_ar_modular_grip_sig_03_s
image,#i_mtl_p7_cai_ceiling_fan_metal_c
image,#i_mtl_p7_cai_ceiling_fan_metal_g
image,#i_mtl_p7_zm_isl_crystal_115_01_b_e
image,#hash_eadd09ab3e13710b
image,#i_t8_decal_tech_detail_line_trim_02_metal_c
image,#i_wpn_t8_ar_heavy_receiver_lower_mk2_m
image,#i_wpn_t8_ar_heavy_receiver_lower_mk2_n
image,#i_wpn_t8_sig_bow_sticks_handler_n
image,#i_wpn_t8_sig_bow_sticks_handler_o
image,#i_wpn_t8_sig_bow_sticks_handler_c
image,#i_wpn_t8_sig_bow_sticks_handler_g
image,#i_wpn_t8_sig_bow_sticks_handler_s
image,#i_mtl_wpn_t8_loot_ar_peacekeeper_barrel_base_mk2_multi_m
image,#hash_eaf5d3c8d5908bb9
image,#hash_eaf5d7c8d5909285
image,#hash_eaf5dec8d5909e6a
image,#hash_eaf5dfc8d590a01d
image,#hash_eaf5e2c8d590a536
image,#hash_eaf5e3c8d590a6e9
image,#i_mtl_p7_3arc_park_light_deck_glass_c
image,#i_mtl_wpn_t8_lmg_heavy_stock_rabbitleg_sig_02_c
image,#i_mtl_wpn_t8_lmg_heavy_stock_rabbitleg_sig_02_g
image,#i_mtl_wpn_t8_lmg_heavy_stock_rabbitleg_sig_02_n
image,#i_mtl_wpn_t8_lmg_heavy_stock_rabbitleg_sig_02_o
image,#i_mtl_wpn_t8_lmg_heavy_stock_rabbitleg_sig_02_s
image,#fxt_decal_foam_n
image,#i_t8_decal_tech_detail_bolt_11_r
image,#i_attach_t8_ar_fastfire_magwell_s
image,#i_t8_decal_tech_detail_bolt_11_g
image,#i_attach_t8_ar_fastfire_magwell_r
image,#i_attach_t8_ar_fastfire_magwell_o
image,#i_t8_decal_tech_detail_bolt_11_c
image,#i_attach_t8_ar_fastfire_magwell_n
image,#i_t8_decal_tech_detail_bolt_11_n
image,#i_t8_decal_tech_detail_bolt_11_o
image,#i_attach_t8_ar_fastfire_magwell_g
image,#i_attach_t8_ar_fastfire_magwell_c
image,#i_veh_t8_decal_air_scoop_r
image,#i_veh_t8_decal_air_scoop_n
image,#i_veh_t8_decal_air_scoop_o
image,#i_mtl_p8_chi_rooftop_generator_box_base_03_a_n
image,#i_mtl_p8_chi_rooftop_generator_box_base_03_a_s
image,#i_t8_wpn_smg_accurate_bolts_sig_02_s
image,#i_t8_wpn_smg_accurate_bolts_sig_02_g
image,#i_t8_wpn_smg_accurate_bolts_sig_02_c
image,#i_t8_wpn_smg_accurate_bolts_sig_02_o
image,#i_t8_wpn_smg_accurate_bolts_sig_02_n
image,#i_wpn_t8_lmg_titan_sig_02_muzzle_c
image,#i_wpn_t8_lmg_titan_sig_02_muzzle_g
image,#i_wpn_t8_lmg_titan_sig_02_muzzle_o
image,#i_wpn_t8_lmg_titan_sig_02_muzzle_n
image,#i_wpn_t8_lmg_titan_sig_02_muzzle_s
image,#i_t7_zm_isl_dirt_fertile_g
image,#i_t7_ban_decal_paint_scratched_r
image,#i_t7_ban_decal_paint_scratched_g
image,#i_t8_water_puddle_oasis_base_c
image,#hash_eb1b8ec01686a8ec
image,#hash_eb1b93c01686b16b
image,#hash_eb1b9ec01686c41c
image,#i_mtl_t8_loot_wpn_smg_folding_dbal_s
image,#i_mtl_t8_loot_wpn_smg_folding_dbal_o
image,#i_mtl_t8_loot_wpn_smg_folding_dbal_n
image,#i_mtl_t8_loot_wpn_smg_folding_dbal_m
image,#i_mtl_t8_loot_wpn_smg_folding_dbal_g
image,#i_mtl_t8_loot_wpn_smg_folding_dbal_c
image,#i_mtl_p8_zm_esc_book_03_character_c
image,#i_mtl_p8_zm_esc_book_03_character_n
image,#i_mtl_veh_t8_glass_dirty_grimes_01_t
image,#hash_eb23fa7883b30dd2
image,#hash_eb24067883b32236
image,#hash_eb240a7883b32902
image,#hash_eb240f7883b33181
image,#i_t7_micro_concrete_formed_01_n
image,#i_t7_micro_concrete_formed_01_g
image,#i_t7_micro_concrete_formed_01_c
image,#ui_icon_weapon_hud_secretsanta
image,#i_mtl_p8_wz_foliage_bush_coyote_c_c
image,#i_t8_decal_tech_detail_line_trim_08_c
image,#i_wpn_t8_ar_modular_bolt_sig_01_s
image,#i_wpn_t8_ar_modular_bolt_sig_01_c
image,#i_wpn_t8_ar_modular_bolt_sig_01_g
image,#i_wpn_t8_ar_modular_bolt_sig_01_o
image,#i_wpn_t8_ar_modular_bolt_sig_01_n
image,#hash_6b34f083e91a4974
image,#hash_6b34f183e91a4b27
image,#hash_6b34f383e91a4e8d
image,#i_attach_t8_shotgun_pump_grip_o
image,#i_attach_t8_shotgun_pump_grip_n
image,#i_attach_t8_shotgun_pump_grip_g
image,#i_attach_t8_shotgun_pump_grip_c
image,#i_attach_t8_shotgun_pump_grip_s
image,#hash_eb381f6fc887a664
image,#i_t7_decal_coffee_stain_01_c
image,#i_wpn_t8_smg_capacity_receiver_rear_metal_mk2_m
image,#i_mtl_wpn_t8_loot_shotgun_fullauto_stockframe_sig_o
image,#i_mtl_wpn_t8_loot_shotgun_fullauto_stockframe_sig_n
image,#i_mtl_wpn_t8_loot_shotgun_fullauto_stockframe_sig_c
image,#i_mtl_wpn_t8_loot_shotgun_fullauto_stockframe_sig_g
image,#i_mtl_wpn_t8_loot_shotgun_fullauto_stockframe_sig_s
image,#ui_icon_weapon_lmg_standard_sig_02_render
image,#i_wpn_t8_ar_fastfire_grip_sig_01_s
image,#i_wpn_t8_ar_fastfire_grip_sig_01_c
image,#i_wpn_t8_ar_fastfire_grip_sig_01_g
image,#i_wpn_t8_ar_fastfire_grip_sig_01_n
image,#i_wpn_t8_ar_fastfire_grip_sig_01_o
image,#i_mtl_p8_wep_cargo_container_military_main_g
image,#i_mtl_p8_wep_cargo_container_military_main_m
image,#char_base_fabric_canvas_n
image,#i_c_t8_zmb_mob_zombie_body1_hands_c
image,#i_c_t8_zmb_mob_zombie_body1_hands_o
image,#i_c_t8_zmb_mob_zombie_body1_hands_n
image,#hash_eb581e8877974697
image,#hash_eb582e88779761c7
image,#i_p8_zm_esc_bldg_64_shelve_01_wood_decal_a_n
image,#i_p8_zm_esc_bldg_64_shelve_01_wood_decal_a_c
image,#fxt8_fire_sm_base_anim_hdr
image,#i_veh_t8_decal_panel_07_g
image,#i_veh_t8_decal_panel_07_c
image,#i_veh_t8_decal_panel_07_o
image,#i_veh_t8_decal_panel_07_n
image,#i_veh_t8_decal_panel_07_s
image,#i_veh_t8_decal_panel_07_r
image,#skybox_default_black
image,#i_wpn_t8_sniper_koshka_barrel_mk2_m
image,#i_t7_plastic_clear_warped_sandy_c
image,#i_wpn_t8_lmg_heavy_decals_g
image,#i_wpn_t8_lmg_heavy_decals_c
image,#i_wpn_t8_lmg_heavy_decals_n
image,#i_wpn_t8_lmg_heavy_decals_s
image,#i_mtlp7_zm_gen_horror_shards_kit_07_rock_01_m
image,#hash_6b6648c3a45a0ed5
image,#hash_6b664bc3a45a13ee
image,#hash_6b664fc3a45a1aba
image,#i_attach_t8_smg_capacity_barrel_t
image,#i_attach_t8_smg_capacity_barrel_n
image,#i_attach_t8_smg_capacity_barrel_o
image,#i_attach_t8_smg_capacity_barrel_g
image,#i_mtl_p8_wz_supply_stash_chest_decal_dirt_02_c
image,#i_t8_rubber_recycled_floor_warm_01_n
image,#i_t7_metal_planter_top_trim_large_painted_n
image,#fxt8_smk_wisp_string_trail
image,#i_mtl_p7_zm_kin_bed_antique_worn_c
image,#i_mtl_p7_zm_kin_bed_antique_worn_n
image,#i_mtl_p7_zm_kin_bed_antique_worn_r
image,#ui_icon_inventory_p8_wz_ammo_pickup_shotgun
image,#i_mtl_p7_mou_storage_cabinet_scratch_m
image,#i_wpn_t8_zm_akud_cylinder_lvl1_s
image,#i_wpn_t8_zm_akud_cylinder_lvl1_c
image,#i_wpn_t8_zm_akud_cylinder_lvl1_g
image,#i_wpn_t8_zm_akud_cylinder_lvl1_o
image,#i_wpn_t8_zm_akud_cylinder_lvl1_n
image,#i_wpn_t8_lmg_titan_sig_01_bullet_s
image,#i_wpn_t8_lmg_titan_sig_01_bullet_c
image,#i_wpn_t8_lmg_titan_sig_01_bullet_g
image,#i_wpn_t8_lmg_titan_sig_01_bullet_o
image,#i_wpn_t8_lmg_titan_sig_01_bullet_n
image,#i_t8_wpn_lmg_heavy_frontsight_sig_01_g
image,#i_t8_wpn_lmg_heavy_frontsight_sig_01_c
image,#i_t8_wpn_lmg_heavy_frontsight_sig_01_n
image,#i_t8_wpn_lmg_heavy_frontsight_sig_01_o
image,#i_t8_wpn_lmg_heavy_frontsight_sig_01_s
image,#i_t7_detail_wood_02
image,#i_t7_detail_wood_01
image,#i_t8_decal_grunge_algea_stain_01_g
image,#i_t8_decal_grunge_algea_stain_01_c
image,#i_t8_decal_grunge_algea_stain_01_n
image,#i_t8_decal_grunge_algea_stain_01_r
image,#i_veh_t8_mil_heli_attack_navi_light_multi_m
image,#hash_eb937519c6df3497
image,#hash_6b9449772b19bfd2
image,#hash_6b9455772b19d436
image,#hash_6b9459772b19db02
image,#hash_6b945d772b19e1ce
image,#hash_6b945e772b19e381
image,#i_mtl_p7_zm_kin_bed_antique_pattern_c
image,#i_veh_t8_decal_leak_09_c
image,#ui_icon_weapon_lmg_double_render
image,#i_wpn_t8_shotgun_semi_straps02_sig_02_s
image,#i_wpn_t8_shotgun_semi_straps02_sig_02_g
image,#i_wpn_t8_shotgun_semi_straps02_sig_02_c
image,#i_wpn_t8_shotgun_semi_straps02_sig_02_o
image,#i_wpn_t8_shotgun_semi_straps02_sig_02_n
image,#i_mtl_veh_t7_dlc_glass_pattern_08_n
image,#hash_6baedc90fbe31c16
image,#hash_6baedd90fbe31dc9
image,#i_mtl_t7_plastic_tarp_reinforced_grunge_grey_n
image,#i_mtl_t7_plastic_tarp_reinforced_grunge_grey_c
image,#i_mtl_t7_plastic_tarp_reinforced_grunge_grey_a
image,#hash_ebb162ad1b84fb76
image,#i_wpn_t8_launcher_standard_receiver_o
image,#i_wpn_t8_launcher_standard_receiver_n
image,#i_wpn_t8_launcher_standard_receiver_m
image,#i_wpn_t8_launcher_standard_receiver_g
image,#i_wpn_t8_launcher_standard_receiver_c
image,#i_wpn_t8_launcher_standard_receiver_s
image,#i_wpn_t8_launcher_standard_receiver_r
image,#fxt8_fire_sm_lick_short_anim_hdr
image,#i_wpn_t8_ar_accurate_clip_sig_03_n
image,#i_wpn_t8_ar_accurate_clip_sig_03_o
image,#i_wpn_t8_ar_accurate_clip_sig_03_g
image,#i_wpn_t8_ar_accurate_clip_sig_03_c
image,#i_wpn_t8_ar_accurate_clip_sig_03_s
image,#i_wpn_t8_shotgun_semi_mag_glass_sig_02_n
image,#i_wpn_t8_shotgun_semi_mag_glass_sig_02_o
image,#i_wpn_t8_shotgun_semi_mag_glass_sig_02_g
image,#i_wpn_t8_shotgun_semi_mag_glass_sig_02_c
image,#i_wpn_t8_shotgun_semi_mag_glass_sig_02_s
image,#fxt_dirt_pcloud_02
image,#hash_6bc1f7513306beb4
image,#hash_6bc802d69a60b603
image,#hash_ebd0fde91cc52ad3
image,#i_mtl_p7_debris_newspaper_02_n
image,#i_mtl_p7_debris_newspaper_02_c
image,#i_mtl_p7_zm_mob_acid_trap_set_m
image,#i_mtl_p7_zm_mob_acid_trap_set_n
image,#i_mtl_wpn_t8_loot_smg_minigun_stock_m
image,#i_mtl_wpn_t8_loot_smg_minigun_stock_n
image,#i_mtl_wpn_t8_loot_smg_minigun_stock_o
image,#i_mtl_p7_hinge_metal_s
image,#i_mtl_wpn_t8_loot_smg_minigun_stock_g
image,#i_mtl_wpn_t8_loot_smg_minigun_stock_c
image,#i_mtl_p7_hinge_metal_g
image,#i_mtl_wpn_t8_loot_smg_minigun_stock_s
image,#i_mtl_p7_hinge_metal_o
image,#i_mtl_p7_hinge_metal_n
image,#i_mtl_p7_cai_street_vendor_02_dirty_c
image,#i_veh_t8_decal_stain_06_c
image,#i_wpn_t8_lmg_hades_front_sight_base_o
image,#i_wpn_t8_lmg_hades_front_sight_base_n
image,#i_wpn_t8_lmg_hades_front_sight_base_m
image,#i_wpn_t8_lmg_hades_front_sight_base_r
image,#hash_6beb4de7bfc6781d
image,#i_veh_t8_decal_panel_16_r
image,#i_veh_t8_decal_panel_16_g
image,#i_veh_t8_decal_panel_16_c
image,#i_veh_t8_decal_panel_16_o
image,#i_veh_t8_decal_panel_16_n
image,#i_attach_t8_ar_galil_mount_base_n
image,#i_attach_t8_ar_galil_mount_base_o
image,#i_attach_t8_ar_galil_mount_base_g
image,#i_attach_t8_ar_galil_mount_base_c
image,#i_attach_t8_ar_galil_mount_base_s
image,#i_attach_t8_tac_rifle_surgeon_grip_g
image,#i_attach_t8_tac_rifle_surgeon_grip_c
image,#i_attach_t8_tac_rifle_surgeon_grip_o
image,#i_attach_t8_tac_rifle_surgeon_grip_n
image,#i_attach_t8_tac_rifle_surgeon_grip_s
image,#hash_ec00b965661bdd92
image,#hash_ec00ba65661bdf45
image,#hash_ec00be65661be611
image,#hash_ec00c265661becdd
image,#hash_ec00cd65661bff8e
image,#hash_ec00ce65661c0141
image,#hash_ec1032169455557f
image,#hash_ec103e16945569e3
image,#hash_ec104216945570af
image,#hash_ec104516945575c8
image,#hash_ec1046169455777b
image,#hash_ec13bd73750dc061
image,#hash_6c14fc891f4afe37
image,#hash_6c14fd891f4affea
image,#hash_6c14fe891f4b019d
image,#i_t8_concrete_wall_cast_03_g
image,#i_t8_concrete_wall_cast_03_c
image,#i_t8_concrete_wall_cast_03_n
image,#fxt_dust_wind_md_anim
image,#hash_ec1e66303704fb2a
image,#hash_ec1e6a30370501f6
image,#hash_ec1e6b30370503a9
image,#hash_ec1e723037050f8e
image,#hash_ec1e76303705165a
image,#i_wpn_t8_sig_bow_cloth_g
image,#i_wpn_t8_sig_bow_cloth_c
image,#i_wpn_t8_sig_bow_cloth_n
image,#i_wpn_t8_sig_bow_cloth_o
image,#i_wpn_t8_sig_bow_cloth_s
image,#i_mtl_wpn_t8_loot_melee_polynesian_club_wood_g
image,#i_mtl_wpn_t8_loot_melee_polynesian_club_wood_c
image,#i_mtl_wpn_t8_loot_melee_polynesian_club_wood_n
image,#i_mtl_wpn_t8_loot_melee_polynesian_club_wood_o
image,#i_mtl_wpn_t8_loot_melee_polynesian_club_wood_s
image,#i_mtl_p7_conduit_metal_outlets_c
image,#i_mtl_p7_conduit_metal_outlets_g
image,#i_mtl_p7_conduit_metal_outlets_o
image,#i_mtl_p7_conduit_metal_outlets_n
image,#i_c_gen_detail_flakes_n
image,#i_t7_micro_metal_brushed_01_n
image,#i_veh_t8_paint_burnt_03_g
image,#i_veh_t8_paint_burnt_03_c
image,#hash_6c39235688a2d2ac
image,#hash_6c39245688a2d45f
image,#i_mtl_p8_zm_esc_radiator_vintage_01_m
image,#i_mtl_p7_picture_frame_backing_gold_n
image,#i_mtl_p7_picture_frame_backing_gold_c
image,#i_mtl_p7_foliage_vines_leaves_t
image,#i_mtl_p7_foliage_vines_leaves_n
image,#hash_ec3c3d064640a140
image,#hash_ec3c4d064640bc70
image,#hash_ec3c51064640c33c
image,#hash_ec3c59064640d0d4
image,#hash_ec3c5a064640d287
image,#i_mtl_p7_pipe_metal_sprinkler_straight_s
image,#i_mtl_p7_pipe_metal_sprinkler_straight_n
image,#i_mtl_p7_pipe_metal_sprinkler_straight_g
image,#i_mtl_p7_foliage_weeds_dead_c
image,#hash_ec4240e20a152bc6
image,#hash_ec4244e20a153292
image,#hash_ec424ce20a15402a
image,#hash_ec424de20a1541dd
image,#hash_ec4250e20a1546f6
image,#i_mtl_p8_kit_col_med_01_rollup_metal_door_o
image,#hash_6c4df476f07c9042
image,#i_t7_brick_worn_dirty_red_wet_n
image,#ui_icon_weapon_melee_amuletfist_render
image,#i_mtl_p7_cai_mobile_shops_civ_01_metal_09_s
image,#i_mtl_p7_cai_mobile_shops_civ_01_metal_09_n
image,#hash_6c5eea018c483618
image,#hash_ec61630e2c3b8feb
image,#i_t7_dlc1_water_lazy_river_c
image,#i_mtl_veh_t8_decal_text_1_c
image,#fxt8_debris_ember
image,#i_mtl_p8_zm_esc_dryer_industrial_nameplate_c
image,#hash_6c7880f20b3c0f06
image,#ui_icon_weapons_loot_shotgun_semi_sig_02
image,#ui_icon_weapons_loot_shotgun_semi_sig_01
image,#i_mtl_p8_zm_man_bucket_decal_grunge_g
image,#hash_6c8c6ac28d9cb118
image,#hash_6c8c76c28d9cc57c
image,#hash_6c8c77c28d9cc72f
image,#hash_6c8c7bc28d9ccdfb
image,#hash_6c8c7fc28d9cd4c7
image,#i_mtl_p8_zm_esc_dryer_industrial_02_n
image,#i_mtl_veh_t8_decal_panel_56_r
image,#i_mtl_veh_t8_decal_panel_56_c
image,#i_mtl_veh_t8_decal_panel_56_o
image,#i_mtl_veh_t8_decal_panel_56_n
image,#i_t7_decal_damage_glass_bullet_hit_03_c
image,#i_t7_decal_damage_glass_bullet_hit_03_n
image,#i_t7_graphic_display_04_c
image,#i_veh_t8_mil_heli_light_int_m
image,#i_veh_t8_mil_heli_light_int_o
image,#i_veh_t8_mil_heli_light_int_n
image,#ui_icon_weapon_hud_lmg_spray
image,#i_mtl_p7_zod_booth_table_round_n
image,#i_mtl_p7_zod_booth_table_round_m
image,#hash_ec9a902514e45b53
image,#i_t8_zm_esc_rocky_dirt_01_n
image,#i_t8_zm_esc_rocky_dirt_01_c
image,#i_t8_zm_esc_rocky_dirt_01_g
image,#i_t8_zm_esc_rocky_dirt_01_r
image,#i_c_t8_detail_rubber_old_n
image,#i_t7_decal_grunge_water_puddle_06_r
image,#i_mtl_p8_zm_esc_crate_wood_lrg_cloth02_m
image,#i_mtl_p7_mou_electric_switch_metal_05_m
image,#i_mtl_p7_mou_electric_switch_metal_05_n
image,#core_sand_light_n
image,#core_sand_light_c
image,#i_t7_dlc_wood_trim_painted_n
image,#i_t7_dlc_wood_trim_painted_c
image,#hash_6cc7cb6067d6aaf3
image,#$gray_one_channel
image,#i_veh_t8_decal_sign_square_half_04_c
image,#hash_ecd80689920fceff
image,#i_c_t8_zmb_mob_zombie_body2_torso_o
image,#i_c_t8_zmb_mob_zombie_body2_torso_n
image,#i_c_t8_zmb_mob_zombie_body2_torso_m
image,#i_c_t8_zmb_mob_zombie_body2_torso_c
image,#i_c_t8_zmb_mob_zombie_body2_torso_g
image,#i_c_t8_zmb_mob_zombie_body2_torso_s
image,#i_mtl_p7_cloth_drape_06_c
image,#i_mtl_p7_cloth_drape_06_n
image,#fxt8_spark_omni_hdr
image,#black_specular
image,#i_wpn_t8_sniper_power_semi_stock_mount_c
image,#i_wpn_t8_sniper_power_semi_stock_mount_g
image,#i_wpn_t8_sniper_power_semi_stock_mount_n
image,#i_wpn_t8_sniper_power_semi_stock_mount_o
image,#i_wpn_t8_sniper_power_semi_stock_mount_r
image,#i_wpn_t8_sniper_power_semi_stock_mount_s
image,#i_mtl_p7_wires_metal_recessed_s
image,#i_mtl_p7_wires_metal_recessed_o
image,#i_mtl_p7_wires_metal_recessed_n
image,#i_mtl_p7_wires_metal_recessed_c
image,#i_mtl_p7_wires_metal_recessed_g
image,#i_t8_decal_damage_concrete_sidewalk_seam_01_c
image,#i_t8_decal_damage_concrete_sidewalk_seam_01_n
image,#hash_ecff3a25c4da7dec
image,#hash_ecff4625c4da9250
image,#hash_ecff4a25c4da991c
image,#hash_ecff4e25c4da9fe8
image,#hash_ecff4f25c4daa19b
image,#hash_ecff5025c4daa34e
image,#i_t7_vld_glass_window_warehouse_transparent_g
image,#i_wpn_t8_loot_shotgun_fullauto_foregrip_c
image,#i_wpn_t8_loot_shotgun_fullauto_foregrip_g
image,#i_wpn_t8_loot_shotgun_fullauto_foregrip_n
image,#i_wpn_t8_loot_shotgun_fullauto_foregrip_o
image,#i_wpn_t8_loot_shotgun_fullauto_foregrip_s
image,#i_mtl_p7_zm_ver_cart_metal_surgical_metal_02_m
image,#i_mtl_p7_zm_ver_cart_metal_surgical_metal_02_n
image,#i_wpn_t8_tr_midburst_decals_sig_02_c
image,#i_wpn_t8_tr_midburst_decals_sig_02_g
image,#i_wpn_t8_tr_midburst_decals_sig_02_n
image,#hash_6d14d183b49979f6
image,#hash_6d14d283b4997ba9
image,#i_wpn_t8_zm_akud_clip_glow_n
image,#i_wpn_t8_sniper_koshka_stock_sig_02_g
image,#i_wpn_t8_sniper_koshka_stock_sig_02_c
image,#i_wpn_t8_sniper_koshka_stock_sig_02_n
image,#i_wpn_t8_sniper_koshka_stock_sig_02_o
image,#i_wpn_t8_sniper_koshka_stock_sig_02_s
image,#i_mtl_p8_computer_classroom_keyboard_plastic01_n
image,#i_wpn_t8_eqp_turret_mini_device_frame_03_s
image,#i_wpn_t8_eqp_turret_mini_device_frame_03_o
image,#i_wpn_t8_eqp_turret_mini_device_frame_03_n
image,#i_wpn_t8_eqp_turret_mini_device_frame_03_c
image,#i_wpn_t8_eqp_turret_mini_device_frame_03_g
image,#hash_ed30fe10efb35d59
image,#hash_ed310510efb3693e
image,#hash_ed310910efb3700a
image,#hash_ed311910efb38b3a
image,#i_t7_zm_isl_metal_trim_riveted_01_o
image,#i_t7_zm_isl_metal_trim_riveted_01_n
image,#i_t7_zm_isl_metal_trim_riveted_01_c
image,#i_t7_zm_isl_metal_trim_riveted_01_g
image,#i_t7_zm_isl_metal_trim_riveted_01_s
image,#i_mtl_wpn_t8_loot_lmg_mk48_sight_mk2_n
image,#i_t8_metal_paint_scratched_01_rust_r
image,#i_t8_metal_paint_scratched_01_rust_n
image,#i_t7_decal_metal_vent_01_n
image,#i_t7_decal_metal_vent_01_c
image,#i_t8_wpn_pistol_revolver_screen_overlay_02b_sig_02_c
image,#i_t8_camo_dlc3_assassin_alt_c
image,#hash_ed5fc9ec4fc046d2
image,#i_mtl_p8_box_electric_commercial_key_n
image,#i_mtl_p8_box_electric_commercial_key_m
image,#i_mtl_wpn_t8_loot_ar_standard_sights_sig_02_s
image,#i_mtl_wpn_t8_loot_ar_standard_sights_sig_02_c
image,#i_mtl_wpn_t8_loot_ar_standard_sights_sig_02_g
image,#i_mtl_wpn_t8_loot_ar_standard_sights_sig_02_o
image,#i_mtl_wpn_t8_loot_ar_standard_sights_sig_02_n
image,#hash_6d654541b174833c
image,#hash_6d654a41b1748bbb
image,#i_mtl_p7_zm_gen_concrete_pillar_damage_n
image,#i_mtl_p7_zm_gen_concrete_pillar_damage_r
image,#ui_icon_weapon_camo_active_sig_tr_powersemi_rustymech
image,#i_mtl_p7_can_metal_01_n
image,#i_mtl_p7_can_metal_01_c
image,#i_t7_glass_dirty_streaks_03_c
image,#i_mtl_p7_debris_trash_detergent_g
image,#i_mtl_p7_debris_trash_detergent_c
image,#i_mtl_p7_debris_trash_detergent_n
image,#ui_icon_weapon_hud_shotgun_fullauto
image,#i_p8_wz_ep_fishing_pole_metalwire_n
image,#i_wpn_t8_tac_rifle_mid_burts_reticle_c
image,#i_mtl_p7_dresser_wood_vintage_short_01_blue_02_m
image,#i_attach_t8_lmg_hades_barrel_c
image,#i_attach_t8_lmg_hades_barrel_g
image,#i_attach_t8_lmg_hades_barrel_n
image,#i_attach_t8_lmg_hades_barrel_o
image,#i_attach_t8_lmg_hades_barrel_r
image,#i_attach_t8_lmg_hades_barrel_s
image,#i_mtl_mtl_p8_zm_esc_warden_house_wood_panel_kit_mix
image,#i_mtl_p7_zm_mob_medical_cabinet_metal_01_m
image,#i_wpn_t8_zm_raygun_mk2_2_s
image,#i_wpn_t8_zm_raygun_mk2_2_o
image,#i_wpn_t8_zm_raygun_mk2_2_n
image,#i_wpn_t8_zm_raygun_mk2_2_g
image,#i_wpn_t8_zm_raygun_mk2_2_c
image,#i_mtl_p7_ban_boat_barge_metal01_m
image,#i_mtl_p7_rus_crate_wood_decal_wood_damage_n
image,#i_mtl_p7_rus_crate_wood_decal_wood_damage_c
image,#i_mtl_p7_rus_crate_wood_decal_wood_damage_g
image,#i_mtl_p8_zm_esc_table_wood_lrg_tablecloth_water_r
image,#hash_6db6f67356a3642d
image,#i_mtl_attach_t8_loot_sniper_semiauto_hical_01_s
image,#i_mtl_attach_t8_loot_sniper_semiauto_hical_01_o
image,#i_mtl_attach_t8_loot_sniper_semiauto_hical_01_n
image,#i_mtl_attach_t8_loot_sniper_semiauto_hical_01_g
image,#i_mtl_attach_t8_loot_sniper_semiauto_hical_01_c
image,#i_wpn_t8_crossbow_muzzle_base_s
image,#i_wpn_t8_crossbow_muzzle_base_r
image,#i_wpn_t8_crossbow_muzzle_base_g
image,#i_wpn_t8_crossbow_muzzle_base_c
image,#i_wpn_t8_crossbow_muzzle_base_o
image,#i_wpn_t8_crossbow_muzzle_base_n
image,#i_wpn_t8_crossbow_muzzle_base_m
image,#i_wpn_t8_loot_ar_double_tap_bolt_mk2_m
image,#i_wpn_t8_loot_ar_double_tap_bolt_mk2_n
image,#i_t8_graphics_nitrogen_cylinder_labels_06_n
image,#i_t8_graphics_nitrogen_cylinder_labels_06_c
image,#fxt8_spark_round_alpha
image,#i_mtl_p7_light_led_box_c
image,#i_mtl_p7_light_led_box_m
image,#core_metal_dark_s
image,#core_metal_dark_g
image,#core_metal_dark_c
image,#i_t7_veh_decal_greeble_10_n
image,#i_mtl_wpn_t8_loot_smg_minigun_bodytop_c
image,#i_mtl_wpn_t8_loot_smg_minigun_bodytop_g
image,#i_mtl_wpn_t8_loot_smg_minigun_bodytop_o
image,#i_mtl_wpn_t8_loot_smg_minigun_bodytop_n
image,#i_mtl_wpn_t8_loot_smg_minigun_bodytop_m
image,#i_mtl_wpn_t8_loot_smg_minigun_bodytop_s
image,#i_t8_micro_plastic_rough_01_n
image,#hash_edca5b3fc2c1714c
image,#i_attach_t8_pistol_burst_laser_01_c
image,#i_attach_t8_pistol_burst_laser_01_g
image,#i_attach_t8_pistol_burst_laser_01_o
image,#i_attach_t8_pistol_burst_laser_01_n
image,#i_attach_t8_pistol_burst_laser_01_s
image,#i_mtl_p7_zm_tra_tank_chemical_mian_m
image,#i_mtl_p7_zm_tra_tank_chemical_mian_n
image,#i_wpn_t8_launcher_standard_tube_n
image,#i_wpn_t8_launcher_standard_tube_o
image,#i_wpn_t8_launcher_standard_tube_g
image,#i_wpn_t8_launcher_standard_tube_c
image,#i_wpn_t8_launcher_standard_tube_s
image,#ui_icon_scorestreaks_turret_mini_render
image,#i_mtl_p7_zm_ver_bookshelf_wood_01_m
image,#i_mtl_p7_zm_ver_bookshelf_wood_01_n
image,#i_mtl_p7_zm_isl_light_flood_stand_m
image,#i_mtl_p7_zm_isl_light_flood_stand_n
image,#i_wpn_t8_shotgun_semi_bolt_sig_01_g
image,#i_wpn_t8_shotgun_semi_bolt_sig_01_n
image,#i_wpn_t8_shotgun_semi_bolt_sig_01_o
image,#i_wpn_t8_shotgun_semi_bolt_sig_01_s
image,#i_wpn_t8_shotgun_semi_mag_sig_02_o
image,#i_wpn_t8_shotgun_semi_mag_sig_02_n
image,#i_wpn_t8_shotgun_semi_mag_sig_02_c
image,#i_wpn_t8_shotgun_semi_mag_sig_02_g
image,#i_wpn_t8_shotgun_semi_mag_sig_02_s
image,#i_p8_zm_zod_toy_alpha_c
image,#i_p8_zm_zod_toy_alpha_n
image,#i_mtl_p7_ladder_metal_secured_n
image,#i_mtl_p7_ladder_metal_secured_o
image,#i_mtl_p7_ladder_metal_secured_m
image,#i_p8_wz_foliage_leymus_grass_01_d_r
image,#i_attach_t8_ar_stealth_charging_handle_m
image,#i_attach_t8_ar_stealth_charging_handle_o
image,#i_attach_t8_ar_stealth_charging_handle_n
image,#i_attach_t8_ar_stealth_charging_handle_g
image,#i_attach_t8_ar_stealth_charging_handle_c
image,#i_attach_t8_ar_stealth_charging_handle_s
image,#i_wpn_t8_wz_ar_stealth_mag_c
image,#hash_ee091771f5f8d1a5
image,#i_t7_cai_stone_block_wall_01_n
image,#i_t7_cai_stone_block_wall_01_c
image,#i_mtl_p7_zm_ctl_desk_supply_set_decal_01_c
image,#i_mtl_p8_wz_foliage_bush_erigonum_stem_02_n
image,#i_mtl_p8_wz_foliage_bush_erigonum_stem_02_c
image,#i_mtl_p7_crate_ammo_metal_decal_c
image,#i_t8_zm_zod_metal_painted_wall_heavy_trim_r
image,#i_mtl_p8_chi_camera_security_bubble_lens_n
image,#i_mtl_p8_chi_camera_security_bubble_lens_c
image,#hash_ee22064bcfd09fad
image,#hash_ee2325557a91ead9
image,#i_t7_micro_wood_rough_n
image,#i_t7_micro_wood_rough_c
image,#i_mtl_t8_loot_wpn_smg_folding_foregrip_m
image,#i_mtl_t8_loot_wpn_smg_folding_foregrip_n
image,#i_mtl_t8_loot_wpn_smg_folding_foregrip_o
image,#i_mtl_t8_loot_wpn_smg_folding_foregrip_g
image,#i_mtl_t8_loot_wpn_smg_folding_foregrip_c
image,#hash_6e2a76defe7c76b4
image,#i_mtl_p7_cai_door_wood_rustic_02_wood_c
image,#i_mtl_p7_cai_door_wood_rustic_02_wood_n
image,#hash_ee33578600dc7ba2
image,#i_t7_metal_worn_steel_plate_base_s
image,#i_t8_decal_utility_metal_cover_rect_02_n
image,#i_t8_decal_utility_metal_cover_rect_02_c
image,#i_t8_decal_utility_metal_cover_rect_02_g
image,#hash_ee3a3db78460804b
image,#hash_ee3a3eb7846081fe
image,#ch_metal_rusty_02b_col
image,#i_c_t8_detail_plastic_grainy_mr6_6_n
image,#i_mtl_t8_wpn_lmg_heavy_stock_mk2_n
image,#hash_ee433e9fac6ea482
image,#hash_ee45e5c7f51bf4ee
image,#hash_ee46c41cfe1b7fb7
image,#ui_icon_weapon_melee_slaybell_render
image,#i_t8_metal_ship_hull_01_painted_r
image,#i_veh_t8_plastic_fiberglass_bench_c
image,#hash_ee611a1ae7379b96
image,#i_mtl_attach_t8_loot_ar_double_barrel_ext_mag_02_o
image,#i_mtl_attach_t8_loot_ar_double_barrel_ext_mag_02_n
image,#i_mtl_attach_t8_loot_ar_double_barrel_ext_mag_02_m
image,#i_mtl_attach_t8_loot_ar_double_barrel_ext_mag_02_c
image,#i_mtl_attach_t8_loot_ar_double_barrel_ext_mag_02_g
image,#i_mtl_attach_t8_loot_ar_double_barrel_ext_mag_02_s
image,#ui_icon_weapon_tr_longburst_render
image,#i_attach_t8_smg_capacity_handguard_02_m
image,#i_attach_t8_smg_capacity_handguard_02_o
image,#i_attach_t8_smg_capacity_handguard_02_n
image,#i_attach_t8_smg_capacity_handguard_02_g
image,#i_attach_t8_smg_capacity_handguard_02_s
image,#i_attach_t8_smg_capacity_handguard_02_r
image,#i_t8_wpn_smg_accurate_ribbons_sig_02_n
image,#i_t8_wpn_smg_accurate_ribbons_sig_02_o
image,#i_t8_wpn_smg_accurate_ribbons_sig_02_c
image,#i_t8_wpn_smg_accurate_ribbons_sig_02_g
image,#i_t7_detail_towels_01
image,#i_t7_rope_nylon_02_n
image,#i_t7_rope_nylon_02_c
image,#i_mtl_p7_zm_asc_hose_c
image,#i_mtl_p7_zm_asc_hose_n
image,#i_mtl_t8_wpn_lmg_heavy_clip_mk2_n
image,#i_p8_zm_zod_mail_sorting_set_m
image,#ui_icon_attachment_supressor
image,#i_mtl_wpn_t8_loot_melee_zombie_arm_suit_c
image,#i_mtl_wpn_t8_loot_melee_zombie_arm_suit_g
image,#i_mtl_wpn_t8_loot_melee_zombie_arm_suit_n
image,#i_mtl_wpn_t8_loot_melee_zombie_arm_suit_o
image,#i_mtl_wpn_t8_loot_melee_zombie_arm_suit_m
image,#i_c_t8_detail_plastic_grainy_chaser_3_n
image,#i_veh_t8_decal_sign_shock_01_c
image,#hash_6e86245d732ff525
image,#loot03_ui_icon_blackmarket_reserves_weapon_smg_fastburst_mk2
image,#fxt_decal_foam
image,#i_mtl_p7_suspension_bridge_steel_cable_01_m
image,#i_mtl_p7_suspension_bridge_steel_cable_01_o
image,#i_mtl_p7_suspension_bridge_steel_cable_01_n
image,#hash_ee95003956def8c9
image,#hash_ee961989ca03eb4c
image,#hash_ee961a89ca03ecff
image,#hash_ee962689ca040163
image,#hash_ee962a89ca04082f
image,#hash_ee962d89ca040d48
image,#hash_ee962e89ca040efb
image,#hud_icon_minigun
image,#hash_ee9c6886b08f7af9
image,#i_mtl_p8_bottles_broken_ashore_03_n
image,#i_mtl_wpn_t8_camo_geometric_10_s
image,#i_mtl_wpn_t8_camo_geometric_10_n
image,#i_mtl_wpn_t8_camo_geometric_10_g
image,#i_mtl_wpn_t8_camo_geometric_10_c
image,#i_wpn_t8_lmg_hades_magwell_base_m
image,#i_wpn_t8_lmg_hades_magwell_base_o
image,#i_wpn_t8_lmg_hades_magwell_base_n
image,#i_wpn_t8_lmg_hades_magwell_base_r
image,#loot_04_ui_icon_blackmarket_stream_mastercraft_hades
image,#i_mtl_wpn_t8_camo_diamond_01_n
image,#i_p8_jpn_duffel_bag_01_o
image,#i_p8_jpn_duffel_bag_01_n
image,#i_p8_jpn_duffel_bag_01_m
image,#i_p8_jpn_duffel_bag_01_c
image,#i_mtl_wpn_t8_camo_diamond_01_g
image,#i_p8_jpn_duffel_bag_01_g
image,#i_mtl_wpn_t8_camo_diamond_01_s
image,#i_p8_jpn_duffel_bag_01_s
image,#i_mtl_wpn_t8_camo_diamond_01_t
image,#hash_eea42881961eb819
image,#i_wpn_t8_sniper_koshka_bolt_sig_02_o
image,#i_wpn_t8_sniper_koshka_bolt_sig_02_n
image,#i_wpn_t8_sniper_koshka_bolt_sig_02_c
image,#i_wpn_t8_sniper_koshka_bolt_sig_02_g
image,#i_wpn_t8_sniper_koshka_bolt_sig_02_s
image,#fxt8_fire_md_lick_dissipate_anim_hdr
image,#i_wpn_t8_ar_kn57_receiver_upper_c
image,#i_wpn_t8_ar_kn57_receiver_upper_g
image,#i_wpn_t8_ar_kn57_receiver_upper_o
image,#i_wpn_t8_ar_kn57_receiver_upper_n
image,#i_wpn_t8_ar_kn57_receiver_upper_s
image,#i_wpn_t8_ar_kn57_receiver_upper_r
image,#i_mtl_p7_zm_kin_cabinet_storage_set_m
image,#i_mtl_p7_fir_ammo_crate_bullets_metal_01_n
image,#hash_6eb4b2e01de05a73
image,#i_t8_moss_base_01_c
image,#i_t8_moss_base_01_n
image,#i_mtl_p8_zm_esc_power_house_windows_04_m
image,#i_mtl_p8_zm_esc_power_house_windows_04_n
image,#i_mtl_p8_zm_esc_power_house_windows_04_o
image,#hash_eebe28fb64299100
image,#hash_eebe29fb642992b3
image,#hash_eebe30fb64299e98
image,#hash_eebe34fb6429a564
image,#hash_eebe44fb6429c094
image,#i_t8_decal_tech_detail_low_tech_08_n
image,#i_t8_decal_tech_detail_low_tech_08_o
image,#i_t8_decal_tech_detail_low_tech_08_c
image,#i_attach_t8_sniper_koshka_dbal_02_o
image,#i_attach_t8_sniper_koshka_dbal_02_n
image,#i_attach_t8_sniper_koshka_dbal_02_c
image,#i_attach_t8_sniper_koshka_dbal_02_g
image,#i_attach_t8_sniper_koshka_dbal_02_s
image,#i_mtl_p7_cinder_block_broken_2_n
image,#i_mtl_p7_cinder_block_broken_2_c
image,#hash_eecacabb756fc5de
image,#hash_eecad6bb756fda42
image,#hash_eecad7bb756fdbf5
image,#hash_eecadabb756fe10e
image,#hash_eecadcbb756fe474
image,#hash_eecadebb756fe7da
image,#i_t7_con_cloth_carpet_macro_n
image,#i_t7_con_cloth_carpet_macro_m
image,#i_veh_t8_base_paint_18_dead_c
image,#i_mtl_p7_zm_asc_light_fluorescent_glass_n
image,#i_mtl_p7_zm_asc_light_fluorescent_glass_c
image,#i_mtl_p7_zm_asc_light_fluorescent_glass_t
image,#hash_6ece18a67ad308f6
image,#fxt8_light_ray_spread_streaks_mask
image,#i_wpn_t8_tr_midburst_front_sig_02_s
image,#i_wpn_t8_tr_midburst_front_sig_02_o
image,#i_wpn_t8_tr_midburst_front_sig_02_n
image,#i_wpn_t8_tr_midburst_front_sig_02_c
image,#i_wpn_t8_tr_midburst_front_sig_02_g
image,#i_mtl_wpn_t8_ar_stealth_sig_02_rail_base_s
image,#i_mtl_wpn_t8_ar_stealth_sig_02_rail_base_n
image,#i_mtl_wpn_t8_ar_stealth_sig_02_rail_base_o
image,#i_mtl_wpn_t8_ar_stealth_sig_02_rail_base_g
image,#i_t7_cloth_leather_black_n
image,#fxt_gel_drops_n
image,#i_veh_t8_mil_heli_light_engine_n
image,#i_veh_t8_mil_heli_light_engine_o
image,#i_veh_t8_mil_heli_light_engine_m
image,#i_mtl_p7_mirror_dressing_vintage_01_density_c
image,#i_mtl_p7_mirror_dressing_vintage_01_density_n
image,#i_mtl_p7_water_container_plastic_decals_n
image,#i_mtl_p7_water_container_plastic_decals_c
image,#i_mtl_p7_tools_hammer_n
image,#i_mtl_p7_dumpster_construction_large_base_03_n
image,#i_mtl_p7_dumpster_construction_large_base_03_o
image,#i_mtl_p7_dumpster_construction_large_base_03_m
image,#i_wpn_t8_loot_ar_double_tap_bullet_s
image,#i_wpn_t8_loot_ar_double_tap_bullet_n
image,#i_wpn_t8_loot_ar_double_tap_bullet_o
image,#i_wpn_t8_loot_ar_double_tap_bullet_g
image,#i_wpn_t8_loot_ar_double_tap_bullet_c
image,#i_attach_t8_loot_sniper_locus_fast_mag_01_g
image,#i_attach_t8_loot_sniper_locus_fast_mag_01_c
image,#i_attach_t8_loot_sniper_locus_fast_mag_01_o
image,#i_attach_t8_loot_sniper_locus_fast_mag_01_n
image,#i_mtl_p7_cai_rock_rubble_pile_01_n
image,#i_mtl_p7_cai_rock_rubble_pile_01_m
image,#hash_eefa36d905fc8260
image,#hash_eefa3ad905fc892c
image,#hash_eefa42d905fc96c4
image,#hash_eefa43d905fc9877
image,#hash_eefa46d905fc9d90
image,#i_wpn_t8_shotgun_semi_screws01_sig_02_g
image,#i_wpn_t8_shotgun_semi_screws01_sig_02_n
image,#i_wpn_t8_shotgun_semi_screws01_sig_02_o
image,#i_wpn_t8_shotgun_semi_screws01_sig_02_s
image,#hash_6f0173a972d8b538
image,#i_mtl_p7_gate_metal_scissor_01_tile01_n
image,#i_mtl_p7_gate_metal_scissor_01_tile01_c
image,#i_mtl_wpn_t8_ar_stealth_sig_01_barrel_s
image,#i_mtl_wpn_t8_ar_stealth_sig_01_barrel_c
image,#i_mtl_wpn_t8_ar_stealth_sig_01_barrel_g
image,#i_mtl_wpn_t8_ar_stealth_sig_01_barrel_o
image,#i_mtl_wpn_t8_ar_stealth_sig_01_barrel_n
image,#i_wpn_t8_loot_ar_double_tap_barrel_mk2_m
image,#i_wpn_t8_loot_ar_double_tap_barrel_mk2_n
image,#ui_icon_attachment_float_dot
image,#i_mtl_wpn_t8_ar_stealth_sig_01_base_weapon_01_s
image,#i_mtl_wpn_t8_ar_stealth_sig_01_base_weapon_01_g
image,#i_mtl_wpn_t8_ar_stealth_sig_01_base_weapon_01_c
image,#i_mtl_wpn_t8_ar_stealth_sig_01_base_weapon_01_o
image,#i_mtl_wpn_t8_ar_stealth_sig_01_base_weapon_01_n
image,#i_attach_t8_shotgun_pump_loader_mk2_m
image,#hash_ef1677aee45ea0c4
image,#hash_ef167baee45ea790
image,#hash_ef167caee45ea943
image,#hash_ef167daee45eaaf6
image,#hash_ef1683aee45eb528
image,#hash_ef1687aee45ebbf4
image,#i_wpn_t8_eqp_trophy_system_decals_n
image,#i_wpn_t8_eqp_trophy_system_decals_c
image,#i_t7_micro_stone_mixed_04a_c
image,#i_wpn_t8_tac_rifle_swordfish_sig02_lens_n
image,#i_t8_zm_fro_metal_rust_heavy_n
image,#i_wpn_t7_zmb_perk_bottle_water_ds_c
image,#hash_6f20d4c5e8725b89
image,#hash_6f20d8c5e8726255
image,#hash_6f20dfc5e8726e3a
image,#i_mtl_p7_zm_kin_table_wood_wall_wood_n
image,#i_mtl_p7_zm_kin_table_wood_wall_wood_m
image,#i_mtl_wpn_t8_sniper_vanguard_sig_01_bolt_v2_n
image,#i_mtl_wpn_t8_sniper_vanguard_sig_01_bolt_v2_o
image,#i_mtl_wpn_t8_sniper_vanguard_sig_01_bolt_v2_g
image,#i_mtl_wpn_t8_sniper_vanguard_sig_01_bolt_v2_c
image,#i_mtl_wpn_t8_sniper_vanguard_sig_01_bolt_v2_s
image,#i_mtl_p7_zm_ver_sink_vanity_set_decal_01_c
image,#i_mtl_p7_cai_door_metal_rustic_decal_01_n
image,#i_mtl_p7_cai_door_metal_rustic_decal_01_c
image,#i_t7_plaster_smooth_light_01_n
image,#i_mtl_p8_kit_spa_spanish_roof_tile_orange_worn_01_m
image,#ui_icon_scorestreaks_dart_dark
image,#i_mtl_wpn_t8_smg_burst_mag_sig_o
image,#i_mtl_wpn_t8_smg_burst_mag_sig_n
image,#i_mtl_wpn_t8_smg_burst_mag_sig_g
image,#i_mtl_wpn_t8_smg_burst_mag_sig_c
image,#i_mtl_wpn_t8_smg_burst_mag_sig_s
image,#i_wpn_t7_camo_obsidian_2e
image,#i_mtl_p7_zm_mob_cabinet_steel_03_n
image,#i_mtl_wpn_t8_loot_shotgun_fullauto_rails_alt_sig_c
image,#i_mtl_wpn_t8_loot_shotgun_fullauto_rails_alt_sig_g
image,#i_mtl_wpn_t8_loot_shotgun_fullauto_rails_alt_sig_o
image,#i_mtl_wpn_t8_loot_shotgun_fullauto_rails_alt_sig_n
image,#i_mtl_wpn_t8_loot_shotgun_fullauto_rails_alt_sig_s
image,#ui_icon_obit_smg_handling
image,#i_mtl_p8_lab_tech_rack_label_decal_01_c
image,#i_mtl_p7_zm_ver_sink_vanity_set_wood_01_m
image,#i_mtl_p7_zm_ver_sink_vanity_set_wood_01_n
image,#hash_ef5224c173ef8503
image,#i_t8_decal_tech_detail_low_tech_15_n
image,#i_t8_decal_tech_detail_low_tech_15_o
image,#i_t8_decal_tech_detail_low_tech_15_c
image,#i_t8_decal_tech_detail_low_tech_15_r
image,#i_t7_concrete_dirty_quad_01_c
image,#i_p7_cry_vents_lobby_01_s
image,#i_p7_cry_vents_lobby_01_g
image,#i_p7_cry_vents_lobby_01_n
image,#i_p7_cry_vents_lobby_01_o
image,#hash_6f5a35915ca74de8
image,#hash_6f5a36915ca74f9b
image,#hash_6f6202a7b538df4b
image,#hash_ef62829ab5cc70d1
image,#hash_ef670511eda254cd
image,#hash_ef67aeeb88f8a534
image,#i_mtl_wpn_t8_smg_burst_decals_sig_n
image,#i_mtl_wpn_t8_smg_burst_decals_sig_c
image,#i_mtl_wpn_t8_smg_burst_decals_sig_g
image,#i_mtl_p7_3arc_park_leaves_n
image,#i_mtl_p7_3arc_park_leaves_c
image,#hash_6f72bf5e671d3a69
image,#hash_6f72ca5e671d4d1a
image,#i_t7_micro_wood_tiger_c
image,#i_t7_micro_wood_tiger_n
image,#i_mtl_p8_wz_foliage_primrose_02_proxy_specular
image,#i_mtl_p7_medical_gauze_roll_plastic_c
image,#i_mtl_p7_medical_gauze_roll_plastic_n
image,#i_t7_decal_damage_road_tar_dull_lgt_c
image,#i_t7_decal_damage_road_tar_dull_lgt_n
image,#i_mtl_p8_zm_esc_crane_bolt_m
image,#i_mtl_p8_zm_esc_crane_bolt_n
image,#hash_6f7bbc72be771986
image,#i_mtl_p7_zur_painting_modern_04_c
image,#i_t7_asphalt_damaged_dark_n
image,#i_t8_wpn_lmg_heavy_barrel_sig_01_s
image,#i_t8_wpn_lmg_heavy_barrel_sig_01_c
image,#i_t8_wpn_lmg_heavy_barrel_sig_01_g
image,#i_t8_wpn_lmg_heavy_barrel_sig_01_n
image,#i_t8_wpn_lmg_heavy_barrel_sig_01_o
image,#i_wpn_t8_sig_bow_base_piece_stick_c
image,#i_wpn_t8_sig_bow_base_piece_stick_g
image,#i_wpn_t8_sig_bow_base_piece_stick_o
image,#i_wpn_t8_sig_bow_base_piece_stick_n
image,#i_wpn_t8_sig_bow_base_piece_stick_s
image,#i_mtl_p8_col_rock_large_04a_o
image,#i_mtl_p8_col_rock_large_04a_n
image,#i_mtl_p8_col_rock_large_04a_c
image,#i_mtl_attach_t8_ar_kn57_grip_mk2_m
image,#fxt_distort_heat
image,#hash_ef91d285988d918b
image,#i_mtl_p8_foliage_weeds_short_grass_03_c
image,#i_mtl_p8_foliage_weeds_short_grass_03_n
image,#hash_6f9ce4b3a3db0640
image,#i_attach_t8_loot_sniper_locus_stock_01_c
image,#i_attach_t8_loot_sniper_locus_stock_01_g
image,#i_attach_t8_loot_sniper_locus_stock_01_m
image,#i_attach_t8_loot_sniper_locus_stock_01_o
image,#i_attach_t8_loot_sniper_locus_stock_01_n
image,#i_attach_t8_loot_sniper_locus_stock_01_s
image,#i_t7_concrete_poured_bunker_dirty_01_m
image,#i_t7_concrete_poured_bunker_dirty_01_n
image,#i_t7_concrete_poured_bunker_dirty_01_c
image,#hash_6f9f434b3b443899
image,#hash_6f9f524b3b445216
image,#hash_6f9f5e4b3b44667a
image,#hash_ef9f5f4b3b44682d
image,#i_mtl_p8_zm_zod_chair_victorian_mat_n
image,#i_mtl_p8_zm_zod_chair_victorian_mat_g
image,#i_mtl_p8_zm_zod_chair_victorian_mat_c
image,#i_mtl_p7_monitor_rugged_military_internal_g
image,#i_mtl_p7_monitor_rugged_military_internal_c
image,#i_mtl_p7_monitor_rugged_military_internal_o
image,#i_mtl_p7_monitor_rugged_military_internal_n
image,#hash_efa5e2b701db0266
image,#hash_efa5e6b701db0932
image,#hash_efa5e8b701db0c98
image,#hash_efa5eab701db0ffe
image,#hash_efa5ebb701db11b1
image,#hash_efa5f6b701db2462
image,#i_mtl_p7_zm_ver_generator_dirty01_n
image,#i_mtl_p7_zm_ver_generator_dirty01_g
image,#i_mtl_p7_zm_ver_generator_dirty01_c
image,#hash_efa852a2267e9b40
image,#hash_efa853a2267e9cf3
image,#hash_efa85aa2267ea8d8
image,#hash_efa85ea2267eafa4
image,#hash_efa86ea2267ecad4
image,#hash_efa86fa2267ecc87
image,#i_mtl_wpn_t8_ar_stealth_sig_02_base_weapon_02_o
image,#i_mtl_wpn_t8_ar_stealth_sig_02_base_weapon_02_n
image,#i_mtl_wpn_t8_ar_stealth_sig_02_base_weapon_02_c
image,#i_mtl_wpn_t8_ar_stealth_sig_02_base_weapon_02_g
image,#i_mtl_wpn_t8_ar_stealth_sig_02_base_weapon_02_e
image,#i_mtl_wpn_t8_ar_stealth_sig_02_base_weapon_02_s
image,#hash_efb852ab98c830e6
image,#hash_efba6a6ea0affb5f
image,#hash_efba766ea0b00fc3
image,#hash_efba7a6ea0b0168f
image,#hash_efba7d6ea0b01ba8
image,#hash_efba7e6ea0b01d5b
image,#mtl_p8_zm_scepter_beacon_sphere_mask
image,#i_mtl_p7_rock_sing_park_01_n
image,#i_mtl_p7_rock_sing_park_01_c
image,#i_attach_t8_loot_smg_burst_dbal_side_r
image,#i_attach_t8_loot_smg_burst_dbal_side_s
image,#i_attach_t8_loot_smg_burst_dbal_side_c
image,#i_attach_t8_loot_smg_burst_dbal_side_g
image,#i_attach_t8_loot_smg_burst_dbal_side_n
image,#i_attach_t8_loot_smg_burst_dbal_side_o
image,#hash_efc23a4a8a97a004
image,#hash_efc23b4a8a97a1b7
image,#hash_efc23e4a8a97a6d0
image,#hash_efc23f4a8a97a883
image,#hash_efc2464a8a97b468
image,#hash_efc24a4a8a97bb34
image,#fxt_fol_leaves_vine
image,#i_mtl_p8_chi_comm_antenna_roof_base_metal_03_m
image,#hash_efe03e33dd3130a0
image,#hash_efe04233dd31376c
image,#hash_efe04b33dd3146b7
image,#i_attach_t8_tac_rifle_surgeon_barrel_s
image,#i_attach_t8_tac_rifle_surgeon_barrel_g
image,#i_attach_t8_tac_rifle_surgeon_barrel_c
image,#i_attach_t8_tac_rifle_surgeon_barrel_o
image,#i_attach_t8_tac_rifle_surgeon_barrel_n
image,#i_t8_decal_grunge_rust_06_c
image,#i_t8_decal_grunge_rust_06_o
image,#i_t8_decal_grunge_rust_06_n
image,#hash_efe695ad2be55447
image,#hash_efe76f8a0defef71
image,#hash_efe77a8a0df00222
image,#hash_efe77b8a0df003d5
image,#hash_efe77f8a0df00aa1
image,#hash_efe7838a0df0116d
image,#hash_efed3f1e12230e9d
image,#hash_efed411e12231203
image,#hash_efed421e122313b6
image,#hash_efed431e12231569
image,#hash_efed4b1e12232301
image,#hash_efed4f1e122329cd
image,#i_t8_zm_esc_concrete_slabs_02_2x2_n
image,#i_t8_zm_esc_concrete_slabs_02_2x2_g
image,#i_t8_zm_esc_concrete_slabs_02_2x2_c
image,#i_t7_drywall_decal_cream_damage_drk_c
image,#i_t8_wpn_smg_capacity_buttpad_sig_n
image,#i_t8_wpn_smg_capacity_buttpad_sig_o
image,#hash_eff561459b98b8e0
image,#hash_eff571459b98d410
image,#hash_eff575459b98dadc
image,#hash_eff57d459b98e874
image,#hash_eff57e459b98ea27
image,#i_t7_decal_damage_glass_shatter_01_c
image,#i_t7_decal_damage_glass_shatter_01_n
image,#hash_eff8d5c2f31eda95
image,#i_eqp_t8_grenade_smoke_decals_c
image,#i_mtl_wpn_t8_loot_shotgun_fullauto_stockpad_alt_sig_s
image,#i_mtl_wpn_t8_loot_shotgun_fullauto_stockpad_alt_sig_g
image,#i_mtl_wpn_t8_loot_shotgun_fullauto_stockpad_alt_sig_c
image,#i_mtl_wpn_t8_loot_shotgun_fullauto_stockpad_alt_sig_o
image,#i_mtl_wpn_t8_loot_shotgun_fullauto_stockpad_alt_sig_n
image,#i_p7_pallet_truck_metal_dirty_s
image,#i_p7_pallet_truck_metal_dirty_g
image,#i_p7_pallet_truck_metal_dirty_c
image,#i_wpn_t8_tac_rifle_swordfish_buckles_n
image,#i_wpn_t8_tac_rifle_swordfish_buckles_o
image,#i_wpn_t8_tac_rifle_swordfish_buckles_c
image,#i_wpn_t8_tac_rifle_swordfish_buckles_g
image,#i_t8_decal_grunge_asphalt_oil_stains_n
image,#i_t8_decal_grunge_asphalt_oil_stains_c
image,#i_t8_decal_tech_detail_high_tech_60_c
image,#i_t8_decal_tech_detail_high_tech_60_g
image,#i_t8_decal_tech_detail_high_tech_60_n
image,#i_t8_decal_tech_detail_high_tech_60_o
image,#i_mtl_p7_zm_zod_crane_claw_01_m
image,#i_mtl_p7_zm_zod_crane_claw_01_n
image,#i_mtl_t8_wpn_lmg_heavy_barrel_mk2_s
image,#fx_dest_atlas_c
image,#hash_7031a21f5af00c37
image,#i_wpn_t8_eqp_trophy_system_sensor_s
image,#i_wpn_t8_eqp_trophy_system_sensor_o
image,#i_wpn_t8_eqp_trophy_system_sensor_n
image,#i_wpn_t8_eqp_trophy_system_sensor_g
image,#i_wpn_t8_eqp_trophy_system_sensor_c
image,#i_mtl_p7_monitor_rugged_military_n
image,#hash_f03b39b2f2b41644
image,#hash_f03b3cb2f2b41b5d
image,#i_mtl_veh_t8_decal_equipment_vent_normal_r
image,#hash_f0437a63f12c3982
image,#i_mtl_attach_t8_loot_smg_vmp_silencer_01_g
image,#i_mtl_attach_t8_loot_smg_vmp_silencer_01_c
image,#i_mtl_attach_t8_loot_smg_vmp_silencer_01_o
image,#i_mtl_attach_t8_loot_smg_vmp_silencer_01_n
image,#i_mtl_attach_t8_loot_smg_vmp_silencer_01_s
image,#i_mtl_attach_t8_loot_smg_vmp_silencer_01_r
image,#hash_f04c59ffac92a6f1
image,#ui_icon_weapon_hud_ar_stealth
image,#i_mtl_p7_zm_ctl_light_cage_wall_metal_m
image,#i_mtl_p7_zm_ctl_light_cage_wall_metal_n
image,#i_veh_t7_decal_bolt_03_r
image,#ui_icon_weapon_ar_modular_tactical_render
image,#i_t8_concrete_wall_poured_02_n
image,#i_t8_concrete_wall_poured_02_o
image,#i_t8_concrete_wall_poured_02_g
image,#i_mtl_p7_wes_basin_metal_set_decal_rust
image,#hash_f0591e4a4a504b1f
image,#i_wpn_t8_tac_rifle_swordfish_barrel_mk2_o
image,#i_wpn_t8_tac_rifle_swordfish_barrel_mk2_m
image,#i_wpn_t8_melee_hatchet_handle_s
image,#i_wpn_t8_melee_hatchet_handle_c
image,#i_wpn_t8_melee_hatchet_handle_g
image,#i_wpn_t8_melee_hatchet_handle_n
image,#i_wpn_t8_melee_hatchet_handle_o
image,#hash_7066d69ec453c039
image,#hash_7066dd9ec453cc1e
image,#hash_7066e19ec453d2ea
image,#i_wpn_tr_powersemi_stock_sig_02_n
image,#i_wpn_tr_powersemi_stock_sig_02_o
image,#i_wpn_tr_powersemi_stock_sig_02_c
image,#i_wpn_tr_powersemi_stock_sig_02_g
image,#i_wpn_tr_powersemi_stock_sig_02_s
image,#i_mtl_p8_foliage_weeds_bunch_03_c
image,#i_mtl_p8_foliage_weeds_bunch_03_n
image,#i_mtl_p7_zm_ver_wheelchair_wood_01_n
image,#i_mtl_p7_zm_ver_wheelchair_wood_01_m
image,#i_t7_decal_metal_nails_c
image,#i_t7_decal_metal_nails_n
image,#i_wpn_t8_sniper_vanguard_scope_reticle_c
image,#i_mtl_p8_zm_esc_gun_gallery_metal_beam_02_multi_m
image,#i_wpn_t8_ar_modular_02_weapon_sig_03_o
image,#i_wpn_t8_ar_modular_02_weapon_sig_03_n
image,#i_wpn_t8_ar_modular_02_weapon_sig_03_c
image,#i_wpn_t8_ar_modular_02_weapon_sig_03_g
image,#i_wpn_t8_ar_modular_02_weapon_sig_03_s
image,#i_mtl_p7_debris_concrete_rubble_lg_01_c
image,#i_mtl_p7_debris_concrete_rubble_lg_01_n
image,#i_mtl_p7_zm_ver_box_electric_panel_additional_n
image,#i_mtl_p7_zm_ver_box_electric_panel_additional_m
image,#i_mtl_p7_sweep_alpha_n
image,#i_mtl_p7_sweep_alpha_c
image,#i_mtl_t8_camo_dlc3_spacedust_06_c
image,#hash_f07e5cedaaeee67f
image,#i_mtl_p8_foliage_grass_blades_tall_set_a_t
image,#i_mtl_p8_foliage_grass_blades_tall_set_a_n
image,#i_mtl_p8_foliage_grass_blades_tall_set_a_c
image,#i_p7_picture_frame_backing_g
image,#i_p8_cable_wire_bundle_01_s
image,#i_p8_cable_wire_bundle_01_o
image,#i_p8_cable_wire_bundle_01_n
image,#i_p8_cable_wire_bundle_01_g
image,#i_p8_cable_wire_bundle_01_c
image,#i_wpn_t8_ar_stealth_hical_r
image,#i_wpn_t8_ar_stealth_hical_s
image,#i_wpn_t8_ar_stealth_hical_c
image,#i_wpn_t8_ar_stealth_hical_g
image,#i_wpn_t8_ar_stealth_hical_n
image,#i_wpn_t8_ar_stealth_hical_o
image,#hash_f084e16f82a0c40a
image,#i_mtl_p7_cash_register_vintage_paster_c
image,#hash_70868126325fb314
image,#fxt8_water_splash_tall_center_anim_mask
image,#i_wpn_t8_ar_accurate_sig_01_sights_n
image,#i_wpn_t8_ar_accurate_sig_01_sights_o
image,#i_wpn_t8_ar_accurate_sig_01_sights_c
image,#i_wpn_t8_ar_accurate_sig_01_sights_g
image,#i_wpn_t8_ar_accurate_sig_01_sights_r
image,#i_wpn_t8_ar_accurate_sig_01_sights_s
image,#i_mtl_p8_usa_locker_metal_door_plastic_decal_c
image,#hash_f0a5046106ce90be
image,#i_p7_zm_asc_barrel_metal_blue_lid_c
image,#i_p7_zm_asc_barrel_metal_blue_lid_m
image,#hash_70a96b521617bafa
image,#i_wpn_t8_eqp_smartcover_decals02_c
image,#i_wpn_t8_lmg_titan_bolt_n
image,#i_wpn_t8_lmg_titan_bolt_o
image,#i_wpn_t8_lmg_titan_bolt_g
image,#i_wpn_t8_lmg_titan_bolt_c
image,#i_wpn_t8_lmg_titan_bolt_r
image,#hash_70b05cc749606e5b
image,#i_mtl_p7_zm_isl_barricade_wood_plank_set_wood_n
image,#hash_f0b0b5b5e79ae70d
image,#hash_f0b118a066344228
image,#hash_f0b177b7b71d6cd9
image,#hash_f0bb2e8bf8dc9ef3
image,#hash_f0bb3e8bf8dcba23
image,#hash_f0bb428bf8dcc0ef
image,#hash_f0bb498bf8dcccd4
image,#hash_f0bb4a8bf8dcce87
image,#i_wpn_t8_tac_rifle_surgeon_lower_1_s
image,#i_wpn_t8_tac_rifle_surgeon_lower_1_c
image,#i_wpn_t8_tac_rifle_surgeon_lower_1_g
image,#i_wpn_t8_tac_rifle_surgeon_lower_1_n
image,#i_wpn_t8_tac_rifle_surgeon_lower_1_o
image,#i_mtl_p8_zm_esc_pipe_metal_dark_02_rust_n
image,#i_mtl_p8_zm_esc_pipe_metal_dark_02_rust_m
image,#i_t8_micro_paint_02_n
image,#i_t8_micro_paint_02_g
image,#i_t8_micro_paint_02_c
image,#hash_70cc051fa77c3836
image,#i_mtl_wpn_t8_zm_towers_scorpion_leg_n
image,#i_mtl_wpn_t8_zm_towers_scorpion_leg_o
image,#i_mtl_wpn_t8_zm_towers_scorpion_leg_c
image,#i_mtl_wpn_t8_zm_towers_scorpion_leg_g
image,#i_mtl_wpn_t8_zm_towers_scorpion_leg_e
image,#i_mtl_wpn_t8_zm_towers_scorpion_leg_s
image,#i_wpn_t8_lmg_hades_rear_sight_sig_01_s
image,#i_wpn_t8_lmg_hades_rear_sight_sig_01_n
image,#i_wpn_t8_lmg_hades_rear_sight_sig_01_o
image,#i_wpn_t8_lmg_hades_rear_sight_sig_01_g
image,#i_t7_micro_cloth_cotton_02_n
image,#i_t7_micro_cloth_cotton_02_c
image,#ui_icon_weapons_zm_ar_standard
image,#fxt8_liquid_spurt
image,#i_t8_zm_esc_spawn_cap_decal_01_g
image,#i_t8_zm_esc_spawn_cap_decal_01_c
image,#i_t8_zm_esc_spawn_cap_decal_01_o
image,#i_t8_zm_esc_spawn_cap_decal_01_n
image,#i_mtl_p7_cai_sign_billboard_weather_metal_tile_dull_g
image,#ui_icon_weapon_hud_shotgun_pump
image,#i_veh_t8_decal_hinge_10_n
image,#i_veh_t8_decal_hinge_10_o
image,#i_veh_t8_decal_hinge_10_c
image,#i_veh_t8_decal_hinge_10_t
image,#i_mtl_p8_crate_wood_decal_03_bolt_c
image,#i_mtl_p8_crate_wood_decal_03_bolt_n
image,#i_wpn_t8_eqp_turret_mini_decal_n
image,#i_wpn_t8_eqp_turret_mini_decal_c
image,#i_wpn_t8_eqp_turret_mini_decal_g
image,#hash_70e3ee1f03c16cc8
image,#i_t7_decal_snow_sparkle_c
image,#i_t7_zm_sta_metal_robot_tile_01_n
image,#i_t7_zm_sta_metal_robot_tile_01_g
image,#i_t7_zm_sta_metal_robot_tile_01_c
image,#i_t8_zm_fro_ice_chunks_n
image,#i_t7_metal_bronze_dirty_r
image,#i_t7_metal_bronze_dirty_g
image,#i_mtl_p7_zm_sta_cabinet_antique_glass_c
image,#i_wpn_t8_sig_grapple_gun_hook_s
image,#i_wpn_t8_sig_grapple_gun_hook_m
image,#i_wpn_t8_sig_grapple_gun_hook_o
image,#i_wpn_t8_sig_grapple_gun_hook_n
image,#i_wpn_t8_sig_grapple_gun_hook_c
image,#i_wpn_t8_sig_grapple_gun_hook_g
image,#i_veh_t8_mil_boat_tactical_raft_body_straight_01_n
image,#i_veh_t8_mil_boat_tactical_raft_body_straight_01_o
image,#i_veh_t8_mil_boat_tactical_raft_body_straight_01_m
image,#i_mtl_p8_zm_lab_bubbles_03_c
image,#hash_7103ec7d32548f08
image,#hash_7103ef7d32549421
image,#ui_icon_weapon_smg_fastfire_mk2_render
image,#i_mtl_p8_wz_foliage_wild_grass_01_t
image,#i_mtl_p8_wz_foliage_wild_grass_01_c
image,#i_mtl_p8_wz_foliage_wild_grass_01_n
image,#detail_noise
image,#i_attach_t8_pistol_revolver_hammer_o
image,#i_attach_t8_pistol_revolver_hammer_n
image,#i_attach_t8_pistol_revolver_hammer_g
image,#i_attach_t8_pistol_revolver_hammer_c
image,#i_attach_t8_pistol_revolver_hammer_s
image,#i_wpn_t8_launcher_standard_canvas_body_r
image,#i_wpn_t8_launcher_standard_canvas_body_m
image,#i_wpn_t8_launcher_standard_canvas_body_o
image,#i_wpn_t8_launcher_standard_canvas_body_n
image,#i_wpn_t8_launcher_standard_canvas_body_g
image,#i_wpn_t8_launcher_standard_canvas_body_c
image,#i_mtl_p8_chi_beam_roof_metal_rust_02_n
image,#i_mtl_p8_chi_beam_roof_metal_rust_02_c
image,#i_t7_street_concrete_curb_01a_c
image,#i_t7_street_concrete_curb_01a_n
image,#hash_71245cea7f377e94
image,#hash_71245dea7f378047
image,#hash_71245fea7f3783ad
image,#i_p8_col_fishing_net_tile_n
image,#i_p8_col_fishing_net_tile_c
image,#i_p8_col_fishing_net_tile_g
image,#i_mtl_p8_col_storage_chem_lab_wood_m
image,#i_mtl_p7_cai_work_table_metal_03_white_m
image,#i_mtl_p7_cai_work_table_metal_03_white_n
image,#hash_f1280843a58c4958
image,#hash_f1280943a58c4b0b
image,#i_t8_wpn_smg_accurate_body_lower_sig_02_alt2_c
image,#i_wpn_t8_loot_smg_burst_weapon_mk2_n
image,#i_wpn_t8_loot_smg_burst_weapon_mk2_m
image,#i_t7_decal_signage_laundry_6_c
image,#i_t7_decal_signage_laundry_6_r
image,#i_attach_t8_loot_shotgun_fullauto_barrel_c
image,#i_attach_t8_loot_shotgun_fullauto_barrel_g
image,#i_attach_t8_loot_shotgun_fullauto_barrel_n
image,#i_attach_t8_loot_shotgun_fullauto_barrel_o
image,#i_attach_t8_loot_shotgun_fullauto_barrel_s
image,#hash_f138d614b0002cd8
image,#i_mtl_p8_debris_asphalt_chunks_md_07_o
image,#i_mtl_p8_debris_asphalt_chunks_md_07_n
image,#i_wpn_t8_smg_accurate_runes_sig_03_c
image,#hash_f14772a6f2701be6
image,#hash_f14773a6f2701d99
image,#i_wpn_t8_smg_handling_upper_mk2_m
image,#i_wpn_t8_smg_handling_upper_mk2_n
image,#hash_f14783a6f27038c9
image,#i_wpn_t8_smg_handling_upper_mk2_o
image,#hash_f14787a6f2703f95
image,#hash_f1478ea6f2704b7a
image,#hash_f1478fa6f2704d2d
image,#ui_icon_equipment_thermite_dark
image,#hash_714ee5624c342ee8
image,#i_t7_metal_trim_worn_iron_dark_m
image,#i_mtl_p7_zm_ver_mannequin_cloth_c
image,#i_mtl_p7_zm_ver_mannequin_cloth_n
image,#i_mtl_p7_zm_ver_mannequin_cloth_m
image,#hash_7155a8f980c1ca40
image,#hash_7155b5f980c1e057
image,#hash_f15e2ddc7065d090
image,#i_p8_zm_chaos_mound_base_n
image,#hash_716771c2e774aebf
image,#i_mtl_p8_spa_trashcan_covered_proxy_specular
image,#i_t7_veh_decal_panelcut_01_c
image,#i_t7_veh_decal_panelcut_01_n
image,#i_t7_veh_decal_panelcut_01_o
image,#i_t7_veh_decal_panelcut_01_r
image,#hash_f16f14fad0088b06
image,#hash_f16f15fad0088cb9
image,#hash_f16f1cfad008989e
image,#hash_f16f20fad0089f6a
image,#hash_f16f30fad008ba9a
image,#hash_f16f31fad008bc4d
image,#i_t7_plaster_peeling_01_c
image,#i_t7_plaster_peeling_01_n
image,#ui_icon_weapon_ar_damage_sig_02_render
image,#i_mtl_p8_zm_esc_decal_paint_grey_r
image,#i_t7_micro_metal_bare_scuffed_01_n
image,#i_t7_micro_metal_bare_scuffed_01_g
image,#i_t7_micro_metal_bare_scuffed_01_c
image,#hash_f17ce6f2f10c8b80
image,#hash_f17cf3f2f10ca197
image,#hash_f17cf6f2f10ca6b0
image,#hash_f183bddb63ba4f0e
image,#i_mtl_t8_wpn_smg_accurate_handguard_r
image,#hash_f1893801a94e95b2
image,#hash_718b0529dc6f6129
image,#i_mtl_p7_slu_barrel_metal_02_dmg_n
image,#i_mtl_p7_slu_barrel_metal_02_dmg_m
image,#hash_719921d7ba420337
image,#hash_7199d284d4cf0259
image,#hash_f19d4400f85cc81c
image,#i_t7_micro_metal_rust_heavy_01_g
image,#i_t7_micro_metal_rust_heavy_01_c
image,#i_t7_micro_metal_rust_heavy_01_n
image,#i_mtl_p8_wz_foliage_bush_coyote_b_c
image,#i_mtl_p8_wz_foliage_bush_coyote_b_n
image,#hash_71a903514c547b4a
image,#hash_71a904514c547cfd
image,#ui_icon_obit_ar_fastfire
image,#i_mtl_p7_cai_dumpster_small_dirt_01_c
image,#hash_f1af9984106bf381
image,#fxt_smk_billow_whisp_anim
image,#i_mtl_p7_cai_dumpster_small_base_01_n
image,#i_mtl_p7_cai_dumpster_small_base_01_m
image,#i_veh_t8_decal_data_plate_04_c
image,#hash_71bdb0c74530a0fa
image,#i_t7_out_plastic_floor_epoxy_c
image,#i_t7_out_plastic_floor_epoxy_n
image,#i_t8_micro_concrete_bare_weathered_02_g
image,#i_mtl_p8_kit_col_med_01_rollup_metal_small_door_m
image,#i_mtl_p8_kit_col_med_01_rollup_metal_small_door_n
image,#hash_f1c79f7fd7cf7e82
image,#hash_f1c7a07fd7cf8035
image,#fxt8_fog_slow_lg_anim
image,#i_t8_wood_worn_varnished_g
image,#i_t8_wood_worn_varnished_n
image,#i_t8_decal_blood_splatter_floor_02_c
image,#i_veh_t8_metal_grunge_galvanized_01_g
image,#i_c_t8_mp_spe_armor_medium_g
image,#i_c_t8_mp_spe_armor_medium_c
image,#i_c_t8_mp_spe_armor_medium_o
image,#i_c_t8_mp_spe_armor_medium_n
image,#i_c_t8_mp_spe_armor_medium_m
image,#i_c_t8_mp_spe_armor_medium_s
image,#loot_03_ui_icon_blackmarket_stream_sig_tr_semiauto
image,#i_wpn_t8_smg_fastfire_body_01_mk2_n
image,#i_t8_decal_tech_detail_high_tech_59_r
image,#i_t8_decal_tech_detail_high_tech_59_g
image,#i_t8_decal_tech_detail_high_tech_59_c
image,#i_t8_decal_tech_detail_high_tech_59_n
image,#i_t8_decal_tech_detail_high_tech_59_o
image,#i_p7_rug_cloth_persian_128x256_01_n
image,#$blacktransparent_color
image,#i_t7_metal_copper_oxidized_01_desaturated_c
image,#hash_f1e23907c2d076b3
image,#hash_f1e23d07c2d07d7f
image,#hash_f1e24407c2d08964
image,#hash_f1e24507c2d08b17
image,#hash_f1e24907c2d091e3
image,#ui_icon_weapon_ar_accurate_sig_01_render
image,#i_t7_sky_rubber_flat_dlc1_n
image,#i_c_gen_detail_cloth_v2_n
image,#i_t8_wpn_lmg_heavy_frontgrip_sig_01_s
image,#i_t8_wpn_lmg_heavy_frontgrip_sig_01_o
image,#i_t8_wpn_lmg_heavy_frontgrip_sig_01_n
image,#i_t8_wpn_lmg_heavy_frontgrip_sig_01_g
image,#i_t8_wpn_lmg_heavy_frontgrip_sig_01_c
image,#i_mtl_p8_col_conveyor_unit_decal_03_n
image,#i_t8_zm_esc_dirt_rocky_04_n
image,#hash_71ef671d40f29598
image,#hash_71ef731d40f2a9fc
image,#i_mtl_p7_slu_light_switch_plastic_m
image,#i_mtl_p7_slu_light_switch_plastic_n
image,#i_mtl_p7_debris_paint_peeling_01_c
image,#i_wpn_t8_ar_fastfire_release_o
image,#i_wpn_t8_ar_fastfire_release_n
image,#i_wpn_t8_ar_fastfire_release_g
image,#i_wpn_t8_ar_fastfire_release_c
image,#i_wpn_t8_ar_fastfire_release_s
image,#i_mtl_wpn_t8_ar_stealth_sig_01_front_handguard_s
image,#i_mtl_wpn_t8_ar_stealth_sig_01_front_handguard_g
image,#i_mtl_wpn_t8_ar_stealth_sig_01_front_handguard_c
image,#i_mtl_wpn_t8_ar_stealth_sig_01_front_handguard_o
image,#i_mtl_wpn_t8_ar_stealth_sig_01_front_handguard_n
image,#i_t7_concrete_base_warm_weathered_g
image,#i_mtl_p7_duct_metal_rectangle_straight_128_o
image,#i_mtl_p7_duct_metal_rectangle_straight_128_n
image,#fxt8_water_ripple_anim
image,#hash_f20130e3a683b04a
image,#hash_f20132e3a683b3b0
image,#hash_f20134e3a683b716
image,#hash_f20135e3a683b8c9
image,#hash_f2013ce3a683c4ae
image,#hash_f20140e3a683cb7a
image,#hash_72027b812f9fb75a
image,#i_t7_decal_bullet_concrete_01_n
image,#i_t7_decal_bullet_concrete_01_c
image,#i_wpn_t7_camo_ardent_rare_c
image,#ui_icon_weapon_ar_standard_render
image,#i_mtl_p8_box_electric_commercial_lrg_01_dmg_metal_m
image,#fxt_exp_underwater_bubble
image,#i_wpn_t8_shotgun_semi_receiver03_sig_02_s
image,#i_wpn_t8_shotgun_semi_receiver03_sig_02_n
image,#i_wpn_t8_shotgun_semi_receiver03_sig_02_o
image,#i_wpn_t8_shotgun_semi_receiver03_sig_02_g
image,#i_wpn_t8_shotgun_semi_receiver03_sig_02_c
image,#hash_f23c6d4119dee66d
image,#i_wpn_t8_loot_shotgun_fullauto_stockpad_s
image,#i_wpn_t8_loot_shotgun_fullauto_stockpad_o
image,#i_wpn_t8_loot_shotgun_fullauto_stockpad_n
image,#i_wpn_t8_loot_shotgun_fullauto_stockpad_g
image,#i_wpn_t8_loot_shotgun_fullauto_stockpad_c
image,#i_mtl_p8_zm_esc_paper_pile_set_c
image,#i_mtl_p8_zm_esc_paper_pile_set_g
image,#i_mtl_p8_zm_esc_box_cardboard_damaged_set_waterlogging_r
image,#i_p8_zm_whi_kitchen_fridge_n
image,#i_p8_zm_whi_kitchen_fridge_o
image,#i_p8_zm_whi_kitchen_fridge_c
image,#i_p8_zm_whi_kitchen_fridge_g
image,#i_p8_zm_whi_kitchen_fridge_s
image,#i_t7_metal_planter_top_trim_large_painted_worn_c
image,#i_t7_metal_planter_top_trim_large_painted_worn_g
image,#i_wpn_t8_decals_global_screws_inset_round_01_n
image,#i_wpn_t8_decals_global_screws_inset_round_01_o
image,#i_t8_decal_tech_detail_line_trim_05_metal_c
image,#i_p8_zm_zod_mail_sorting_metal_n
image,#hash_f25324893bdd873e
image,#i_mtl_p8_box_electric_commercial_decal_sign_c
image,#i_mtl_veh_t8_decal_text_letters_c
image,#ui_icon_weapons_zm_shotgunpump
image,#i_p7_box_wood_wood_m
image,#i_mtl_p8_wz_supply_stash_decal_clip_c
image,#i_mtl_p8_wz_supply_stash_decal_clip_n
image,#i_mtl_p8_kit_zt8_gal_02_table_narl_n
image,#fxt8_dust_mote_long
image,#i_wpn_t8_sniper_koshka_cheek_rest_r
image,#i_wpn_t8_sniper_koshka_cheek_rest_s
image,#i_wpn_t8_sniper_koshka_cheek_rest_n
image,#i_wpn_t8_sniper_koshka_cheek_rest_o
image,#i_wpn_t8_sniper_koshka_cheek_rest_c
image,#i_wpn_t8_sniper_koshka_cheek_rest_g
image,#core_burnt_dark_n
image,#core_burnt_dark_c
image,#i_attach_t8_ar_stealth_fast_mag_s
image,#i_attach_t8_ar_stealth_fast_mag_m
image,#i_attach_t8_ar_stealth_fast_mag_o
image,#i_attach_t8_ar_stealth_fast_mag_n
image,#i_attach_t8_ar_stealth_fast_mag_c
image,#i_attach_t8_ar_stealth_fast_mag_g
image,#hash_7268103d4e18321e
image,#i_veh_t8_decal_panel_17_n
image,#i_veh_t8_decal_panel_17_o
image,#i_veh_t8_decal_panel_17_g
image,#i_veh_t8_decal_panel_17_c
image,#i_veh_t8_decal_panel_17_s
image,#i_mtl_wpn_t8_loot_ar_standard_vines_sig_02_c
image,#i_mtl_wpn_t8_loot_ar_standard_vines_sig_02_g
image,#i_mtl_wpn_t8_loot_ar_standard_vines_sig_02_n
image,#i_mtl_wpn_t8_loot_ar_standard_vines_sig_02_o
image,#i_mtl_wpn_t8_loot_ar_standard_vines_sig_02_s
image,#i_p8_zm_zod_cart_mail_sorting_set_o
image,#i_p8_zm_zod_cart_mail_sorting_set_n
image,#i_p8_zm_zod_cart_mail_sorting_set_m
image,#i_wpn_t8_loot_smg_burst_handguard_s
image,#i_wpn_t8_loot_smg_burst_handguard_r
image,#i_wpn_t8_loot_smg_burst_handguard_c
image,#i_wpn_t8_loot_smg_burst_handguard_g
image,#i_wpn_t8_loot_smg_burst_handguard_o
image,#i_wpn_t8_loot_smg_burst_handguard_n
image,#i_t7_ceramic_tile_shower_white_cracks_n
image,#i_t7_ceramic_tile_shower_white_cracks_r
image,#i_mtl_wpn_t8_zm_towers_scorpion_handle_splitfront_chain_04_s
image,#i_mtl_wpn_t8_zm_towers_scorpion_handle_splitfront_chain_04_o
image,#i_mtl_wpn_t8_zm_towers_scorpion_handle_splitfront_chain_04_n
image,#i_mtl_wpn_t8_zm_towers_scorpion_handle_splitfront_chain_04_g
image,#i_mtl_wpn_t8_zm_towers_scorpion_handle_splitfront_chain_04_c
image,#i_mtl_p7_zm_mob_table_mess_hall_set_03_m
image,#hash_728ae82f8446e310
image,#hash_728aeb2f8446e829
image,#hash_f28e87dd4e81ad72
image,#hash_f28e88dd4e81af25
image,#hash_f28e93dd4e81c1d6
image,#hash_f28e97dd4e81c8a2
image,#hash_f28e9bdd4e81cf6e
image,#hash_f28e9cdd4e81d121
image,#hash_f29384908a9ac5e0
image,#hash_f29394908a9ae110
image,#hash_f29398908a9ae7dc
image,#hash_f293a0908a9af574
image,#hash_f293a1908a9af727
image,#i_t7_decal_grunge_chemical_corrosion_02_n
image,#hash_f296da473701d94c
image,#hash_f296e6473701edb0
image,#hash_f296ea473701f47c
image,#hash_f296ee473701fb48
image,#hash_f296ef473701fcfb
image,#i_t7_veh_decal_keep_clear_c
image,#i_mtl_p7_wes_bed_victorian_ornate_comforter_02_n
image,#hash_f29c03af307e0af2
image,#i_t8_wpn_pistol_auto_mag_s
image,#i_t8_wpn_pistol_auto_mag_n
image,#i_t8_wpn_pistol_auto_mag_o
image,#i_t8_wpn_pistol_auto_mag_g
image,#i_veh_t8_detail_leather_01
image,#i_wpn_t8_ar_fastfire_grip_sig_02_g
image,#i_wpn_t8_ar_fastfire_grip_sig_02_c
image,#i_wpn_t8_ar_fastfire_grip_sig_02_o
image,#i_wpn_t8_ar_fastfire_grip_sig_02_n
image,#i_wpn_t8_ar_fastfire_grip_sig_02_s
image,#hash_f2a2a3f4182f41c4
image,#hash_f2a2b4f4182f5ea7
image,#i_wpn_tac_rifle_mid_burst_charginhandle_mk2_m
image,#i_wpn_tac_rifle_mid_burst_charginhandle_mk2_n
image,#i_mtl_wpn_t8_sniper_vanguard_sig_02_stock_o
image,#i_mtl_wpn_t8_sniper_vanguard_sig_02_stock_n
image,#i_mtl_wpn_t8_sniper_vanguard_sig_02_stock_g
image,#i_mtl_wpn_t8_sniper_vanguard_sig_02_stock_c
image,#i_mtl_wpn_t8_sniper_vanguard_sig_02_stock_s
image,#hash_f2a85c9b46e9c864
image,#i_mtl_p8_industrial_scissor_lift_nail_m
image,#i_mtl_p7_mou_concrete_slab_small_m
image,#i_mtl_p7_mou_concrete_slab_small_n
image,#hash_72b0c1e0b92e0fa9
image,#hash_72b0cce0b92e225a
image,#hash_72b0cde0b92e240d
image,#i_wpn_t8_loot_ar_peacekeeper_barrel_base_c
image,#i_wpn_t8_loot_ar_peacekeeper_barrel_base_g
image,#i_wpn_t8_loot_ar_peacekeeper_barrel_base_o
image,#i_wpn_t8_loot_ar_peacekeeper_barrel_base_n
image,#i_wpn_t8_loot_ar_peacekeeper_barrel_base_s
image,#hash_72bb5a1db7a474bf
image,#i_mtl_wpn_t8_loot_shotgun_fullauto_screws_sig_s
image,#i_mtl_wpn_t8_loot_shotgun_fullauto_screws_sig_c
image,#i_mtl_wpn_t8_loot_shotgun_fullauto_screws_sig_g
image,#i_mtl_wpn_t8_loot_shotgun_fullauto_screws_sig_o
image,#i_mtl_wpn_t8_loot_shotgun_fullauto_screws_sig_n
image,#i_t8_metal_bare_steel_worn_01_512_n
image,#i_wpn_t8_eqp_turret_mini_case_panel_interior_o
image,#i_wpn_t8_eqp_turret_mini_case_panel_interior_n
image,#i_wpn_t8_eqp_turret_mini_case_panel_interior_c
image,#i_wpn_t8_eqp_turret_mini_case_panel_interior_g
image,#i_wpn_t8_eqp_turret_mini_case_panel_interior_s
image,#hash_72c619b398467c71
image,#i_mtl_p8_zm_esc_cell_door_set_01_rust_n
image,#i_mtl_p8_zm_esc_cell_door_set_01_rust_m
image,#loot04_ui_icon_blackmarket_reserves_weapon_pistol_burst
image,#i_mtl_p7_debris_junkyard_scrap_c
image,#i_mtl_p7_debris_junkyard_scrap_g
image,#i_mtl_p7_debris_junkyard_scrap_n
image,#i_mtl_p7_cai_mobile_shops_civ_01_metal_decal_01_c
image,#hash_f2e26285f2b34e99
image,#i_mtl_p7_chair_victorian_velvet_01_velvet_n
image,#i_mtl_p7_zm_asc_fire_extinguisher_set_02_m
image,#i_mtl_p7_zm_asc_fire_extinguisher_set_02_n
image,#i_wpn_t8_hero_war_machine_body2_s
image,#i_wpn_t8_hero_war_machine_body2_c
image,#i_wpn_t8_hero_war_machine_body2_g
image,#i_wpn_t8_hero_war_machine_body2_o
image,#i_wpn_t8_hero_war_machine_body2_n
image,#i_t8_metal_corrugated_vertical_01_painted_g
image,#i_t8_metal_corrugated_vertical_01_painted_c
image,#i_t8_metal_corrugated_vertical_01_painted_n
image,#i_c_t8_zmb_mob_zombie_body2_shoes_s
image,#i_c_t8_zmb_mob_zombie_body2_shoes_n
image,#i_c_t8_zmb_mob_zombie_body2_shoes_o
image,#i_c_t8_zmb_mob_zombie_body2_shoes_c
image,#i_c_t8_zmb_mob_zombie_body2_shoes_g
image,#ui_icon_weapon_hud_smg_folding_tactical_wz
image,#hash_f2fc1382e6d8d6d9
image,#hash_f2fc1782e6d8dda5
image,#hash_f2fc1a82e6d8e2be
image,#hash_f2fc1b82e6d8e471
image,#hash_f2fc2682e6d8f722
image,#hash_f2fc2782e6d8f8d5
image,#carbon_fiber_normal
image,#i_mtl_wpn_t8_loot_smg_vmp_decals_g
image,#i_mtl_wpn_t8_loot_smg_vmp_decals_c
image,#i_mtl_wpn_t8_loot_smg_vmp_decals_n
image,#i_wpn_t8_ar_heavy_receiver_sig_02_s
image,#i_wpn_t8_ar_heavy_receiver_sig_02_o
image,#i_wpn_t8_ar_heavy_receiver_sig_02_n
image,#i_wpn_t8_ar_heavy_receiver_sig_02_g
image,#i_wpn_t8_ar_heavy_receiver_sig_02_c
image,#i_mtl_wpn_t8_loot_lmg_mk48_stock_alt_m
image,#i_mtl_attach_t8_loot_ar_double_barrel_ext_barrel_s
image,#i_mtl_attach_t8_loot_ar_double_barrel_ext_barrel_c
image,#i_mtl_attach_t8_loot_ar_double_barrel_ext_barrel_g
image,#i_mtl_attach_t8_loot_ar_double_barrel_ext_barrel_m
image,#i_mtl_attach_t8_loot_ar_double_barrel_ext_barrel_o
image,#i_mtl_attach_t8_loot_ar_double_barrel_ext_barrel_n
image,#i_mtl_p7_curtain_hanging_yarn_n
image,#i_mtl_p7_curtain_hanging_yarn_c
image,#hash_730f9bd2d946d997
image,#hash_730f9cd2d946db4a
image,#i_mtl_p7_wes_lamp_oil_stand_tall_n
image,#i_mtl_p7_wes_lamp_oil_stand_tall_m
image,#i_wpn_t8_sig_flamethrower_upper_base_m
image,#i_wpn_t8_sig_flamethrower_upper_base_n
image,#i_wpn_t8_sig_flamethrower_upper_base_o
image,#i_t8_wpn_smg_accurate_rear_sight_g
image,#i_t8_wpn_smg_accurate_rear_sight_c
image,#i_t8_wpn_smg_accurate_rear_sight_n
image,#i_t8_wpn_smg_accurate_rear_sight_o
image,#i_t8_wpn_smg_accurate_rear_sight_s
image,#i_mtl_p8_spa_fireplace_log_bark_c
image,#i_mtl_p8_spa_fireplace_log_bark_n
image,#i_t7_veh_decal_symbol_ground_c
image,#i_attach_t8_ar_fastfire_grip_01_g
image,#i_attach_t8_ar_fastfire_grip_01_c
image,#i_attach_t8_ar_fastfire_grip_01_n
image,#i_attach_t8_ar_fastfire_grip_01_o
image,#i_attach_t8_ar_fastfire_grip_01_s
image,#i_t7_micro_metal_grunge_scratch_fine_01_s
image,#i_t7_micro_metal_grunge_scratch_fine_01_g
image,#i_t7_micro_metal_grunge_scratch_fine_01_c
image,#i_t7_micro_metal_grunge_scratch_fine_01_n
image,#i_attach_t8_ar_heavy_handguard_01_o
image,#i_attach_t8_ar_heavy_handguard_01_n
image,#i_attach_t8_ar_heavy_handguard_01_c
image,#i_attach_t8_ar_heavy_handguard_01_g
image,#i_attach_t8_ar_heavy_handguard_01_s
image,#ui_icon_weapon_ar_peacekeeper_render
image,#i_wpn_t8_zm_homunculus_syringe_decal_n
image,#i_wpn_t8_zm_homunculus_syringe_decal_c
image,#t7_hud_icon_menu_hatchet_pu
image,#hash_f33b572ab7a18499
image,#i_mtl_p8_zm_esc_frame_picture_n
image,#i_mtl_p8_zm_esc_frame_picture_g
image,#i_mtl_p8_zm_esc_frame_picture_c
image,#i_t8_decal_tech_detail_high_tech_45_c
image,#i_t8_decal_tech_detail_high_tech_45_g
image,#i_t8_decal_tech_detail_high_tech_45_o
image,#i_t8_decal_tech_detail_high_tech_45_n
image,#hash_7350d13f68bca13e
image,#i_t8_micro_metal_rust_02_g
image,#i_wpn_t8_ar_fastfire_mag_sig_01_c
image,#i_wpn_t8_ar_fastfire_mag_sig_01_g
image,#i_wpn_t8_ar_fastfire_mag_sig_01_o
image,#i_wpn_t8_ar_fastfire_mag_sig_01_n
image,#i_wpn_t8_ar_fastfire_mag_sig_01_s
image,#i_t7_micro_wood_plywood_red_n
image,#hash_f361386fcd03369f
image,#i_t8_wpn_smg_capacity_handguard_sig_n
image,#i_t8_wpn_smg_capacity_handguard_sig_o
image,#i_mtl_p7_slu_box_electric_set_decal_wires_c
image,#i_mtl_p7_wes_desk_hutch_wood_vintage_m
image,#i_mtl_p7_wes_desk_hutch_wood_vintage_n
image,#i_mtl_p7_slu_box_electric_set_decal_wires_n
image,#ui_icon_weapon_tr_leveraction
image,#shotgun_semi_t8_camo_sig02_icon
image,#i_mtl_wpn_t8_zm_blundergat_stock_details_c
image,#i_mtl_wpn_t8_zm_blundergat_stock_details_g
image,#i_mtl_wpn_t8_zm_blundergat_stock_details_o
image,#i_mtl_wpn_t8_zm_blundergat_stock_details_n
image,#i_mtl_wpn_t8_zm_blundergat_stock_details_s
image,#i_p8_zm_esc_cell_bridge_broadway_large_frame_n
image,#i_p8_zm_esc_cell_bridge_broadway_large_frame_m
image,#i_p8_zm_esc_obsidian_rock_large_03_part3_o
image,#i_p8_zm_esc_obsidian_rock_large_03_part3_n
image,#i_mtl_attach_t8_loot_lmg_mk48_fmj_bottom_s
image,#i_mtl_attach_t8_loot_lmg_mk48_fmj_bottom_o
image,#i_mtl_attach_t8_loot_lmg_mk48_fmj_bottom_n
image,#i_mtl_attach_t8_loot_lmg_mk48_fmj_bottom_c
image,#i_mtl_attach_t8_loot_lmg_mk48_fmj_bottom_g
image,#i_wpn_t8_ar_accurate_sig_01_barrel_s
image,#i_wpn_t8_ar_accurate_sig_01_barrel_n
image,#i_wpn_t8_ar_accurate_sig_01_barrel_o
image,#i_wpn_t8_ar_accurate_sig_01_barrel_c
image,#i_wpn_t8_ar_accurate_sig_01_barrel_g
image,#i_t8_ceramic_tile_01_sml_n
image,#i_t8_ceramic_tile_01_sml_h
image,#i_t8_decal_tech_detail_screw_03_c
image,#i_t8_decal_tech_detail_screw_03_n
image,#i_mtl_t8_loot_wpn_smg_folding_decals_mk2_c
image,#i_p8_jpn_bank_money_packed_n
image,#i_p8_jpn_bank_money_packed_c
image,#i_t8_wpn_smg_accurate_grip_sig_01_c
image,#i_t8_wpn_smg_accurate_grip_sig_01_g
image,#i_t8_wpn_smg_accurate_grip_sig_01_n
image,#i_t8_wpn_smg_accurate_grip_sig_01_o
image,#i_p8_fxanim_zm_esc_skeleton_spoon_m
image,#i_p8_fxanim_zm_esc_skeleton_spoon_n
image,#i_p8_fxanim_zm_esc_skeleton_spoon_o
image,#hash_f3b9c027bd7a2566
image,#hash_f3b9c127bd7a2719
image,#hash_f3b9c927bd7a34b1
image,#hash_f3b9cd27bd7a3b7d
image,#hash_f3b9dd27bd7a56ad
image,#i_wpn_t8_hero_war_machine_decals_n
image,#i_wpn_t8_hero_war_machine_decals_c
image,#hash_f3bb6d5c403cd196
image,#i_wpn_t8_shotgun_semi_shell_mount_sig_01_o
image,#i_wpn_t8_shotgun_semi_shell_mount_sig_01_n
image,#i_wpn_t8_shotgun_semi_shell_mount_sig_01_g
image,#i_wpn_t8_shotgun_semi_shell_mount_sig_01_c
image,#i_wpn_t8_shotgun_semi_shell_mount_sig_01_s
image,#i_wpn_t8_loot_sniper_locus_bipod_s
image,#i_wpn_t8_loot_sniper_locus_bipod_g
image,#i_wpn_t8_loot_sniper_locus_bipod_c
image,#i_wpn_t8_loot_sniper_locus_bipod_m
image,#i_wpn_t8_loot_sniper_locus_bipod_o
image,#i_wpn_t8_loot_sniper_locus_bipod_n
image,#i_mtl_wpn_t8_sniper_vanguard_sig_01_scope_front_v2_alt_n
image,#i_mtl_wpn_t8_sniper_vanguard_sig_01_scope_front_v2_alt_c
image,#i_mtl_wpn_t8_sniper_vanguard_sig_01_scope_front_v2_alt_g
image,#i_mtl_wpn_t8_sniper_vanguard_sig_01_scope_front_v2_alt_s
image,#i_mtl_p8_tank_fuel_01_metal_m
image,#i_mtl_p8_tank_fuel_01_metal_n
image,#i_wpn_t8_camo_geo_gem_diamond_edge_e
image,#i_t7_jun_moss_wood_cedar_worn_blend_r
image,#i_t7_jun_moss_wood_cedar_worn_blend_n
image,#i_t7_jun_moss_wood_cedar_worn_blend_c
image,#i_veh_t8_decal_text_rf_hazard_c
image,#hash_f3d79b30b71163d0
image,#i_t7_camo_diamond_inlay_e
image,#hash_f3df7adf6037c17e
image,#i_veh_t8_decal_battery_label_1_c
image,#i_mtl_wpn_t8_lmg_heavy_rearsight_sig_02_n
image,#i_mtl_wpn_t8_lmg_heavy_rearsight_sig_02_o
image,#i_mtl_wpn_t8_lmg_heavy_rearsight_sig_02_c
image,#i_mtl_wpn_t8_lmg_heavy_rearsight_sig_02_g
image,#i_mtl_wpn_t8_lmg_heavy_rearsight_sig_02_s
image,#i_t7_dlc1_decal_signage_arrows_scratched_c
image,#i_wpn_t8_sniper_vanguard_scope_p8_o
image,#i_wpn_t8_sniper_vanguard_scope_p8_n
image,#i_wpn_t8_sniper_vanguard_scope_p8_c
image,#i_wpn_t8_sniper_vanguard_scope_p8_g
image,#i_wpn_t8_sniper_vanguard_scope_p8_s
image,#i_mtl_p8_computer_classroom_keyboard_decal01_c
image,#i_t8_zm_esc_decal_grunge_stain_leaks_01_c
image,#i_wpn_t8_lmg_hades_base_r
image,#i_wpn_t8_lmg_hades_base_m
image,#i_wpn_t8_lmg_hades_base_o
image,#i_wpn_t8_lmg_hades_base_n
image,#hash_f3edb976fae1b7ca
image,#hash_f3edba76fae1b97d
image,#hash_f3edbd76fae1be96
image,#hash_f3edbe76fae1c049
image,#hash_f3edc676fae1cde1
image,#hash_f3edca76fae1d4ad
image,#hash_f3f1e561603f9c78
image,#i_mtl_wpn_t8_ar_modular_receiver_sig_03_mask
image,#hash_f3f520293aac2019
image,#hash_f3f530293aac3b49
image,#hash_f3f534293aac4215
image,#hash_f3f53b293aac4dfa
image,#hash_f3f53c293aac4fad
image,#hash_f3f6b2857c830a19
image,#hash_f3f6c2857c832549
image,#hash_f3f6c6857c832c15
image,#hash_f3f6cd857c8337fa
image,#hash_f3f6ce857c8339ad
image,#i_mtl_p7_monitor_arm_stand_g
image,#i_mtl_p7_monitor_arm_stand_n
image,#i_mtl_p7_monitor_arm_stand_s
image,#i_mtl_p7_picture_frame_backing_n
image,#i_mtl_p7_picture_frame_backing_c
image,#fxt_gas_blur_core_thick_arctic
image,#hash_740cbb703b170f15
image,#i_mtl_p7_curtain_hanging_yarn_floral_c
image,#hash_741918e43e8747e3
image,#hash_741923e43e875a94
image,#i_c_gen_eye_blue_c
image,#i_mtl_p7_zm_mob_crate_wood_lrg_cloth01_n
image,#hash_f41ca5c2cf5711df
image,#i_mtl_p7_armoire_wood_varnished_01_c
image,#i_wpn_t8_shotgun_pump_muzzle_base_c
image,#i_wpn_t8_shotgun_pump_muzzle_base_g
image,#i_wpn_t8_shotgun_pump_muzzle_base_n
image,#i_wpn_t8_shotgun_pump_muzzle_base_o
image,#i_wpn_t8_shotgun_pump_muzzle_base_r
image,#i_wpn_t8_shotgun_pump_muzzle_base_s
image,#i_p8_wz_esc_stone_wall_cut_01_n
image,#i_p8_wz_esc_stone_wall_cut_01_c
image,#hash_f426cf63ab23b956
image,#i_mtl_wpn_t8_camo_topology_02_c
image,#i_mtl_wpn_t8_loot_ar_standard_body_sig_02_s
image,#i_mtl_wpn_t8_loot_ar_standard_body_sig_02_o
image,#i_mtl_wpn_t8_loot_ar_standard_body_sig_02_n
image,#i_mtl_wpn_t8_loot_ar_standard_body_sig_02_g
image,#i_mtl_wpn_t8_loot_ar_standard_body_sig_02_c
image,#hud_grenadeicon
image,#i_mtl_p7_zm_mob_cell_bed_cloth_n
image,#i_mtl_p7_zm_mob_cell_bed_cloth_m
image,#i_mtl_t8_loot_wpn_smg_folding_stock_2_o
image,#hash_743217e106a83c55
image,#fxt8_spark_omni_alpha
image,#i_t8_zm_chaos_base_01_r
image,#i_t8_zm_chaos_base_01_o
image,#i_t8_zm_chaos_base_01_n
image,#i_t8_zm_chaos_base_01_c
image,#i_t8_wpn_pistol_auto_trigger_guard_o
image,#i_t8_wpn_pistol_auto_trigger_guard_n
image,#i_t8_wpn_pistol_auto_trigger_guard_c
image,#i_t8_wpn_pistol_auto_trigger_guard_g
image,#i_t7_detail_asphalt_01
image,#i_t8_wpn_pistol_auto_trigger_guard_s
image,#i_mtl_p8_box_electric_commercial_lrg_01_m
image,#i_mtl_p8_col_foliage_plant_meskel_2_noflower_dead_proxy_specular
image,#i_mtl_p8_wz_ep_fishing_pole_foam_g
image,#i_mtl_p7_rooftop_hvac_metal_g
image,#i_mtl_p7_rooftop_hvac_metal_n
image,#i_mtl_p7_rooftop_hvac_metal_o
image,#i_mtl_p7_rooftop_hvac_metal_r
image,#hash_f44a5d5e721249d9
image,#i_wpn_t8_lmg_hades_weapon_part_1_sig_02_n
image,#i_wpn_t8_lmg_hades_weapon_part_1_sig_02_g
image,#fxt_water_splash_side_bits
image,#i_mtl_wpn_t8_sniper_vanguard_sig_01_stock_back_s
image,#i_mtl_wpn_t8_sniper_vanguard_sig_01_stock_back_n
image,#i_mtl_wpn_t8_sniper_vanguard_sig_01_stock_back_o
image,#i_mtl_wpn_t8_sniper_vanguard_sig_01_stock_back_g
image,#i_mtl_p8_zm_esc_light_hallway_bulb_n
image,#i_mtl_p8_zm_esc_light_hallway_bulb_e
image,#i_mtl_p8_zm_esc_light_hallway_bulb_g
image,#i_wpn_t8_ar_galil_upper_base_o
image,#i_wpn_t8_ar_galil_upper_base_n
image,#i_wpn_t8_ar_galil_upper_base_c
image,#i_wpn_t8_ar_galil_upper_base_g
image,#i_veh_t7_metal_burned_01_g
image,#i_mtl_p8_usa_submarine_interior_consoles_details_toggle_switch_c
image,#i_mtl_p8_usa_submarine_interior_consoles_details_toggle_switch_n
image,#i_veh_t8_paint_burnt_02_g
image,#i_veh_t8_paint_burnt_02_c
image,#hash_f46a2a76e389c158
image,#hash_f46acabcdf5fb8ac
image,#i_mtl_p7_zm_tra_tv_vintage_black_n
image,#i_wpn_t8_eqp_turret_mini_device_frame_02_s
image,#i_wpn_t8_eqp_turret_mini_device_frame_02_c
image,#i_wpn_t8_eqp_turret_mini_device_frame_02_g
image,#i_wpn_t8_eqp_turret_mini_device_frame_02_n
image,#i_wpn_t8_eqp_turret_mini_device_frame_02_o
image,#i_mtl_p8_zm_esc_cryo_blue_print_01_c
image,#ui_icon_weapon_hud_shotgun_semiauto
image,#i_mtl_attach_t8_loot_sniper_semiauto_fast_mag_n
image,#i_mtl_attach_t8_loot_sniper_semiauto_fast_mag_o
image,#i_mtl_attach_t8_loot_sniper_semiauto_fast_mag_c
image,#i_mtl_attach_t8_loot_sniper_semiauto_fast_mag_g
image,#i_mtl_attach_t8_loot_sniper_semiauto_fast_mag_s
image,#hash_f48a9679d78e3e1f
image,#hash_f48aa279d78e5283
image,#hash_f48aa679d78e594f
image,#hash_f48aa979d78e5e68
image,#i_t8_decal_damage_cracks_01_c
image,#i_t8_decal_damage_cracks_01_n
image,#i_t8_decal_damage_cracks_01_o
image,#i_t7_detail_carpet_05
image,#i_t7_detail_carpet_04
image,#hash_74933fac68d54f31
image,#hash_74934bac68d56395
image,#i_mtl_p7_duct_metal_rectangle_end_n
image,#i_mtl_p7_duct_metal_rectangle_end_o
image,#i_mtl_p8_box_cardboard_b_open_01_n
image,#i_mtl_p8_box_cardboard_b_open_01_m
image,#i_mtl_p8_zm_esc_sheet_metal_2x4_m
image,#i_mtl_p8_zm_esc_sheet_metal_2x4_o
image,#i_mtl_p8_zm_esc_sheet_metal_2x4_n
image,#i_t7_decal_grunge_dirty_tile_01_micro_c
image,#i_t7_decal_grunge_dirty_tile_01_micro_n
image,#i_mtl_veh_t7_dlc_concrete_poured_bunker_dirty_01_512_m
image,#i_mtl_p7_table_endtable_wood_n
image,#i_mtl_p7_table_endtable_wood_o
image,#i_mtl_p7_table_endtable_wood_m
image,#fxt_lightning_bolt_trail
image,#ui_icon_weapon_hud_ar_fastfire
image,#i_mtl_wpn_tac_rifle_mid_burst_scope_decal_03_c
image,#i_wpn_t8_lmg_hades_grip_base_r
image,#i_wpn_t8_lmg_hades_grip_base_m
image,#i_wpn_t8_lmg_hades_grip_base_n
image,#i_wpn_t8_lmg_hades_grip_base_o
image,#ui_icon_weapons_zm_pistol_fullauto
image,#i_t8_micro_plaster_stucco_01_c
image,#i_t8_micro_plaster_stucco_01_n
image,#i_t8_micro_plaster_stucco_01_h
image,#i_t7_rubber_trim_roof_granular_c
image,#i_t7_rubber_trim_roof_granular_n
image,#hash_f4ba254672f5c57e
image,#ui_icon_inventory_medic
image,#i_attach_t8_ar_fastfire_barrel_g
image,#i_attach_t8_ar_fastfire_barrel_c
image,#i_attach_t8_ar_fastfire_barrel_n
image,#i_attach_t8_ar_fastfire_barrel_o
image,#i_attach_t8_ar_fastfire_barrel_r
image,#i_attach_t8_ar_fastfire_barrel_s
image,#hash_f4c619de7b13caa6
image,#hash_f4c61ade7b13cc59
image,#hash_f4c61fde7b13d4d8
image,#hash_f4c621de7b13d83e
image,#hash_f4c625de7b13df0a
image,#hash_f4c635de7b13fa3a
image,#i_t7_glass_dirty_streaks_02_c
image,#i_t7_cloth_carpet_solid_grey_c
image,#i_veh_t8_decal_text_radar_sensor_c
image,#i_mtl_p8_light_bulb_socket_hanging_01_s
image,#i_mtl_p8_light_bulb_socket_hanging_01_n
image,#i_mtl_p8_light_bulb_socket_hanging_01_c
image,#hash_f4da651f1b44bf0a
image,#i_mtl_p8_zm_zod_shelf_locker_provisions_iron_m
image,#i_mtl_p8_zm_zod_shelf_locker_provisions_iron_n
image,#i_t8_wz_window_glass_dirty_broken_c
image,#i_t8_wz_window_glass_dirty_broken_g
image,#i_t8_wz_window_glass_dirty_broken_n
image,#i_mtl_p8_zm_esc_gun_gallery_metal_plate_03_o
image,#i_mtl_p8_zm_esc_gun_gallery_metal_plate_03_n
image,#hash_f4e154932c79c87d
image,#i_mtl_wpn_t8_ar_stealth_sig_02_skull_eyes_n
image,#i_mtl_wpn_t8_ar_stealth_sig_02_skull_eyes_e
image,#i_mtl_wpn_t8_ar_stealth_sig_02_skull_eyes_c
image,#i_t8_water_puddle_basic_n
image,#i_t7_plaster_smooth_dirty_01_n
image,#i_t7_plaster_smooth_dirty_01_g
image,#i_wpn_t8_zm_raygun_mk2_3_s
image,#i_wpn_t8_zm_raygun_mk2_3_g
image,#i_wpn_t8_zm_raygun_mk2_3_c
image,#i_wpn_t8_zm_raygun_mk2_3_n
image,#i_wpn_t8_zm_raygun_mk2_3_o
image,#i_mtl_p8_fire_extinguisher_01_n
image,#i_mtl_p8_fire_extinguisher_01_m
image,#i_wpn_t8_smg_capacity_sig_02_decals_c
image,#ui_icon_obit_tr_flechette
image,#i_t7_glass_dirty_chemical_stain_c
image,#i_t7_glass_dirty_chemical_stain_g
image,#hash_74fb2ef52c2069b3
image,#hash_74fb36f52c20774b
image,#hash_74fb37f52c2078fe
image,#hash_74fb38f52c207ab1
image,#hash_74fb39f52c207c64
image,#hash_74fb3af52c207e17
image,#hash_74fb3bf52c207fca
image,#hash_74fb3cf52c20817d
image,#i_mtl_p7_wes_container_vintage_cup_dirt_c
image,#hash_75050bc9afcf8b59
image,#i_t8_concrete_sidewalk_01_n
image,#i_t8_concrete_sidewalk_01_g
image,#i_t8_concrete_sidewalk_01_c
image,#i_t7_micro_metal_grunge_scratch_01_n
image,#i_t7_micro_metal_grunge_scratch_01_g
image,#hash_75122298561b7c46
image,#hash_75123e98561babda
image,#i_mtl_wpn_t8_loot_pistol_auto_mag_ext_sig_s
image,#i_mtl_wpn_t8_loot_pistol_auto_mag_ext_sig_o
image,#i_mtl_wpn_t8_loot_pistol_auto_mag_ext_sig_n
image,#i_mtl_wpn_t8_loot_pistol_auto_mag_ext_sig_c
image,#i_mtl_wpn_t8_loot_pistol_auto_mag_ext_sig_g
image,#i_mtl_p7_light_panel_lrg_n
image,#i_mtl_p7_light_panel_lrg_c
image,#i_mtl_p7_light_panel_lrg_t
image,#reticle_crossbow
image,#fxt_smk_explosion_02_anim
image,#i_mtl_p7_zm_ver_cart_metal_surgical_metal_01_n
image,#i_mtl_p7_zm_ver_cart_metal_surgical_metal_01_m
image,#i_mtl_p8_col_rock_large_03a_c
image,#i_mtl_p8_col_rock_large_03a_n
image,#i_mtl_p8_col_rock_large_03a_o
image,#i_t7_concrete_bare_01_g
image,#i_mtl_p7_zm_clt_bunkbed_wood_damage_01_n
image,#i_mtl_p7_zm_clt_bunkbed_wood_damage_01_c
image,#i_mtl_t8_concrete_plain_dirty_01_c
image,#i_veh_t8_decal_leak_14_c
image,#i_mtl_t8_concrete_plain_dirty_01_g
image,#i_t7_micro_grunge_wall_top_bottom_g
image,#i_t7_micro_grunge_wall_top_bottom_m
image,#i_t8_micro_metal_grunge_pockmarks_01_g
image,#i_wpn_t8_ar_accurate_sig_01_decals_r
image,#i_wpn_t8_ar_accurate_sig_01_decals_n
image,#i_wpn_t8_ar_accurate_sig_01_decals_c
image,#i_c_t8_zmb_mob_brutus_sleeves_igc_g
image,#i_c_t8_zmb_mob_brutus_sleeves_igc_c
image,#i_c_t8_zmb_mob_brutus_sleeves_igc_m
image,#i_c_t8_zmb_mob_brutus_sleeves_igc_o
image,#i_c_t8_zmb_mob_brutus_sleeves_igc_n
image,#i_t8_zm_esc_bricks_old_rough_01_c
image,#i_t8_zm_esc_bricks_old_rough_01_g
image,#i_t8_zm_esc_bricks_old_rough_01_n
image,#hash_f54ad869787d7ac0
image,#hash_f54ad969787d7c73
image,#hash_f54c3e219ef50aeb
image,#i_mtl_p7_zm_nac_trailer_n
image,#i_mtl_p7_zm_nac_trailer_m
image,#i_t7_decal_grunge_leaking_01_g
image,#i_t7_decal_grunge_leaking_01_c
image,#hash_f551fdac31c95874
image,#i_wpn_t8_crossbow_base_s
image,#i_wpn_t8_crossbow_base_r
image,#i_wpn_t8_crossbow_base_o
image,#i_wpn_t8_crossbow_base_n
image,#i_wpn_t8_crossbow_base_c
image,#i_wpn_t8_crossbow_base_g
image,#i_mtl_p7_mou_electrical_panel_set_stain_02_c
image,#i_t7_metal_white_painted_grunge_drip_c
image,#i_t7_metal_white_painted_grunge_drip_g
image,#i_wpn_t8_shotgun_pump_sig_01_handguard_01_s
image,#i_wpn_t8_shotgun_pump_sig_01_handguard_01_g
image,#i_t8_wpn_pistol_revolver_clip_s
image,#i_t8_wpn_pistol_revolver_clip_r
image,#i_t8_wpn_pistol_revolver_clip_o
image,#i_t8_wpn_pistol_revolver_clip_n
image,#i_t8_wpn_pistol_revolver_clip_c
image,#i_t8_wpn_pistol_revolver_clip_g
image,#i_mtl_p8_cell_antenna_roof_nail_n
image,#loot_04_ui_icon_blackmarket_stream_vendetta
image,#i_wpn_t8_ar_fastfire_handguard_c
image,#i_wpn_t8_ar_fastfire_handguard_g
image,#i_wpn_t8_ar_fastfire_handguard_n
image,#i_wpn_t8_ar_fastfire_handguard_o
image,#i_wpn_t8_ar_fastfire_handguard_r
image,#i_wpn_t8_ar_fastfire_handguard_s
image,#i_t7_rubber_mat_flooring_small_c
image,#i_t7_rubber_mat_flooring_small_n
image,#i_mtl_p7_pipe_metal_hp_4_01_n
image,#i_mtl_p7_pipe_metal_hp_4_01_o
image,#i_mtl_p7_pipe_metal_hp_4_01_m
image,#hash_757129747bfdf439
image,#hash_757134747bfe06ea
image,#i_attach_t8_loot_smg_burst_drummag_cloth_s
image,#i_attach_t8_loot_smg_burst_drummag_cloth_g
image,#i_attach_t8_loot_smg_burst_drummag_cloth_c
image,#i_attach_t8_loot_smg_burst_drummag_cloth_o
image,#i_attach_t8_loot_smg_burst_drummag_cloth_n
image,#fxt_fog_slow_wide_lg_anim
image,#hash_f5826ff8261f715a
image,#i_mtl_wpn_t8_ar_modular_upper_sig_03_s
image,#i_mtl_wpn_t8_ar_modular_upper_sig_03_g
image,#i_mtl_wpn_t8_ar_modular_upper_sig_03_c
image,#i_mtl_wpn_t8_ar_modular_upper_sig_03_n
image,#i_mtl_wpn_t8_ar_modular_upper_sig_03_o
image,#hash_f5899b70eac2ed0a
image,#hash_f5899f70eac2f3d6
image,#hash_f589a070eac2f589
image,#hash_f589a770eac3016e
image,#hash_f589ab70eac3083a
image,#i_t8_decal_tech_detail_high_tech_35_n
image,#i_t8_decal_tech_detail_high_tech_35_o
image,#i_t8_decal_tech_detail_high_tech_35_g
image,#i_t8_decal_tech_detail_high_tech_35_c
image,#i_t7_micro_metal_painted_scuffed_01_c
image,#i_t7_micro_metal_painted_scuffed_01_g
image,#i_t7_micro_metal_painted_scuffed_01_n
image,#fxt_smk_trail_billow
image,#hash_f594c849b2ebe4ef
image,#hash_f59a2c6277ead439
image,#i_t8_wpn_lmg_heavy_grip_sig_01_c
image,#i_t8_wpn_lmg_heavy_grip_sig_01_g
image,#i_t8_wpn_lmg_heavy_grip_sig_01_n
image,#i_t8_wpn_lmg_heavy_grip_sig_01_o
image,#i_t8_wpn_lmg_heavy_grip_sig_01_s
image,#ui_icon_weapon_melee_secretsanta_render
image,#i_t8_micro_scratches_wiped_01_n
image,#i_t8_micro_scratches_wiped_01_g
image,#i_t8_snow_ice_cracked_02_c
image,#i_t8_snow_ice_cracked_02_n
image,#i_mtl_p8_col_portobelo_cannon_01_reveal_r
image,#i_mtl_p8_col_portobelo_cannon_01_reveal_m
image,#i_mtl_p8_col_portobelo_cannon_01_reveal_n
image,#i_mtl_p8_col_portobelo_cannon_01_reveal_o
image,#i_mtl_p8_col_portobelo_cannon_01_reveal_c
image,#i_mtl_p8_col_portobelo_cannon_01_reveal_g
image,#i_t7_ceramic_tile_trim_egyptian_03_n
image,#i_t7_ceramic_tile_trim_egyptian_03_c
image,#i_mtl_p8_zm_esc_cell_toilet_o
image,#i_mtl_p8_zm_esc_cell_toilet_n
image,#i_mtl_p8_zm_esc_cell_toilet_m
image,#i_t7_zm_ctl_decal_circle_runes_base_c
image,#i_wpn_t8_launcher_standard_foregrip_g
image,#i_wpn_t8_launcher_standard_foregrip_c
image,#i_wpn_t8_launcher_standard_foregrip_n
image,#i_wpn_t8_launcher_standard_foregrip_o
image,#i_wpn_t8_launcher_standard_foregrip_m
image,#i_wpn_t8_launcher_standard_foregrip_r
image,#i_wpn_t8_launcher_standard_foregrip_s
image,#i_t7_zm_isl_metal_diamond_plate_01_g
image,#i_t7_zm_isl_metal_diamond_plate_01_c
image,#i_t7_zm_isl_metal_diamond_plate_01_n
image,#i_t7_zm_isl_metal_diamond_plate_01_o
image,#i_t7_zm_isl_metal_diamond_plate_01_s
image,#i_t7_metal_bare_corroded_n
image,#i_t7_metal_bare_corroded_g
image,#i_t7_metal_bare_corroded_c
image,#i_t7_metal_bare_corroded_s
image,#i_mtl_p8_zm_esc_bed_infirmary_mattress_01_water_r
image,#fxt_light_ray_thruster
image,#i_mtl_wpn_t8_knife_bowie_plastic_n
image,#i_mtl_wpn_t8_knife_bowie_plastic_o
image,#i_mtl_wpn_t8_knife_bowie_plastic_c
image,#i_mtl_wpn_t8_knife_bowie_plastic_g
image,#i_mtl_wpn_t8_knife_bowie_plastic_s
image,#i_attach_t8_ar_stealth_barrel_long_n
image,#i_attach_t8_ar_stealth_barrel_long_o
image,#i_attach_t8_ar_stealth_barrel_long_g
image,#i_mtl_wpn_t8_loot_lmg_mk48_clip_stick_mk2_n
image,#i_attach_t8_optic_float_dot_glass_n
image,#i_attach_t8_optic_float_dot_glass_g
image,#i_attach_t8_optic_float_dot_glass_c
image,#i_attach_t8_sniper_vanguard_stock_01_n
image,#i_attach_t8_sniper_vanguard_stock_01_o
image,#i_attach_t8_sniper_vanguard_stock_01_m
image,#i_attach_t8_sniper_vanguard_stock_01_c
image,#i_attach_t8_sniper_vanguard_stock_01_g
image,#i_mtl_p8_ac_unit_sml_set_decal_rust_c
image,#hash_75d5fb01c294e7d2
image,#i_c_zom_der_zombie_hound_head_n
image,#i_c_zom_der_zombie_hound_head_c
image,#i_c_zom_der_zombie_hound_head_g
image,#i_c_t8_zmb_homunculus_eyes_e
image,#i_c_t8_zmb_homunculus_eyes_c
image,#i_mtl_p8_zm_zod_lifeboat_tarp_decal_01_c
image,#i_veh_t8_detail_char03_n
image,#hash_f5e9746c60cb2407
image,#hash_f5e9f06f21615bca
image,#hash_f5e9f46f21616296
image,#hash_f5e9f56f21616449
image,#hash_f5e9fc6f2161702e
image,#hash_f5ea006f216176fa
image,#i_t8_wmd_concrete_wall_blocks_01_n
image,#hash_f5eadfaa889fd076
image,#i_mtl_p7_zm_der_door_metal_rusted_n
image,#i_mtl_p7_zm_der_door_metal_rusted_m
image,#fxt_water_splash_radial_anim
image,#i_t8_micro_plastic_rough_02_g
image,#i_wpn_t8_camo_geo_gem_diamond_core_e
image,#i_mtl_wpn_t8_loot_smg_vmp_stock_base_n
image,#i_mtl_wpn_t8_loot_smg_vmp_stock_base_o
image,#i_mtl_wpn_t8_loot_smg_vmp_stock_base_g
image,#i_mtl_wpn_t8_loot_smg_vmp_stock_base_c
image,#i_mtl_wpn_t8_loot_smg_vmp_stock_base_r
image,#i_mtl_wpn_t8_loot_smg_vmp_stock_base_s
image,#i_t8_wz_esc_concrete_slabs_destroyed_2x2_light_c
image,#hash_f5f998c12bd50b97
image,#hash_f5f99bc12bd510b0
image,#i_attach_t8_smg_mp9_silencer_g
image,#i_mtl_veh_t8_drone_rcxd_radio_display_c
image,#i_mtl_veh_t8_drone_rcxd_radio_display_e
image,#i_attach_t8_smg_mp9_silencer_o
image,#i_mtl_veh_t8_drone_rcxd_radio_display_g
image,#i_attach_t8_smg_mp9_silencer_n
image,#i_attach_t8_smg_mp9_silencer_s
image,#i_attach_t8_smg_mp9_silencer_r
image,#hash_7609d48c9543ef67
image,#i_p8_zm_zod_cart_mail_sorting_set_wheel_s
image,#i_p8_zm_zod_cart_mail_sorting_set_wheel_o
image,#i_p8_zm_zod_cart_mail_sorting_set_wheel_n
image,#i_p8_zm_zod_cart_mail_sorting_set_wheel_c
image,#i_p8_zm_zod_cart_mail_sorting_set_wheel_g
image,#i_attach_t8_loot_tac_rifle_damageburst_foregrip_02_o
image,#i_attach_t8_loot_tac_rifle_damageburst_foregrip_02_n
image,#i_attach_t8_loot_tac_rifle_damageburst_foregrip_02_g
image,#i_attach_t8_loot_tac_rifle_damageburst_foregrip_02_c
image,#i_attach_t8_loot_tac_rifle_damageburst_foregrip_02_r
image,#hash_f61f2f50493f95d1
image,#i_mtl_veh_t8_detail_treadplate_01_n
image,#i_mtl_p7_foliage_flower_bouquet_glass_dead_c
image,#i_mtl_p7_foliage_flower_bouquet_glass_dead_g
image,#i_mtl_p7_box_cardboard_c
image,#i_mtl_p7_box_cardboard_n
image,#i_t8_zm_zod_decal_trim_normal_revets_01_r
image,#i_t8_zm_zod_decal_trim_normal_revets_01_n
image,#hash_7638316c1b72ef01
image,#i_wpn_t8_shotgun_pump_shell_base_s
image,#i_wpn_t8_shotgun_pump_shell_base_o
image,#i_wpn_t8_shotgun_pump_shell_base_n
image,#i_wpn_t8_shotgun_pump_shell_base_c
image,#i_wpn_t8_shotgun_pump_shell_base_g
image,#i_wpn_t8_crossbow_firing_pin_base_o
image,#i_wpn_t8_crossbow_firing_pin_base_n
image,#i_mtl_wpn_t8_loot_lmg_mk48_grip_s
image,#i_mtl_wpn_t8_loot_lmg_mk48_grip_n
image,#i_mtl_wpn_t8_loot_lmg_mk48_grip_o
image,#i_mtl_wpn_t8_loot_lmg_mk48_grip_c
image,#i_mtl_wpn_t8_loot_lmg_mk48_grip_g
image,#hash_f6472c03d8797f60
image,#hash_f6473003d879862c
image,#hash_f6473403d8798cf8
image,#hash_f6473503d8798eab
image,#hash_f6474003d879a15c
image,#ui_icon_weapon_melee_demohammer_render
image,#i_attach_t8_sniper_koshka_stock_s
image,#i_attach_t8_sniper_koshka_stock_o
image,#i_attach_t8_sniper_koshka_stock_n
image,#i_attach_t8_sniper_koshka_stock_c
image,#i_attach_t8_sniper_koshka_stock_g
image,#i_p7_rug_cloth_persian_64x128_03_c
image,#hud_icon_sticky_grenade
image,#i_wpn_t8_ar_fastfire_handguard_sig_01_c
image,#i_wpn_t8_ar_fastfire_handguard_sig_01_g
image,#i_wpn_t8_ar_fastfire_handguard_sig_01_n
image,#i_wpn_t8_ar_fastfire_handguard_sig_01_o
image,#i_wpn_t8_ar_fastfire_handguard_sig_01_s
image,#trophysystem_reticle
image,#i_wpn_t8_smg_capacity_sights_cradle_base_n
image,#i_wpn_t8_smg_capacity_sights_cradle_base_o
image,#i_wpn_t8_smg_capacity_sights_cradle_base_m
image,#hash_765cf5a89af7cc78
image,#hash_765cfba89af7d6aa
image,#hash_765f5d4f115bda94
image,#i_p7_cai_umbrella_large_solid_closed_01_fabric_detail_n
image,#hash_7664bdbee270e123
image,#hash_7664bebee270e2d6
image,#hash_7664bfbee270e489
image,#i_mtl_p7_zm_gen_horror_shards_kit_07_rock_01_n
image,#i_t7_micro_metal_painted_02_s
image,#i_t7_micro_metal_painted_02_n
image,#i_t7_micro_metal_painted_02_g
image,#i_t7_micro_metal_painted_02_c
image,#i_t8_asphalt_pavement_01_r
image,#hash_f675ef2f1de24af8
image,#hash_767736040e323ebf
image,#i_t8_wz_esc_pictures_tallpics1c_c
image,#i_t8_water_puddle_muddy_n
image,#hash_f67f2ff331a81200
image,#hash_f67f33f331a818cc
image,#hash_f67f3bf331a82664
image,#hash_f67f3cf331a82817
image,#hash_f67f3df331a829ca
image,#hash_f67f3ff331a82d30
image,#hash_f67f7a0d6eda9f24
image,#hash_f67fb202e8b831f0
image,#i_t7_brick_irregular_worn_02_light_c
image,#hash_f68237f0ccb8ecb0
image,#hash_f685cee4953045ac
image,#hash_f685cfe49530475f
image,#hash_f685dbe495305bc3
image,#hash_f685dfe49530628f
image,#hash_f685e2e4953067a8
image,#hash_f685e3e49530695b
image,#i_mtl_p8_col_conveyor_unit_bolt_m
image,#i_mtl_t8_wpn_smg_accurate_sights_sig_01_r
image,#i_mtl_p7_zm_ver_sink_vanity_set_wood_02_n
image,#i_mtl_p7_zm_ver_sink_vanity_set_wood_02_m
image,#reticle_center_cross
image,#i_wpn_t8_ar_heavy_rails_base_mk2_m
image,#hash_76a5eaffc0cda1c6
image,#hash_76a5f6ffc0cdb62a
image,#hash_76a5f7ffc0cdb7dd
image,#i_mtl_p8_zm_esc_book_01_m
image,#i_mtl_p8_zm_esc_book_01_n
image,#i_attach_t8_ar_accurate_alpha_base_n
image,#i_attach_t8_ar_accurate_alpha_base_e
image,#i_attach_t8_ar_accurate_alpha_base_c
image,#i_mtl_wpn_t8_camo_mathworks_05_c
image,#i_mtl_p8_lab_tech_rack_decal_03_n
image,#i_mtl_p8_lab_tech_rack_decal_03_c
image,#i_mtl_p7_conduit_rust_pipes_n
image,#i_mtl_p7_conduit_rust_pipes_c
image,#i_mtl_wpn_t8_sniper_vanguard_screw_v2_s
image,#i_mtl_wpn_t8_sniper_vanguard_screw_v2_g
image,#i_mtl_wpn_t8_sniper_vanguard_screw_v2_c
image,#i_mtl_wpn_t8_sniper_vanguard_screw_v2_o
image,#i_mtl_wpn_t8_sniper_vanguard_screw_v2_n
image,#i_wpn_t8_ar_galil_bolt_base_s
image,#i_wpn_t8_ar_galil_bolt_base_g
image,#i_wpn_t8_ar_galil_bolt_base_n
image,#i_wpn_t8_ar_galil_bolt_base_o
image,#i_p8_usa_submarine_interior_consoles_details_gauge_03_n
image,#i_p8_usa_submarine_interior_consoles_details_gauge_03_g
image,#i_p8_usa_submarine_interior_consoles_details_gauge_03_c
image,#hash_f6c8ce737bb2c844
image,#i_mtl_wpn_t8_sniper_vanguard_sig_01_tape_n
image,#i_mtl_wpn_t8_sniper_vanguard_sig_01_tape_o
image,#i_mtl_wpn_t8_sniper_vanguard_sig_01_tape_g
image,#i_mtl_wpn_t8_sniper_vanguard_sig_01_tape_s
image,#hash_f6cc885da9dec790
image,#i_mtl_p8_wood_plank_generic_03_c
image,#i_mtl_p8_wood_plank_generic_03_g
image,#i_mtl_p8_wood_plank_generic_03_o
image,#i_mtl_p8_wood_plank_generic_03_n
image,#hash_f6d1f3318e6e3492
image,#hash_f6d1ff318e6e48f6
image,#hash_f6d203318e6e4fc2
image,#hash_f6d208318e6e5841
image,#i_t7_decal_snow_powder_01_c
image,#hash_f6d911ccd6054120
image,#i_t8_metal_ship_exterior_wall_01_framework_g
image,#i_t8_metal_ship_exterior_wall_01_framework_c
image,#i_mtl_attach_t8_loot_ar_an94_stock_01_o
image,#i_mtl_attach_t8_loot_ar_an94_stock_01_n
image,#i_mtl_attach_t8_loot_ar_an94_stock_01_m
image,#i_mtl_attach_t8_loot_ar_an94_stock_01_g
image,#i_mtl_attach_t8_loot_ar_an94_stock_01_c
image,#i_mtl_attach_t8_loot_ar_an94_stock_01_s
image,#i_t8_micro_metal_grunge_galvanized_03_g
image,#i_wpn_t8_sniper_koshka_handguard_s
image,#i_wpn_t8_sniper_koshka_handguard_r
image,#i_wpn_t8_sniper_koshka_handguard_o
image,#i_wpn_t8_sniper_koshka_handguard_n
image,#i_wpn_t8_sniper_koshka_handguard_g
image,#i_wpn_t8_sniper_koshka_handguard_c
image,#ui_icon_meansofdeath_melee_coinbag
image,#i_decal_caution_triangle_c
image,#i_t7_aqu_decal_signage_wall_01_n
image,#i_t7_aqu_decal_signage_wall_01_g
image,#i_t7_aqu_decal_signage_wall_01_c
image,#i_t7_aqu_decal_signage_wall_01_r
image,#i_wpn_t8_loot_shotgun_fullauto_muzzle_o
image,#i_wpn_t8_loot_shotgun_fullauto_muzzle_n
image,#i_wpn_t8_loot_shotgun_fullauto_muzzle_c
image,#i_wpn_t8_loot_shotgun_fullauto_muzzle_g
image,#i_wpn_t8_loot_shotgun_fullauto_muzzle_s
image,#hash_f7082a237e0651dc
image,#hash_f70ec9d628f2ccd3
image,#i_mtl_p7_cai_mobile_shops_civ_01_metal_08_s
image,#i_mtl_p7_cai_mobile_shops_civ_01_metal_08_n
image,#i_mtl_p7_foliage_grass_dry_t
image,#i_mtl_p7_foliage_grass_dry_c
image,#i_mtl_p7_foliage_grass_dry_n
image,#i_t8_decal_graphics_signage_usa_sub_hazard_danger_01_c
image,#i_mtl_p7_debris_metal_scrap_02_n
image,#i_mtl_p7_debris_metal_scrap_02_g
image,#i_mtl_p7_debris_metal_scrap_02_s
image,#i_attach_t8_tac_rifle_surgeon_dbal_n
image,#i_attach_t8_tac_rifle_surgeon_dbal_g
image,#i_attach_t8_tac_rifle_surgeon_dbal_c
image,#i_attach_t8_tac_rifle_surgeon_dbal_r
image,#i_attach_t8_tac_rifle_surgeon_dbal_s
image,#hash_7720f0f6afd9cf17
image,#hash_7720f1f6afd9d0ca
image,#hash_7720f2f6afd9d27d
image,#i_mtl_p8_cell_antenna_roof_decal_02_n
image,#i_mtl_p8_cell_antenna_roof_decal_02_m
image,#i_t7_brick_worn_dirty_red_c
image,#i_t7_brick_worn_dirty_red_n
image,#i_t7_brick_worn_dirty_red_r
image,#i_mtl_veh_t8_decal_text_2_c
image,#i_mtl_p8_mov_zm_gla_shackles_01_s
image,#i_mtl_p8_mov_zm_gla_shackles_01_n
image,#i_mtl_p8_mov_zm_gla_shackles_01_c
image,#i_mtl_p8_mov_zm_gla_shackles_01_g
image,#i_mtl_p7_rug_cloth_modern_128x256_01_m
image,#i_mtl_p7_rug_cloth_modern_128x256_01_n
image,#i_mtl_p8_zm_zod_bathtub_first_class_bathroom_paintedmetal_m
image,#i_mtl_p8_zm_zod_bathtub_first_class_bathroom_paintedmetal_n
image,#i_t8_decal_grunge_water_stain_01_sml_r
image,#hash_77441cafac594632
image,#hash_77441dafac5947e5
image,#hash_774430afac59682e
image,#hash_f744c465790cfe13
image,#hash_f744c865790d04df
image,#hash_f744cb65790d09f8
image,#hash_f744cc65790d0bab
image,#hash_f744d865790d200f
image,#i_c_t7_skin_ir
image,#i_mtl_p7_fir_wire_spool_nail_m
image,#i_mtl_p7_fir_wire_spool_nail_n
image,#i_t7_decal_damage_glass_bullet_hit_02_n
image,#i_t7_decal_damage_glass_bullet_hit_02_c
image,#i_mtl_p8_zm_esc_candle_small_e
image,#i_mtl_p8_zm_esc_candle_small_g
image,#i_mtl_p8_zm_esc_candle_small_c
image,#i_mtl_p8_zm_esc_candle_small_n
image,#i_mtl_p7_bathtub_clawfoot_01_leg_m
image,#i_mtl_p7_bathtub_clawfoot_01_leg_o
image,#i_mtl_p7_bathtub_clawfoot_01_leg_n
image,#i_mtl_p8_col_vent_cooler_bracket_n
image,#hash_775a73563a335864
image,#hash_775a74563a335a17
image,#i_mtl_p8_zm_esc_crate_wood_lrg_cloth03_n
image,#i_t8_decal_tech_detail_high_tech_67_o
image,#i_wpn_t8_ar_accurate_sig_02_barrel_s
image,#i_mtl_p7_zm_mob_cabinet_steel_02_n
image,#i_mtl_p7_zm_mob_cabinet_steel_02_m
image,#i_wpn_t8_ar_accurate_sig_02_barrel_g
image,#i_wpn_t8_ar_accurate_sig_02_barrel_e
image,#i_wpn_t8_ar_accurate_sig_02_barrel_c
image,#i_wpn_t8_ar_accurate_sig_02_barrel_n
image,#hash_f776f54e259837ac
image,#hash_f777014e25984c10
image,#hash_f777054e259852dc
image,#hash_f777094e259859a8
image,#hash_f7770a4e25985b5b
image,#hash_f779d39c7d74d38c
image,#i_mtl_p7_3d_printer_safehouse_01_stand1_n
image,#i_mtl_p7_3d_printer_safehouse_01_stand1_m
image,#i_mtl_wpn_t8_sniper_vanguard_sig_02_body_top_s
image,#i_mtl_wpn_t8_sniper_vanguard_sig_02_body_top_c
image,#i_mtl_wpn_t8_sniper_vanguard_sig_02_body_top_g
image,#i_mtl_wpn_t8_sniper_vanguard_sig_02_body_top_o
image,#i_mtl_wpn_t8_sniper_vanguard_sig_02_body_top_n
image,#hash_7788d83f0d37ef1c
image,#hash_7788db3f0d37f435
image,#i_mtl_p7_bulletin_board_cork_wood_frame_n
image,#i_mtl_p7_bulletin_board_cork_wood_frame_c
image,#i_mtl_p7_medical_sanitation_towels02_detail_n
image,#i_wpn_t8_sniper_power_semi_mag_c
image,#i_wpn_t8_sniper_power_semi_mag_g
image,#i_wpn_t8_sniper_power_semi_mag_o
image,#i_wpn_t8_sniper_power_semi_mag_n
image,#i_wpn_t8_sniper_power_semi_mag_s
image,#i_wpn_t8_sniper_power_semi_mag_r
image,#i_wpn_t8_loot_sniper_mini14_receiver_mk2_n
image,#i_wpn_t8_loot_sniper_mini14_receiver_mk2_m
image,#hash_779aa3dbdcd8ac61
image,#hash_f7a037323560a690
image,#i_mtl_wpn_t8_ar_modular_sights_sig_03_mask
image,#hash_77a1b6907fc3067d
image,#i_t8_metal_panels_1x1_painted_01_o
image,#i_t8_metal_panels_1x1_painted_01_n
image,#i_t8_metal_panels_1x1_painted_01_g
image,#hash_f7b35625cb7de580
image,#hash_f7b35725cb7de733
image,#hash_f7b35925cb7dea99
image,#hash_f7b35f25cb7df4cb
image,#hash_f7b36325cb7dfb97
image,#hash_f7b37325cb7e16c7
image,#i_mtl_p8_foliage_weeds_short_grass_02_n
image,#i_mtl_p8_foliage_weeds_short_grass_02_c
image,#i_t7_stone_marble_wavy_tan_g
image,#hash_77c4b33406776936
image,#i_attach_t7_lmg_brm_detail1_n
image,#hash_f7ca43418e20a666
image,#hash_f7ca44418e20a819
image,#hash_f7ca4b418e20b3fe
image,#hash_f7ca4f418e20baca
image,#hash_f7ca5f418e20d5fa
image,#i_mtl_p8_foliage_grass_blades_tall_set_b_n
image,#i_mtl_p8_foliage_grass_blades_tall_set_b_c
image,#i_mtl_p8_foliage_grass_blades_tall_set_b_t
image,#i_mtl_p7_wes_beech_fence_end_c
image,#i_mtl_p7_wes_beech_fence_end_n
image,#i_mtl_p7_zm_asc_console_launch_key_button_e
image,#i_mtl_p7_zm_asc_console_launch_key_button_n
image,#i_t7_metal_trim_rivets_01_m
image,#i_t7_metal_trim_rivets_01_n
image,#hash_f7e54b5ac4f0ca32
image,#hash_f7e54c5ac4f0cbe5
image,#i_mtl_p7_pipe_metal_hp_12_flange_m
image,#i_mtl_p7_pipe_metal_hp_12_flange_n
image,#i_t8_metal_heavy_tile_01_n
image,#i_t8_metal_heavy_tile_01_c
image,#i_t8_metal_heavy_tile_01_g
image,#i_wpn_t8_sniper_koshka_stock_c
image,#i_wpn_t8_sniper_koshka_stock_g
image,#i_wpn_t8_sniper_koshka_stock_o
image,#i_wpn_t8_sniper_koshka_stock_n
image,#i_wpn_t8_sniper_koshka_stock_s
image,#i_wpn_t8_sniper_koshka_stock_r
image,#i_mtl_p7_wes_container_vintage_bottle_brown_glass_01_c
image,#i_mtl_p7_wes_container_vintage_bottle_brown_glass_01_g
image,#i_mtl_p7_wes_container_vintage_bottle_brown_glass_01_n
image,#i_t8_decal_graphics_signage_usa_garment_01_c
image,#ui_icon_weapons_zm_sniperpowersemi
image,#hash_f803c8edfd39c640
image,#hash_f803ccedfd39cd0c
image,#hash_f803d4edfd39daa4
image,#hash_f803d5edfd39dc57
image,#hash_f803d8edfd39e170
image,#i_t7_decal_damage_concrete_edge_01_c
image,#i_t7_decal_damage_concrete_edge_01_n
image,#i_t7_decal_damage_concrete_edge_01_r
image,#i_mtl_attach_t8_loot_ar_an94_grip_01_o
image,#i_mtl_attach_t8_loot_ar_an94_grip_01_n
image,#i_mtl_attach_t8_loot_ar_an94_grip_01_c
image,#i_mtl_attach_t8_loot_ar_an94_grip_01_g
image,#i_mtl_p8_zm_esc_cloth_pile_02_dust_m
image,#i_mtl_p7_zm_ctl_cabinet_office_vintage_m
image,#i_mtl_p7_zm_ctl_cabinet_office_vintage_n
image,#i_mtl_p7_zm_der_light_set_bulb_small_s
image,#i_mtl_p7_zm_der_light_set_bulb_small_n
image,#i_mtl_p7_zm_der_light_set_bulb_small_m
image,#i_mtl_p7_zm_der_light_set_bulb_small_g
image,#i_mtl_p7_zm_der_light_set_bulb_small_c
image,#i_mtl_wpn_t8_loot_ar_an94_base01_s
image,#i_mtl_wpn_t8_loot_ar_an94_base01_m
image,#i_mtl_wpn_t8_loot_ar_an94_base01_o
image,#i_mtl_wpn_t8_loot_ar_an94_base01_n
image,#i_mtl_wpn_t8_loot_ar_an94_base01_g
image,#i_mtl_wpn_t8_loot_ar_an94_base01_c
image,#i_t8_mov_zm_esc_asphalt_rubble_fine_01_c
image,#i_t8_mov_zm_esc_asphalt_rubble_fine_01_g
image,#i_t8_mov_zm_esc_asphalt_rubble_fine_01_o
image,#i_t8_mov_zm_esc_asphalt_rubble_fine_01_n
image,#i_t8_mov_zm_esc_asphalt_rubble_fine_01_r
image,#i_wpn_t8_shotgun_semi_railcover_sig_01_c
image,#i_wpn_t8_shotgun_semi_railcover_sig_01_g
image,#i_wpn_t8_shotgun_semi_railcover_sig_01_n
image,#i_wpn_t8_shotgun_semi_railcover_sig_01_o
image,#i_wpn_t8_shotgun_semi_railcover_sig_01_s
image,#hash_f84f567d13b1a315
image,#fxt_smk_whisp_anim_2
image,#i_wpn_t8_tr_midburst_stock_sig_02_c
image,#i_wpn_t8_tr_midburst_stock_sig_02_g
image,#i_wpn_t8_tr_midburst_stock_sig_02_n
image,#i_wpn_t8_tr_midburst_stock_sig_02_o
image,#i_wpn_t8_tr_midburst_stock_sig_02_s
image,#i_mtl_p7_inf_toilet_vintage_metal_n
image,#i_mtl_p7_inf_toilet_vintage_metal_o
image,#i_mtl_p7_inf_toilet_vintage_metal_m
image,#i_mtl_p7_light_hurricane_lamp_s
image,#i_mtl_p7_light_hurricane_lamp_o
image,#i_mtl_p7_light_hurricane_lamp_n
image,#i_mtl_p7_light_hurricane_lamp_g
image,#hash_7854fa5dd6204100
image,#i_mtl_p8_zm_esc_jumbled_electrical_wire_tape_01_n
image,#hash_7856147457a45aad
image,#hash_f85810078928713b
image,#i_wpn_t8_ar_accurate_barrel_sig_03_s
image,#i_wpn_t8_ar_accurate_barrel_sig_03_c
image,#i_wpn_t8_ar_accurate_barrel_sig_03_g
image,#i_wpn_t8_ar_accurate_barrel_sig_03_n
image,#i_wpn_t8_ar_accurate_barrel_sig_03_o
image,#hash_f85fd84f0830793b
image,#i_t7_decal_damage_metal_rust_edge_01_c
image,#i_t7_decal_damage_metal_rust_edge_01_n
image,#i_attach_t8_smg_mp9_magwell_g
image,#i_attach_t8_smg_mp9_magwell_c
image,#i_attach_t8_smg_mp9_magwell_o
image,#i_attach_t8_smg_mp9_magwell_n
image,#i_attach_t8_smg_mp9_magwell_s
image,#i_wpn_t8_sig_annihilator_pins_g
image,#i_wpn_t8_sig_annihilator_pins_c
image,#i_wpn_t8_sig_annihilator_pins_o
image,#i_wpn_t8_sig_annihilator_pins_n
image,#i_wpn_t8_sig_annihilator_pins_s
image,#i_t7_detail_paper_01_n
image,#i_mtl_t8_metal_stainless_wall_squares_stained_01a_s
image,#i_attach_t8_tac_rifle_surgeon_railcover_s
image,#i_attach_t8_tac_rifle_surgeon_railcover_c
image,#i_attach_t8_tac_rifle_surgeon_railcover_g
image,#i_attach_t8_tac_rifle_surgeon_railcover_n
image,#i_attach_t8_tac_rifle_surgeon_railcover_o
image,#i_t7_metal_planter_top_trim_s
image,#i_t7_metal_planter_top_trim_r
image,#i_t7_metal_planter_top_trim_o
image,#i_t7_metal_planter_top_trim_n
image,#i_t7_metal_planter_top_trim_c
image,#i_t7_metal_planter_top_trim_g
image,#hash_7877c8ce64df6a44
image,#i_mtl_wpn_t8_loot_pistol_auto_sights_sig_s
image,#i_mtl_wpn_t8_loot_pistol_auto_sights_sig_n
image,#i_mtl_wpn_t8_loot_pistol_auto_sights_sig_o
image,#i_mtl_wpn_t8_loot_pistol_auto_sights_sig_c
image,#i_mtl_wpn_t8_loot_pistol_auto_sights_sig_g
image,#i_veh_t8_dirt_grey_c
image,#i_veh_t8_mil_heli_light_cockpit_m
image,#i_veh_t8_mil_heli_light_cockpit_o
image,#i_veh_t8_mil_heli_light_cockpit_n
image,#fxt_gas_blur_core_thick
image,#i_t8_jpn_wood_panel_plain_01_c
image,#i_mtl_wpn_t8_lmg_heavy_handle_sig_02_s
image,#i_mtl_wpn_t8_lmg_heavy_handle_sig_02_c
image,#i_mtl_wpn_t8_lmg_heavy_handle_sig_02_g
image,#i_mtl_wpn_t8_lmg_heavy_handle_sig_02_o
image,#i_mtl_wpn_t8_lmg_heavy_handle_sig_02_n
image,#hash_789748045de52ebb
image,#i_veh_t8_decal_tech_detail_high_tech_91_n
image,#i_veh_t8_decal_tech_detail_high_tech_91_o
image,#i_veh_t8_decal_tech_detail_high_tech_91_g
image,#i_veh_t8_decal_tech_detail_high_tech_91_c
image,#i_mtl_wpn_t8_zm_eqp_wraith_fire_bronze_2_m
image,#i_mtl_wpn_t8_zm_eqp_wraith_fire_bronze_2_n
image,#i_mtl_t8_camo_dlc3_spacedust_05_c
image,#hash_f8a40b9153efd443
image,#i_mtl_p7_cinder_block_broken_1_n
image,#i_mtl_p7_cinder_block_broken_1_c
image,#i_p8_wz_foliage_leymus_grass_01_c_r
image,#i_mtl_p7_signage_plastic_exit_n
image,#i_t7_decal_blood_smear_02_c
image,#hash_f8acfa6f871aa145
image,#i_mtl_wpn_t8_ar_kn57_sights_alt_mk2_multi_m
image,#loot04_ui_icon_blackmarket_reserves_weapon_ar_stealth_mk2
image,#i_t7_wood_trim_brown_01_c
image,#i_t7_wood_trim_brown_01_n
image,#i_mtl_p8_col_generator_garage_set_decal_logo_black_c
image,#i_p7_fir_bathroom_sink_tubing_m
image,#i_p7_fir_bathroom_sink_tubing_n
image,#hash_78c3941c4023ef16
image,#hash_78c3951c4023f0c9
image,#hash_78cc86712b378031
image,#i_wpn_t8_sniper_koshka_mid_cylinder_02_mk2_m
image,#hash_78d35802de7938a2
image,#i_t7_wood_plywood_brown_n
image,#i_t7_wood_plywood_brown_c
image,#hash_78d67ebae379b6e0
image,#hash_78d67fbae379b893
image,#hash_78d69bbae379e827
image,#i_mtl_p7_cai_sign_billboard_01_lights_glass_t
image,#hash_78da1229e0313940
image,#hash_78da1629e031400c
image,#hash_78da1a29e03146d8
image,#hash_78da1b29e031488b
image,#hash_78dac09835e7af52
image,#hash_78e2d8b1a66186e8
image,#i_t8_micro_paint_03_g
image,#i_t8_micro_paint_03_c
image,#i_t7_drywall_base_cream_damage_r
image,#hash_f8f34f08d120448c
image,#hash_f8f35008d120463f
image,#hash_f8f35408d1204d0b
image,#hash_f8f35808d12053d7
image,#hash_f8f36408d120683b
image,#hash_f8f3e60509523f1c
image,#i_t8_wpn_pistol_revolver_various_sig_02_s
image,#i_t8_wpn_pistol_revolver_various_sig_02_o
image,#i_t8_wpn_pistol_revolver_various_sig_02_n
image,#i_t8_wpn_pistol_revolver_various_sig_02_g
image,#i_t8_wpn_pistol_revolver_various_sig_02_c
image,#i_t8_rock_jagged_01_c
image,#i_wpn_t8_shotgun_pump_sig_01_decal_n
image,#i_wpn_t8_shotgun_pump_sig_01_decal_c
image,#i_mtl_p8_zm_esc_gun_gallery_metal_plate_02_multi_m
image,#i_t8_dirt_granular_g
image,#i_mtl_p8_door_wood_arch_heavy_02_metal_o
image,#i_mtl_p8_door_wood_arch_heavy_02_metal_n
image,#i_mtl_p8_door_wood_arch_heavy_02_metal_m
image,#ui_icon_attachment_extendedmags
image,#hash_79173f5f9544fa24
image,#hash_7917425f9544ff3d
image,#i_t8_decal_blood_splatter_floor_03_c
image,#i_t8_wpn_lmg_heavy_handle_sig_01_s
image,#i_t8_wpn_lmg_heavy_handle_sig_01_c
image,#i_t8_wpn_lmg_heavy_handle_sig_01_g
image,#i_t8_wpn_lmg_heavy_handle_sig_01_n
image,#i_t8_wpn_lmg_heavy_handle_sig_01_o
image,#i_wpn_t8_tac_rifle_swordfish_sig02_body_s
image,#i_wpn_t8_tac_rifle_swordfish_sig02_body_o
image,#i_wpn_t8_tac_rifle_swordfish_sig02_body_n
image,#i_wpn_t8_tac_rifle_swordfish_sig02_body_g
image,#i_wpn_t8_tac_rifle_swordfish_sig02_body_c
image,#fxt_smk_billow_thick_anim
image,#i_mtl_p8_col_mobile_generator_tube_r
image,#hash_f93e2189694433b0
image,#i_mtl_p8_col_rail_tower_plastic_c
image,#i_p8_zm_zod_toy_bear_c
image,#i_p8_zm_zod_toy_bear_n
image,#i_p8_zm_zod_toy_bear_o
image,#hash_f94d41bac751b704
image,#hash_f94d45bac751bdd0
image,#hash_f94d46bac751bf83
image,#hash_f94d4dbac751cb68
image,#hash_f94d51bac751d234
image,#i_mtl_p7_fxanim_gp_vine_strand_ivy_64_smod_proxy_albedo
image,#i_veh_t8_mil_heli_light_optic_ir
image,#ui_icon_weapon_hud_ar_galil
image,#i_mtl_wpn_t8_camo_diamond_06_c
image,#i_p7_sin_ship_container_decal01_n
image,#i_wpn_t8_ar_fastfire_signature_magwell_sig_02_s
image,#i_wpn_t8_ar_fastfire_signature_magwell_sig_02_r
image,#i_wpn_t8_ar_fastfire_signature_magwell_sig_02_c
image,#i_wpn_t8_ar_fastfire_signature_magwell_sig_02_g
image,#i_wpn_t8_ar_fastfire_signature_magwell_sig_02_o
image,#i_wpn_t8_ar_fastfire_signature_magwell_sig_02_n
image,#ui_icon_weapon_melee_club_render
image,#i_mtl_p7_debris_concrete_rubble_med_01_n
image,#hash_796db874fe996d36
image,#i_attach_t8_lmg_titan_stock_s
image,#i_attach_t8_lmg_titan_stock_r
image,#i_attach_t8_lmg_titan_stock_c
image,#i_attach_t8_lmg_titan_stock_g
image,#i_attach_t8_lmg_titan_stock_o
image,#i_attach_t8_lmg_titan_stock_n
image,#i_wpn_t7_shotty_prec_grip_base_o
image,#i_wpn_t7_shotty_prec_grip_base_n
image,#i_wpn_t7_shotty_prec_grip_base_c
image,#i_wpn_t7_shotty_prec_grip_base_g
image,#i_wpn_t7_shotty_prec_grip_base_s
image,#i_p8_zm_esc_shower_drain_s
image,#i_p8_zm_esc_shower_drain_c
image,#i_p8_zm_esc_shower_drain_g
image,#i_p8_zm_esc_shower_drain_n
image,#i_mtl_wpn_t8_loot_ar_an94_grip_base_c
image,#i_mtl_wpn_t8_loot_ar_an94_grip_base_o
image,#i_mtl_wpn_t8_loot_ar_an94_grip_base_n
image,#i_mtl_wpn_t8_loot_ar_an94_grip_base_m
image,#i_mtl_wpn_t8_loot_ar_an94_grip_base_s
image,#i_mtl_p7_foliage_flower_bouquet_leaf_t
image,#i_mtl_p7_foliage_flower_bouquet_leaf_c
image,#i_mtl_p7_foliage_flower_bouquet_leaf_n
image,#hash_f97e8ed189590c39
image,#hash_f97e9ed189592769
image,#hash_f97ea2d189592e35
image,#hash_f97ea9d189593a1a
image,#hash_f97eaad189593bcd
image,#i_wpn_t7_zmb_perk_bottle_metal_ds_s
image,#i_wpn_t7_zmb_perk_bottle_metal_ds_c
image,#hash_798390b88d109a69
image,#hash_f98a234bd933e6c0
image,#hash_f98a374bd93408bc
image,#hash_f98a3f4bd9341654
image,#hash_f98a404bd9341807
image,#i_p7_debris_trash_bottle_water_01
image,#i_t7_decal_signage_54i_graffiti_03_c
image,#i_mtl_p7_slu_box_electric_set_decal_labels_c
image,#i_mtl_p7_slu_box_electric_set_decal_labels_n
image,#i_mtl_p7_shelf_modern_02_a_m
image,#i_mtl_p8_pipes_electrical_m
image,#i_mtl_p7_soc_shelf_restaurant_01_m
image,#i_mtl_p7_soc_shelf_restaurant_01_n
image,#t7_metal_bare_worn_02_g
image,#t7_icon_weapon_hero_firebreak_kf
image,#hash_799a270ab9d0ce4a
image,#i_mtl_p8_zm_esc_book_05_character_n
image,#i_mtl_p8_zm_esc_book_05_character_c
image,#i_t8_decal_graphics_signage_usa_sub_hazard_check_in_c
image,#ui_icon_weapon_hud_tr_powersemi
image,#i_t7_plastic_polyethylene_worn_grey_c
image,#i_t8_asphalt_damaged_cracked_01_c
image,#i_t8_asphalt_damaged_cracked_01_n
image,#hash_f9b0d3d814189b63
image,#i_mtl_p8_zm_zod_broom_galley_n
image,#i_mtl_p8_zm_zod_broom_galley_m
image,#i_wpn_t8_shotgun_semi_screws01_sig_01_s
image,#i_wpn_t8_shotgun_semi_screws01_sig_01_o
image,#i_wpn_t8_shotgun_semi_screws01_sig_01_n
image,#i_wpn_t8_shotgun_semi_screws01_sig_01_c
image,#i_wpn_t8_shotgun_semi_screws01_sig_01_g
image,#hash_79b65b3d51d8c08f
image,#i_veh_t8_decal_gauge_01_s
image,#i_veh_t8_decal_gauge_01_c
image,#i_veh_t8_decal_gauge_01_g
image,#i_veh_t8_decal_gauge_01_n
image,#i_mtl_p8_usa_locker_metal_door_metal_01_m
image,#i_mtl_p8_usa_locker_metal_door_metal_01_n
image,#i_wpn_t7_camo_dlc3_pap_e3
image,#i_mtl_p7_gate_metal_scissor_01_tile02_n
image,#hash_f9bd4148ba6d3e53
image,#i_mtl_p8_zm_esc_dark_machine_decal_03_n
image,#i_mtl_p8_zm_esc_dark_machine_decal_03_m
image,#i_veh_t8_mil_heli_attack_body_rear_multi_m
image,#hash_79c695329e763a99
image,#hash_79c6b1329e766a2d
image,#i_t8_wpn_pistol_auto_rear_m
image,#i_t8_wpn_pistol_auto_rear_o
image,#i_t8_wpn_pistol_auto_rear_n
image,#i_t8_wpn_pistol_auto_rear_g
image,#i_t8_wpn_pistol_auto_rear_c
image,#i_t8_wpn_pistol_auto_rear_s
image,#i_mtl_p8_fence_rustic_wood_plank_wood_m
image,#i_mtl_p8_fence_rustic_wood_plank_wood_n
image,#i_t8_micro_rock_sandstone_rough_03_g
image,#hash_f9d4f7895526262f
image,#i_mtl_p7_zm_asc_light_fluorescent_bulb_s
image,#hash_f9d58ace4bedf445
image,#i_mtl_p7_zm_asc_light_fluorescent_bulb_c
image,#i_mtl_p7_zm_asc_light_fluorescent_bulb_n
image,#hash_f9d596ce4bee08a9
image,#hash_f9d59ace4bee0f75
image,#hash_f9d59dce4bee148e
image,#hash_f9d59ece4bee1641
image,#i_mtl_p7_zm_sta_cabinet_antique_decal_c
image,#i_mtl_p7_zm_sta_cabinet_antique_decal_n
image,#i_mtl_p7_zm_sta_cabinet_antique_decal_m
image,#i_t8_decal_blood_splatter_wall_directional_01_s
image,#i_t8_decal_blood_splatter_wall_directional_01_n
image,#i_t8_decal_blood_splatter_wall_directional_01_c
image,#hash_f9dc2b64c5370198
image,#i_t8_zm_off_metal_paintchip_grey_g
image,#i_t8_zm_off_metal_paintchip_grey_c
image,#i_t8_zm_off_metal_paintchip_grey_n
image,#fxt_sparks_rndhit_mask
image,#hash_79e63d06fd8503f7
image,#i_c_t8_zmb_male_arms1_c
image,#i_c_t8_zmb_male_arms1_g
image,#i_c_t8_zmb_male_arms1_o
image,#i_c_t8_zmb_male_arms1_n
image,#i_mtl_p7_zm_mob_bookcase_wood_b_m
image,#i_mtl_p7_zm_mob_bookcase_wood_b_n
image,#i_attach_t8_smg_capacity_bolt_g
image,#i_attach_t8_smg_capacity_bolt_o
image,#i_attach_t8_smg_capacity_bolt_n
image,#i_attach_t8_smg_capacity_bolt_s
image,#i_c_t8_detail_canvas_camera_case_n
image,#hash_f9f54907f55cde10
image,#i_mtl_p7_foliage_distictis_hanging_ledge_32_long_proxy_specular
image,#hash_79ffd2e0bcefee8c
image,#hash_79ffd6e0bceff558
image,#hash_79ffd7e0bceff70b
image,#hash_fa03260ba8f98ca0
image,#hash_fa033a0ba8f9ae9c
image,#hash_fa03420ba8f9bc34
image,#hash_fa03430ba8f9bde7
image,#i_mtl_p8_zm_esc_warden_vase_02_main_r
image,#i_mtl_p8_zm_esc_warden_vase_02_main_n
image,#i_t8_decal_grunge_puddle_crude_oil_01_eroded
image,#i_mtl_attach_t8_loot_lmg_mk48_foregrip_s
image,#i_mtl_attach_t8_loot_lmg_mk48_foregrip_g
image,#i_mtl_attach_t8_loot_lmg_mk48_foregrip_c
image,#i_mtl_attach_t8_loot_lmg_mk48_foregrip_n
image,#i_mtl_attach_t8_loot_lmg_mk48_foregrip_o
image,#hash_7a19aa24c3dedc49
image,#icons_hud_ultimates_sparrow
image,#fxt8_spark_streak_wiggle_hdr
image,#hash_fa254cc425f28ee9
image,#hash_fa27aaffb27e77d4
image,#i_veh_t8_decal_grunge_burnt_stain_01_c
image,#i_mtl_p7_jun_foliage_bush_01_proxy_albedo
image,#i_attach_t8_ar_galil_fast_mag_g
image,#i_attach_t8_ar_galil_fast_mag_c
image,#i_attach_t8_ar_galil_fast_mag_o
image,#i_attach_t8_ar_galil_fast_mag_n
image,#i_attach_t8_ar_galil_fast_mag_s
image,#i_mtl_p8_food_dinnerware_plate_sml_n
image,#i_mtl_p8_food_dinnerware_plate_sml_m
image,#i_wpn_t8_zm_dg2_glow_e
image,#i_mtl_p7_zm_ori_duckboard_set_m
image,#i_mtl_p7_zm_ori_duckboard_set_n
image,#ui_icon_attachment_sniper_scope
image,#hash_fa4552cdb4d458b9
image,#hash_fa4ae72fe7838bd1
image,#i_mtl_p7_light_floodlight_c
image,#i_mtl_p7_light_floodlight_m
image,#i_mtl_p7_light_floodlight_n
image,#i_mtl_p8_zm_esc_power_station_panel_set_gauges_03_c
image,#i_veh_t8_decal_panel_48_n
image,#i_mtl_p8_air_conditioner_plastic_wall_sml_01_n
image,#i_mtl_p8_air_conditioner_plastic_wall_sml_01_c
image,#i_mtl_p8_air_conditioner_plastic_wall_sml_01_g
image,#i_mtl_wpn_t8_ar_stealth_sig_02_base_weapon_03_c
image,#i_mtl_wpn_t8_ar_stealth_sig_02_base_weapon_03_g
image,#i_mtl_wpn_t8_ar_stealth_sig_02_base_weapon_03_e
image,#i_mtl_wpn_t8_ar_stealth_sig_02_base_weapon_03_n
image,#i_mtl_wpn_t8_ar_stealth_sig_02_base_weapon_03_o
image,#i_mtl_wpn_t8_ar_stealth_sig_02_base_weapon_03_s
image,#hash_fa60260822a119ae
image,#i_mtl_p7_zm_ver_generator_metal04_m
image,#i_mtl_attach_t8_loot_ar_an94_upper_01_s
image,#i_mtl_attach_t8_loot_ar_an94_upper_01_o
image,#i_mtl_attach_t8_loot_ar_an94_upper_01_n
image,#i_mtl_attach_t8_loot_ar_an94_upper_01_c
image,#i_mtl_attach_t8_loot_ar_an94_upper_01_g
image,#i_mtl_wpn_t8_sniper_vanguard_barrel_v2_s
image,#i_mtl_wpn_t8_sniper_vanguard_barrel_v2_r
image,#i_mtl_wpn_t8_sniper_vanguard_barrel_v2_o
image,#i_mtl_wpn_t8_sniper_vanguard_barrel_v2_n
image,#i_mtl_wpn_t8_sniper_vanguard_barrel_v2_g
image,#i_mtl_wpn_t8_sniper_vanguard_barrel_v2_c
image,#i_mtl_p7_mou_light_lamp_desk_metal_01_m
image,#i_mtl_p7_mou_light_lamp_desk_metal_01_n
image,#hash_fa805336cbadb322
image,#i_mtl_p8_zm_esc_generator_lrg_rust_metal_unique_m
image,#i_mtl_p8_zm_esc_generator_lrg_rust_metal_unique_o
image,#i_mtl_p8_zm_esc_generator_lrg_rust_metal_unique_n
image,#i_t8_decal_graphics_signage_usa_sub_label_electrical_c
image,#i_wpn_t8_lmg_titan_sig_02_bullet_n
image,#i_wpn_t8_lmg_titan_sig_02_bullet_o
image,#i_wpn_t8_lmg_titan_sig_02_bullet_c
image,#i_wpn_t8_lmg_titan_sig_02_bullet_g
image,#i_wpn_t8_lmg_titan_sig_02_bullet_s
image,#i_attach_t7_optic_m32_lens_g
image,#i_c_t8_mp_spe_armor_heavy
image,#i_t8_decal_grunge_rust_07_n
image,#i_t8_decal_grunge_rust_07_o
image,#i_t8_decal_grunge_rust_07_c
image,#i_t8_wpn_pistol_revolver_body_sig_02_g
image,#i_t8_wpn_pistol_revolver_body_sig_02_c
image,#i_t8_wpn_pistol_revolver_body_sig_02_n
image,#i_t8_wpn_pistol_revolver_body_sig_02_o
image,#i_t8_wpn_pistol_revolver_body_sig_02_s
image,#i_t8_zm_esc_heavy_rust_01_rvl_r
image,#i_mtl_p8_zm_esc_warden_house_wood_panel_kit_o
image,#i_mtl_p8_zm_esc_warden_house_wood_panel_kit_n
image,#hash_faa3f15016807df8
image,#i_mtl_wpn_t8_loot_lmg_mk48_tube_g
image,#i_mtl_wpn_t8_loot_lmg_mk48_tube_c
image,#i_mtl_wpn_t8_loot_lmg_mk48_tube_n
image,#i_mtl_wpn_t8_loot_lmg_mk48_tube_o
image,#i_mtl_wpn_t8_loot_lmg_mk48_tube_s
image,#i_mtl_wpn_t8_ar_modular_handguard_sig_03_s
image,#i_mtl_wpn_t8_ar_modular_handguard_sig_03_n
image,#i_mtl_wpn_t8_ar_modular_handguard_sig_03_o
image,#i_mtl_wpn_t8_ar_modular_handguard_sig_03_c
image,#i_mtl_wpn_t8_ar_modular_handguard_sig_03_g
image,#i_p8_backpack_military_main_c
image,#i_p8_backpack_military_main_g
image,#i_p8_backpack_military_main_n
image,#i_t8_decal_damage_asphalt_pothole_03_wet_g
image,#i_t8_decal_damage_asphalt_pothole_03_wet_c
image,#i_t8_decal_damage_asphalt_pothole_03_wet_n
image,#i_mtl_veh_t7_dlc_hav_dropship_dmg_set_ext_burned_512_r
image,#fxt_water_bubbledeath_group1_anim
image,#i_p7_wes_picture_frame_image_11_c
image,#i_attach_t8_pistol_revolver_stabilizer_g
image,#i_attach_t8_pistol_revolver_stabilizer_c
image,#i_attach_t8_pistol_revolver_stabilizer_m
image,#i_attach_t8_pistol_revolver_stabilizer_n
image,#i_attach_t8_pistol_revolver_stabilizer_o
image,#i_attach_t8_pistol_revolver_stabilizer_r
image,#i_attach_t8_pistol_revolver_stabilizer_s
image,#i_t7_plastic_tarp_blue_creased_c
image,#i_t7_decal_grunge_painted_01_drk_rvl_r
image,#i_wpn_t7_zmb_perk_bottle_metal_2tap_c
image,#i_wpn_t7_zmb_perk_bottle_metal_2tap_s
image,#$env_cone_lut
image,#i_t7_cobweb_corner_01_c
image,#i_t7_cobweb_corner_01_n
image,#hash_7aebeead5bcc9499
image,#hash_faf02c15d6ff9ee7
image,#i_mtl_p8_box_cardboard_c
image,#i_veh_t8_glass_pattern_02_n
image,#i_mtl_p8_wep_cargo_container_military_decal_rust_c
image,#i_mtl_p8_wep_cargo_container_military_decal_rust_n
image,#i_mtl_p7_boat_life_preserver_decal_n
image,#i_mtl_p7_boat_life_preserver_decal_o
image,#i_wpn_t8_lmg_titan_sig_01_decals_02_c
image,#i_mtl_p8_wz_supply_stash_decal_label_c
image,#i_mtl_p8_wep_cargo_container_military_decal_01_c
image,#hash_7b06a8a04ab90f41
image,#hash_7b077b88151d9bd9
image,#i_wpn_t8_lmg_hades_barrel_base_m
image,#i_wpn_t8_lmg_hades_barrel_base_n
image,#i_wpn_t8_lmg_hades_barrel_base_o
image,#i_t7_graphic_display_medical_14_c
image,#hash_fb0dc87c72a66270
image,#i_wpn_t8_zm_tomahawk_blade_c
image,#i_wpn_t8_zm_tomahawk_blade_e
image,#i_wpn_t8_zm_tomahawk_blade_g
image,#i_wpn_t8_zm_tomahawk_blade_n
image,#i_wpn_t8_zm_tomahawk_blade_s
image,#i_t7_kfu_wood_painted_wall_c
image,#i_t7_kfu_wood_painted_wall_n
image,#i_attach_t8_optic_ironsights_sniper_s
image,#i_attach_t8_optic_ironsights_sniper_r
image,#i_attach_t8_optic_ironsights_sniper_o
image,#i_attach_t8_optic_ironsights_sniper_n
image,#i_attach_t8_optic_ironsights_sniper_c
image,#i_attach_t8_optic_ironsights_sniper_g
image,#i_wpn_t8_ar_modular_02_weapon_sig_02_c
image,#i_wpn_t8_ar_modular_02_weapon_sig_02_g
image,#i_wpn_t8_ar_modular_02_weapon_sig_02_n
image,#i_wpn_t8_ar_modular_02_weapon_sig_02_o
image,#i_wpn_t8_ar_modular_02_weapon_sig_02_s
image,#i_mtl_p7_wes_table_drawer_wood_vintage_sml_set_m
image,#i_mtl_p7_wes_table_drawer_wood_vintage_sml_set_n
image,#hash_fb32b5ae579de3e8
image,#hash_fb3978777b9384c0
image,#hash_fb3c46a601f1bf60
image,#hash_fb3c56a601f1da90
image,#hash_fb3c5aa601f1e15c
image,#hash_fb3c62a601f1eef4
image,#hash_fb3c63a601f1f0a7
image,#i_t7_decal_damage_metal_scratches_r
image,#i_mtl_p8_col_storage_chem_lab_glass_02_c
image,#i_mtl_p8_col_storage_chem_lab_glass_02_n
image,#i_mtl_p7_wes_bed_victorian_ornate_wood_01_m
image,#i_mtl_p7_wes_bed_victorian_ornate_wood_01_n
image,#i_t7_wes_wood_trim_01_dentil_o
image,#i_t8_concrete_mortar_c
image,#i_t8_concrete_mortar_n
image,#i_t8_concrete_mortar_r
image,#i_c_t8_detail_plastic_mp9_n
image,#fxt8_liquid_impact
image,#i_t8_decal_tech_detail_bolt_01_s
image,#i_t8_decal_tech_detail_bolt_01_o
image,#i_t8_decal_tech_detail_bolt_01_n
image,#i_t8_decal_tech_detail_bolt_01_c
image,#i_mtl_p8_zm_esc_gun_gallery_metal_plate_02_n
image,#i_mtl_p8_zm_esc_gun_gallery_metal_plate_02_o
image,#hash_7b563b4ccb14ff2e
image,#i_t7_micro_metal_bare_scuffed_02_s
image,#i_t7_micro_metal_bare_scuffed_02_g
image,#i_wpn_t8_lmg_hades_decals_c
image,#fxt_water_droplet_mask
image,#i_wpn_t8_zm_crossbow_impaler_base_s
image,#i_wpn_t8_zm_crossbow_impaler_base_n
image,#i_wpn_t8_zm_crossbow_impaler_base_o
image,#i_wpn_t8_zm_crossbow_impaler_base_g
image,#i_wpn_t8_zm_crossbow_impaler_base_c
image,#hash_fb5b990025475960
image,#hash_fb5b9d002547602c
image,#hash_fb5ba100254766f8
image,#hash_fb5ba200254768ab
image,#i_t7_micro_cloth_leather_01_n
image,#i_t7_micro_cloth_leather_01_g
image,#i_t7_micro_cloth_leather_01_c
image,#hash_7b5e84521cbcd075
image,#i_mtl_p8_wz_ammo_pickup_9mm_paper_c
image,#i_mtl_p8_pallet_military_metal_decal_02_s
image,#i_mtl_p8_pallet_military_metal_decal_02_c
image,#hash_7b62a9c395c2e265
image,#i_wpn_t8_eqp_smartcover_decals03_c
image,#i_wpn_t8_eqp_smartcover_decals03_g
image,#i_wpn_t8_eqp_smartcover_decals03_n
image,#i_veh_t8_decal_bolt_08_c
image,#i_veh_t8_decal_bolt_08_o
image,#i_veh_t8_decal_bolt_08_n
image,#i_veh_t8_decal_bolt_08_r
image,#hash_7b666beca80501a7
image,#hash_7b704f807299823e
image,#i_attach_wpn_t8_ar_accurate_grip_sig_03_c
image,#i_attach_wpn_t8_ar_accurate_grip_sig_03_g
image,#i_attach_wpn_t8_ar_accurate_grip_sig_03_o
image,#i_attach_wpn_t8_ar_accurate_grip_sig_03_s
image,#i_wpn_t8_sniper_koshka_fabric_tear_n
image,#i_wpn_t8_sniper_koshka_fabric_tear_c
image,#i_mtl_wpn_t8_camo_topology_05_c
image,#i_wpn_t7_shotty_prec_upper_base_s
image,#i_wpn_t7_shotty_prec_upper_base_o
image,#i_wpn_t7_shotty_prec_upper_base_n
image,#i_wpn_t7_shotty_prec_upper_base_c
image,#i_wpn_t7_shotty_prec_upper_base_g
image,#i_attach_t7_shotty_prec_barrel_01_c
image,#i_attach_t7_shotty_prec_barrel_01_g
image,#i_attach_t7_shotty_prec_barrel_01_o
image,#i_attach_t7_shotty_prec_barrel_01_n
image,#i_attach_t7_shotty_prec_barrel_01_s
image,#core_sand_med_n
image,#fxt_gel_drops_mask
image,#hash_fb8d8da1990c0330
image,#i_t8_concrete_wall_cast_01_c
image,#i_t8_concrete_wall_cast_01_o
image,#i_t8_concrete_wall_cast_01_n
image,#hash_7b90e5f39b4f6008
image,#i_t7_wood_beam_worn_oak_splintered_c
image,#i_t7_wood_beam_worn_oak_splintered_m
image,#i_t7_wood_beam_worn_oak_splintered_o
image,#i_t7_wood_beam_worn_oak_splintered_n
image,#i_mtl_p7_soc_bag_ammo_ammo_n
image,#i_mtl_p8_col_oven_kitchen_03_m
image,#i_mtl_p8_col_oven_kitchen_03_n
image,#i_attach_t8_smg_mp9_silencer_02_r
image,#i_attach_t8_smg_mp9_silencer_02_s
image,#i_attach_t8_smg_mp9_silencer_02_n
image,#i_attach_t8_smg_mp9_silencer_02_o
image,#i_attach_t8_smg_mp9_silencer_02_c
image,#i_attach_t8_smg_mp9_silencer_02_g
image,#i_p8_zm_esc_paper_pile_set_frosted_c
image,#i_p8_zm_esc_paper_pile_set_frosted_g
image,#i_t8_concrete_wall_cast_2x1_01_g
image,#i_t8_concrete_wall_cast_2x1_01_c
image,#i_t8_concrete_wall_cast_2x1_01_o
image,#i_t8_concrete_wall_cast_2x1_01_n
image,#i_veh_t8_mil_heli_attack_tailfin_multi_m
image,#ui_icon_equipment_menu_concussion_grenade
image,#i_t7_plastic_tarp_flat_n
image,#i_t7_plastic_tarp_flat_c
image,#i_mtl_p7_spl_clothes_hanger_n
image,#i_mtl_p8_zm_esc_nixie_tubes_numbers_nogrid_c
image,#i_mtl_p8_zm_esc_nixie_tubes_numbers_nogrid_g
image,#i_mtl_p7_duct_metal_square_vent_proxy_specular
image,#hash_fbcc42367f72d81b
image,#i_t7_ban_metal_light_rust_blend_n
image,#i_wpn_t8_lmg_titan_sig_02_bolt_s
image,#i_wpn_t8_lmg_titan_sig_02_bolt_c
image,#i_wpn_t8_lmg_titan_sig_02_bolt_g
image,#i_wpn_t8_lmg_titan_sig_02_bolt_o
image,#i_wpn_t8_lmg_titan_sig_02_bolt_n
image,#i_mtl_p7_zm_zod_power_box_set_glass_g
image,#i_mtl_p7_zm_ctl_book_vintage_cover_01_c
image,#i_mtl_p7_zm_ctl_book_vintage_cover_01_n
image,#i_mtl_t8_camo_dlc3_dripping_noise_n
image,#i_mtl_p8_zm_esc_power_house_door_frame_02_o
image,#i_mtl_p8_zm_esc_power_house_door_frame_02_n
image,#i_mtl_p8_zm_esc_power_house_door_frame_02_m
image,#i_t7_decal_bullet_concrete_02_c
image,#i_t7_decal_bullet_concrete_02_n
image,#i_t7_concrete_painted_wet_white_r_cheap
image,#i_wpn_t8_shotgun_pump_sights_base_mk2_m
image,#i_mtl_p7_zm_ctl_clock_wall_vintage_n
image,#i_mtl_p7_zm_ctl_clock_wall_vintage_m
image,#i_mtl_p7_box_copy_paper_c
image,#i_mtl_p7_box_copy_paper_n
image,#hash_7bedeb74f32a9f75
image,#i_mtl_veh_t8_decal_caution_c
image,#i_mtl_veh_t8_decal_caution_r
image,#fxt8_fire_fuel_wide_sm_anim_hdr
image,#i_attach_t8_ar_heavy_barrel_o
image,#i_attach_t8_ar_heavy_barrel_n
image,#i_attach_t8_ar_heavy_barrel_g
image,#i_attach_t8_ar_heavy_barrel_c
image,#i_attach_t8_ar_heavy_barrel_s
image,#i_attach_t8_ar_heavy_barrel_r
image,#i_wpn_t8_tac_rifle_swordfish_upper_o
image,#i_wpn_t8_tac_rifle_swordfish_upper_n
image,#i_wpn_t8_tac_rifle_swordfish_upper_g
image,#i_wpn_t8_tac_rifle_swordfish_upper_c
image,#i_wpn_t8_tac_rifle_swordfish_upper_s
image,#i_c_t8_detail_canvas_satchel_bag_n
image,#i_t8_wpn_smg_capacity_rail_sig_n
image,#i_t8_wpn_smg_capacity_rail_sig_o
image,#hash_7bffc11725997ba3
image,#hash_fc08602ec8444179
image,#hash_fc08702ec8445ca9
image,#hash_fc08742ec8446375
image,#hash_fc087b2ec8446f5a
image,#hash_fc087c2ec844710d
image,#i_mtl_p7_zm_ori_boots_military_set_c
image,#i_mtl_p7_zm_ori_boots_military_set_n
image,#i_mtl_veh_t7_zmb_1931_pickup_interior_n
image,#fxt_ring_thin
image,#hash_7c0b8542a72a920c
image,#hash_7c0b8642a72a93bf
image,#hash_7c0b8a42a72a9a8b
image,#hash_7c0b8e42a72aa157
image,#ui_icon_obit_smg_fastburst
image,#i_mtl_wpn_t8_sniper_vanguard_magwell_v2_mk2_multi_m
image,#i_mtl_p7_foliage_distictis_hanging_ledge_32_long_proxy_depth
image,#i_t8_wpn_pistol_revolver_bullet_s
image,#i_t8_wpn_pistol_revolver_bullet_o
image,#i_t8_wpn_pistol_revolver_bullet_n
image,#i_t8_wpn_pistol_revolver_bullet_c
image,#i_t8_wpn_pistol_revolver_bullet_g
image,#i_mtl_p8_zm_esc_clothes_stitch_c
image,#i_mtl_p8_zm_esc_clothes_stitch_n
image,#hash_fc2f6f6069469e79
image,#i_mtl_p8_wz_foliage_bush_creosote_02_proxy_albedo
image,#i_wpn_t8_zm_spork_s
image,#i_wpn_t8_zm_spork_n
image,#i_wpn_t8_zm_spork_g
image,#i_wpn_t8_zm_spork_c
image,#ui_icon_weapon_hud_ar_stealth_tactical_wz
image,#img_refraction_ramp
image,#hash_fc3ec4acf83f5842
image,#i_t8_zm_esc_concrete_paint_peel_old_r
image,#i_t8_zm_esc_concrete_paint_peel_old_n
image,#i_t8_zm_esc_concrete_paint_peel_old_g
image,#i_t8_zm_esc_concrete_paint_peel_old_c
image,#i_wpn_t8_eqp_tripwire_slingshot_n
image,#i_wpn_t8_eqp_tripwire_slingshot_o
image,#i_wpn_t8_eqp_tripwire_slingshot_m
image,#hash_7c4515fecf35e641
image,#i_mtl_p8_wep_warehouse_crane_decal_dirt_03_c
image,#ui_icon_weapon_camo_active_sig_tr_longburst_render
image,#i_t8_metal_painted_white_c
image,#i_t8_metal_painted_white_g
image,#i_t8_metal_painted_white_n
image,#i_t8_metal_painted_white_r
image,#hash_7c4c832ebb3e6409
image,#hash_7c4c872ebb3e6ad5
image,#hash_7c4c8a2ebb3e6fee
image,#hash_7c4c8b2ebb3e71a1
image,#i_mtl_p7_zm_kin_bed_antique_mattress_n
image,#i_mtl_p7_zm_kin_bed_antique_mattress_m
image,#fxt_decal_blood_fatal_02_n
image,#i_t8_wpn_smg_accurate_barrel_sig_02_s
image,#i_t8_wpn_smg_accurate_barrel_sig_02_o
image,#i_t8_wpn_smg_accurate_barrel_sig_02_n
image,#i_t8_wpn_smg_accurate_barrel_sig_02_g
image,#i_wpn_t8_ar_fastfire_sights_sig_02_c
image,#i_wpn_t8_ar_fastfire_sights_sig_02_g
image,#i_mtl_p8_wz_foliage_bush_coyote_a_n
image,#i_mtl_p8_wz_foliage_bush_coyote_a_c
image,#i_wpn_t8_ar_fastfire_sights_sig_02_o
image,#i_wpn_t8_ar_fastfire_sights_sig_02_n
image,#i_wpn_t8_ar_fastfire_sights_sig_02_s
image,#i_mtl_p8_zm_chaos_sack_swirl_b_e
image,#i_mtl_p7_debris_wood_splinter_large_c
image,#i_mtl_p7_debris_wood_splinter_large_n
image,#hash_fc6b658e2f311481
image,#i_mtl_p7_fir_targetdummy_rail_wood_01_side_c
image,#i_mtl_p7_fir_targetdummy_rail_wood_01_side_g
image,#i_mtl_p7_fir_targetdummy_rail_wood_01_side_n
image,#i_wpn_t8_ar_fastfire_decals_sig_02_o
image,#i_wpn_t8_ar_fastfire_decals_sig_02_n
image,#i_wpn_t8_ar_fastfire_decals_sig_02_c
image,#i_wpn_t8_ar_fastfire_decals_sig_02_s
image,#ui_icon_weapon_ar_standard_tactical_render
image,#i_mtl_p8_col_rock_large_03b_c
image,#i_mtl_p8_col_rock_large_03b_o
image,#i_mtl_p8_col_rock_large_03b_n
image,#i_aml_gen_raven_feathers_low_01_c
image,#i_aml_gen_raven_feathers_low_01_g
image,#i_aml_gen_raven_feathers_low_01_n
image,#i_aml_gen_raven_feathers_low_01_o
image,#i_wpn_t8_ar_heavy_decal_danger_c
image,#hash_7c7eed8c984c3822
image,#i_mtl_p7_ra2_gladiator_pillar_large_shaft_clean_n
image,#hash_fc82ea569da2f09e
image,#hash_fc82f6569da30502
image,#hash_fc82f7569da306b5
image,#hash_fc82fa569da30bce
image,#hash_fc82fc569da30f34
image,#hash_fc82fe569da3129a
image,#hash_7c84af67c6d9df10
image,#hash_7c84b867c6d9ee5b
image,#hash_7c84bc67c6d9f527
image,#hash_fc8fc53d8f21b419
image,#hash_fc8fc93d8f21bae5
image,#hash_fc8fcc3d8f21bffe
image,#hash_fc8fd93d8f21d615
image,#ui_icon_obit_smg_standard
image,#i_mtl_p7_crate_wood_02_m
image,#i_mtl_p7_crate_wood_02_n
image,#i_mtl_p7_crate_wood_02_o
image,#i_wpn_t8_lmg_titan_sig_01_handguard_c
image,#i_wpn_t8_lmg_titan_sig_01_handguard_g
image,#i_wpn_t8_lmg_titan_sig_01_handguard_o
image,#i_wpn_t8_lmg_titan_sig_01_handguard_n
image,#i_wpn_t8_lmg_titan_sig_01_handguard_s
image,#i_mtl_p7_bucket_janitor_plastic_rolling_n
image,#i_mtl_p7_bucket_janitor_plastic_rolling_g
image,#i_mtl_p7_bucket_janitor_plastic_rolling_c
image,#i_mtl_p7_zm_tra_street_lamp_set_light_t
image,#ui_icon_weapon_smg_capacity_render
image,#i_mtl_p7_sink_ceramic_old_01_faucet_m
image,#i_mtl_p7_sink_ceramic_old_01_faucet_o
image,#i_mtl_p7_sink_ceramic_old_01_faucet_n
image,#hash_7cb0855f53ed85e3
image,#hash_7cb0865f53ed8796
image,#hash_7cb0875f53ed8949
image,#i_t7_plastic_panel_cables_n
image,#i_t7_plastic_panel_cables_c
image,#i_mtl_p7_debris_concrete_rubble_med_01_warm_c
image,#i_mtl_p7_foliage_flower_bougainvillea_leaves_c
image,#i_mtl_p7_foliage_flower_bougainvillea_leaves_n
image,#i_mtl_p7_foliage_flower_bougainvillea_leaves_t
image,#hash_fcb8a0418a8d37c4
image,#hash_fcb8a1418a8d3977
image,#hash_7cbb3c6c6b61827c
image,#hash_7cbb416c6b618afb
image,#i_mtl_p7_zm_isl_bucket_115_liquid_backscatter_c
image,#hash_fcc178689b130c8c
image,#hash_fcc179689b130e3f
image,#hash_fcc17c689b131358
image,#hash_fcc180689b131a24
image,#hash_fcc18c689b132e88
image,#i_wpn_t8_zm_crossbow_impaler_bolt_base_n
image,#i_wpn_t8_zm_crossbow_impaler_bolt_base_o
image,#i_wpn_t8_zm_crossbow_impaler_bolt_base_c
image,#i_wpn_t8_zm_crossbow_impaler_bolt_base_g
image,#i_wpn_t8_zm_crossbow_impaler_bolt_base_s
image,#i_mtl_p8_zm_esc_chain_link_r
image,#i_mtl_p8_zm_esc_chain_link_n
image,#hash_fccdc0367dc97ec2
image,#i_mtl_wpn_tac_rifle_mid_burst_scope_decal_04_c
image,#i_p8_zm_esc_power_house_door_metal_rolling_top_r
image,#hash_fcdbccad2532b8d4
image,#i_mtl_p8_ice_bay4_electric_box_01_screw_n
image,#i_mtl_p7_church_pew_01_barewood_c
image,#i_mtl_p7_church_pew_01_barewood_n
image,#i_veh_t8_weathered_paint_04b_c
image,#hash_7ce5dab9491444de
image,#fxt_gel_drops
image,#i_mtl_wpn_t8_ar_stealth_sig_02_talisman_o
image,#i_mtl_wpn_t8_ar_stealth_sig_02_talisman_n
image,#i_mtl_wpn_t8_ar_stealth_sig_02_talisman_g
image,#i_mtl_wpn_t8_ar_stealth_sig_02_talisman_c
image,#i_mtl_wpn_t8_ar_stealth_sig_02_talisman_s
image,#i_t8_wz_esc_pictures_tallpics1b_c
image,#ui_icon_weapon_ar_fastfire_sig_01_render
image,#i_t8_oil_crude_01_n
image,#i_t8_oil_crude_01_t
image,#i_t8_oil_crude_01_r
image,#i_mtl_p7_zm_mob_hallway_railing_set_01_n
image,#i_mtl_p7_zm_mob_hallway_railing_set_01_m
image,#i_attach_t8_loot_smg_burst_drummag_n
image,#i_attach_t8_loot_smg_burst_drummag_o
image,#i_attach_t8_loot_smg_burst_drummag_g
image,#i_attach_t8_loot_smg_burst_drummag_c
image,#i_attach_t8_loot_smg_burst_drummag_s
image,#i_t8_wpn_smg_accurate_body_upper_sig_02_alt1_c
image,#i_mtl_wpn_t8_loot_lmg_mk48_handguard_n
image,#i_mtl_wpn_t8_loot_lmg_mk48_handguard_o
image,#i_mtl_wpn_t8_loot_lmg_mk48_handguard_c
image,#i_mtl_wpn_t8_loot_lmg_mk48_handguard_g
image,#i_mtl_wpn_t8_loot_lmg_mk48_handguard_s
image,#i_t7_plastic_base_clean_c
image,#i_mtl_wpn_t8_sniper_vanguard_scope_front_v2_o
image,#i_mtl_wpn_t8_sniper_vanguard_scope_front_v2_n
image,#i_mtl_wpn_t8_sniper_vanguard_scope_front_v2_c
image,#i_mtl_wpn_t8_sniper_vanguard_scope_front_v2_g
image,#i_mtl_wpn_t8_sniper_vanguard_scope_front_v2_s
image,#i_mtl_wpn_t8_sniper_vanguard_scope_front_v2_r
image,#ui_icon_weapon_hud_sniper_powersemi_wz
image,#hash_fd2a5272df6cdbc4
image,#hash_fd2a5372df6cdd77
image,#hash_fd2a5672df6ce290
image,#hash_fd2a5772df6ce443
image,#hash_fd2a5e72df6cf028
image,#hash_fd2a6272df6cf6f4
image,#i_t7_metal_bare_tarnished_small_s
image,#ui_icon_ability_sparrow
image,#hash_7d3370a405510d09
image,#i_t7_micro_concrete_bare_weathered_01_c
image,#i_t7_micro_concrete_bare_weathered_01_n
image,#i_mtl_t7_plastic_tarp_reinforced_ripped_sand_grey_a
image,#i_mtl_p8_zm_esc_book_08_character_c
image,#i_mtl_p8_zm_esc_book_08_character_n
image,#i_mtl_p7_zm_mob_table_mess_hall_set_02_n
image,#hash_fd39f8aa8c61bcf1
image,#i_wpn_t8_loot_sniper_locus_grip_s
image,#i_wpn_t8_loot_sniper_locus_grip_m
image,#i_wpn_t8_loot_sniper_locus_grip_o
image,#i_wpn_t8_loot_sniper_locus_grip_n
image,#i_wpn_t8_loot_sniper_locus_grip_g
image,#i_wpn_t8_loot_sniper_locus_grip_c
image,#i_wpn_t8_loot_smg_burst_sights_s
image,#i_wpn_t8_loot_smg_burst_sights_g
image,#i_wpn_t8_loot_smg_burst_sights_c
image,#i_wpn_t8_loot_smg_burst_sights_o
image,#i_wpn_t8_loot_smg_burst_sights_n
image,#hash_fd3c394e11a43825
image,#i_wpn_t8_ar_accurate_rail_sig_03_s
image,#i_wpn_t8_ar_accurate_rail_sig_03_c
image,#i_wpn_t8_ar_accurate_rail_sig_03_g
image,#i_wpn_t8_ar_accurate_rail_sig_03_n
image,#i_wpn_t8_ar_accurate_rail_sig_03_o
image,#i_wpn_t8_sniper_koshka_decals_sig_02_n
image,#i_wpn_t8_sniper_koshka_decals_sig_02_c
image,#i_wpn_t8_sniper_koshka_decals_sig_02_s
image,#i_wpn_t8_loot_shotgun_fullauto_decals02_n
image,#i_wpn_t8_loot_shotgun_fullauto_decals02_o
image,#i_wpn_t8_loot_shotgun_fullauto_decals02_c
image,#i_wpn_t8_loot_shotgun_fullauto_decals02_s
image,#i_attach_t8_tac_rifle_swordfish_grip_s
image,#i_attach_t8_tac_rifle_swordfish_grip_r
image,#i_attach_t8_tac_rifle_swordfish_grip_g
image,#i_attach_t8_tac_rifle_swordfish_grip_c
image,#i_attach_t8_tac_rifle_swordfish_grip_o
image,#i_attach_t8_tac_rifle_swordfish_grip_n
image,#i_t7_plaster_rough_yellow_r
image,#i_mtl_wpn_t8_loot_ar_double_barrel_barrel_s
image,#i_mtl_wpn_t8_loot_ar_double_barrel_barrel_m
image,#i_mtl_wpn_t8_loot_ar_double_barrel_barrel_o
image,#i_mtl_wpn_t8_loot_ar_double_barrel_barrel_n
image,#i_mtl_wpn_t8_loot_ar_double_barrel_barrel_g
image,#i_mtl_wpn_t8_loot_ar_double_barrel_barrel_c
image,#i_mtl_attach_t8_sniper_vanguard_bipod_01_r
image,#fxt8_liquid_impact_mask
image,#i_mtl_wpn_t8_loot_lmg_mk48_sight_g
image,#i_mtl_wpn_t8_loot_lmg_mk48_sight_c
image,#i_mtl_wpn_t8_loot_lmg_mk48_sight_o
image,#i_mtl_wpn_t8_loot_lmg_mk48_sight_n
image,#i_mtl_wpn_t8_loot_lmg_mk48_sight_s
image,#i_t8_micro_wood_cork_01_n
image,#i_t8_micro_wood_cork_01_c
image,#i_p7_fir_bathroom_mirror_frame_n
image,#i_t7_cry_decal_signage_letters_harmonia_c
image,#i_attach_t8_smg_mp9_rapidfire_n
image,#i_attach_t8_smg_mp9_rapidfire_o
image,#i_attach_t8_smg_mp9_rapidfire_c
image,#i_attach_t8_smg_mp9_rapidfire_g
image,#i_attach_t8_smg_mp9_rapidfire_s
image,#i_t8_wpn_pistol_auto_hical_extras_n
image,#i_t8_wpn_pistol_auto_hical_extras_o
image,#i_t8_wpn_pistol_auto_hical_extras_c
image,#i_t8_wpn_pistol_auto_hical_extras_g
image,#i_t8_wpn_pistol_auto_hical_extras_s
image,#i_t7_glass_snow_buildup_02_backlit_c
image,#i_t7_glass_snow_buildup_02_backlit_g
image,#i_t8_metal_grate_01_n
image,#i_t8_metal_grate_01_o
image,#i_t8_metal_grate_01_g
image,#hash_7d7fb11eaf948f34
image,#hash_fd81c8fffad4456f
image,#hash_7d85f90ca9c183fc
image,#i_t7_mud_ground_dirt_wet_01_n
image,#i_t7_mud_ground_dirt_wet_01_c
image,#ui_icon_weapon_hud_ar_standard
image,#hash_fd892dadc49bcfc8
image,#ui_icon_inventory_awareness
image,#loot_03_ui_icon_blackmarket_stream_nasa_mastercraft
image,#hash_fd943d11f92ef7e2
image,#hash_fd943e11f92ef995
image,#hash_fd944111f92efeae
image,#hash_fd944511f92f057a
image,#i_attach_t7_shotty_prec_grip_02_n
image,#i_attach_t7_shotty_prec_grip_02_o
image,#i_attach_t7_shotty_prec_grip_02_c
image,#i_attach_t7_shotty_prec_grip_02_g
image,#i_wpn_t8_tac_rifle_swordfish_sig02_grip_g
image,#i_wpn_t8_tac_rifle_swordfish_sig02_grip_c
image,#i_wpn_t8_tac_rifle_swordfish_sig02_grip_o
image,#i_wpn_t8_tac_rifle_swordfish_sig02_grip_n
image,#i_p8_wz_foliage_poppy_01_stems_r
image,#i_wpn_t8_tac_rifle_swordfish_sig02_grip_s
image,#hash_7da3f901a60806fb
image,#hash_7da3fd01a6080dc7
image,#i_wpn_t8_ar_fastfire_handguard_sig_02_s
image,#i_wpn_t8_ar_fastfire_handguard_sig_02_g
image,#i_wpn_t8_ar_fastfire_handguard_sig_02_c
image,#i_wpn_t8_ar_fastfire_handguard_sig_02_o
image,#i_wpn_t8_ar_fastfire_handguard_sig_02_n
image,#i_mtl_wpn_t8_ar_kn57_receiver_upper_alt_mk2_multi_m
image,#hash_fdb620d76a23497f
image,#hash_fdb627d76a235564
image,#hash_fdb628d76a235717
image,#hash_fdb62cd76a235de3
image,#hash_7db7ebd13d9045c3
image,#hash_7db7ecd13d904776
image,#i_mtl_veh_t8_decal_panel_54_r
image,#i_mtl_veh_t8_decal_panel_54_o
image,#i_mtl_veh_t8_decal_panel_54_n
image,#i_mtl_p7_ac_unit_med_long_o
image,#i_mtl_p7_ac_unit_med_long_n
image,#i_mtl_p7_ac_unit_med_long_g
image,#i_mtl_p7_ac_unit_med_long_c
image,#i_mtl_p7_ac_unit_med_long_s
image,#i_wpn_t8_sniper_vanguard_scope_p9_c
image,#i_wpn_t8_sniper_vanguard_scope_p9_g
image,#i_wpn_t8_sniper_vanguard_scope_p9_o
image,#i_wpn_t8_sniper_vanguard_scope_p9_s
image,#i_mtl_p8_zm_wall_buy_symbol_01_stream_c
image,#i_mtl_wpn_t7_camo_ardent_n
image,#i_mtl_wpn_t7_camo_ardent_g
image,#i_wpn_t8_eqp_smartcover_metal_plates_m
image,#i_wpn_t8_eqp_smartcover_metal_plates_n
image,#i_wpn_t8_eqp_smartcover_metal_plates_o
image,#i_wpn_t8_shotgun_pump_sig_02_handguard_s
image,#i_wpn_t8_shotgun_pump_sig_02_handguard_c
image,#i_wpn_t8_shotgun_pump_sig_02_handguard_g
image,#i_wpn_t8_shotgun_pump_sig_02_handguard_n
image,#i_wpn_t8_shotgun_pump_sig_02_handguard_o
image,#i_mtl_wpn_t8_zm_mp40_weapon_o
image,#i_mtl_wpn_t8_zm_mp40_weapon_n
image,#i_mtl_wpn_t8_zm_mp40_weapon_g
image,#i_mtl_wpn_t8_zm_mp40_weapon_c
image,#i_mtl_wpn_t8_zm_mp40_weapon_s
image,#i_mtl_p7_duct_metal_rectangle_s_joint_o
image,#i_mtl_p7_duct_metal_rectangle_s_joint_n
image,#i_wpn_t8_ar_accurate_stock_mount_base_s
image,#i_wpn_t8_ar_accurate_stock_mount_base_n
image,#i_wpn_t8_ar_accurate_stock_mount_base_o
image,#i_wpn_t8_ar_accurate_stock_mount_base_c
image,#i_wpn_t8_ar_accurate_stock_mount_base_g
image,#i_c_t8_zmb_mob_zombie_body2_belts_g
image,#i_c_t8_zmb_mob_zombie_body2_belts_c
image,#i_c_t8_zmb_mob_zombie_body2_belts_n
image,#i_c_t8_zmb_mob_zombie_body2_belts_o
image,#i_c_t8_zmb_mob_zombie_body2_belts_s
image,#i_mtl_veh_t7_dlc_decal_grunge_rust_02_512_s
image,#i_wpn_tac_rifle_mid_burst_grip_mk2
image,#hash_7df240e2c8045d43
image,#hash_7df241e2c8045ef6
image,#i_mtl_p7_slu_door_white_frame_01_m
image,#i_mtl_p7_slu_door_white_frame_01_n
image,#i_mtl_p8_zm_esc_book_02_n
image,#i_mtl_p8_zm_esc_book_02_m
image,#i_p_glo_barbwire_n
image,#i_p_glo_barbwire_c
image,#hash_7e07daf54fe87d56
image,#i_mtl_p8_lab_tech_rack_decal_02_c
image,#i_mtl_wpn_t8_sniper_vanguard_handguard_v2_mk2_multi_m
image,#hash_7e0f0037bdf06bbc
image,#hash_7e0f0237bdf06f22
image,#hash_7e0f0337bdf070d5
image,#i_mtl_p7_zm_zod_crane_gear_01_m
image,#i_mtl_p7_zm_zod_crane_gear_01_n
image,#i_mtl_p7_water_container_plastic_large_m
image,#i_mtl_p7_water_container_plastic_large_n
image,#hash_fe1f1463bbbd26af
image,#hash_fe2011b2eea64f60
image,#hash_fe2025b2eea6715c
image,#hash_fe202eb2eea680a7
image,#i_mtl_p8_zm_esc_light_hallway_cover_n
image,#hash_7e241fcb5f928adb
image,#hash_7e2420cb5f928c8e
image,#i_attach_wpn_t8_loot_pistol_auto_fmj_s
image,#i_attach_wpn_t8_loot_pistol_auto_fmj_g
image,#i_attach_wpn_t8_loot_pistol_auto_fmj_c
image,#i_attach_wpn_t8_loot_pistol_auto_fmj_o
image,#i_attach_wpn_t8_loot_pistol_auto_fmj_n
image,#i_p8_zm_esc_obsidian_rock_large_03_part2_n
image,#i_p8_zm_esc_obsidian_rock_large_03_part2_o
image,#hash_7e34c5a5034d666f
image,#hash_7e34c8a5034d6b88
image,#hash_7e34cca5034d7254
image,#hash_fe453a1a11018151
image,#hash_fe45451a11019402
image,#hash_fe454a1a11019c81
image,#hash_fe454e1a1101a34d
image,#i_mtl_p7_proto_fence_chainlink_metal_c
image,#i_mtl_p7_proto_fence_chainlink_metal_n
image,#i_mtl_p7_zm_kin_desk_wood_01_n
image,#i_mtl_p7_zm_kin_desk_wood_01_m
image,#i_mtl_p8_zm_esc_generator_lrg_painted_metal_unique_c
image,#i_mtl_p8_zm_esc_generator_lrg_painted_metal_unique_n
image,#i_mtl_p8_zm_esc_generator_lrg_painted_metal_unique_o
image,#i_mtl_p8_wz_foliage_bush_creosote_02_proxy_depth
image,#hash_fe5038ddde81cbc3
image,#i_wpn_t7_zmb_perk_bottle_glass_g
image,#i_wpn_t7_zmb_perk_bottle_glass_c
image,#i_wpn_t7_zmb_perk_bottle_glass_n
image,#i_wpn_t7_zmb_perk_bottle_glass_s
image,#hash_7e566c581f1419a0
image,#hash_fe59303a009c540a
image,#i_mtl_wpn_t8_loot_ar_standard_decals_sig_02_o
image,#i_mtl_wpn_t8_loot_ar_standard_decals_sig_02_n
image,#i_mtl_wpn_t8_loot_ar_standard_decals_sig_02_g
image,#i_mtl_wpn_t8_loot_ar_standard_decals_sig_02_c
image,#i_mtl_wpn_t8_loot_ar_standard_decals_sig_02_s
image,#i_veh_t8_decal_sign_moving_parts_01_c
image,#hash_fe6727d97cba3023
image,#i_t8_concrete_trim_slab_side_01_n
image,#i_t8_concrete_trim_slab_side_01_c
image,#i_t8_concrete_trim_slab_side_01_r
image,#i_wpn_t8_smg_capacity_decals_base_mk2_n
image,#i_wpn_t8_smg_capacity_decals_base_mk2_c
image,#hash_7e6972cc9b86e889
image,#hash_7e6eb25be879c29d
image,#hash_7e6eb55be879c7b6
image,#hash_7e6eb65be879c969
image,#i_t8_micro_wood_particle_01_c
image,#i_t8_micro_wood_particle_01_n
image,#i_veh_t8_decal_notice_01_c
image,#i_wpn_t8_shotgun_pump_sig_02_pump_c
image,#i_wpn_t8_shotgun_pump_sig_02_pump_g
image,#i_wpn_t8_shotgun_pump_sig_02_pump_n
image,#i_wpn_t8_shotgun_pump_sig_02_pump_o
image,#i_wpn_t8_shotgun_pump_sig_02_pump_s
image,#i_t8_rubber_acoustic_insulation_n
image,#i_t8_rubber_acoustic_insulation_c
image,#i_p8_zm_zod_fishing_net_02_n
image,#i_p8_zm_zod_fishing_net_02_c
image,#i_t7_decal_damage_wood_edge_01_n
image,#i_t7_decal_damage_wood_edge_01_c
image,#i_wpn_t8_sig_flamethrower_decals_c
image,#i_wpn_t8_sniper_vanguard_scope_front_v2_m
image,#i_mtl_p8_spa_fireplace_log_ends_c
image,#i_mtl_p8_spa_fireplace_log_ends_n
image,#i_t7_shr_wood_rough_02_c
image,#i_t7_shr_wood_rough_02_n
image,#ui_icon_ability_wire_dark
image,#i_mtl_p7_boat_life_preserver_detail_n
image,#i_mtl_p7_cai_mobile_shops_civ_01_metal_13_s
image,#i_mtl_p7_cai_mobile_shops_civ_01_metal_13_n
image,#i_t8_jpn_glass_cracked_01_t
image,#i_t8_jpn_glass_cracked_01_c
image,#i_t8_jpn_glass_cracked_01_n
image,#i_t8_zm_esc_parade_concrete_tiles_c
image,#i_t8_zm_esc_parade_concrete_tiles_g
image,#i_t8_zm_esc_parade_concrete_tiles_n
image,#i_t7_glass_cracked_tempered_c
image,#i_t7_glass_cracked_tempered_g
image,#i_t7_glass_cracked_tempered_n
image,#i_mtl_wpn_t8_loot_pistol_auto_decals_sig_02_c
image,#i_mtl_p8_zm_esc_security_console_decal_button_number_c
image,#hash_7ebd5ef0e41f6739
image,#i_mtl_p8_lab_tech_rack_label_decal_03_c
image,#i_mtl_p8_usa_submarine_interior_consoles_details_gauge_04_n
image,#i_mtl_p8_usa_submarine_interior_consoles_details_gauge_04_g
image,#i_mtl_p8_usa_submarine_interior_consoles_details_gauge_04_c
image,#i_mtl_p8_wz_foliage_primrose_02_proxy_normal
image,#i_t7_wood_hardwood_oak_worn_g
image,#i_wpn_t8_smg_accurate_handguard_sig_03_02_e
image,#fxt8_spark_round
image,#i_mtl_p7_zm_mob_crate_wood_lrg_cloth02_n
image,#fxt8_rain_light
image,#i_wpn_t8_sniper_koshka_handguard_mk2_m
image,#i_wpn_t8_sniper_koshka_handguard_mk2_n
image,#fxt8_exp_billow_anim
image,#i_mtl_veh_t8_drone_rcxd_camera_m
image,#i_mtl_veh_t8_drone_rcxd_camera_o
image,#i_mtl_veh_t8_drone_rcxd_camera_n
image,#hash_7edb62bb57ac7158
image,#hash_7edb64bb57ac74be
image,#hash_7edb65bb57ac7671
image,#i_mtl_t8_wpn_shotgun_semi_mag_sig_01_r
image,#ui_icon_weapon_hud_smg_folding
image,#i_t8_wz_window_glass_dirty_vert_n
image,#i_t8_wz_window_glass_dirty_vert_c
image,#i_t8_wz_window_glass_dirty_vert_g
image,#hash_feeec402b02a3759
image,#hash_feeecb02b02a433e
image,#hash_feeecf02b02a4a0a
image,#hash_feeedf02b02a653a
image,#hash_feef50323922930b
image,#ui_icon_weapon_hud_sniper_quickscope_wz
image,#hash_fef3af58458e8962
image,#i_mtl_p8_zm_crafting_table_alchemy_jar_02_cork_g
image,#i_mtl_p8_zm_crafting_table_alchemy_jar_02_cork_c
image,#i_mtl_p8_zm_crafting_table_alchemy_jar_02_cork_n
image,#hash_fef7610a7cc3310d
image,#i_veh_t8_mil_heli_light_skids_ir
image,#i_t8_zm_esc_wire_fence_metal_s
image,#i_t8_zm_esc_wire_fence_metal_c
image,#i_t8_zm_esc_wire_fence_metal_g
image,#i_t8_zm_esc_wire_fence_metal_n
image,#i_wpn_t8_sniper_powersemi_wraps_front_burned_sig_02_s
image,#i_wpn_t8_sniper_powersemi_wraps_front_burned_sig_02_e
image,#i_wpn_t8_sniper_powersemi_wraps_front_burned_sig_02_c
image,#hash_ff003f81e6bd0bf6
image,#hash_7f0438d3c48d34a8
image,#i_wpn_tac_rifle_mid_burst_ammopouch_s
image,#i_wpn_tac_rifle_mid_burst_ammopouch_r
image,#i_wpn_tac_rifle_mid_burst_ammopouch_o
image,#i_wpn_tac_rifle_mid_burst_ammopouch_n
image,#i_wpn_tac_rifle_mid_burst_ammopouch_g
image,#i_wpn_tac_rifle_mid_burst_ammopouch_c
image,#i_mtl_p7_zm_clt_bunkbed_wood_decal_01_n
image,#i_mtl_p7_zm_clt_bunkbed_wood_decal_01_c
image,#i_wpn_t8_shotgun_semi_barrel_sig_02_s
image,#i_wpn_t8_shotgun_semi_barrel_sig_02_g
image,#i_wpn_t8_shotgun_semi_barrel_sig_02_c
image,#i_wpn_t8_shotgun_semi_barrel_sig_02_n
image,#i_wpn_t8_shotgun_semi_barrel_sig_02_o
image,#hash_7f0e716c4b1aa8c0
image,#i_mtl_p8_foliage_weeds_short_grass_01_c
image,#i_mtl_p8_foliage_weeds_short_grass_01_n
image,#hash_7f11a61d583da908
image,#hash_7f11a71d583daabb
image,#hash_7f194429d2f5f0dc
image,#hash_7f194529d2f5f28f
image,#hash_7f194729d2f5f5f5
image,#i_p8_wz_foliage_leymus_grass_01_b_r
image,#i_wpn_t8_eqp_turret_mini_device_frame_01_g
image,#i_wpn_t8_eqp_turret_mini_device_frame_01_c
image,#i_wpn_t8_eqp_turret_mini_device_frame_01_o
image,#i_wpn_t8_eqp_turret_mini_device_frame_01_n
image,#i_wpn_t8_eqp_turret_mini_device_frame_01_s
image,#hash_7f2bf3213ecd8d20
image,#hash_7f2bf4213ecd8ed3
image,#hash_7f2bfc213ecd9c6b
image,#hash_7f2c00213ecda337
image,#hash_7f2c0f213ecdbcb4
image,#i_attach_t8_tac_rifle_surgeon_hical_02_m
image,#i_attach_t8_tac_rifle_surgeon_hical_02_r
image,#hash_ff2eeb502a9f4453
image,#hash_ff2efb502a9f5f83
image,#hash_ff2eff502a9f664f
image,#hash_ff2f06502a9f7234
image,#hash_ff2f07502a9f73e7
image,#i_t7_metal_trim_rivets_02_n
image,#i_t7_metal_trim_rivets_02_m
image,#hash_ff338171ffa68f03
image,#i_t8_zm_esc_dirt_ground_01_r
image,#i_t8_zm_esc_dirt_ground_01_n
image,#i_t8_zm_esc_dirt_ground_01_c
image,#i_t8_zm_esc_dirt_ground_01_g
image,#hash_ff3d75f1b27d1fd8
image,#i_wpn_t8_ar_heavy_bullet_base_mk2_m
image,#hash_ff4576e2a97a1870
image,#hash_ff457ae2a97a1f3c
image,#hash_ff457ee2a97a2608
image,#hash_ff457fe2a97a27bb
image,#hash_7f47896af55bc3d4
image,#hash_7f478a6af55bc587
image,#i_mtl_veh_t8_decal_text_3_c
image,#i_mtl_p8_zm_esc_dock_post_metal_o
image,#i_mtl_p8_zm_esc_dock_post_metal_n
image,#i_mtl_p8_zm_zod_turbine_pipe_stabilizer_metal_n
image,#i_mtl_p8_tool_sawhorse_wood_03_n
image,#i_mtl_p8_tool_sawhorse_wood_03_c
image,#i_c_t8_detail_plastic_grainy_mr6_4_n
image,#hash_ff6d0ffe3aa19aa6
image,#hash_ff6d1ffe3aa1b5d6
image,#hash_ff6d23fe3aa1bca2
image,#hash_ff6d2bfe3aa1ca3a
image,#hash_ff6d2cfe3aa1cbed
image,#i_t7_decal_damage_glass_bullet_hit_01_n
image,#i_t7_decal_damage_glass_bullet_hit_01_c
image,#i_wpn_t8_ar_heavy_decal_magazine_c
image,#i_veh_t8_decal_hinge_09_t
image,#i_veh_t8_decal_hinge_09_c
image,#i_veh_t8_decal_hinge_09_n
image,#i_veh_t8_decal_hinge_09_o
image,#hash_ff71853150026514
image,#i_attach_t8_optic_holo_decal_1_c
image,#i_mtl_attach_t8_loot_sniper_semiauto_stock_01_r
image,#i_mtl_attach_t8_loot_sniper_semiauto_stock_01_s
image,#i_mtl_attach_t8_loot_sniper_semiauto_stock_01_c
image,#i_mtl_attach_t8_loot_sniper_semiauto_stock_01_g
image,#i_mtl_attach_t8_loot_sniper_semiauto_stock_01_n
image,#i_mtl_attach_t8_loot_sniper_semiauto_stock_01_o
image,#i_mtl_p7_zm_tra_tank_chemical_decal_01_dmg_c
image,#i_mtl_p8_col_oven_kitchen_02_ao
image,#i_t8_decal_damage_gravel_pothole_01_n
image,#i_veh_t8_decal_gunner_c
image,#i_fir_bathroom_sink_porcelain_dirt_decal_r
image,#i_mtl_p7_barrier_block_concrete_long_clean01_n
image,#i_mtl_p7_barrier_block_concrete_long_clean01_m
image,#i_mtl_p7_fir_tarp_draped_set_cloth_01_n
image,#i_p7_zm_ctl_gondola_pulley_metal_n
image,#i_p7_zm_ctl_gondola_pulley_metal_o
image,#i_p7_zm_ctl_gondola_pulley_metal_r
image,#hash_7f96cd85a84b0774
image,#hash_7f9e3ea83e62ad60
image,#hash_7f9e42a83e62b42c
image,#hash_7f9e4aa83e62c1c4
image,#hash_7f9e4ba83e62c377
image,#hash_7f9e4ea83e62c890
image,#i_t8_micro_rock_volcanic_n
image,#ui_icon_ability_flare_veh
image,#i_t8_concrete_sidewalk_2x2_01_g
image,#i_t8_concrete_sidewalk_2x2_01_n
image,#i_mtl_p8_wz_cu_alchemy_coil_decal_drip_c
image,#i_c_t8_mp_spe_engineer_head1_goggles_lenses_red_s
image,#i_wpn_t8_lmg_titan_mag_r
image,#i_wpn_t8_lmg_titan_mag_s
image,#i_wpn_t8_lmg_titan_mag_n
image,#i_wpn_t8_lmg_titan_mag_o
image,#i_wpn_t8_lmg_titan_mag_c
image,#i_wpn_t8_lmg_titan_mag_g
image,#hash_7faa1984f77276c2
image,#hash_7faa1c84f7727bdb
image,#ui_icon_attachment_stock
image,#i_mtl_attach_t8_sniper_vanguard_handguard_02_r
image,#i_mtl_t8_micro_cloth_cotton_01_c
image,#i_mtl_t8_micro_cloth_cotton_01_n
image,#i_mtl_p7_zm_sta_cabinet_antique_dmg_01_m
image,#i_mtl_p7_zm_sta_cabinet_antique_dmg_01_n
image,#hash_7fbf850c548a145a
image,#i_mtl_wpn_t8_sniper_powersemi_misc_sig_02_g
image,#i_mtl_wpn_t8_sniper_powersemi_misc_sig_02_c
image,#i_mtl_wpn_t8_sniper_powersemi_misc_sig_02_n
image,#i_mtl_wpn_t8_sniper_powersemi_misc_sig_02_o
image,#i_mtl_wpn_t8_sniper_powersemi_misc_sig_02_s
image,#i_mtl_p8_bottles_broken_ashore_05_n
image,#i_t7_micro_metal_grunge_scratch_02_g
image,#i_t7_zm_ctl_stone_floor_pattern_03_trim_n
image,#i_t7_zm_ctl_stone_floor_pattern_03_trim_o
image,#i_t7_zm_ctl_stone_floor_pattern_03_trim_g
image,#i_t7_zm_ctl_stone_floor_pattern_03_trim_c
image,#hash_ffc94550e30d93e0
image,#hash_ffc95550e30daf10
image,#hash_ffc95950e30db5dc
image,#hash_ffc96150e30dc374
image,#hash_ffc96250e30dc527
image,#i_mtl_p8_col_fishingboat_shipwrecked_beam_n
image,#i_mtl_p8_col_fishingboat_shipwrecked_beam_m
image,#i_t7_metal_wall_panel_old_n
image,#hash_7fd3248df7cb256a
image,#fxt_trail_sparkles_mask
image,#i_c_t8_detail_canvas_n
image,#i_mtl_wpn_t8_loot_ar_peacekeeper_upper_base_mk2_n
image,#i_mtl_p7_wes_chair_wood_set_decal_nail_n
image,#i_mtl_p7_wes_chair_wood_set_decal_nail_m
image,#i_p8_zm_esc_concrete_destroyed_slabs_g
image,#i_p8_zm_esc_concrete_destroyed_slabs_c
image,#i_p8_zm_esc_concrete_destroyed_slabs_n
image,#i_p8_zm_esc_concrete_destroyed_slabs_o
image,#hash_ffd9f331dd84b580
image,#hash_7fdea69df1cf1770
image,#hash_7fdea99df1cf1c89
image,#hash_7fe3ed6e4a076ed7
image,#hash_7fe3ee6e4a07708a
image,#i_mtl_p8_zm_esc_power_house_windows_06_n
image,#i_mtl_p8_zm_esc_power_house_windows_06_o
image,#i_mtl_p8_zm_esc_power_house_windows_06_m
image,#i_t7_metal_rust_ceiling_01_n
image,#i_t7_metal_rust_ceiling_01_c
image,#i_mtl_t8_camo_dlc3_spacedust_04_c
image,#i_t8_concrete_spackle_painted_01_c
image,#i_t8_concrete_spackle_painted_01_n
image,#hash_7ff4736f854c27e1
streamkey,#hash_3e80859cc7d89017
streamkey,#hash_3ab2b974512bb73e
streamkey,#hash_12d6040f2934f201
streamkey,#hash_65c0b7880928ccbc
sound,#hash_5eb5172cb5cd8b1f
com_map,#hash_5cf1497d4f3dabaa
game_map,#hash_5cf1497d4f3dabaa
weapon,#hash_a3d312e25459b4c9
weapon,#hash_a6ffb92552ae26be
weapon,#hash_ca84799f658c20de
weapon,#hash_ec0d4037b4570d44
weapon,#hash_fa0108792f3d8ef0
weapon,#hash_fa1ffe2704307abc
weapon,#hash_fce568de41aecc59
weapon,#player_air_vehicle1_main_turret_3rd_person
weapontunables,#hash_80479d792d632e9a
weapontunables,#ar_an94_t8_tunables_wz
weapontunables,#hash_8130086227efbc11
weapontunables,#dart_tunables_wz
weapontunables,#flare_gun_tunables_wz
weapontunables,#basketball_tunables_wz
weapontunables,#spork_alcatraz_tunables_wz
weapontunables,#melee_cutlass_t8_tunables_wz
weapontunables,#lmg_double_t8_tunables_wz
weapontunables,#frag_grenade_tunables_wz
weapontunables,#ray_gun_mk2y_tunables_wz
weapontunables,#ar_stealth_t8_operator_tunables_wz
weapontunables,#hash_89cb3e6c7e6fae9c
weapontunables,#hash_89fa0644149d93d0
weapontunables,#ww_random_ray_gun1_tunables_wz
weapontunables,#hash_8abfcf3cc5587235
weapontunables,#ar_galil_t8_tunables_wz
weapontunables,#trophy_system_tunables_wz
weapontunables,#smg_standard_t8_tunables_wz
weapontunables,#lmg_heavy_t8_tunables_wz
weapontunables,#melee_actionfigure_t8_tunables_wz
weapontunables,#sniper_mini14_t8_tunables_wz
weapontunables,#pistol_revolver_t8_operator_tunables_wz
weapontunables,#ar_fastfire_t8_tunables_wz
weapontunables,#eq_sensor_tunables_wz
weapontunables,#hash_94d3e3d9c4a02835
weapontunables,#eq_grapple_tunables_wz
weapontunables,#pistol_burst_t8_tunables_wz
weapontunables,#cymbal_monkey_tunables_wz
weapontunables,#smg_capacity_t8_tunables_wz
weapontunables,#hash_9898aec4d4f00734
weapontunables,#melee_slaybell_t8_tunables_wz
weapontunables,#ww_crossbow_t8_tunables_wz
weapontunables,#shotgun_semiauto_t8_tunables_wz
weapontunables,#hash_9d9ba0824341442c
weapontunables,#ar_peacekeeper_t8_tunables_wz
weapontunables,#hash_a1d64ec2f9166f3b
weapontunables,#hash_a32fd89a1ca2340d
weapontunables,#hash_a35e84ef52a60c6a
weapontunables,#hash_a375815b183a8239
weapontunables,#melee_club_t8_tunables_wz
weapontunables,#ar_accurate_t8_tunables_wz
weapontunables,#sniper_powerbolt_t8_tunables_wz
weapontunables,#eq_hawk_tunables_wz
weapontunables,#special_crossbow_t8_tunables_wz
weapontunables,#sniper_quickscope_t8_tunables_wz
weapontunables,#ar_stealth_t8_tunables_wz
weapontunables,#hash_ad176934da0a0c90
weapontunables,#hash_ad781d7e0ced198b
weapontunables,#melee_bowie_tunables_wz
weapontunables,#hash_af1909403e746cd5
weapontunables,#hero_pineapplegun_tunables_wz
weapontunables,#hash_b3275770ee8fffaf
weapontunables,#smg_accurate_t8_operator_tunables_wz
weapontunables,#shotgun_precision_t8_tunables_wz
weapontunables,#hero_flamethrower_tunables_wz
weapontunables,#hash_37077ff03c167c04
weapontunables,#pistol_fullauto_t8_tunables_wz
weapontunables,#hash_b7c60eeba815490b
weapontunables,#homunculus_tunables_wz
weapontunables,#hash_b937be65bef4d3f3
weapontunables,#tr_damageburst_t8_tunables_wz
weapontunables,#ar_standard_t8_tunables_wz
weapontunables,#sniper_fastrechamber_t8_tunables_wz
weapontunables,#hash_3a66c69f7b0708dd
weapontunables,#ray_gun_mk2x_tunables_wz
weapontunables,#hash_3c06d3a964d0c463
weapontunables,#recon_car_tunables_wz
weapontunables,#hash_bc7391a5be8b8eee
weapontunables,#tr_powersemi_t8_tunables_wz
weapontunables,#waterballoon_tunables_wz
weapontunables,#hash_c0e503a8d109c722
weapontunables,#hash_c1455843a31cc6ca
weapontunables,#hash_414c33459cb72646
weapontunables,#smg_accurate_t8_tunables_wz
weapontunables,#hatchet_tunables_wz
weapontunables,#hash_c508699ad7fc68b0
weapontunables,#hash_c530ed8c4d342bc4
weapontunables,#willy_pete_tunables_wz
weapontunables,#willy_pete_tunables_zm
weapontunables,#ray_gun_mk2z_tunables_wz
weapontunables,#hash_c6773aef1e2ac037
weapontunables,#hash_c6b84e62c386c1c4
weapontunables,#hash_c7499a04b16c2797
weapontunables,#tr_longburst_t8_tunables_wz
weapontunables,#ray_gun_mk2_tunables_wz
weapontunables,#sniper_damagesemi_t8_tunables_wz
weapontunables,#hero_annihilator_tunables_wz
weapontunables,#melee_secretsanta_t8_tunables_wz
weapontunables,#hash_cadade3c40b88df4
weapontunables,#hash_caf2f8ae6bc4ca58
weapontunables,#hash_cb3f29bee2e03596
weapontunables,#smg_handling_t8_tunables_wz
weapontunables,#hash_cc53ed08099a4d0d
weapontunables,#hash_4d536dbc7434baf5
weapontunables,#lmg_stealth_t8_tunables_wz
weapontunables,#pistol_standard_t8_tunables_wz
weapontunables,#hash_4f8d2fe5bd40544b
weapontunables,#smg_fastfire_t8_tunables_wz
weapontunables,#tomahawk_t8_tunables_wz
weapontunables,#eq_molotov_tunables_wz
weapontunables,#melee_zombiearm_t8_tunables_wz
weapontunables,#hash_d4c2a2b4fc316f4c
weapontunables,#pistol_revolver_t8_tunables_wz
weapontunables,#sig_blade_tunables_wz
weapontunables,#hash_d59fa3b63a213deb
weapontunables,#hash_d61328e2aba80c30
weapontunables,#tr_flechette_t8_tunables_wz
weapontunables,#smg_minigun_t8_tunables_wz
weapontunables,#hash_dd99b5da80eca22a
weapontunables,#lmg_standard_t8_tunables_wz
weapontunables,#hash_ded936eae3508e33
weapontunables,#hash_dfcb5ea97a96a133
weapontunables,#lmg_spray_t8_tunables_wz
weapontunables,#hash_e51cd4f070d28616
weapontunables,#hash_e51f7c66d1cd9a47
weapontunables,#melee_stopsign_t8_tunables_wz
weapontunables,#hash_e635a6200c6c76ed
weapontunables,#smg_fastburst_t8_tunables_wz
weapontunables,#tr_midburst_t8_tunables_wz
weapontunables,#hash_e73e8f3f53503472
weapontunables,#ar_modular_t8_tunables_wz
weapontunables,#ar_damage_t8_tunables_wz
weapontunables,#sniper_powersemi_t8_tunables_wz
weapontunables,#flare_gun_veh_tunables_wz
weapontunables,#spectre_grenade_tunables_wz
weapontunables,#hash_ecd8e10583df2669
weapontunables,#tr_leveraction_t8_tunables_wz
weapontunables,#hash_6db651e4016accd6
weapontunables,#hash_ee9bab189c5d6853
weapontunables,#sniper_locus_t8_tunables_wz
weapontunables,#hash_f253b070f6449421
weapontunables,#hash_f26dc80d208f995d
weapontunables,#hash_f3b99ec5708d8271
weapontunables,#hash_f3ea8043a394f034
weapontunables,#sniper_quickscope_t8_operator_tunables_wz
weapontunables,#tr_midburst_t8_operator_tunables_wz
weapontunables,#launcher_standard_t8_tunables_wz
weapontunables,#ar_doublebarrel_t8_tunables_wz
weapontunables,#sig_bow_quickshot_tunables_wz
weapontunables,#hash_f8c07a59ea145935
weapontunables,#ultimate_turret_tunables_wz
weapontunables,#shotgun_fullauto_t8_tunables_wz
weapontunables,#hash_fa47272694a6617c
weapontunables,#smg_folding_t8_tunables_wz
weapontunables,#eq_tripwire_tunables_wz
weapontunables,#ww_blundergat_t8_tunables_wz
weapontunables,#melee_amuletfist_t8_tunables_wz
weapontunables,#hash_fdbc69f334e67b99
weapontunables,#hash_ff5715994dbc0c08
weapontunables,#eq_acid_bomb_tunables_wz
fx,#tools/fx_null
klf,#hash_73fbca9ec7eb3af8
fx,#hash_1970783e8de01dfa
klf,#hash_a33162899dc5a391
fx,#hash_1f9000e49e993698
klf,#hash_55a65101603718f1
fx,#hash_27fe11878cdc9e24
klf,#hash_4b75ca5823194609
fx,#hash_2bf8c315b34310a9
klf,#hash_b85aca403b6b8783
fx,#hash_3461d7daeace74a0
klf,#hash_7435d49ec81cc43d
fx,#hash_3464fadaead0e5f0
fx,#hash_347604daeadf6a21
fx,#hash_3cb49dba0d05d1d5
klf,#hash_1366fb8b568f3432
fx,#hash_568f74c8ff3ff0ed
klf,#hash_5061973ff69ba2de
fx,#hash_57d2e8373cedc93e
klf,#hash_39bdefe9e0a1e9e3
fx,#hash_6007acb9e310df41
klf,#hash_6a9cebd99534ecad
fx,#hash_6727129bfaa76721
fx,#hash_70696527ecb861ae
klf,#hash_5711c9338859b051
fx,#hash_71b6e56657442238
klf,#hash_1f034b5905389d2
klf,#hash_68a170ba13030e9
klf,#hash_87b2b0abc5bbfa90
klf,#hash_8a8c7b9314df87de
klf,#hash_8c585bd0eda03d9d
klf,#hash_94cd5ce1536f38af
klf,#hash_97851669aaf7b331
klf,#hash_97de2969ab43fc50
klf,#hash_9b63675e073f5259
klf,#hash_1b8cf163daeefabc
klf,#hash_aa0784d62e5e65f1
klf,#hash_ade8bec81b06db6f
klf,#hash_ae529b199da27716
klf,#hash_b30fa3a5ef02dbef
klf,#hash_33318ea5ef1f9ea6
klf,#hash_334f4c6c36212c4a
klf,#hash_b39b44a1e8905e4b
klf,#hash_36b6b6993d15cc9d
klf,#hash_3c64c615138e9ef1
klf,#hash_bdf9c4bb0772de02
klf,#hash_402bd80a12782f82
klf,#hash_c765d2f728f46e19
klf,#hash_cfc31bd20528a937
klf,#hash_d0c761210226b898
klf,#hash_d12bb0f662c223b5
klf,#hash_d4b009b2149c8591
klf,#hash_5afbbbb56bdb9a37
klf,#hash_defdd65a4592e4f4
klf,#hash_dfc234f101bbb26b
klf,#hash_e25a21276fb91959
klf,#hash_e3c21c6c515c7280
klf,#hash_e4a6ff4a6074c52d
klf,#hash_e99e247d1446766c
klf,#hash_ef1740bfeb22d86a
klf,#hash_efa77179ac54a023
rawfile,#hash_14eaa102f2f1040c
material,#hash_438ced026dd7f57b
material,#hash_63a61101ac3c0c29
material,#hash_3ffaab8e61769b13
material,#ei/gfx_gib_glass_02_lit
material,#ei/gfx_gib_glass_01_lit
material,#ei/gfx_fog_slow_lg_anim_lit
fx,#hash_155d5c9bf86efb6d
material,#hash_7504ca98fa9744f6
material,#hash_3adabe10f7edcefa
material,#hash_5077e28b844c8f7
material,#hash_211903dae2eb53dd
glasses,#hash_5cf1497d4f3dabaa
scriptparsetree,#scripts/core_common/ai/archetype_avogadro.csc
scriptparsetree,#hash_3b584c12e643589
scriptparsetree,#scripts/wz_common/wz_ai_zombie_dog.gsc
scriptparsetree,#scripts/wz_common/wz_ee_zombie_bathtub.gsc
scriptparsetree,#scripts/wz_common/wz_ai_brutus.gsc
scriptparsetree,#scripts/wz_common/wz_fishing.gsc
scriptparsetree,#scripts/wz/wz_escape_ffotd.gsc
scriptparsetree,#scripts/wz_common/wz_ee_motd_plane.gsc
scriptparsetree,#scripts/wz_common/wz_loot_homunculus.csc
scriptparsetree,#hash_280e30c1437557f5
scriptparsetree,#scripts/wz/wz_escape_ai_zones.gsc
scriptparsetree,#scripts/wz_common/wz_ai_zombie_dog.csc
scriptparsetree,#scripts/wz_common/wz_ee_zombie_bathtub.csc
scriptparsetree,#scripts/wz_common/wz_escape_fixup.gsc
scriptparsetree,#scripts/wz_common/wz_fishing.csc
scriptparsetree,#scripts/wz_common/wz_loot_homunculus.gsc
scriptparsetree,#scripts/wz/wz_escape.gsc
scriptparsetree,#scripts/wz_common/wz_ai_avogadro.gsc
scriptparsetree,#scripts/wz_common/wz_ee_poster.gsc
scriptparsetree,#scripts/wz_common/wz_nixie_tubes.csc
scriptparsetree,#scripts/wz_common/wz_escape_fixup.csc
scriptparsetree,#scripts/core_common/ai/archetype_avogadro.gsc
scriptparsetree,#scripts/wz/wz_escape_elevators.gsc
scriptparsetree,#scripts/wz/wz_escape.csc
scriptparsetree,#scripts/wz_common/wz_ai_avogadro.csc
scriptparsetree,#scripts/wz_common/wz_ai_brutus.csc
scriptparsetree,#scripts/wz/wz_escape_ffotd.csc
scriptparsetree,#scripts/wz_common/wz_nixie_tubes.gsc
scriptparsetree,#scripts/wz_common/wz_blackjack_stash.gsc
scriptparsetreeforced,#wz_escape
keyvaluepairs,#wz_escape
surfacesounddef,#hash_1c3677bf4b57745
surfacesounddef,#hash_82c191e6284ce597
surfacesounddef,#hash_8a8264b325aeabd5
surfacesounddef,#hash_8df09d0e88493c03
surfacesounddef,#hash_8eb046910c495ace
surfacesounddef,#hash_8f6c26c8358a3ff7
surfacesounddef,#hash_8fd0d6218d227823
surfacesounddef,#hash_10a1856d06431be9
surfacesounddef,#hash_9207df260c76b8a5
surfacesounddef,#hash_92622b5aa535175d
surfacesounddef,#hash_928e17e1cee044e3
surfacesounddef,#hash_9832f81facf07555
surfacesounddef,#hash_9a4f2d9439cedb27
surfacesounddef,#hash_9a98594fdaeea2f2
surfacesounddef,#hash_9d239ec732c2dc9c
surfacesounddef,#hash_9d4dd566c0f4c972
surfacesounddef,#hash_20730f1ad299ccc3
surfacesounddef,#hash_a17a7674ac435878
surfacesounddef,#hash_a1bb041a63a99f86
surfacesounddef,#hash_21e3a85806ccb3f1
surfacesounddef,#hash_a30bfbdd90ea3cc3
surfacesounddef,#hash_a79ef101247c956d
surfacesounddef,#hash_a8d744b7a4685229
surfacesounddef,#hash_adfabbc1784889e1
surfacesounddef,#hash_af036424be34c2fc
surfacesounddef,#hash_b0187a833e0723cd
surfacesounddef,#hash_b027db629076bb6a
surfacesounddef,#hash_b06e2bcac166059e
surfacesounddef,#hash_b0a9275dcf438f70
surfacesounddef,#hash_b1b89e49adcfc62c
surfacesounddef,#hash_b718bb4bc1f0ff4c
surfacesounddef,#hash_b7907e5d0d33cfde
surfacesounddef,#hash_3c7532e7167c7b58
surfacesounddef,#hash_3d9213dabaf08c81
surfacesounddef,#hash_bf6c2c50f88abf44
surfacesounddef,#hash_c01096242a04a67d
surfacesounddef,#hash_c110019682d3aff3
surfacesounddef,#hash_c2683b04bda248b7
surfacesounddef,#hash_c3a3953b3336ae9e
surfacesounddef,#hash_c5b480f948d0d6dc
surfacesounddef,#hash_c612240bdc4ecba5
surfacesounddef,#hash_c8dfa2ab4d60c6ad
surfacesounddef,#hash_494088d6102a4cc6
surfacesounddef,#hash_cabf0b91922e24d1
surfacesounddef,#hash_4d469b9f22b8abaa
surfacesounddef,#hash_4e71d3c5ef37d428
surfacesounddef,#hash_cfa0205feed6187b
surfacesounddef,#hash_504bc559b58d4445
surfacesounddef,#hash_d761810a13148d85
surfacesounddef,#hash_d7ca684fbd27f859
surfacesounddef,#hash_dcdd5a0293cb3917
surfacesounddef,#hash_dd772ccdaa011a7f
surfacesounddef,#hash_e024c6dfcb079596
surfacesounddef,#hash_e148e0be626b3871
surfacesounddef,#hash_63bf6c0e360eff28
surfacesounddef,#hash_65c4bbec1916af2d
surfacesounddef,#hash_e706b587add3b0a2
surfacesounddef,#hash_e75156361c6e0416
surfacesounddef,#hash_6836dcb6b72a70ed
surfacesounddef,#hash_6a72c5de389aaaee
surfacesounddef,#hash_6a9264c7627e1b73
surfacesounddef,#hash_6c68356edef2a5ab
surfacesounddef,#hash_edc81b82b6d8d665
surfacesounddef,#hash_ee5b9e23d293ffcc
surfacesounddef,#hash_ef7dc34c5d2b521a
surfacesounddef,#hash_f44a8075e5e903db
surfacesounddef,#hash_f4756dd190d1ee73
surfacesounddef,#hash_f5b5de15d07cd1a6
surfacesounddef,#hash_77789965ad08507e
surfacesounddef,#hash_792582d6ddb6e867
surfacesounddef,#hash_f9f59daa9bac5d1a
surfacesounddef,#hash_fa02727ac7423cc9
surfacesounddef,#hash_fa2a8fbf97fa2e14
surfacesounddef,#hash_fada1cf9d8035750
surfacesounddef,#hash_fc8e0ff6d2ac05e3
surfacesounddef,#hash_fd7236aedcfd5318
surfacesounddef,#hash_7df43ad9f11765ff
surfacesounddef,#hash_ff3c87ab6cd8f6f4
entitysoundimpacts,#hash_804f14318d2b0bb6
entitysoundimpacts,#hash_8300fd2fdeb834e6
entitysoundimpacts,#hash_83aad5c47ea4cfbc
entitysoundimpacts,#hash_85bdfc4b48eacd25
entitysoundimpacts,#hash_867d588c70950020
entitysoundimpacts,#hash_8709496c12dd4544
entitysoundimpacts,#hash_8a050b241c860cb4
entitysoundimpacts,#hash_8d1b94a2f11ff366
entitysoundimpacts,#hash_8eb08b47b582b569
entitysoundimpacts,#hash_90568370e2eca164
entitysoundimpacts,#hash_91f3756851a39191
entitysoundimpacts,#hash_927f1e43fa1200f5
entitysoundimpacts,#hash_935920749293532d
entitysoundimpacts,#hash_94b68d0970eb6a02
entitysoundimpacts,#hash_95fe8c961a0c0a78
entitysoundimpacts,#hash_96e3d6100bfe5814
entitysoundimpacts,#hash_97142e7a354c1c7d
entitysoundimpacts,#hash_988a513c4238c9c5
entitysoundimpacts,#hash_98ffdf9d731e5096
entitysoundimpacts,#hash_9e6f66d98cb789c6
entitysoundimpacts,#hash_9eca12023bf08c25
entitysoundimpacts,#hash_a0f44697e5529617
entitysoundimpacts,#hash_a27fb9548b8576c1
entitysoundimpacts,#hash_a3073b42f5590c94
entitysoundimpacts,#hash_a58e9daf93785369
entitysoundimpacts,#hash_a61a5c15e8102a00
entitysoundimpacts,#hash_a6859d54bd0a7e04
entitysoundimpacts,#hash_a6f38a04108577a9
entitysoundimpacts,#hash_a7aa076b66ec89eb
entitysoundimpacts,#hash_a892e365661e6394
entitysoundimpacts,#hash_a8bd2d3cc4b7a1e3
entitysoundimpacts,#hash_ab1482ebb1b65630
entitysoundimpacts,#hash_ad884d3b02cf5ccb
entitysoundimpacts,#hash_b0145e08f505be0e
entitysoundimpacts,#hash_b0e494253a871900
entitysoundimpacts,#hash_b19e809ebb47286a
entitysoundimpacts,#hash_31bf0a887e4d5c1c
entitysoundimpacts,#hash_b344adb61a0d2d50
entitysoundimpacts,#hash_b3b336ab20951ed4
entitysoundimpacts,#hash_b7b2c74473f119b4
entitysoundimpacts,#hash_b814f5698cec0c75
entitysoundimpacts,#hash_b943d6d96f724478
entitysoundimpacts,#hash_b99d5909343536af
entitysoundimpacts,#hash_ba834a75b5298be5
entitysoundimpacts,#hash_ba84c69b825dcae6
entitysoundimpacts,#hash_bd9abebe0404d5b1
entitysoundimpacts,#hash_be2729dae1ef3248
entitysoundimpacts,#hash_beca858e6e59a112
entitysoundimpacts,#hash_c1b45851faf2da96
entitysoundimpacts,#hash_c4290d4be98a1259
entitysoundimpacts,#hash_c53abc8ae2bc1864
entitysoundimpacts,#hash_c641ea4feda41ad1
entitysoundimpacts,#hash_c9702f42deba653c
entitysoundimpacts,#hash_c98116e605e610ad
entitysoundimpacts,#hash_ca3430ba267928fc
entitysoundimpacts,#hash_ca6c683d6c4a4cb5
entitysoundimpacts,#hash_cb2ee19e9cdf8dbd
entitysoundimpacts,#hash_cc3b43bb676fe2ae
entitysoundimpacts,#hash_cc6ca8f78d8871b4
entitysoundimpacts,#hash_cc7549e1d4b84793
entitysoundimpacts,#hash_ce5487c76c68fa76
entitysoundimpacts,#hash_4fa9eb1dd3718279
entitysoundimpacts,#hash_d02a7a8b195746ad
entitysoundimpacts,#hash_d5a1852fdd870021
entitysoundimpacts,#hash_d5ee8e5b01cbfb84
entitysoundimpacts,#hash_d623f693b1fd7449
entitysoundimpacts,#hash_d70cba70a7fe0925
entitysoundimpacts,#hash_d856c078349b96fd
entitysoundimpacts,#hash_d8be883e2073e526
entitysoundimpacts,#hash_d91f5b54d32afd13
entitysoundimpacts,#hash_db3cb67b57febf96
entitysoundimpacts,#hash_db9537dc5f7f7c97
entitysoundimpacts,#hash_dbd837c76f703de2
entitysoundimpacts,#hash_dbfd5685b0999b5f
entitysoundimpacts,#hash_de3b7e0bdae4aa83
entitysoundimpacts,#hash_df50bad440dc8999
entitysoundimpacts,#hash_dff4d8ddd615a55d
entitysoundimpacts,#hash_e007dcf6063b6b50
entitysoundimpacts,#hash_e00eda7a228a2c12
entitysoundimpacts,#hash_e5f8f45160f32807
entitysoundimpacts,#hash_e735958cbf4dfda1
entitysoundimpacts,#hash_e7ac3f3c06587d27
entitysoundimpacts,#hash_e7c4725a09a4ffdc
entitysoundimpacts,#hash_e85ce57aa644ce0f
entitysoundimpacts,#hash_e861afd0e0adbd4d
entitysoundimpacts,#hash_ecb8e382709b0d29
entitysoundimpacts,#hash_ed9b803a8bb5ffc1
entitysoundimpacts,#hash_f18acb62f51ffaf2
entitysoundimpacts,#hash_f25f97d42ac98d4c
entitysoundimpacts,#hash_f447c631ef6d2877
entitysoundimpacts,#hash_f4d8cb2698f76308
entitysoundimpacts,#hash_f6368dd8f70012bf
entitysoundimpacts,#hash_f792a18ec01ed5d8
entitysoundimpacts,#hash_f83fcde35d7e0c17
entitysoundimpacts,#hash_f85c886634bda1c4
entitysoundimpacts,#hash_f95dd903c638dbdf
entitysoundimpacts,#hash_fad908416c21e1b9
entitysoundimpacts,#hash_fe7809d4c0be1377
entitysoundimpacts,#hash_fe99853562b7961b
entitysoundimpacts,#hash_fede7385a2a391b4
entitysoundimpacts,#hash_ffee12b8fb2e3e2f
vehiclesounddef,#hash_8e1609607098dd6d
vehiclesounddef,#hash_3654a68e15f18431
vehiclesounddef,#hash_c0512b3ca680d053
vehiclesounddef,#veh_drn_qrdrone_mp
vehiclesounddef,#hash_6860990b9ca80521
vehiclesounddef,#hash_70aa32f249d9e457
vehiclesounddef,#hash_fdf2002194200c28
scriptbundle,#spectre_grenade_wz_customsettings
scriptbundle,#ability_dog_mp_scoreevents
scriptbundle,#eq_concertina_wire_scoreevents
scriptbundle,#hero_annihilator_scoreevents
scriptbundle,#blackjack_ammo_stash_parent_placeholder
scriptbundle,#eq_molotov_mp_scoreevents
scriptbundle,#recon_car_scoreevents
scriptbundle,#damageeffecttype_flash
scriptbundle,#dart_scoreevents
scriptbundle,#eq_frag_grenade_mp_scoreevents
scriptbundle,#zm_brutus_special_settings
scriptbundle,#hero_pineapplegun_scoreevents
scriptbundle,#gadget_smart_cover_scoreevents
scriptbundle,#guns_launchers_dlc1_limit_world_high_value
scriptbundle,#eq_sensor_dart_scoreevents
scriptbundle,#zm_zombie_settings_wz
scriptbundle,#sig_bow_scoreevents
scriptbundle,#default_traversal_extents_zm
scriptbundle,#zm_brutus_settings
scriptbundle,#ultimate_turret_mp_scoreevents
scriptbundle,#wz_escape_death_circles_default
scriptbundle,#eq_hatchet_mp_scoreevents
scriptbundle,#eq_tripwire_scoreevents
scriptbundle,#eq_grapple_mp_scoreevents
scriptbundle,#hero_flamethrower_scoreevents
scriptbundle,#eq_cluster_semtex_scoreevents
scriptbundle,#loc_armor_medium
scriptbundle,#molotov_custom_settings
scriptbundle,#air_transport_infiltration_wz_bundle_settings
scriptbundle,#wz_escape_death_circles_one_circle
scriptbundle,#damageeffecttype_fire
scriptbundle,#loc_armor_small
scriptbundle,#world_base_event_parent
scriptbundle,#emp_grenade_custom_settings_wz
scriptbundle,#sig_blade_scoreevents
scriptbundle,#wz_open_skyscrapers_wallbuy_none
scriptbundle,#eq_slow_grenade_scoreevents
scriptbundle,#grapple_custom_settings
scriptbundle,#blackjack_stash_parent
scriptbundle,#eq_hawk_scoreevents
scriptbundle,#wz_zombie_dog_settings
scriptbundle,#health_list_good_nothing
scriptbundle,#gear_list_good_nothing
scriptbundle,#wraith_fire_custom_settings
scriptbundle,#loc_armor_large
rumble,#hash_8449520f94829141
rumble,#hash_84ceacd890f3b6ec
rumble,#defaultweapon_melee
rumble,#grenade_launcher_fire
rumble,#hash_8fabc1315d6d6be0
rumble,#grapple_fire
rumble,#grapple_collision
rumble,#hash_95c3ffe358961516
rumble,#grapple_detach
rumble,#sniper_rechamber
rumble,#smg_fire
rumble,#hash_9b194e26c256036c
rumble,#grapple_reel
rumble,#hash_a17a158aac0f6479
rumble,#hash_a5737886a28a3a7b
rumble,#bow_fire
rumble,#hash_a7471bde81e12116
rumble,#barrel_explosion
rumble,#hash_a9dda3d6a80b7a2c
rumble,#reload_medium
rumble,#shotgun_fire
rumble,#hash_ae361344d740b1c3
rumble,#hash_b22cc8a226215312
rumble,#lmg_fire
rumble,#assault_fire
rumble,#hash_b7945215019ab043
rumble,#hash_ba5bdaaa0b187aa9
rumble,#bow_draw
rumble,#hash_c0192bc096b73db2
rumble,#grapple_miss
rumble,#pistol_fire
rumble,#fishing_rumble
rumble,#sniper_fire
rumble,#crossbow_fire
rumble,#grenade_rumble
rumble,#grenade_throw
rumble,#defaultweapon_fire
rumble,#weapon_raise_quick
rumble,#hash_62c9299e7f036f23
rumble,#tr_fire
rumble,#reload_clipout
rumble,#hash_6e2cf62b0e7ea6a0
rumble,#launcher_fire
rumble,#hash_f1fceb6e20f9fbdc
rumble,#hash_f72f3a128d16acc3
rumble,#hash_f7ffe9536b3bac5c
rumble,#reload_large
rumble,#wz_brutus_footsteps
rumble,#grapple_hit
rumble,#hash_fc5e29ac97ee5c63
rumble,#reload_small
rumble,#hash_fdd6fef6710af3ba
rumble,#hash_ffbdfa5ac7cedfc9
aimtable,#soldier_aim
animselectortable,#hash_3d681f910ac19a41
animselectortable,#hash_cc10edcac4d8c378
animselectortable,#hash_6d7007a033b4d8f7
animselectortable,#hash_790ae2280eb17f81
animstatemachine,#hash_3d6806910ac16fc6
animstatemachine,#hash_cc10f6cac4d8d2c3
animstatemachine,#hash_6d700ea033b4e4dc
animstatemachine,#hash_790ac9280eb15506
behaviortree,#hash_2c23125d13722005
behaviortree,#hash_6f32ff86833f07c5
behaviorstatemachine,#hash_e084d9a5b087dd1c
behaviorstatemachine,#hash_73bde4df0de37845
behaviorstatemachine,#hash_f5a84a9c2b9b31b9
sanim,#p8_fxanim_wz_esc_crane_hook_idle_sanim
sanim,#p8_fxanim_gp_chain_hang_01_16_s2_sanim
sanim,#p7_fxanim_gp_trash_cardboard_flat_02_sanim
sanim,#p8_fxanim_gp_chain_arc_low_01_s2_sanim
sanim,#p7_fxanim_gp_fishing_net_float_debris_01_sanim
sanim,#p8_fxanim_mp_militia_water_tower_tarp_01_s3_sanim
sanim,#p7_fxanim_gp_streamer_orange_sml_01_s3_sanim
sanim,#p7_fxanim_gp_tarp_blue_hang_03_s1_sanim
sanim,#p7_fxanim_gp_flag_red_plain_sanim
sanim,#p7_fxanim_mp_rise_caution_tape_01_sanim
sanim,#p8_fxanim_zm_esc_warden_curtain_valance_s3_sanim
sanim,#p7_fxanim_gp_tarp_blue_hang_02_s1_sanim
sanim,#p7_fxanim_gp_trash_floating_bottle_water_01_sanim
sanim,#p8_fxanim_wz_esc_tent_quarantine_front_sanim
sanim,#p8_fxanim_mad_custom_tarp_boxes_01_s2_sanim
sanim,#p7_fxanim_gp_trash_cardboard_flat_01_sanim
sanim,#p7_fxanim_gp_trash_newspaper_04_s3_sanim
sanim,#p8_fxanim_gp_wire_straight_xlong_thick_s3_sanim
sanim,#p8_fxanim_gp_tarp_scaffold_02_s3_sanim
sanim,#p8_fxanim_zm_esc_sheet_torn_02_s2_sanim
sanim,#p8_fxanim_gp_chain_arc_low_05_s2_sanim
sanim,#p7_fxanim_gp_wire_long_01_s3_sanim
sanim,#p7_fxanim_gp_trash_cardboard_flat_03_sanim
sanim,#p7_fxanim_gp_floating_water_container_plastic_small_upright_sanim
sanim,#p8_fxanim_wz_escape_tent_military_side_dbl_sanim
sanim,#p7_fxanim_gp_fish_school_02_sanim
sanim,#p8_fxanim_mp_silo_frozen_tarp_01_s3_sanim
sanim,#p8_fxanim_gp_tarp_pin_cover_single_02_s3_sanim
sanim,#p7_fxanim_gp_fish_single_01_sanim
sanim,#p8_fxanim_gp_flat_tarp_01_s3_sanim
sanim,#p8_fxanim_gp_tarp_flat_tear_fallen_01_s3_sanim
sanim,#p8_fxanim_gp_tarp_fence_flat_03_s4_sanim
sanim,#p8_fxanim_gp_wire_straight_sml_s1_sanim
sanim,#p8_fxanim_gp_wire_straight_med_thick_s3_sanim
sanim,#p8_fxanim_mp_militia_toilet_paper_01_sanim
sanim,#p8_fxanim_gp_tarp_flat_square_02_s3_sanim
sanim,#p8_fxanim_wz_escape_tent_military_end_l_sanim
sanim,#p8_fxanim_wz_escape_tent_military_end_r_sanim
sanim,#p8_fxanim_mp_offshore_banyan_tree_wires_10_sanim
sanim,#p7_fxanim_gp_cockroaches_01_sanim
sanim,#p8_fxanim_gp_shark_fin_01_sanim
sanim,#p8_fxanim_gp_furnish_caution_tape_pinned_01_s3_sanim
sanim,#p8_fxanim_mp_militia_news_paper_01_sanim
sanim,#p8_fxanim_gp_wire_arc_03_s2_sanim
sanim,#p8_fxanim_zm_esc_sheet_torn_01_s3_sanim
sanim,#p7_fxanim_gp_trash_newspaper_08_s3_sanim
sanim,#p8_fxanim_mp_seaside_roof_tarp_01_sanim
sanim,#p7_fxanim_gp_tarp_brown_hang_01_s3_sanim
sanim,#p8_fxanim_zm_esc_warden_curtain_valance_s1_sanim
sanim,#p8_fxanim_wz_esc_tent_military_door_dbl_r_sanim
sanim,#p8_fxanim_gp_wire_powerline2_s4_sanim
sanim,#p8_fxanim_gp_wire_thin_hanging_03_frosted_s1_sanim
sanim,#p7_fxanim_gp_streamer_orange_lrg_01_s3_sanim
sanim,#p7_fxanim_gp_trash_newspaper_05_s3_sanim
sanim,#p8_fxanim_gp_chain_arc_low_04_s2_sanim
sanim,#p7_fxanim_mp_rise_wire_04_sanim
sanim,#p8_fxanim_gp_wire_thin_hanging_01_s3_sanim
sanim,#p8_fxanim_fir_scaffold_hanging_wire_sanim
sanim,#p8_fxanim_zm_esc_sheet_torn_02_s3_sanim
sanim,#p8_fxanim_gp_trash_plastic_hanging_01_s3_sanim
sanim,#p7_fxanim_cp_prologue_control_room_wires_01_sanim
sanim,#p8_fxanim_gp_blinds_wide_closed_01_s3_sanim
sanim,#p8_fxanim_zm_esc_bed_sheets_torn_01_s3_sanim
sanim,#p8_fxanim_gp_blinds_wide_broken_01_s3_sanim
sanim,#p7_fxanim_gp_vine_strand_ivy_192_long_sanim
sanim,#p7_fxanim_gp_flag_usa_angled_01_s3_sanim
sanim,#p8_fxanim_gp_wire_arc_02_s2_sanim
sanim,#p8_fxanim_gp_chain_hang_01_32_s2_sanim
sanim,#p8_zm_esc_crane_02_s4_sanim
sanim,#p7_fxanim_gp_tarp_blue_hang_04_s1_sanim
sanim,#p8_fxanim_gp_wire_thin_hanging_07_frosted_s1_sanim
sanim,#p8_fxanim_zm_esc_bed_sheets_torn_02_s3_wall_sanim
sanim,#p8_fxanim_gp_chain_hang_no_hook_01_64_s3_sanim
sanim,#p8_fxanim_gp_furnish_caution_tape_pinned_02_s3_sanim
sanim,#p8_fxanim_gp_trash_newspaper_pinned_01_s3_sanim
sanim,#p8_fxanim_gp_tarp_drape_ripped_01_s2_sanim
sanim,#p7_fxanim_gp_trash_floating_bottle_detergent_01_sanim
sanim,#p7_fxanim_mp_apartments_tarp_pool_sanim
sanim,#p8_fxanim_gp_wire_thin_hanging_04_frosted_s1_sanim
sanim,#p7_fxanim_gp_ravens_flock_sanim
sanim,#p8_fxanim_zm_esc_bodybag_hanged_chain_wall_01_s2_sanim
sanim,#p8_fxanim_gp_tarp_fence_flat_01_torn_s4_sanim
sanim,#p7_fxanim_gp_tarp_blue_hang_01_s3_sanim
sanim,#p8_fxanim_gp_wire_thin_hanging_02_frosted_s1_sanim
sanim,#p8_fxanim_wz_esc_tent_military_door_dbl_l_sanim
sanim,#p8_fxanim_mad_custom_tarp_family_house_01_corner_s2_sanim
sanim,#p8_fxanim_wz_esc_tent_quarantine_mid_sanim
sanim,#p8_fxanim_gp_wire_straight_med_thick_s1_sanim
sanim,#p7_fxanim_gp_streamer_orange_lrg_02_s3_sanim
sanim,#p8_fxanim_gp_tarp_drape_ripped_01_s4_sanim
sanim,#p7_fxanim_gp_vine_strand_ivy_64_sanim
sanim,#p7_fxanim_gp_vine_strand_ivy_32_long_sanim
sanim,#p8_fxanim_wz_seagull_01_sanim
sanim,#p8_fxanim_gp_chain_arc_low_04_s3_sanim
sanim,#p8_fxanim_gp_tarp_flat_folded_01_s3_sanim
sanim,#p7_fxanim_gp_wire_long_02_s3_sanim
sanim,#p8_fxanim_wz_esc_ropes_pulley_sanim
sanim,#p8_fxanim_gp_trash_newspaper_hanging_01_s3_sanim
sanim,#p8_fxanim_zm_esc_clock_01_sanim
sanim,#p7_fxanim_mp_rise_caution_tape_04_sanim
sanim,#p7_fxanim_gp_wire_thick_tangle_02_s4_sanim
sanim,#p8_fxanim_gp_chain_arc_low_01_s3_sanim
sanim,#p7_fxanim_gp_ravens_flock_sml_sanim
sanim,#p7_fxanim_gp_tarp_blue_hang_07_s5_sanim
sanim,#p8_fxanim_gp_tarp_drape_balcony_01_s3_sanim
sanim,#p8_fxanim_gp_chain_hang_01_64_s2_sanim
sanim,#p7_fxanim_gp_trash_newspaper_07_s3_sanim
sanim,#p8_fxanim_sta_wire_5_s3_sanim
sanim,#p8_fxanim_gp_tarp_flat_square_01_s3_sanim
sanim,#p8_fxanim_zm_esc_bed_sheets_torn_02_s3_sanim
sanim,#p7_fxanim_gp_wire_thick_set_04_s1_sanim
sanim,#p7_fxanim_gp_fish_tiny_school_01_loop_01_sanim
sanim,#p7_fxanim_gp_tarp_blue_hang_06_s3_sanim
sanim,#p7_fxanim_gp_streamer_blue_med_02_s3_sanim
sanim,#p8_fxanim_gp_tarp_drape_corner_angle_01_s4_sanim
sanim,#p8_fxanim_gp_tarp_pin_ripped_01_s2_sanim
sanim,#p8_fxanim_gp_wire_clump_hang_01_s3_sanim
sanim,#p8_fxanim_zm_esc_crate_wood_lrg_s2_sanim
sanim,#p7_fxanim_gp_tarp_blue_corner_01_s2_sanim
sanim,#p8_fxanim_gp_cockroaches_single_01_sanim
sanim,#p8_fxanim_gp_chain_arc_low_03_s2_sanim
sanim,#p7_fxanim_gp_tarp_tan_hang_04_s1_sanim
sanim,#p7_fxanim_gp_tarp_blue_hang_01s_s4_sanim
sanim,#p8_fxanim_zm_esc_rope_01_s3_sanim
lightdescription,#hash_806816bec59f0448
lightdescription,#hash_80ec0b1a22fd6e3a
lightdescription,#hash_10e15a915f58d91
lightdescription,#hash_81a97aec16e3a331
lightdescription,#hash_81aa2f7b5a95f029
lightdescription,#hash_822b8af1bea93642
lightdescription,#hash_8285face15ecc064
lightdescription,#hash_82f6ce488c8b2014
lightdescription,#hash_83698279b1068909
lightdescription,#hash_84407679b252c79b
lightdescription,#hash_84c799ba07e28030
lightdescription,#hash_854b81976fe81843
lightdescription,#hash_85cbf51f8c9034a8
lightdescription,#hash_861032b4db343d3d
lightdescription,#hash_861bf777a814ece9
lightdescription,#hash_86202b9ea7542b29
lightdescription,#hash_63a392aad6d9036
lightdescription,#hash_8757017b58871cf1
lightdescription,#hash_89861532dbdc6f9d
lightdescription,#hash_8a5af3c1ed773d45
lightdescription,#hash_ccc2c4ac1e7ba38
lightdescription,#hash_8cdfd7862b3134bd
lightdescription,#hash_8d6a9da6ec1e074f
lightdescription,#hash_8dd2c48cf718a485
lightdescription,#hash_8e3deec4c4a13975
lightdescription,#hash_8fafc701f0438231
lightdescription,#hash_9065c31ce8738d0d
lightdescription,#hash_90e4770c161bc11f
lightdescription,#hash_11305535c817f5d4
lightdescription,#hash_9282d9e532e666fc
lightdescription,#hash_928a73636fda1ab3
lightdescription,#hash_929ff69c5105bf7a
lightdescription,#hash_932b15219e1defa9
lightdescription,#hash_14107065bad84aec
lightdescription,#hash_948395dcd619402a
lightdescription,#hash_95ac4528b91f2d0a
lightdescription,#hash_95ca408589b5bd1a
lightdescription,#hash_960bac96c6addabe
lightdescription,#hash_96e2e02ead8b4ef6
lightdescription,#hash_97c2effd641ccb81
lightdescription,#hash_98bd1faaed27fb10
lightdescription,#hash_98c2d32f05aba90e
lightdescription,#hash_999854f5b36ea9cc
lightdescription,#hash_1a53459cfe10f26d
lightdescription,#hash_9aa5a328e7c42943
lightdescription,#hash_9bc2fe1886183fe2
lightdescription,#hash_1c7679e899322b5e
lightdescription,#hash_1df40bfe9f81fc0f
lightdescription,#hash_9e4fd375fa3d4f31
lightdescription,#hash_9e62bacd52465cc2
lightdescription,#hash_1f569ac57446bc41
lightdescription,#hash_9f9d600d57706f35
lightdescription,#hash_a0427cff17b224b2
lightdescription,#hash_a0abee2c7dcf38f8
lightdescription,#hash_a16680123bb07d47
lightdescription,#hash_a23a2625660671eb
lightdescription,#hash_a260e0c2653a1886
lightdescription,#hash_a4cd87af02ec79dd
lightdescription,#hash_a4e35b47b93d15e0
lightdescription,#hash_a5a079f304b62b47
lightdescription,#hash_a5f02aa6cf6d3edf
lightdescription,#hash_a702e8fabde2399e
lightdescription,#hash_a8888cb2b90e88ce
lightdescription,#hash_a8b7977c7d8a45a1
lightdescription,#hash_293ea1c396cf7549
lightdescription,#hash_2a6403df844d9184
lightdescription,#hash_2a7f4fa02b8c9b24
lightdescription,#hash_aacbde8d32470569
lightdescription,#hash_aba2f9a0fae51d50
lightdescription,#hash_2ce02324c43c44aa
lightdescription,#hash_2f33c796a54bbe05
lightdescription,#hash_af6a7edf9c040160
lightdescription,#hash_b37c4594812357e9
lightdescription,#hash_b38ed1d745a7308c
lightdescription,#hash_b3aff4a7b5d3a001
lightdescription,#hash_347c87104495871f
lightdescription,#hash_b493b22dfe9fc632
lightdescription,#hash_36aa3ae61a75624f
lightdescription,#hash_37117c3b44016df3
lightdescription,#hash_372d14c2a6472cb7
lightdescription,#hash_b76230730f2e29cc
lightdescription,#hash_b888449d463c079b
lightdescription,#hash_b9491b9716e0eb98
lightdescription,#hash_b958dff7e21f0eed
lightdescription,#hash_b9ef0bcd12036112
lightdescription,#hash_ba34291a5c2ea64e
lightdescription,#hash_ba5099e6a860505e
lightdescription,#hash_bafad6651f34e87f
lightdescription,#hash_bc25a978a2b585df
lightdescription,#hash_3d6515c9713a1af1
lightdescription,#hash_3e41621fb7dc0b0e
lightdescription,#hash_bf59628de2e12e5c
lightdescription,#hash_bf7f33253aa90354
lightdescription,#hash_c0b0166e2a13a60e
lightdescription,#hash_c14467437166e23b
lightdescription,#hash_4167234eae9402b1
lightdescription,#hash_c288426c4a65f62c
lightdescription,#hash_c297149059828580
lightdescription,#hash_c6a50f44c53b8e72
lightdescription,#hash_c6b892ac9c4fd4b1
lightdescription,#hash_c6e1609ce25c4653
lightdescription,#hash_c799ee32ed6276b7
lightdescription,#hash_c81aa67f9b255f0d
lightdescription,#hash_c841e1993c0bf53d
lightdescription,#hash_c8d3a69dbd29e056
lightdescription,#hash_4a8b1de2b293c3a3
lightdescription,#hash_cb3bd5de97e0a1ae
lightdescription,#hash_4cc40293f66cfbfb
lightdescription,#hash_ccda93da35773242
lightdescription,#hash_ce4e09f147abf5af
lightdescription,#hash_ceddb1a0bd5356ab
lightdescription,#hash_cf96820072a36285
lightdescription,#hash_cfe19ad4bc73752b
lightdescription,#hash_d1bc085ee5a70614
lightdescription,#hash_52b6b8c7fdb92075
lightdescription,#hash_d33e200be3fb11b8
lightdescription,#hash_5385bbee8c6d1f62
lightdescription,#hash_53dcd684e6786028
lightdescription,#hash_554420665cff7acf
lightdescription,#hash_d56a3393910ee195
lightdescription,#hash_d5ec5125f5915493
lightdescription,#hash_d6fec551f2bb4f31
lightdescription,#hash_d76e70a0a6bdf463
lightdescription,#hash_d7ac3989389acf18
lightdescription,#hash_57db2ec30b4a5c59
lightdescription,#hash_58236ed09199a0ae
lightdescription,#hash_d92ff396a3ac9bcf
lightdescription,#hash_d990965bb1be4e31
lightdescription,#hash_dbce5c553319c437
lightdescription,#hash_5d930d74c2de133a
lightdescription,#hash_5dd5162920256dab
lightdescription,#hash_df790dd4a48e8438
lightdescription,#hash_dfd0744c1917b426
lightdescription,#hash_609b4fb2578c7be7
lightdescription,#hash_e0b2f6dc58d2b8b0
lightdescription,#hash_e13766148328b4eb
lightdescription,#hash_61a37884a770e55c
lightdescription,#hash_e2ab09311b66b7d0
lightdescription,#hash_65c7700b6f27facd
lightdescription,#hash_e5cd0a080d025bf1
lightdescription,#hash_e81151f6edb97f2b
lightdescription,#hash_e83c5772ebd029c5
lightdescription,#hash_683ced20b2660525
lightdescription,#hash_e848a85878b07f97
lightdescription,#hash_e863dcc1a6c67f69
lightdescription,#hash_ec9206108cb5dff1
lightdescription,#hash_6d5afcc6a5de4cef
lightdescription,#hash_ee0938c5ce3b7033
lightdescription,#hash_6e629ebf82579f64
lightdescription,#hash_6ec0f47579c62eab
lightdescription,#hash_eefd82fb93723045
lightdescription,#hash_7072abb8e12c9913
lightdescription,#hash_f1367ebc36281465
lightdescription,#hash_f18633c46b5acc9c
lightdescription,#hash_f1de803b3330be77
lightdescription,#hash_f3172f4cde1db385
lightdescription,#hash_f3a70a95b0a63ca8
lightdescription,#hash_73c8f7f99bc848ca
lightdescription,#hash_747e524870883a1a
lightdescription,#hash_f5a48b9efe4e4821
lightdescription,#hash_f61c3454f9850d4e
lightdescription,#hash_f63c43b1de533cff
lightdescription,#hash_764090f0b51d60f8
lightdescription,#hash_f64fcfcfbae55bc5
lightdescription,#hash_f6b3b007043e5cd1
lightdescription,#hash_f6d16445c025f908
lightdescription,#hash_fa851a8d03d90bb4
lightdescription,#hash_fb158420ab06eca9
lightdescription,#hash_fb2f583d9af62eb9
lightdescription,#hash_fb597623b9e47deb
lightdescription,#hash_fc69d38b26c9b099
lightdescription,#hash_fd89dcf5874be6d3
lightdescription,#hash_ff121a99c974392d
lightdescription,#hash_ff9638e8cba97c87
shellshock,#hash_640e615236430645
shellshock,#explosion_shock
shellshock,#shellshock_blur_pc
statuseffect,#microwave_dot
xcam,#hash_81c967c46984c34f
xcam,#hash_8332f22c38d9ea7a
xcam,#hash_840f5f7f4e5c7096
xcam,#hash_8476fc85d93c10be
xcam,#hash_84db2879ee703afb
xcam,#hash_871e20cf0e52f375
xcam,#hash_8a2953940aa14190
xcam,#hash_8b9dc782c4ecc8d8
xcam,#hash_8bc51465dc452a2d
xcam,#hash_8dcc377022499273
xcam,#hash_8e8baf96fedf0a48
xcam,#hash_8eec7543dba0008b
xcam,#hash_90a130220b72d02a
xcam,#hash_913157817117ee4d
xcam,#hash_914a9866237d87a3
xcam,#hash_915e0c2d7a29a3c7
xcam,#hash_91906cf7b0117071
xcam,#hash_9195ce6744d0272f
xcam,#hash_92ae1b2ebc36aaf5
xcam,#hash_92f52d0e4d7368b0
xcam,#hash_95c51ed13dde86ac
xcam,#hash_98b0ebea10d5a554
xcam,#hash_99249e551f7f07b6
xcam,#hash_99b0136d0b752c5e
xcam,#hash_9a53868715ff20d7
xcam,#hash_9ba8d9c6f7d61883
xcam,#hash_9bdd23d733f1a80c
xcam,#hash_9cd470a3f8328c6d
xcam,#hash_9f04b53f8a09204c
xcam,#hash_a0483d312a16c500
xcam,#hash_a2bb849f5016a769
xcam,#hash_a2e02d4a3a3f9300
xcam,#hash_a31c95976eb01392
xcam,#hash_a4924ce5fa767491
xcam,#hash_a4a4b567bbf705fc
xcam,#hash_a4bf3d189ad017ba
xcam,#hash_a547de4f2204205b
xcam,#ui_cam_cac_ar_accurate
xcam,#hash_a60474c4e2fe2689
xcam,#hash_a663ad7452f8b0ca
xcam,#hash_a75e7c1574a70521
xcam,#hash_a80980eb3790a627
xcam,#hash_a8373ccd71549c96
xcam,#hash_a93c8d81f42b5363
xcam,#hash_aa03d768c4b81568
xcam,#hash_ac7729bf50a3d403
xcam,#hash_af819e28c35869cd
xcam,#hash_b20401c602936d0f
xcam,#hash_b2556c49982dea72
xcam,#hash_b387fe4e35c99821
xcam,#ui_cam_cac_ar_standard
xcam,#hash_b51189ab225a944f
xcam,#hash_b55525fb5ac70035
xcam,#hash_b717a94ea371d784
xcam,#hash_b8f6827505fa8ae0
xcam,#hash_b95974b886b7a5bb
xcam,#hash_b9c848b73bfceab1
xcam,#hash_baa41d20b9712012
xcam,#hash_bacdd9333263ab42
xcam,#hash_bb1551627c122475
xcam,#hash_bb2aa12d0cff1137
xcam,#hash_bd4941641616e95c
xcam,#hash_bdf5b4ca9b115c19
xcam,#hash_be8571e76d35fbc4
xcam,#hash_bfdb8ca61bcf31dc
xcam,#hash_c008e6e46e66b13e
xcam,#hash_c0dc0f5074bce9d3
xcam,#hash_c212f517dce26f87
xcam,#hash_c37126d8dc00ed65
xcam,#hash_c3885140526a4149
xcam,#hash_c38f1e86c8cd21f4
xcam,#hash_c393c923db01a498
xcam,#hash_c69d4a1f2dacaf6c
xcam,#hash_c7cd480757c242da
xcam,#hash_c9ac0e33c10b7b98
xcam,#hash_c9df139d3352f52c
xcam,#hash_ca93d9d6b1c015ab
xcam,#hash_cae568f9358e0a98
xcam,#hash_cb242521eb3cba73
xcam,#hash_cb735fdfb3d9cfb3
xcam,#hash_cb88e4084eecacd2
xcam,#hash_cbb33dafd051a5c0
xcam,#hash_cc52178dd6886a99
xcam,#hash_ce9a910c37f05cb4
xcam,#hash_ceb437da2b44b4bc
xcam,#hash_d3e48efa5da431d7
xcam,#hash_d6a71c53e4e663cd
xcam,#hash_d754220eabc95457
xcam,#hash_d8d03794d56e4d09
xcam,#hash_da36991b2da1ef84
xcam,#hash_da7ca5fcf93274d8
xcam,#hash_dacf8f7ff2a5b78d
xcam,#hash_db1ec190b50f0405
xcam,#hash_dc160c82046c9725
xcam,#hash_dd2f2ef54f0d7348
xcam,#hash_dd3693580809368b
xcam,#hash_de32f1e822aecde7
xcam,#hash_de49325379fdd938
xcam,#hash_decc4c42f7e87974
xcam,#hash_dedd5d68b4135dc0
xcam,#hash_df777c7a2d488b1f
xcam,#hash_e115148ca46835b4
xcam,#hash_e29d3892f0c59533
xcam,#hash_e3990c6735af444d
xcam,#hash_e3b0369032196801
xcam,#hash_e42584bd33a7bcef
xcam,#hash_e452d5e24cf3b836
xcam,#hash_e5ed605522803d51
xcam,#hash_e602e473c324fc07
xcam,#hash_e7d517dec4fba992
xcam,#hash_ed836fd8325ac81e
xcam,#hash_edafc064f29b6d83
xcam,#hash_ede55aba96dc852e
xcam,#hash_ee0716099355cd54
xcam,#hash_ef4633e53eebee2f
xcam,#hash_f08de109c1d50988
xcam,#hash_f1353967331e42f5
xcam,#hash_f211e9b88c267b99
xcam,#hash_f313e3dffba7aa5e
xcam,#hash_f39605c7c951b4b5
xcam,#hash_f3c2b2f1828e1c2a
xcam,#hash_f50cdd0262c53e9b
xcam,#hash_f5364d018e3b92a0
xcam,#hash_f5c3c07d99378a6f
xcam,#hash_f705986aedfcc704
xcam,#hash_f8e6ae9680552a5b
xcam,#hash_f9fbd94f520a572b
xcam,#hash_fa4439bb485cd7c0
xcam,#hash_fc6f1d8717f77fe6
xcam,#hash_fd3236a4624457cd
xcam,#hash_fd5f87111fdb07d6
xcam,#hash_fdcdfdc015b2a01b
xcam,#hash_fe16e91e9651857a
bgcache,#wz_escape
texturecombo,#wz_escape
flametable,#hash_eefa585a41207471
flametable,#hash_fc9e63bac4fc46ba
navmesh,#wz_escape
triggerlist,#hash_5cf1497d4f3dabaa
cpu_occlusion_data,#hash_5cf1497d4f3dabaa
ballisticdesc,#hash_893bb659213ccd72
ballisticdesc,#raygun
ballisticdesc,#hash_d333368f53c3f71b
ballisticdesc,#hash_d61ffd897d1b6977
ballisticdesc,#hash_e269fccbe6d86a70
ballisticdesc,#hash_e297011667973dfb
ballisticdesc,#hash_f7ea811fd6047f63
ballisticdesc,#hash_fa8de762a01fac90
streamkey,#hash_1598b424a39173
streamkey,#hash_1599b424a39326
streamkey,#hash_159bb424a3968c
streamkey,#hash_159cb424a3983f
streamkey,#hash_159db424a399f2
streamkey,#hash_159eb424a39ba5
streamkey,#hash_159fb424a39d58
streamkey,#hash_15a0b424a39f0b
streamkey,#hash_191ab424a6a430
streamkey,#hash_191cb424a6a796
streamkey,#hash_191eb424a6aafc
streamkey,#hash_1920b424a6ae62
streamkey,#hash_1924b424a6b52e
streamkey,#hash_1c9db424a9b8a0
streamkey,#hash_1ca0b424a9bdb9
streamkey,#hash_1ca1b424a9bf6c
streamkey,#hash_1ca4b424a9c485
streamkey,#hash_1cacb424a9d21d
streamkey,#hash_2029b424acdc5b
streamkey,#hash_202ab424acde0e
streamkey,#hash_202cb424ace174
streamkey,#hash_202db424ace327
streamkey,#hash_202fb424ace68d
streamkey,#hash_232bb424af1598
streamkey,#hash_232cb424af174b
streamkey,#hash_232db424af18fe
streamkey,#hash_2332b424af217d
streamkey,#hash_26acb424b226a2
streamkey,#hash_26adb424b22855
streamkey,#hash_26aeb424b22a08
streamkey,#hash_26afb424b22bbb
streamkey,#hash_26b0b424b22d6e
streamkey,#hash_26b3b424b23287
streamkey,#hash_26b4b424b2343a
streamkey,#hash_2a1bb424b51916
streamkey,#hash_2a1db424b51c7c
streamkey,#hash_2a1eb424b51e2f
streamkey,#hash_2a20b424b52195
streamkey,#hash_2a24b424b52861
streamkey,#hash_2d9cb424b82a20
streamkey,#hash_2d9eb424b82d86
streamkey,#hash_2d9fb424b82f39
streamkey,#hash_2da0b424b830ec
streamkey,#hash_2da3b424b83605
streamkey,#hash_2da9b424b84037
streamkey,#hash_65655c7dcce1ecc
streamkey,#hash_6cea21ba831f370
streamkey,#hash_6cea31ba831f523
streamkey,#hash_6cea41ba831f6d6
streamkey,#hash_6cea51ba831f889
streamkey,#hash_6cea61ba831fa3c
streamkey,#hash_6cea71ba831fbef
streamkey,#hash_6cea81ba831fda2
streamkey,#hash_6cea91ba831ff55
streamkey,#hash_6ceaa1ba8320108
streamkey,#hash_6ceab1ba83202bb
streamkey,#hash_6d2251ba83507e0
streamkey,#hash_6d2261ba8350993
streamkey,#hash_6d2271ba8350b46
streamkey,#hash_6d2281ba8350cf9
streamkey,#hash_6d2291ba8350eac
streamkey,#hash_6d22a1ba835105f
streamkey,#hash_6d22b1ba8351212
streamkey,#hash_6d22c1ba83513c5
streamkey,#hash_6d22f1ba83518de
streamkey,#hash_6d2301ba8351a91
streamkey,#hash_6d5a81ba8381c50
streamkey,#hash_6d5a91ba8381e03
streamkey,#hash_6d5aa1ba8381fb6
streamkey,#hash_6d5ab1ba8382169
streamkey,#hash_6d5ac1ba838231c
streamkey,#hash_6d5ad1ba83824cf
streamkey,#hash_6d5ae1ba8382682
streamkey,#hash_6d5af1ba8382835
streamkey,#hash_6d5b61ba838341a
streamkey,#hash_6d5b71ba83835cd
streamkey,#hash_6d8ab1ba83a5740
streamkey,#hash_6d8ac1ba83a58f3
streamkey,#hash_6d8b31ba83a64d8
streamkey,#hash_6d8b41ba83a668b
streamkey,#hash_6d8b51ba83a683e
streamkey,#hash_6d8b61ba83a69f1
streamkey,#hash_6d8b71ba83a6ba4
streamkey,#hash_6d8b81ba83a6d57
streamkey,#hash_6d8b91ba83a6f0a
streamkey,#hash_6d8ba1ba83a70bd
streamkey,#hash_6dc321ba83d727c
streamkey,#hash_6dc331ba83d742f
streamkey,#hash_6dc361ba83d7948
streamkey,#hash_6dc371ba83d7afb
streamkey,#hash_6dc381ba83d7cae
streamkey,#hash_6dc391ba83d7e61
streamkey,#hash_6dc3a1ba83d8014
streamkey,#hash_6dc3b1ba83d81c7
streamkey,#hash_6dc3c1ba83d837a
streamkey,#hash_6dc3d1ba83d852d
streamkey,#hash_6dfb71ba8408a52
streamkey,#hash_6dfb81ba8408c05
streamkey,#hash_6dfb91ba8408db8
streamkey,#hash_6dfba1ba8408f6b
streamkey,#hash_6dfbb1ba840911e
streamkey,#hash_6dfbc1ba84092d1
streamkey,#hash_6dfbd1ba8409484
streamkey,#hash_6dfbe1ba8409637
streamkey,#hash_6dfbf1ba84097ea
streamkey,#hash_6dfc01ba840999d
streamkey,#hash_6e3241ba8437960
streamkey,#hash_6e3251ba8437b13
streamkey,#hash_6e3261ba8437cc6
streamkey,#hash_6e3271ba8437e79
streamkey,#hash_6e3281ba843802c
streamkey,#hash_6e3291ba84381df
streamkey,#hash_6e32a1ba8438392
streamkey,#hash_6e32b1ba8438545
streamkey,#hash_6e32e1ba8438a5e
streamkey,#hash_6e32f1ba8438c11
streamkey,#hash_6e6a71ba8468dd0
streamkey,#hash_6e6a81ba8468f83
streamkey,#hash_6e6a91ba8469136
streamkey,#hash_6e6aa1ba84692e9
streamkey,#hash_6e6ab1ba846949c
streamkey,#hash_6e6ac1ba846964f
streamkey,#hash_6e6ad1ba8469802
streamkey,#hash_6e6ae1ba84699b5
streamkey,#hash_6e6b31ba846a234
streamkey,#hash_6e6b41ba846a3e7
streamkey,#hash_6f7a61ba854ff50
streamkey,#hash_6f7a71ba8550103
streamkey,#hash_6f7a81ba85502b6
streamkey,#hash_6f7a91ba8550469
streamkey,#hash_6f7aa1ba855061c
streamkey,#hash_6f7ab1ba85507cf
streamkey,#hash_6f7ac1ba8550982
streamkey,#hash_6f7ad1ba8550b35
streamkey,#hash_6f7b21ba85513b4
streamkey,#hash_6f7b31ba8551567
streamkey,#hash_6faa91ba8573a40
streamkey,#hash_6faaa1ba8573bf3
streamkey,#hash_6faab1ba8573da6
streamkey,#hash_6faac1ba8573f59
streamkey,#hash_6faad1ba857410c
streamkey,#hash_6faae1ba85742bf
streamkey,#hash_6faaf1ba8574472
streamkey,#hash_6fab01ba8574625
streamkey,#hash_6fab71ba857520a
streamkey,#hash_6fab81ba85753bd
streamkey,#hash_a3d89bc7e551b80
streamkey,#hash_a3d8abc7e551d33
streamkey,#hash_a3d8bbc7e551ee6
streamkey,#hash_a3d8cbc7e552099
streamkey,#hash_a3d8fbc7e5525b2
streamkey,#hash_a3d90bc7e552765
streamkey,#hash_a410cbc7e582ff0
streamkey,#hash_a410dbc7e5831a3
streamkey,#hash_a410ebc7e583356
streamkey,#hash_a410fbc7e583509
streamkey,#hash_a4110bc7e5836bc
streamkey,#hash_a4111bc7e58386f
streamkey,#hash_a4112bc7e583a22
streamkey,#hash_a4113bc7e583bd5
streamkey,#hash_a4118bc7e584454
streamkey,#hash_a4119bc7e584607
streamkey,#hash_ae42a19cce52f04
streamkey,#hash_ae42b19cce530b7
streamkey,#hash_ae42c19cce5326a
streamkey,#hash_ae42d19cce5341d
streamkey,#hash_cd29c4112e0aee0
streamkey,#hash_cd29d4112e0b093
streamkey,#hash_cd29e4112e0b246
streamkey,#hash_cd29f4112e0b3f9
streamkey,#hash_cd2a04112e0b5ac
streamkey,#hash_cd2a14112e0b75f
streamkey,#hash_cd2a24112e0b912
streamkey,#hash_cd2a34112e0bac5
streamkey,#hash_cd2a84112e0c344
streamkey,#hash_cd2a94112e0c4f7
streamkey,#hash_cd6214112e3c6b6
streamkey,#hash_cd6224112e3c869
streamkey,#hash_cd6234112e3ca1c
streamkey,#hash_cd6244112e3cbcf
streamkey,#hash_cd6254112e3cd82
streamkey,#hash_cd6264112e3cf35
streamkey,#hash_e3d1f13abdcdde0
streamkey,#hash_e3d2013abdcdf93
streamkey,#hash_e3d2113abdce146
streamkey,#hash_e3d2213abdce2f9
streamkey,#hash_e43a513abe22d40
streamkey,#hash_e43a613abe22ef3
streamkey,#hash_e43a713abe230a6
streamkey,#hash_e43a813abe23259
streamkey,#hash_e43a913abe2340c
streamkey,#hash_e43aa13abe235bf
streamkey,#hash_e43ab13abe23772
streamkey,#hash_e43ac13abe23925
streamkey,#hash_e43b313abe2450a
streamkey,#hash_e43b413abe246bd
streamkey,#hash_e472813abe541b0
streamkey,#hash_e472913abe54363
streamkey,#hash_e473013abe54f48
streamkey,#hash_e473113abe550fb
streamkey,#hash_e473213abe552ae
streamkey,#hash_e473313abe55461
streamkey,#hash_e473413abe55614
streamkey,#hash_e473513abe557c7
streamkey,#hash_e473613abe5597a
streamkey,#hash_e473713abe55b2d
streamkey,#hash_e4aaf13abe85cec
streamkey,#hash_e4ab013abe85e9f
streamkey,#hash_e4ab313abe863b8
streamkey,#hash_e4ab413abe8656b
streamkey,#hash_e4ab513abe8671e
streamkey,#hash_e4ab613abe868d1
streamkey,#hash_e4ab713abe86a84
streamkey,#hash_e4ab813abe86c37
streamkey,#hash_e4ab913abe86dea
streamkey,#hash_e4aba13abe86f9d
streamkey,#hash_e4e3413abeb74c2
streamkey,#hash_e4e3513abeb7675
streamkey,#hash_e4e3613abeb7828
streamkey,#hash_e4e3713abeb79db
streamkey,#hash_e4e3813abeb7b8e
streamkey,#hash_e4e3913abeb7d41
streamkey,#hash_e4e3a13abeb7ef4
streamkey,#hash_e4e3b13abeb80a7
streamkey,#hash_e4e3c13abeb825a
streamkey,#hash_e4e3d13abeb840d
streamkey,#hash_e51a113abee63d0
streamkey,#hash_e51a213abee6583
streamkey,#hash_e51a313abee6736
streamkey,#hash_e51a413abee68e9
streamkey,#hash_e51a513abee6a9c
streamkey,#hash_e51a613abee6c4f
streamkey,#hash_e51a713abee6e02
streamkey,#hash_e51a813abee6fb5
streamkey,#hash_e51ab13abee74ce
streamkey,#hash_e51ac13abee7681
streamkey,#hash_e54a413abf09ec0
streamkey,#hash_e54a513abf0a073
streamkey,#hash_e54a613abf0a226
streamkey,#hash_e54a713abf0a3d9
streamkey,#hash_e54a813abf0a58c
streamkey,#hash_e54a913abf0a73f
streamkey,#hash_e54aa13abf0a8f2
streamkey,#hash_e54ab13abf0aaa5
streamkey,#hash_e54b013abf0b324
streamkey,#hash_e54b113abf0b4d7
streamkey,#hash_ee7230f8efb1118
streamkey,#hash_ee7240f8efb12cb
streamkey,#hash_ee7250f8efb147e
streamkey,#hash_ee7260f8efb1631
streamkey,#hash_ee7270f8efb17e4
streamkey,#hash_ee7280f8efb1997
streamkey,#hash_eeaa00f8efe1b56
streamkey,#hash_eeaa10f8efe1d09
streamkey,#hash_eeaa60f8efe2588
streamkey,#hash_eeaa70f8efe273b
streamkey,#hash_eeaa80f8efe28ee
streamkey,#hash_eeaa90f8efe2aa1
streamkey,#hash_eeaaa0f8efe2c54
streamkey,#hash_eeaab0f8efe2e07
streamkey,#hash_eeaac0f8efe2fba
streamkey,#hash_eeaad0f8efe316d
streamkey,#hash_10b799f8940e857a
streamkey,#hash_17607e37e5040409
streamkey,#hash_17c9af0de3676f40
streamkey,#hash_17c9b00de36770f3
streamkey,#hash_17c9b10de36772a6
streamkey,#hash_17c9b20de3677459
streamkey,#hash_17c9b30de367760c
streamkey,#hash_17c9b40de36777bf
streamkey,#hash_17c9b50de3677972
streamkey,#hash_17c9b60de3677b25
streamkey,#hash_17c9b90de367803e
streamkey,#hash_17c9ba0de36781f1
streamkey,#hash_17cd320de36a83b0
streamkey,#hash_17cd330de36a8563
streamkey,#hash_17cd360de36a8a7c
streamkey,#hash_17cd370de36a8c2f
streamkey,#hash_17cd380de36a8de2
streamkey,#hash_17cd390de36a8f95
streamkey,#hash_1b0ac426402f3a62
streamkey,#hash_1b0ac526402f3c15
streamkey,#hash_1b0ac626402f3dc8
streamkey,#hash_1b0ac726402f3f7b
streamkey,#hash_1b0ac826402f412e
streamkey,#hash_1b0ac926402f42e1
streamkey,#hash_1b0aca26402f4494
streamkey,#hash_1b0acb26402f4647
streamkey,#hash_1b0acc26402f47fa
streamkey,#hash_1b0acd26402f49ad
streamkey,#hash_1b0e312640322970
streamkey,#hash_1b0e322640322b23
streamkey,#hash_1b0e332640322cd6
streamkey,#hash_1b0e342640322e89
streamkey,#hash_1b0e35264032303c
streamkey,#hash_1b0e3626403231ef
streamkey,#hash_1bcf3b98aac82580
streamkey,#hash_1bcf3c98aac82733
streamkey,#hash_1bcf3d98aac828e6
streamkey,#hash_1bcf3e98aac82a99
streamkey,#hash_1bcf3f98aac82c4c
streamkey,#hash_1bcf4098aac82dff
streamkey,#hash_1bcf4198aac82fb2
streamkey,#hash_1bcf4298aac83165
streamkey,#hash_1bcf4398aac83318
streamkey,#hash_1bcf4498aac834cb
streamkey,#hash_1bd2be98aacb39f0
streamkey,#hash_1bd2bf98aacb3ba3
streamkey,#hash_1bd2c098aacb3d56
streamkey,#hash_1bd2c198aacb3f09
streamkey,#hash_1bd2c498aacb4422
streamkey,#hash_1bd2c598aacb45d5
streamkey,#hash_203f043b01b30488
streamkey,#hash_203f053b01b3063b
streamkey,#hash_203f083b01b30b54
streamkey,#hash_203f093b01b30d07
streamkey,#hash_203f0a3b01b30eba
streamkey,#hash_203f0b3b01b3106d
streamkey,#hash_2042853b01b61592
streamkey,#hash_2042863b01b61745
streamkey,#hash_2042873b01b618f8
streamkey,#hash_2042883b01b61aab
streamkey,#hash_2042893b01b61c5e
streamkey,#hash_20428a3b01b61e11
streamkey,#hash_20428b3b01b61fc4
streamkey,#hash_20428c3b01b62177
streamkey,#hash_20428d3b01b6232a
streamkey,#hash_20428e3b01b624dd
streamkey,#hash_22754e9eaa22121c
streamkey,#hash_22754f9eaa2213cf
streamkey,#hash_2275509eaa221582
streamkey,#hash_2275519eaa221735
streamkey,#hash_23d57a1d07c5aa30
streamkey,#hash_23d57b1d07c5abe3
streamkey,#hash_23d57c1d07c5ad96
streamkey,#hash_23d57d1d07c5af49
streamkey,#hash_23d57e1d07c5b0fc
streamkey,#hash_23d57f1d07c5b2af
streamkey,#hash_23d5801d07c5b462
streamkey,#hash_23d5811d07c5b615
streamkey,#hash_23d5821d07c5b7c8
streamkey,#hash_23d5831d07c5b97b
streamkey,#hash_23d8fd1d07c8bea0
streamkey,#hash_23d8fe1d07c8c053
streamkey,#hash_23d8ff1d07c8c206
streamkey,#hash_23d9001d07c8c3b9
streamkey,#hash_23d9011d07c8c56c
streamkey,#hash_23d9021d07c8c71f
streamkey,#hash_23d9031d07c8c8d2
streamkey,#hash_23d9041d07c8ca85
streamkey,#hash_23d9071d07c8cf9e
streamkey,#hash_23d9081d07c8d151
streamkey,#hash_23dc801d07cbd310
streamkey,#hash_23dc811d07cbd4c3
streamkey,#hash_23dc821d07cbd676
streamkey,#hash_23dc831d07cbd829
streamkey,#hash_23dc841d07cbd9dc
streamkey,#hash_23dc851d07cbdb8f
streamkey,#hash_23dc861d07cbdd42
streamkey,#hash_23dc871d07cbdef5
streamkey,#hash_23dc8e1d07cbeada
streamkey,#hash_23dc8f1d07cbec8d
streamkey,#hash_23df831d07ce0e00
streamkey,#hash_23df841d07ce0fb3
streamkey,#hash_23df8b1d07ce1b98
streamkey,#hash_23df8c1d07ce1d4b
streamkey,#hash_23df8d1d07ce1efe
streamkey,#hash_23df8e1d07ce20b1
streamkey,#hash_23df8f1d07ce2264
streamkey,#hash_23df901d07ce2417
streamkey,#hash_23df911d07ce25ca
streamkey,#hash_23df921d07ce277d
streamkey,#hash_23e30a1d07d1293c
streamkey,#hash_23e30b1d07d12aef
streamkey,#hash_23e30e1d07d13008
streamkey,#hash_23e30f1d07d131bb
streamkey,#hash_23e3101d07d1336e
streamkey,#hash_23e3111d07d13521
streamkey,#hash_23e3121d07d136d4
streamkey,#hash_23e3131d07d13887
streamkey,#hash_23e3141d07d13a3a
streamkey,#hash_23e3151d07d13bed
streamkey,#hash_23e68f1d07d44112
streamkey,#hash_23e6901d07d442c5
streamkey,#hash_23e6911d07d44478
streamkey,#hash_23e6921d07d4462b
streamkey,#hash_23e6931d07d447de
streamkey,#hash_23e6941d07d44991
streamkey,#hash_23e6951d07d44b44
streamkey,#hash_23e6961d07d44cf7
streamkey,#hash_23e6971d07d44eaa
streamkey,#hash_23e6981d07d4505d
streamkey,#hash_23e9fc1d07d73020
streamkey,#hash_23e9fd1d07d731d3
streamkey,#hash_23e9fe1d07d73386
streamkey,#hash_23e9ff1d07d73539
streamkey,#hash_23ea001d07d736ec
streamkey,#hash_23ea011d07d7389f
streamkey,#hash_23ea021d07d73a52
streamkey,#hash_23ea031d07d73c05
streamkey,#hash_23ea061d07d7411e
streamkey,#hash_23ea071d07d742d1
streamkey,#hash_23ed7f1d07da4490
streamkey,#hash_23ed801d07da4643
streamkey,#hash_23ed811d07da47f6
streamkey,#hash_23ed821d07da49a9
streamkey,#hash_23ed831d07da4b5c
streamkey,#hash_23ed841d07da4d0f
streamkey,#hash_23ed851d07da4ec2
streamkey,#hash_23ed861d07da5075
streamkey,#hash_23ed8b1d07da58f4
streamkey,#hash_23ed8c1d07da5aa7
streamkey,#hash_23f0821d07dc7f80
streamkey,#hash_23f0831d07dc8133
streamkey,#hash_23f08a1d07dc8d18
streamkey,#hash_23f08b1d07dc8ecb
streamkey,#hash_23f08c1d07dc907e
streamkey,#hash_23f08d1d07dc9231
streamkey,#hash_23f08e1d07dc93e4
streamkey,#hash_23f08f1d07dc9597
streamkey,#hash_23f0901d07dc974a
streamkey,#hash_23f0911d07dc98fd
streamkey,#hash_23f4071d07df9756
streamkey,#hash_23f4081d07df9909
streamkey,#hash_23f40d1d07dfa188
streamkey,#hash_23f40e1d07dfa33b
streamkey,#hash_23f40f1d07dfa4ee
streamkey,#hash_23f4101d07dfa6a1
streamkey,#hash_23f4111d07dfa854
streamkey,#hash_23f4121d07dfaa07
streamkey,#hash_23f4131d07dfabba
streamkey,#hash_23f4141d07dfad6d
streamkey,#hash_2a8fde852b02b8c7
streamkey,#hash_2ce1a31d0d019ae0
streamkey,#hash_2ce1a41d0d019c93
streamkey,#hash_2ce1a51d0d019e46
streamkey,#hash_2ce1a61d0d019ff9
streamkey,#hash_2ce1a71d0d01a1ac
streamkey,#hash_2ce1a81d0d01a35f
streamkey,#hash_2ce1a91d0d01a512
streamkey,#hash_2ce1aa1d0d01a6c5
streamkey,#hash_2ce1ab1d0d01a878
streamkey,#hash_2ce1ac1d0d01aa2b
streamkey,#hash_2ce5261d0d04af50
streamkey,#hash_2ce5271d0d04b103
streamkey,#hash_2ce5281d0d04b2b6
streamkey,#hash_2ce5291d0d04b469
streamkey,#hash_2ce52a1d0d04b61c
streamkey,#hash_2ce52b1d0d04b7cf
streamkey,#hash_2ce52c1d0d04b982
streamkey,#hash_2ce52d1d0d04bb35
streamkey,#hash_2ce5301d0d04c04e
streamkey,#hash_2ce5311d0d04c201
streamkey,#hash_2ce8291d0d06ea40
streamkey,#hash_2ce82a1d0d06ebf3
streamkey,#hash_2ce82b1d0d06eda6
streamkey,#hash_2ce82c1d0d06ef59
streamkey,#hash_2ce82d1d0d06f10c
streamkey,#hash_2ce82e1d0d06f2bf
streamkey,#hash_2ce82f1d0d06f472
streamkey,#hash_2ce8301d0d06f625
streamkey,#hash_2ce8371d0d07020a
streamkey,#hash_2ce8381d0d0703bd
streamkey,#hash_2cebac1d0d09feb0
streamkey,#hash_2cebad1d0d0a0063
streamkey,#hash_2cebb41d0d0a0c48
streamkey,#hash_2cebb51d0d0a0dfb
streamkey,#hash_2cebb61d0d0a0fae
streamkey,#hash_2cebb71d0d0a1161
streamkey,#hash_2cebb81d0d0a1314
streamkey,#hash_2cebb91d0d0a14c7
streamkey,#hash_2cebba1d0d0a167a
streamkey,#hash_2cebbb1d0d0a182d
streamkey,#hash_2cef331d0d0d19ec
streamkey,#hash_2cef341d0d0d1b9f
streamkey,#hash_2cef371d0d0d20b8
streamkey,#hash_2cef381d0d0d226b
streamkey,#hash_2cef391d0d0d241e
streamkey,#hash_2cef3a1d0d0d25d1
streamkey,#hash_2cef3b1d0d0d2784
streamkey,#hash_2cef3c1d0d0d2937
streamkey,#hash_2cef3d1d0d0d2aea
streamkey,#hash_2cef3e1d0d0d2c9d
streamkey,#hash_2cf2b81d0d1031c2
streamkey,#hash_2cf2b91d0d103375
streamkey,#hash_2cf2ba1d0d103528
streamkey,#hash_2cf2bb1d0d1036db
streamkey,#hash_2cf2bc1d0d10388e
streamkey,#hash_2cf2bd1d0d103a41
streamkey,#hash_2cf2be1d0d103bf4
streamkey,#hash_2cf2bf1d0d103da7
streamkey,#hash_2cf2c01d0d103f5a
streamkey,#hash_2cf2c11d0d10410d
streamkey,#hash_2cf6251d0d1320d0
streamkey,#hash_2cf6261d0d132283
streamkey,#hash_2cf6271d0d132436
streamkey,#hash_2cf6281d0d1325e9
streamkey,#hash_2cf6291d0d13279c
streamkey,#hash_2cf62a1d0d13294f
streamkey,#hash_2cf62b1d0d132b02
streamkey,#hash_2cf62c1d0d132cb5
streamkey,#hash_2cf62f1d0d1331ce
streamkey,#hash_2cf6301d0d133381
streamkey,#hash_2cf9281d0d155bc0
streamkey,#hash_2cf9291d0d155d73
streamkey,#hash_2cf92a1d0d155f26
streamkey,#hash_2cf92b1d0d1560d9
streamkey,#hash_2cf92c1d0d15628c
streamkey,#hash_2cf92d1d0d15643f
streamkey,#hash_2cf92e1d0d1565f2
streamkey,#hash_2cf92f1d0d1567a5
streamkey,#hash_2cf9341d0d157024
streamkey,#hash_2cf9351d0d1571d7
streamkey,#hash_2d03b71d0d1ea342
streamkey,#hash_2d03b81d0d1ea4f5
streamkey,#hash_2d03b91d0d1ea6a8
streamkey,#hash_2d03ba1d0d1ea85b
streamkey,#hash_2d03bb1d0d1eaa0e
streamkey,#hash_2d03bc1d0d1eabc1
streamkey,#hash_2d03bd1d0d1ead74
streamkey,#hash_2d03be1d0d1eaf27
streamkey,#hash_2d03bf1d0d1eb0da
streamkey,#hash_2d03c01d0d1eb28d
streamkey,#hash_2d07241d0d219250
streamkey,#hash_2d07251d0d219403
streamkey,#hash_2d07261d0d2195b6
streamkey,#hash_2d07271d0d219769
streamkey,#hash_2d07281d0d21991c
streamkey,#hash_2d07291d0d219acf
streamkey,#hash_2d072a1d0d219c82
streamkey,#hash_2d072b1d0d219e35
streamkey,#hash_2d072c1d0d219fe8
streamkey,#hash_2d072d1d0d21a19b
streamkey,#hash_2ef253192119b538
streamkey,#hash_2ef254192119b6eb
streamkey,#hash_2ef255192119b89e
streamkey,#hash_2ef256192119ba51
streamkey,#hash_2fa1f46632ac3b60
streamkey,#hash_2fa1f56632ac3d13
streamkey,#hash_2fa1f66632ac3ec6
streamkey,#hash_2fa1f76632ac4079
streamkey,#hash_2fa1f86632ac422c
streamkey,#hash_2fa1f96632ac43df
streamkey,#hash_2fa1fa6632ac4592
streamkey,#hash_2fa1fb6632ac4745
streamkey,#hash_2fa1fc6632ac48f8
streamkey,#hash_2fa1fd6632ac4aab
streamkey,#hash_2fa5776632af4fd0
streamkey,#hash_2fa5786632af5183
streamkey,#hash_2fa5796632af5336
streamkey,#hash_2fa57a6632af54e9
streamkey,#hash_2fa57b6632af569c
streamkey,#hash_2fa57c6632af584f
streamkey,#hash_2fa57d6632af5a02
streamkey,#hash_2fa57e6632af5bb5
streamkey,#hash_2fa5816632af60ce
streamkey,#hash_2fa5826632af6281
streamkey,#hash_2fa87a6632b18ac0
streamkey,#hash_2fa87b6632b18c73
streamkey,#hash_2fa87c6632b18e26
streamkey,#hash_2fa87d6632b18fd9
streamkey,#hash_2fa87e6632b1918c
streamkey,#hash_2fa87f6632b1933f
streamkey,#hash_2fa8806632b194f2
streamkey,#hash_2fa8816632b196a5
streamkey,#hash_2fa8886632b1a28a
streamkey,#hash_2fa8896632b1a43d
streamkey,#hash_2fabfd6632b49f30
streamkey,#hash_2fabfe6632b4a0e3
streamkey,#hash_2fac056632b4acc8
streamkey,#hash_2fac066632b4ae7b
streamkey,#hash_2fac076632b4b02e
streamkey,#hash_2fac086632b4b1e1
streamkey,#hash_2fac096632b4b394
streamkey,#hash_2fac0a6632b4b547
streamkey,#hash_2fac0b6632b4b6fa
streamkey,#hash_2fac0c6632b4b8ad
streamkey,#hash_2fb30f6632badc74
streamkey,#hash_2fb3106632bade27
streamkey,#hash_2fb3116632badfda
streamkey,#hash_2fb3126632bae18d
streamkey,#hash_2fb6766632bdc150
streamkey,#hash_2fb6776632bdc303
streamkey,#hash_2fb6786632bdc4b6
streamkey,#hash_2fb6796632bdc669
streamkey,#hash_2fb67a6632bdc81c
streamkey,#hash_2fb67b6632bdc9cf
streamkey,#hash_2fb67c6632bdcb82
streamkey,#hash_2fb67d6632bdcd35
streamkey,#hash_2fb6806632bdd24e
streamkey,#hash_2fb6816632bdd401
streamkey,#hash_2fb9796632bffc40
streamkey,#hash_2fb97a6632bffdf3
streamkey,#hash_2fb97b6632bfffa6
streamkey,#hash_2fb97c6632c00159
streamkey,#hash_2fb97d6632c0030c
streamkey,#hash_2fb97e6632c004bf
streamkey,#hash_2fb97f6632c00672
streamkey,#hash_2fb9806632c00825
streamkey,#hash_2fb9856632c010a4
streamkey,#hash_2fb9866632c01257
streamkey,#hash_30692b4775003554
streamkey,#hash_30692c4775003707
streamkey,#hash_30692d47750038ba
streamkey,#hash_30692e4775003a6d
streamkey,#hash_360a4d850eeed1b7
streamkey,#hash_3704a004dfe6e4e0
streamkey,#hash_3704a104dfe6e693
streamkey,#hash_3704a204dfe6e846
streamkey,#hash_3704a304dfe6e9f9
streamkey,#hash_3b52a362865e6480
streamkey,#hash_3d61fd1d161ebd10
streamkey,#hash_3d61fe1d161ebec3
streamkey,#hash_3d62051d161ecaa8
streamkey,#hash_3d62061d161ecc5b
streamkey,#hash_3d62071d161ece0e
streamkey,#hash_3d62081d161ecfc1
streamkey,#hash_3d62091d161ed174
streamkey,#hash_3d620a1d161ed327
streamkey,#hash_3d620b1d161ed4da
streamkey,#hash_3d620c1d161ed68d
streamkey,#hash_3d65021d1620fb66
streamkey,#hash_3d65031d1620fd19
streamkey,#hash_3d65081d16210598
streamkey,#hash_3d65091d1621074b
streamkey,#hash_3d650a1d162108fe
streamkey,#hash_3d650b1d16210ab1
streamkey,#hash_3d650c1d16210c64
streamkey,#hash_3d650d1d16210e17
streamkey,#hash_3d650e1d16210fca
streamkey,#hash_3d650f1d1621117d
streamkey,#hash_3d68891d162416a2
streamkey,#hash_3d688a1d16241855
streamkey,#hash_3d688b1d16241a08
streamkey,#hash_3d688c1d16241bbb
streamkey,#hash_3d688d1d16241d6e
streamkey,#hash_3d688e1d16241f21
streamkey,#hash_3d688f1d162420d4
streamkey,#hash_3d68901d16242287
streamkey,#hash_3d68911d1624243a
streamkey,#hash_3d68921d162425ed
streamkey,#hash_3d6bf61d162705b0
streamkey,#hash_3d6bf71d16270763
streamkey,#hash_3d6bf81d16270916
streamkey,#hash_3d6bf91d16270ac9
streamkey,#hash_3d6bfa1d16270c7c
streamkey,#hash_3d6bfb1d16270e2f
streamkey,#hash_3d6bfc1d16270fe2
streamkey,#hash_3d6bfd1d16271195
streamkey,#hash_3d6bfe1d16271348
streamkey,#hash_3d6bff1d162714fb
streamkey,#hash_3d6f791d162a1a20
streamkey,#hash_3d6f7d1d162a20ec
streamkey,#hash_3d6f7e1d162a229f
streamkey,#hash_3d6f7f1d162a2452
streamkey,#hash_3d6f801d162a2605
streamkey,#hash_3d72fc1d162d2e90
streamkey,#hash_3d72fd1d162d3043
streamkey,#hash_3d72fe1d162d31f6
streamkey,#hash_3d72ff1d162d33a9
streamkey,#hash_3d73001d162d355c
streamkey,#hash_3d73011d162d370f
streamkey,#hash_3d73021d162d38c2
streamkey,#hash_3d73031d162d3a75
streamkey,#hash_3d730a1d162d465a
streamkey,#hash_3d730b1d162d480d
streamkey,#hash_3d9fe54de12e4a4c
streamkey,#hash_3d9fe64de12e4bff
streamkey,#hash_3d9fe74de12e4db2
streamkey,#hash_3d9fe84de12e4f65
streamkey,#hash_429c0ced4b3902d0
streamkey,#hash_429c0ded4b390483
streamkey,#hash_429c14ed4b391068
streamkey,#hash_429c15ed4b39121b
streamkey,#hash_429c16ed4b3913ce
streamkey,#hash_429c17ed4b391581
streamkey,#hash_429c18ed4b391734
streamkey,#hash_429c19ed4b3918e7
streamkey,#hash_429c1aed4b391a9a
streamkey,#hash_429c1bed4b391c4d
streamkey,#hash_429f11ed4b3b4126
streamkey,#hash_429f12ed4b3b42d9
streamkey,#hash_429f17ed4b3b4b58
streamkey,#hash_429f18ed4b3b4d0b
streamkey,#hash_429f19ed4b3b4ebe
streamkey,#hash_429f1aed4b3b5071
streamkey,#hash_429f1bed4b3b5224
streamkey,#hash_429f1ced4b3b53d7
streamkey,#hash_429f1ded4b3b558a
streamkey,#hash_429f1eed4b3b573d
streamkey,#hash_42a605ed4b414b70
streamkey,#hash_42a606ed4b414d23
streamkey,#hash_42a607ed4b414ed6
streamkey,#hash_42a608ed4b415089
streamkey,#hash_42a988ed4b445fe0
streamkey,#hash_42a989ed4b446193
streamkey,#hash_42a98aed4b446346
streamkey,#hash_42a98bed4b4464f9
streamkey,#hash_42a98ced4b4466ac
streamkey,#hash_42a98ded4b44685f
streamkey,#hash_42a98eed4b446a12
streamkey,#hash_42a98fed4b446bc5
streamkey,#hash_42a994ed4b447444
streamkey,#hash_42a995ed4b4475f7
streamkey,#hash_42ad0bed4b477450
streamkey,#hash_42ad0ced4b477603
streamkey,#hash_42ad0ded4b4777b6
streamkey,#hash_42ad0eed4b477969
streamkey,#hash_42ad0fed4b477b1c
streamkey,#hash_42ad10ed4b477ccf
streamkey,#hash_42ad11ed4b477e82
streamkey,#hash_42ad12ed4b478035
streamkey,#hash_42ad19ed4b478c1a
streamkey,#hash_42ad1aed4b478dcd
streamkey,#hash_42b010ed4b49b2a6
streamkey,#hash_42b011ed4b49b459
streamkey,#hash_42b016ed4b49bcd8
streamkey,#hash_42b017ed4b49be8b
streamkey,#hash_42b018ed4b49c03e
streamkey,#hash_42b019ed4b49c1f1
streamkey,#hash_42b01aed4b49c3a4
streamkey,#hash_42b01bed4b49c557
streamkey,#hash_42b01ced4b49c70a
streamkey,#hash_42b01ded4b49c8bd
streamkey,#hash_42b395ed4b4cca7c
streamkey,#hash_42b396ed4b4ccc2f
streamkey,#hash_42b399ed4b4cd148
streamkey,#hash_42b39aed4b4cd2fb
streamkey,#hash_42b39bed4b4cd4ae
streamkey,#hash_42b39ced4b4cd661
streamkey,#hash_42b39ded4b4cd814
streamkey,#hash_42b39eed4b4cd9c7
streamkey,#hash_42b39fed4b4cdb7a
streamkey,#hash_42b3a0ed4b4cdd2d
streamkey,#hash_42f7aeb94502ce40
streamkey,#hash_42f7afb94502cff3
streamkey,#hash_42f7b2b94502d50c
streamkey,#hash_42f7b3b94502d6bf
streamkey,#hash_42f7b4b94502d872
streamkey,#hash_42f7b5b94502da25
streamkey,#hash_42fb31b94505e2b0
streamkey,#hash_42fb32b94505e463
streamkey,#hash_42fb33b94505e616
streamkey,#hash_42fb34b94505e7c9
streamkey,#hash_42fb35b94505e97c
streamkey,#hash_42fb36b94505eb2f
streamkey,#hash_42fb37b94505ece2
streamkey,#hash_42fb38b94505ee95
streamkey,#hash_42fb3fb94505fa7a
streamkey,#hash_42fb40b94505fc2d
streamkey,#hash_4ba01d9fbdc2aa60
streamkey,#hash_4ba01e9fbdc2ac13
streamkey,#hash_4ba0259fbdc2b7f8
streamkey,#hash_4ba0269fbdc2b9ab
streamkey,#hash_4ba0279fbdc2bb5e
streamkey,#hash_4ba0289fbdc2bd11
streamkey,#hash_4ba0299fbdc2bec4
streamkey,#hash_4ba02a9fbdc2c077
streamkey,#hash_4ba02b9fbdc2c22a
streamkey,#hash_4ba02c9fbdc2c3dd
streamkey,#hash_4ba3a89fbdc5cc68
streamkey,#hash_4ba3a99fbdc5ce1b
streamkey,#hash_4ba3aa9fbdc5cfce
streamkey,#hash_4ba3ab9fbdc5d181
streamkey,#hash_4ba3ae9fbdc5d69a
streamkey,#hash_4ba3af9fbdc5d84d
streamkey,#hash_52d4a4912fc0e0bb
streamkey,#hash_52dba1912fc6fa50
streamkey,#hash_52dba3912fc6fdb6
streamkey,#hash_52dba4912fc6ff69
streamkey,#hash_52dba5912fc7011c
streamkey,#hash_52dba7912fc70482
streamkey,#hash_52dbaf912fc7121a
streamkey,#hash_52dbb0912fc713cd
streamkey,#hash_52dea4912fc93540
streamkey,#hash_52dea5912fc936f3
streamkey,#hash_52deac912fc942d8
streamkey,#hash_52dead912fc9448b
streamkey,#hash_52deae912fc9463e
streamkey,#hash_52deaf912fc947f1
streamkey,#hash_52deb1912fc94b57
streamkey,#hash_52deb3912fc94ebd
streamkey,#hash_52e22b912fcc507c
streamkey,#hash_52e22f912fcc5748
streamkey,#hash_52e232912fcc5c61
streamkey,#hash_52e233912fcc5e14
streamkey,#hash_52e235912fcc617a
streamkey,#hash_52e236912fcc632d
streamkey,#hash_52e5b1912fcf6a05
streamkey,#hash_52e5b3912fcf6d6b
streamkey,#hash_52e5b4912fcf6f1e
streamkey,#hash_52e5b5912fcf70d1
streamkey,#hash_52e5b7912fcf7437
streamkey,#hash_52e5b9912fcf779d
streamkey,#hash_52e91d912fd25760
streamkey,#hash_52e91e912fd25913
streamkey,#hash_52e920912fd25c79
streamkey,#hash_52e923912fd26192
streamkey,#hash_52e928912fd26a11
streamkey,#hash_52eca0912fd56bd0
streamkey,#hash_52eca3912fd570e9
streamkey,#hash_52ecac912fd58034
streamkey,#hash_52efa4912fd7a873
streamkey,#hash_52f329912fdac049
streamkey,#hash_52f32e912fdac8c8
streamkey,#hash_52f32f912fdaca7b
streamkey,#hash_52f330912fdacc2e
streamkey,#hash_52f331912fdacde1
streamkey,#hash_52f332912fdacf94
streamkey,#hash_52f334912fdad2fa
streamkey,#hash_52f335912fdad4ad
streamkey,#hash_5333a4913011753f
streamkey,#hash_54279a960ec61f70
streamkey,#hash_54279b960ec62123
streamkey,#hash_5427a2960ec62d08
streamkey,#hash_5427a3960ec62ebb
streamkey,#hash_5427a4960ec6306e
streamkey,#hash_5427a5960ec63221
streamkey,#hash_5427a6960ec633d4
streamkey,#hash_5427a7960ec63587
streamkey,#hash_5427a8960ec6373a
streamkey,#hash_5427a9960ec638ed
streamkey,#hash_542b1f960ec93746
streamkey,#hash_542b20960ec938f9
streamkey,#hash_542b25960ec94178
streamkey,#hash_542b26960ec9432b
streamkey,#hash_542b27960ec944de
streamkey,#hash_542b28960ec94691
streamkey,#hash_542b29960ec94844
streamkey,#hash_542b2a960ec949f7
streamkey,#hash_542b2b960ec94baa
streamkey,#hash_542b2c960ec94d5d
streamkey,#hash_542ea6960ecc5282
streamkey,#hash_542ea7960ecc5435
streamkey,#hash_542ea8960ecc55e8
streamkey,#hash_542ea9960ecc579b
streamkey,#hash_542eaa960ecc594e
streamkey,#hash_542eab960ecc5b01
streamkey,#hash_542eac960ecc5cb4
streamkey,#hash_542ead960ecc5e67
streamkey,#hash_542eae960ecc601a
streamkey,#hash_542eaf960ecc61cd
streamkey,#hash_543213960ecf4190
streamkey,#hash_543214960ecf4343
streamkey,#hash_543215960ecf44f6
streamkey,#hash_543216960ecf46a9
streamkey,#hash_543217960ecf485c
streamkey,#hash_543218960ecf4a0f
streamkey,#hash_543219960ecf4bc2
streamkey,#hash_54321a960ecf4d75
streamkey,#hash_54321b960ecf4f28
streamkey,#hash_54321c960ecf50db
streamkey,#hash_543c24960ed7b2f8
streamkey,#hash_543c25960ed7b4ab
streamkey,#hash_543c26960ed7b65e
streamkey,#hash_543c27960ed7b811
streamkey,#hash_543c2a960ed7bd2a
streamkey,#hash_543c2b960ed7bedd
streamkey,#hash_543fa3960edac09c
streamkey,#hash_543fa4960edac24f
streamkey,#hash_543fa7960edac768
streamkey,#hash_543fa8960edac91b
streamkey,#hash_543fa9960edacace
streamkey,#hash_543faa960edacc81
streamkey,#hash_543fab960edace34
streamkey,#hash_543fac960edacfe7
streamkey,#hash_543fad960edad19a
streamkey,#hash_543fae960edad34d
streamkey,#hash_5545165d1823c5b0
streamkey,#hash_5545175d1823c763
streamkey,#hash_5545185d1823c916
streamkey,#hash_5545195d1823cac9
streamkey,#hash_576973a4eba7f323
streamkey,#hash_5b79bd96128a52c0
streamkey,#hash_5b79be96128a5473
streamkey,#hash_5b79bf96128a5626
streamkey,#hash_5b79c096128a57d9
streamkey,#hash_5b79c196128a598c
streamkey,#hash_5b79c296128a5b3f
streamkey,#hash_5b79c396128a5cf2
streamkey,#hash_5b79c496128a5ea5
streamkey,#hash_5b79c796128a63be
streamkey,#hash_5b79c896128a6571
streamkey,#hash_5b7d4096128d6730
streamkey,#hash_5b7d4196128d68e3
streamkey,#hash_5b7d4296128d6a96
streamkey,#hash_5b7d4396128d6c49
streamkey,#hash_5b7d4496128d6dfc
streamkey,#hash_5b7d4596128d6faf
streamkey,#hash_5b7d4696128d7162
streamkey,#hash_5b7d4796128d7315
streamkey,#hash_5b7d4c96128d7b94
streamkey,#hash_5b7d4d96128d7d47
streamkey,#hash_5b80c39612907ba0
streamkey,#hash_5b80c49612907d53
streamkey,#hash_5b80cb9612908938
streamkey,#hash_5b80cc9612908aeb
streamkey,#hash_5b80cd9612908c9e
streamkey,#hash_5b80ce9612908e51
streamkey,#hash_5b80cf9612909004
streamkey,#hash_5b80d096129091b7
streamkey,#hash_5b80d1961290936a
streamkey,#hash_5b80d2961290951d
streamkey,#hash_5b84489612939376
streamkey,#hash_5b84499612939529
streamkey,#hash_5b844e9612939da8
streamkey,#hash_5b844f9612939f5b
streamkey,#hash_5b8450961293a10e
streamkey,#hash_5b8451961293a2c1
streamkey,#hash_5b8452961293a474
streamkey,#hash_5b8453961293a627
streamkey,#hash_5b8454961293a7da
streamkey,#hash_5b8455961293a98d
streamkey,#hash_5b874f961295d532
streamkey,#hash_5b8750961295d6e5
streamkey,#hash_5b8751961295d898
streamkey,#hash_5b8752961295da4b
streamkey,#hash_5b8753961295dbfe
streamkey,#hash_5b8754961295ddb1
streamkey,#hash_5b8755961295df64
streamkey,#hash_5b8756961295e117
streamkey,#hash_5b8757961295e2ca
streamkey,#hash_5b8758961295e47d
streamkey,#hash_5b8abc961298c440
streamkey,#hash_5b8abd961298c5f3
streamkey,#hash_5b8abe961298c7a6
streamkey,#hash_5b8abf961298c959
streamkey,#hash_5b8ac0961298cb0c
streamkey,#hash_5b8ac1961298ccbf
streamkey,#hash_5b8ac2961298ce72
streamkey,#hash_5b8ac3961298d025
streamkey,#hash_5b8ac4961298d1d8
streamkey,#hash_5b8ac5961298d38b
streamkey,#hash_5b8e3f96129bd8b0
streamkey,#hash_5b8e4096129bda63
streamkey,#hash_5b8e4196129bdc16
streamkey,#hash_5b8e4296129bddc9
streamkey,#hash_5b8e4396129bdf7c
streamkey,#hash_5b8e4496129be12f
streamkey,#hash_5b8e4596129be2e2
streamkey,#hash_5b8e4696129be495
streamkey,#hash_5b8e4b96129bed14
streamkey,#hash_5b8e4c96129beec7
streamkey,#hash_5b91c296129eed20
streamkey,#hash_5b91c396129eeed3
streamkey,#hash_5b91c496129ef086
streamkey,#hash_5b91c596129ef239
streamkey,#hash_5b91c696129ef3ec
streamkey,#hash_5b91c796129ef59f
streamkey,#hash_5b91c896129ef752
streamkey,#hash_5b91c996129ef905
streamkey,#hash_5b91d096129f04ea
streamkey,#hash_5b91d196129f069d
streamkey,#hash_5b95479612a204f6
streamkey,#hash_5b95489612a206a9
streamkey,#hash_5b954d9612a20f28
streamkey,#hash_5b954e9612a210db
streamkey,#hash_5b954f9612a2128e
streamkey,#hash_5b95509612a21441
streamkey,#hash_5b95519612a215f4
streamkey,#hash_5b95529612a217a7
streamkey,#hash_5b95539612a2195a
streamkey,#hash_5b95549612a21b0d
streamkey,#hash_5b984c9612a4434c
streamkey,#hash_5b984d9612a444ff
streamkey,#hash_5b98509612a44a18
streamkey,#hash_5b98519612a44bcb
streamkey,#hash_5b98529612a44d7e
streamkey,#hash_5b98539612a44f31
streamkey,#hash_5b98549612a450e4
streamkey,#hash_5b98559612a45297
streamkey,#hash_5b98569612a4544a
streamkey,#hash_5b98579612a455fd
streamkey,#hash_5c536ddb8c0a0fd0
streamkey,#hash_5c536edb8c0a1183
streamkey,#hash_5c536fdb8c0a1336
streamkey,#hash_5c5370db8c0a14e9
streamkey,#hash_5c5373db8c0a1a02
streamkey,#hash_5c5374db8c0a1bb5
streamkey,#hash_5c5670db8c0c4ac0
streamkey,#hash_5c5671db8c0c4c73
streamkey,#hash_5c5672db8c0c4e26
streamkey,#hash_5c5673db8c0c4fd9
streamkey,#hash_5c5674db8c0c518c
streamkey,#hash_5c5675db8c0c533f
streamkey,#hash_5c5676db8c0c54f2
streamkey,#hash_5c5677db8c0c56a5
streamkey,#hash_5c567cdb8c0c5f24
streamkey,#hash_5c567ddb8c0c60d7
streamkey,#hash_6016ebb1e0a3d370
streamkey,#hash_6016ecb1e0a3d523
streamkey,#hash_6016edb1e0a3d6d6
streamkey,#hash_6016eeb1e0a3d889
streamkey,#hash_61e4753c9c34837d
streamkey,#hash_643b649617872e10
streamkey,#hash_643b659617872fc3
streamkey,#hash_643b669617873176
streamkey,#hash_643b679617873329
streamkey,#hash_643b6896178734dc
streamkey,#hash_643b69961787368f
streamkey,#hash_643b6a9617873842
streamkey,#hash_643b6b96178739f5
streamkey,#hash_643b6c9617873ba8
streamkey,#hash_643b6d9617873d5b
streamkey,#hash_643e679617896900
streamkey,#hash_643e689617896ab3
streamkey,#hash_643e699617896c66
streamkey,#hash_643e6a9617896e19
streamkey,#hash_643e6b9617896fcc
streamkey,#hash_643e6c961789717f
streamkey,#hash_643e6d9617897332
streamkey,#hash_643e6e96178974e5
streamkey,#hash_643e7196178979fe
streamkey,#hash_643e729617897bb1
streamkey,#hash_6441ea96178c7d70
streamkey,#hash_6441eb96178c7f23
streamkey,#hash_6441ec96178c80d6
streamkey,#hash_6441ed96178c8289
streamkey,#hash_6441ee96178c843c
streamkey,#hash_6441ef96178c85ef
streamkey,#hash_6441f096178c87a2
streamkey,#hash_6441f196178c8955
streamkey,#hash_6441f896178c953a
streamkey,#hash_6441f996178c96ed
streamkey,#hash_64456d96178f91e0
streamkey,#hash_64456e96178f9393
streamkey,#hash_64457596178f9f78
streamkey,#hash_64457696178fa12b
streamkey,#hash_64457796178fa2de
streamkey,#hash_64457896178fa491
streamkey,#hash_64457996178fa644
streamkey,#hash_64457a96178fa7f7
streamkey,#hash_64457b96178fa9aa
streamkey,#hash_64457c96178fab5d
streamkey,#hash_6448f4961792ad1c
streamkey,#hash_6448f5961792aecf
streamkey,#hash_6448f8961792b3e8
streamkey,#hash_6448f9961792b59b
streamkey,#hash_6448fa961792b74e
streamkey,#hash_6448fb961792b901
streamkey,#hash_6448fc961792bab4
streamkey,#hash_6448fd961792bc67
streamkey,#hash_6448fe961792be1a
streamkey,#hash_6448ff961792bfcd
streamkey,#hash_644bf9961794eb72
streamkey,#hash_644bfa961794ed25
streamkey,#hash_644bfb961794eed8
streamkey,#hash_644bfc961794f08b
streamkey,#hash_644bfd961794f23e
streamkey,#hash_644bfe961794f3f1
streamkey,#hash_644bff961794f5a4
streamkey,#hash_644c00961794f757
streamkey,#hash_644c01961794f90a
streamkey,#hash_644c02961794fabd
streamkey,#hash_644f66961797da80
streamkey,#hash_644f67961797dc33
streamkey,#hash_644f68961797dde6
streamkey,#hash_644f69961797df99
streamkey,#hash_644f6a961797e14c
streamkey,#hash_644f6b961797e2ff
streamkey,#hash_644f6c961797e4b2
streamkey,#hash_644f6d961797e665
streamkey,#hash_644f70961797eb7e
streamkey,#hash_644f71961797ed31
streamkey,#hash_6452e996179aeef0
streamkey,#hash_6452ea96179af0a3
streamkey,#hash_6452eb96179af256
streamkey,#hash_6452ec96179af409
streamkey,#hash_6452ed96179af5bc
streamkey,#hash_6452ee96179af76f
streamkey,#hash_6452ef96179af922
streamkey,#hash_6452f096179afad5
streamkey,#hash_6452f596179b0354
streamkey,#hash_6452f696179b0507
streamkey,#hash_64566c96179e0360
streamkey,#hash_64566d96179e0513
streamkey,#hash_64567496179e10f8
streamkey,#hash_64567596179e12ab
streamkey,#hash_64567696179e145e
streamkey,#hash_64567796179e1611
streamkey,#hash_64567896179e17c4
streamkey,#hash_64567996179e1977
streamkey,#hash_64567a96179e1b2a
streamkey,#hash_64567b96179e1cdd
streamkey,#hash_6459f19617a11b36
streamkey,#hash_6459f29617a11ce9
streamkey,#hash_6459f79617a12568
streamkey,#hash_6459f89617a1271b
streamkey,#hash_6459f99617a128ce
streamkey,#hash_6459fa9617a12a81
streamkey,#hash_6459fb9617a12c34
streamkey,#hash_6459fc9617a12de7
streamkey,#hash_6459fd9617a12f9a
streamkey,#hash_6459fe9617a1314d
streamkey,#hash_68941eff5768064e
streamkey,#hash_68941fff57680801
streamkey,#hash_689420ff576809b4
streamkey,#hash_689421ff57680b67
streamkey,#hash_689422ff57680d1a
streamkey,#hash_689423ff57680ecd
streamkey,#hash_689787ff576aee90
streamkey,#hash_689788ff576af043
streamkey,#hash_689789ff576af1f6
streamkey,#hash_68978aff576af3a9
streamkey,#hash_68978bff576af55c
streamkey,#hash_68978cff576af70f
streamkey,#hash_68978dff576af8c2
streamkey,#hash_68978eff576afa75
streamkey,#hash_68978fff576afc28
streamkey,#hash_689790ff576afddb
streamkey,#hash_6af147a194afae40
streamkey,#hash_6af148a194afaff3
streamkey,#hash_6af14fa194afbbd8
streamkey,#hash_6af150a194afbd8b
streamkey,#hash_6af151a194afbf3e
streamkey,#hash_6af152a194afc0f1
streamkey,#hash_6af153a194afc2a4
streamkey,#hash_6af154a194afc457
streamkey,#hash_6af155a194afc60a
streamkey,#hash_6af156a194afc7bd
streamkey,#hash_6af4cca194b2c616
streamkey,#hash_6af4cda194b2c7c9
streamkey,#hash_6af4d2a194b2d048
streamkey,#hash_6af4d3a194b2d1fb
streamkey,#hash_6af4d4a194b2d3ae
streamkey,#hash_6af4d5a194b2d561
streamkey,#hash_6af4d6a194b2d714
streamkey,#hash_6af4d7a194b2d8c7
streamkey,#hash_6af4d8a194b2da7a
streamkey,#hash_6af4d9a194b2dc2d
streamkey,#hash_6af853a194b5e152
streamkey,#hash_6af854a194b5e305
streamkey,#hash_6af855a194b5e4b8
streamkey,#hash_6af856a194b5e66b
streamkey,#hash_6af857a194b5e81e
streamkey,#hash_6af858a194b5e9d1
streamkey,#hash_6af859a194b5eb84
streamkey,#hash_6af85aa194b5ed37
streamkey,#hash_6af85ba194b5eeea
streamkey,#hash_6af85ca194b5f09d
streamkey,#hash_6afbc0a194b8d060
streamkey,#hash_6afbc1a194b8d213
streamkey,#hash_6afbc2a194b8d3c6
streamkey,#hash_6afbc3a194b8d579
streamkey,#hash_6afbc4a194b8d72c
streamkey,#hash_6afbc5a194b8d8df
streamkey,#hash_6afbc6a194b8da92
streamkey,#hash_6afbc7a194b8dc45
streamkey,#hash_6afbc8a194b8ddf8
streamkey,#hash_6afbc9a194b8dfab
streamkey,#hash_6aff43a194bbe4d0
streamkey,#hash_6aff44a194bbe683
streamkey,#hash_6aff45a194bbe836
streamkey,#hash_6aff46a194bbe9e9
streamkey,#hash_6aff47a194bbeb9c
streamkey,#hash_6aff48a194bbed4f
streamkey,#hash_6aff49a194bbef02
streamkey,#hash_6aff4aa194bbf0b5
streamkey,#hash_6aff4fa194bbf934
streamkey,#hash_6aff50a194bbfae7
streamkey,#hash_6b0246a194be1fc0
streamkey,#hash_6b0247a194be2173
streamkey,#hash_6b0248a194be2326
streamkey,#hash_6b0249a194be24d9
streamkey,#hash_6b024aa194be268c
streamkey,#hash_6b024ba194be283f
streamkey,#hash_6b024ca194be29f2
streamkey,#hash_6b024da194be2ba5
streamkey,#hash_6b0254a194be378a
streamkey,#hash_6b0255a194be393d
streamkey,#hash_6b05d1a194c141c8
streamkey,#hash_6b05d2a194c1437b
streamkey,#hash_6b05d3a194c1452e
streamkey,#hash_6b05d4a194c146e1
streamkey,#hash_6bfc2f1b98c43920
streamkey,#hash_6bfc301b98c43ad3
streamkey,#hash_6bfc371b98c446b8
streamkey,#hash_6bfc381b98c4486b
streamkey,#hash_6bfc391b98c44a1e
streamkey,#hash_6bfc3a1b98c44bd1
streamkey,#hash_6bfc3b1b98c44d84
streamkey,#hash_6bfc3c1b98c44f37
streamkey,#hash_6bfc3d1b98c450ea
streamkey,#hash_6bfc3e1b98c4529d
streamkey,#hash_6bffba1b98c75b28
streamkey,#hash_6bffbb1b98c75cdb
streamkey,#hash_6bffbc1b98c75e8e
streamkey,#hash_6bffbd1b98c76041
streamkey,#hash_6bffc01b98c7655a
streamkey,#hash_6bffc11b98c7670d
streamkey,#hash_6c09ab1b98cf9630
streamkey,#hash_6c09ac1b98cf97e3
streamkey,#hash_6c09ad1b98cf9996
streamkey,#hash_6c09ae1b98cf9b49
streamkey,#hash_6c09af1b98cf9cfc
streamkey,#hash_6c09b01b98cf9eaf
streamkey,#hash_6c09b11b98cfa062
streamkey,#hash_6c09b21b98cfa215
streamkey,#hash_6c09b71b98cfaa94
streamkey,#hash_6c09b81b98cfac47
streamkey,#hash_6c0d2e1b98d2aaa0
streamkey,#hash_6c0d2f1b98d2ac53
streamkey,#hash_6c0d301b98d2ae06
streamkey,#hash_6c0d311b98d2afb9
streamkey,#hash_6c0d321b98d2b16c
streamkey,#hash_6c0d331b98d2b31f
streamkey,#hash_6c0d341b98d2b4d2
streamkey,#hash_6c0d351b98d2b685
streamkey,#hash_6c0d3c1b98d2c26a
streamkey,#hash_6c0d3d1b98d2c41d
streamkey,#hash_6c10b31b98d5c276
streamkey,#hash_6c10b41b98d5c429
streamkey,#hash_6c10b91b98d5cca8
streamkey,#hash_6c10ba1b98d5ce5b
streamkey,#hash_6c10bb1b98d5d00e
streamkey,#hash_6c10bc1b98d5d1c1
streamkey,#hash_6c10bd1b98d5d374
streamkey,#hash_6c10be1b98d5d527
streamkey,#hash_6c10bf1b98d5d6da
streamkey,#hash_6c10c01b98d5d88d
streamkey,#hash_6c13b81b98d800cc
streamkey,#hash_6c13b91b98d8027f
streamkey,#hash_6c13bc1b98d80798
streamkey,#hash_6c13bd1b98d8094b
streamkey,#hash_6c13be1b98d80afe
streamkey,#hash_6c13bf1b98d80cb1
streamkey,#hash_6c13c01b98d80e64
streamkey,#hash_6c13c11b98d81017
streamkey,#hash_6c13c21b98d811ca
streamkey,#hash_6c13c31b98d8137d
streamkey,#hash_6d9690eaba437970
streamkey,#hash_6d9691eaba437b23
streamkey,#hash_6d9692eaba437cd6
streamkey,#hash_6d9693eaba437e89
streamkey,#hash_6d9694eaba43803c
streamkey,#hash_6d9695eaba4381ef
streamkey,#hash_6d9696eaba4383a2
streamkey,#hash_6d9697eaba438555
streamkey,#hash_6d9698eaba438708
streamkey,#hash_6d9699eaba4388bb
streamkey,#hash_6d9a13eaba468de0
streamkey,#hash_6d9a14eaba468f93
streamkey,#hash_6d9a15eaba469146
streamkey,#hash_6d9a16eaba4692f9
streamkey,#hash_6d9a17eaba4694ac
streamkey,#hash_6d9a18eaba46965f
streamkey,#hash_6d9a19eaba469812
streamkey,#hash_6d9a1aeaba4699c5
streamkey,#hash_6d9a1deaba469ede
streamkey,#hash_6d9a1eeaba46a091
streamkey,#hash_6db198eaba5a4ec0
streamkey,#hash_6db199eaba5a5073
streamkey,#hash_6db1a0eaba5a5c58
streamkey,#hash_6db1a1eaba5a5e0b
streamkey,#hash_6db1a2eaba5a5fbe
streamkey,#hash_6db1a3eaba5a6171
streamkey,#hash_6db1a4eaba5a6324
streamkey,#hash_6db1a5eaba5a64d7
streamkey,#hash_6db1a6eaba5a668a
streamkey,#hash_6db1a7eaba5a683d
streamkey,#hash_6db51deaba5d6696
streamkey,#hash_6db51eeaba5d6849
streamkey,#hash_6db523eaba5d70c8
streamkey,#hash_6db524eaba5d727b
streamkey,#hash_6db525eaba5d742e
streamkey,#hash_6db526eaba5d75e1
streamkey,#hash_6db527eaba5d7794
streamkey,#hash_6db528eaba5d7947
streamkey,#hash_6db529eaba5d7afa
streamkey,#hash_6db52aeaba5d7cad
streamkey,#hash_6db8a4eaba6081d2
streamkey,#hash_6db8a5eaba608385
streamkey,#hash_6db8a6eaba608538
streamkey,#hash_6db8a7eaba6086eb
streamkey,#hash_6db8a8eaba60889e
streamkey,#hash_6db8a9eaba608a51
streamkey,#hash_6db8aaeaba608c04
streamkey,#hash_6db8abeaba608db7
streamkey,#hash_6db8aceaba608f6a
streamkey,#hash_6db8adeaba60911d
streamkey,#hash_6dbc11eaba6370e0
streamkey,#hash_6dbc12eaba637293
streamkey,#hash_6dbc13eaba637446
streamkey,#hash_6dbc14eaba6375f9
streamkey,#hash_6dbc15eaba6377ac
streamkey,#hash_6dbc16eaba63795f
streamkey,#hash_6dbc17eaba637b12
streamkey,#hash_6dbc18eaba637cc5
streamkey,#hash_6dbc19eaba637e78
streamkey,#hash_6dbc1aeaba63802b
streamkey,#hash_6dbf94eaba668550
streamkey,#hash_6dbf95eaba668703
streamkey,#hash_6dbf96eaba6688b6
streamkey,#hash_6dbf97eaba668a69
streamkey,#hash_6dbf98eaba668c1c
streamkey,#hash_6dbf99eaba668dcf
streamkey,#hash_6dbf9aeaba668f82
streamkey,#hash_6dbf9beaba669135
streamkey,#hash_6dbfa0eaba6699b4
streamkey,#hash_6dbfa1eaba669b67
streamkey,#hash_6dc297eaba68c040
streamkey,#hash_6dc298eaba68c1f3
streamkey,#hash_6dc299eaba68c3a6
streamkey,#hash_6dc29aeaba68c559
streamkey,#hash_6dc29beaba68c70c
streamkey,#hash_6dc29ceaba68c8bf
streamkey,#hash_6dc29deaba68ca72
streamkey,#hash_6dc29eeaba68cc25
streamkey,#hash_6dc2a5eaba68d80a
streamkey,#hash_6dc2a6eaba68d9bd
streamkey,#hash_6dc61ceaba6bd816
streamkey,#hash_6dc61deaba6bd9c9
streamkey,#hash_6dc622eaba6be248
streamkey,#hash_6dc623eaba6be3fb
streamkey,#hash_6dc624eaba6be5ae
streamkey,#hash_6dc625eaba6be761
streamkey,#hash_6dc626eaba6be914
streamkey,#hash_6dc627eaba6beac7
streamkey,#hash_6dc628eaba6bec7a
streamkey,#hash_6dc629eaba6bee2d
streamkey,#hash_6dc9a1eaba6eefec
streamkey,#hash_6dc9a2eaba6ef19f
streamkey,#hash_6dc9a5eaba6ef6b8
streamkey,#hash_6dc9a6eaba6ef86b
streamkey,#hash_6dc9a7eaba6efa1e
streamkey,#hash_6dc9a8eaba6efbd1
streamkey,#hash_6dc9a9eaba6efd84
streamkey,#hash_6dc9aaeaba6eff37
streamkey,#hash_6dc9abeaba6f00ea
streamkey,#hash_6dc9aceaba6f029d
streamkey,#hash_70d03eda2da9f078
streamkey,#hash_712d6acb76dc2786
streamkey,#hash_722e6af1e7840b03
streamkey,#hash_76a93feabf84b980
streamkey,#hash_76a940eabf84bb33
streamkey,#hash_76a941eabf84bce6
streamkey,#hash_76a942eabf84be99
streamkey,#hash_76a943eabf84c04c
streamkey,#hash_76a944eabf84c1ff
streamkey,#hash_76a945eabf84c3b2
streamkey,#hash_76a946eabf84c565
streamkey,#hash_76a94deabf84d14a
streamkey,#hash_76a94eeabf84d2fd
streamkey,#hash_76acc2eabf87cdf0
streamkey,#hash_76acc3eabf87cfa3
streamkey,#hash_76accaeabf87db88
streamkey,#hash_76accbeabf87dd3b
streamkey,#hash_76accceabf87deee
streamkey,#hash_76accdeabf87e0a1
streamkey,#hash_76acceeabf87e254
streamkey,#hash_76accfeabf87e407
streamkey,#hash_76acd0eabf87e5ba
streamkey,#hash_76acd1eabf87e76d
streamkey,#hash_76bdc1eabf963f70
streamkey,#hash_76bdc2eabf964123
streamkey,#hash_76bdc9eabf964d08
streamkey,#hash_76bdcaeabf964ebb
streamkey,#hash_76bdcbeabf96506e
streamkey,#hash_76bdcceabf965221
streamkey,#hash_76bdcdeabf9653d4
streamkey,#hash_76bdceeabf965587
streamkey,#hash_76bdcfeabf96573a
streamkey,#hash_76bdd0eabf9658ed
streamkey,#hash_76c146eabf995746
streamkey,#hash_76c147eabf9958f9
streamkey,#hash_76c14ceabf996178
streamkey,#hash_76c14deabf99632b
streamkey,#hash_76c14eeabf9964de
streamkey,#hash_76c14feabf996691
streamkey,#hash_76c150eabf996844
streamkey,#hash_76c151eabf9969f7
streamkey,#hash_76c152eabf996baa
streamkey,#hash_76c153eabf996d5d
streamkey,#hash_76c4cdeabf9c7282
streamkey,#hash_76c4ceeabf9c7435
streamkey,#hash_76c4cfeabf9c75e8
streamkey,#hash_76c4d0eabf9c779b
streamkey,#hash_76c4d1eabf9c794e
streamkey,#hash_76c4d2eabf9c7b01
streamkey,#hash_76c4d3eabf9c7cb4
streamkey,#hash_76c4d4eabf9c7e67
streamkey,#hash_76c4d5eabf9c801a
streamkey,#hash_76c4d6eabf9c81cd
streamkey,#hash_76c83aeabf9f6190
streamkey,#hash_76c83beabf9f6343
streamkey,#hash_76c83ceabf9f64f6
streamkey,#hash_76c83deabf9f66a9
streamkey,#hash_76c83eeabf9f685c
streamkey,#hash_76c83feabf9f6a0f
streamkey,#hash_76c840eabf9f6bc2
streamkey,#hash_76c841eabf9f6d75
streamkey,#hash_76c842eabf9f6f28
streamkey,#hash_76c843eabf9f70db
streamkey,#hash_76cb3deabfa19c80
streamkey,#hash_76cb3eeabfa19e33
streamkey,#hash_76cb3feabfa19fe6
streamkey,#hash_76cb40eabfa1a199
streamkey,#hash_76cb41eabfa1a34c
streamkey,#hash_76cb42eabfa1a4ff
streamkey,#hash_76cb43eabfa1a6b2
streamkey,#hash_76cb44eabfa1a865
streamkey,#hash_76cb49eabfa1b0e4
streamkey,#hash_76cb4aeabfa1b297
streamkey,#hash_76cec0eabfa4b0f0
streamkey,#hash_76cec1eabfa4b2a3
streamkey,#hash_76cec2eabfa4b456
streamkey,#hash_76cec3eabfa4b609
streamkey,#hash_76cec4eabfa4b7bc
streamkey,#hash_76cec5eabfa4b96f
streamkey,#hash_76cec6eabfa4bb22
streamkey,#hash_76cec7eabfa4bcd5
streamkey,#hash_76ceceeabfa4c8ba
streamkey,#hash_76cecfeabfa4ca6d
streamkey,#hash_76d245eabfa7c8c6
streamkey,#hash_76d246eabfa7ca79
streamkey,#hash_76d24beabfa7d2f8
streamkey,#hash_76d24ceabfa7d4ab
streamkey,#hash_76d24deabfa7d65e
streamkey,#hash_76d24eeabfa7d811
streamkey,#hash_76d24feabfa7d9c4
streamkey,#hash_76d250eabfa7db77
streamkey,#hash_76d251eabfa7dd2a
streamkey,#hash_76d252eabfa7dedd
streamkey,#hash_76d5caeabfaae09c
streamkey,#hash_76d5cbeabfaae24f
streamkey,#hash_76d5ceeabfaae768
streamkey,#hash_76d5cfeabfaae91b
streamkey,#hash_76d5d0eabfaaeace
streamkey,#hash_76d5d1eabfaaec81
streamkey,#hash_76d5d2eabfaaee34
streamkey,#hash_76d5d3eabfaaefe7
streamkey,#hash_76d5d4eabfaaf19a
streamkey,#hash_76d5d5eabfaaf34d
streamkey,#hash_7b87645c649908fa
streamkey,#hash_7dc2791ba2f602c0
streamkey,#hash_7dc27a1ba2f60473
streamkey,#hash_7dc27b1ba2f60626
streamkey,#hash_7dc27c1ba2f607d9
streamkey,#hash_7dc27d1ba2f6098c
streamkey,#hash_7dc27e1ba2f60b3f
streamkey,#hash_7dc27f1ba2f60cf2
streamkey,#hash_7dc2801ba2f60ea5
streamkey,#hash_7dc2811ba2f61058
streamkey,#hash_7dc2821ba2f6120b
streamkey,#hash_7dc5fc1ba2f91730
streamkey,#hash_7dc5fd1ba2f918e3
streamkey,#hash_7dc5fe1ba2f91a96
streamkey,#hash_7dc5ff1ba2f91c49
streamkey,#hash_7dc6001ba2f91dfc
streamkey,#hash_7dc6011ba2f91faf
streamkey,#hash_7dc6021ba2f92162
streamkey,#hash_7dc6031ba2f92315
streamkey,#hash_7dc6061ba2f9282e
streamkey,#hash_7dc6071ba2f929e1
streamkey,#hash_7dc97f1ba2fc2ba0
streamkey,#hash_7dc9801ba2fc2d53
streamkey,#hash_7dc9811ba2fc2f06
streamkey,#hash_7dc9821ba2fc30b9
streamkey,#hash_7dc9831ba2fc326c
streamkey,#hash_7dc9841ba2fc341f
streamkey,#hash_7dc9851ba2fc35d2
streamkey,#hash_7dc9861ba2fc3785
streamkey,#hash_7dc98d1ba2fc436a
streamkey,#hash_7dc98e1ba2fc451d
streamkey,#hash_7dcd021ba2ff4010
streamkey,#hash_7dcd031ba2ff41c3
streamkey,#hash_7dcd0a1ba2ff4da8
streamkey,#hash_7dcd0b1ba2ff4f5b
streamkey,#hash_7dcd0c1ba2ff510e
streamkey,#hash_7dcd0d1ba2ff52c1
streamkey,#hash_7dcd0e1ba2ff5474
streamkey,#hash_7dcd0f1ba2ff5627
streamkey,#hash_7dcd101ba2ff57da
streamkey,#hash_7dcd111ba2ff598d
streamkey,#hash_7dd0091ba30181cc
streamkey,#hash_7dd00a1ba301837f
streamkey,#hash_7dd00d1ba3018898
streamkey,#hash_7dd00e1ba3018a4b
streamkey,#hash_7dd00f1ba3018bfe
streamkey,#hash_7dd0101ba3018db1
streamkey,#hash_7dd0111ba3018f64
streamkey,#hash_7dd0121ba3019117
streamkey,#hash_7dd0131ba30192ca
streamkey,#hash_7dd0141ba301947d
streamkey,#hash_7dd38e1ba30499a2
streamkey,#hash_7dd38f1ba3049b55
streamkey,#hash_7dd3901ba3049d08
streamkey,#hash_7dd3911ba3049ebb
streamkey,#hash_7dd3921ba304a06e
streamkey,#hash_7dd3931ba304a221
streamkey,#hash_7dd3941ba304a3d4
streamkey,#hash_7dd3951ba304a587
streamkey,#hash_7dd3961ba304a73a
streamkey,#hash_7dd3971ba304a8ed
streamkey,#hash_7dd6fb1ba30788b0
streamkey,#hash_7dd6fc1ba3078a63
streamkey,#hash_7dd6fd1ba3078c16
streamkey,#hash_7dd6fe1ba3078dc9
streamkey,#hash_7dd6ff1ba3078f7c
streamkey,#hash_7dd7001ba307912f
streamkey,#hash_7dd7011ba30792e2
streamkey,#hash_7dd7021ba3079495
streamkey,#hash_7dd7051ba30799ae
streamkey,#hash_7dd7061ba3079b61
streamkey,#hash_7dda7e1ba30a9d20
streamkey,#hash_7dda7f1ba30a9ed3
streamkey,#hash_7dda801ba30aa086
streamkey,#hash_7dda811ba30aa239
streamkey,#hash_7dda821ba30aa3ec
streamkey,#hash_7dda831ba30aa59f
streamkey,#hash_7dda841ba30aa752
streamkey,#hash_7dda851ba30aa905
streamkey,#hash_7dda8a1ba30ab184
streamkey,#hash_7dda8b1ba30ab337
streamkey,#hash_7de48d1ba3130b22
streamkey,#hash_7de48e1ba3130cd5
streamkey,#hash_7de48f1ba3130e88
streamkey,#hash_7de4901ba313103b
streamkey,#hash_7de4911ba31311ee
streamkey,#hash_7de4921ba31313a1
streamkey,#hash_7de4931ba3131554
streamkey,#hash_7de4941ba3131707
streamkey,#hash_7de4951ba31318ba
streamkey,#hash_7de4961ba3131a6d
streamkey,#hash_7de7fa1ba315fa30
streamkey,#hash_7de7fb1ba315fbe3
streamkey,#hash_7de7fc1ba315fd96
streamkey,#hash_7de7fd1ba315ff49
streamkey,#hash_7de7fe1ba31600fc
streamkey,#hash_7de7ff1ba31602af
streamkey,#hash_7de8001ba3160462
streamkey,#hash_7de8011ba3160615
streamkey,#hash_7de8021ba31607c8
streamkey,#hash_7de8031ba316097b
streamkey,#hash_7e1d76eac365f532
streamkey,#hash_7e1d77eac365f6e5
streamkey,#hash_7e1d78eac365f898
streamkey,#hash_7e1d79eac365fa4b
streamkey,#hash_7e1d7aeac365fbfe
streamkey,#hash_7e1d7beac365fdb1
streamkey,#hash_7e1d7ceac365ff64
streamkey,#hash_7e1d7deac3660117
streamkey,#hash_7e1d7eeac36602ca
streamkey,#hash_7e1d7feac366047d
streamkey,#hash_7e20e3eac368e440
streamkey,#hash_7e20e4eac368e5f3
streamkey,#hash_7e20e5eac368e7a6
streamkey,#hash_7e20e6eac368e959
streamkey,#hash_7e20e7eac368eb0c
streamkey,#hash_7e20e8eac368ecbf
streamkey,#hash_7e2466eac36bf8b0
streamkey,#hash_7e2467eac36bfa63
streamkey,#hash_7e2468eac36bfc16
streamkey,#hash_7e2469eac36bfdc9
streamkey,#hash_7e246aeac36bff7c
streamkey,#hash_7e246beac36c012f
streamkey,#hash_7e246ceac36c02e2
streamkey,#hash_7e246deac36c0495
streamkey,#hash_7e2472eac36c0d14
streamkey,#hash_7e2473eac36c0ec7
streamkey,#hash_7e27e9eac36f0d20
streamkey,#hash_7e27eaeac36f0ed3
streamkey,#hash_7e27ebeac36f1086
streamkey,#hash_7e27eceac36f1239
streamkey,#hash_7e27edeac36f13ec
streamkey,#hash_7e27eeeac36f159f
streamkey,#hash_7e27efeac36f1752
streamkey,#hash_7e27f0eac36f1905
streamkey,#hash_7e27f7eac36f24ea
streamkey,#hash_7e27f8eac36f269d
streamkey,#hash_7e2b6eeac37224f6
streamkey,#hash_7e2b6feac37226a9
streamkey,#hash_7e2b74eac3722f28
streamkey,#hash_7e2b75eac37230db
streamkey,#hash_7e2b76eac372328e
streamkey,#hash_7e2b77eac3723441
streamkey,#hash_7e2b78eac37235f4
streamkey,#hash_7e2b79eac37237a7
streamkey,#hash_7e2b7aeac372395a
streamkey,#hash_7e2b7beac3723b0d
streamkey,#hash_7e2e73eac374634c
streamkey,#hash_7e2e74eac37464ff
streamkey,#hash_7e2e77eac3746a18
streamkey,#hash_7e2e78eac3746bcb
streamkey,#hash_7e2e79eac3746d7e
streamkey,#hash_7e2e7aeac3746f31
streamkey,#hash_7e2e7beac37470e4
streamkey,#hash_7e2e7ceac3747297
streamkey,#hash_7e2e7deac374744a
streamkey,#hash_7e2e7eeac37475fd
streamkey,#hash_7e3b7ab63a0a4b00
streamkey,#hash_7e3b7bb63a0a4cb3
streamkey,#hash_7e3b7cb63a0a4e66
streamkey,#hash_7e3b7db63a0a5019
streamkey,#hash_7e3b7eb63a0a51cc
streamkey,#hash_7e3b7fb63a0a537f
streamkey,#hash_7e3b80b63a0a5532
streamkey,#hash_7e3b81b63a0a56e5
streamkey,#hash_7e3b88b63a0a62ca
streamkey,#hash_7e3b89b63a0a647d
streamkey,#hash_7e3f05b63a0d6d08
streamkey,#hash_7e3f06b63a0d6ebb
streamkey,#hash_7e3f07b63a0d706e
streamkey,#hash_7e3f08b63a0d7221
streamkey,#hash_7e3f09b63a0d73d4
streamkey,#hash_7e3f0ab63a0d7587
xanim,#vm_titan_pullout_quick
xanim,#vm_ar_damage_reload
xanim,#vm_smg_handling_reload
xanim,#vm_smg_vmp_t8_reload
xanim,#vm_titan_pullout
xanim,#vm_grapple_gun_fire
xanim,#vm_grapple_gun_fire_generic
xanim,#vm_mp9_pullout
xanim,#vm_grapple_gun_fire_brawler
xanim,#vm_lmg_heavy_reload_empty
xanim,#vm_grapple_gun_fire_fail_brawler
xanim,#vm_smg_vmp_t8_first_raise
xanim,#vm_grapple_gun_fire_fail_generic
xanim,#vm_frag_throw
xanim,#hash_c60523c5e8d5a6f2
xanim,#vm_lmg_heavy_inspect
xanim,#hash_c7e45cc620f60b01
xanim,#vm_tactical_throw
xanim,#vm_smg_handling_first_raise
xanim,#vm_lmg_heavy_pullout
xanim,#vm_lmg_heavy_first_raise
xanim,#vm_koshka_rechamber
xanim,#vm_grapple_gun_fire_fail
xanim,#vm_lmg_heavy_pullout_quick
material,#hash_1bb145b2fa44
material,#hash_c5a1ca8319cf
material,#hash_c7a1ca831d35
material,#hash_3c3a1ca854c40
material,#hash_4096f71515cc6
material,#mc/mtl_attach_wpn_t8_loot_pistol_auto_grip
material,#wc/t7_decal_damage_concrete_cracks_01_dark
material,#mc/t7_decal_drywall_tear_base_01
material,#hash_747a1ca886263
material,#hash_93db12306163e
material,#hash_9df64400df434
material,#hash_e5ba1ca8ea30d
material,#hash_ebbb94e0a0a3c
material,#hash_11c3a1ca91899c
material,#hash_11c4a1ca918b4f
material,#hash_11c9a1ca9193ce
material,#hash_11caa1ca919581
material,#mc/mtl_p7_zm_asc_handrail_rusty_set_yellow
material,#hash_80137c57129410c0
material,#hash_8013c6a669ce5db7
material,#hash_14c7a1ca93c63f
material,#hash_14cfa1ca93d3d7
material,#hash_15fe1a49d71a30
material,#mc/t8_decal_graphics_numbers_comsat_0_reveal_white
material,#mc/mtl_wpn_t8_ar_heavy_burn_sig_02_nodraw
material,#hash_1acf8635e02a9c
material,#mc/mtl_wpn_t8_loot_lmg_mk48_tube
material,#mc/mtl_p7_zm_der_magic_box_wood_02
material,#mc/mtl_p7_zm_der_magic_box_wood_01
material,#mc/mtl_wpn_t8_zm_crossbow_impaler_mag_base
material,#hash_21f09f7281f33b
material,#hash_8029a7ff17b787ac
material,#hash_802a6cf3a956d5fb
material,#hash_802a6df3a956d7ae
material,#mc/mtl_p8_zm_esc_box_cardboard_d_open02_damaged
material,#hash_34ba289e8ed2df
material,#hash_356e9735e812a2
material,#mc/mtl_attach_t8_tac_rifle_mid_burst_uber_decals
material,#mc/mtl_attach_t8_loot_sniper_semiauto_stock_02
material,#mc/mtl_attach_t8_loot_sniper_semiauto_stock_01
material,#mc/mtl_wpn_t8_sniper_koshka_bolt_sig_02
material,#mc/mtl_p8_fire_extinguisher_01_dmg_rubber
material,#hash_45f6db8d56cf6b
material,#hash_45f7db8d56d11e
material,#hash_45f8db8d56d2d1
material,#hash_45f9db8d56d484
material,#hash_45fadb8d56d637
material,#hash_8053495a04285396
material,#hash_538e9e0f644db3
material,#hash_8058516a4f4d439f
material,#hash_5a9113fad3143d
material,#ei/gfx_water_splash_trident_anim_lit
material,#hash_61fba7422bc3f4
material,#mc/mtl_wpn_t8_ar_kn57_sights_alt
material,#mc/mtl_veh_t7_decal_square03
material,#mc/mtl_veh_t7_decal_square01
material,#hash_70b8e6f88ce7c0
material,#hash_80714572f3210b31
material,#mc/mtl_wpn_t8_lmg_hades_rail_sig_01
material,#hash_807374ffaa928c6a
material,#mc/mtl_p8_zm_esc_dryer_industrial_plastic
material,#mc/mtl_wpn_t8_smg_capacity_receiver_base_mk2
material,#mc/mtl_p8_usa_submarine_torpedo_01_decal
material,#mc/mtl_veh_t8_mil_helicopter_transport_decal_anchor_dirty
material,#hash_8e4e67417fbb55
material,#mc/mtl_veh_t8_drone_rcxd_flashlight_grey_dirty
material,#mc/mtl_p8_sign_neon_wood_metal
material,#hash_9183ba404604e0
material,#hash_94817a9e8252b6
material,#mc/mtl_wpn_t8_sniper_vanguard_mag_v2_mk2
material,#mc/mtl_wpn_t8_smg_fastfire_body_02_alt
material,#mc/t7_wes_wood_wall_siding_01_white_blend
material,#mc/mtl_p8_wz_ammo_pickup_45acp_paper
material,#mc/mtl_wpn_t8_tac_rifle_swordfish_straps_mk2
material,#hash_80afbf8d36d4b31e
material,#mc/mtl_wpn_t8_tac_rifle_surgeon_stock_1
material,#mc/mtl_p7_zm_isl_light_flood_stand_rubber
material,#mc/mtl_wpn_t8_ar_galil_grip_base
material,#hash_80c22edec280150c
material,#mc/mtl_wpn_t8_ar_kn57_stock_connector
material,#hash_80c7d828f6e98588
material,#hash_cc240947192b89
material,#mc/mtl_attach_t8_lmg_hades_barrel
material,#mc/mtl_p7_wes_container_vintage_bottle_brown_glass_02
material,#mc/mtl_p7_wes_container_vintage_bottle_brown_glass_01
material,#mc/mtl_p8_jpn_bank_money_stack_tape
material,#hash_da8feefe03f947
material,#hash_da90eefe03fafa
material,#hash_80dcf8b75f0874c3
material,#mc/mtl_attach_t8_lmg_titan_hipfire_strap
material,#mc/mtl_wpn_t8_ar_stealth_tacsac_mk2
material,#mc/mtl_p8_cables_electrical_boxes_01
material,#mc/mtl_p8_cables_electrical_boxes_02
material,#hash_eb3d4b0cd607d3
material,#hash_f246c48742982d
material,#hash_80f7338a509f7ac3
material,#hash_80f7348a509f7c76
material,#hash_80f76d8e46698891
material,#hash_f8dd958d2338d2
material,#mc/mtl_p7_foliage_plant_aloe_dwala_yellow
material,#hash_fc52a848cfd170
material,#hash_fc7a5cff276591
material,#mc/mtl_attach_t8_loot_tac_rifle_damageburst_handguard_alt
material,#mc/mtl_attach_t8_lmg_heavy_stock
material,#mc/mtl_veh_t8_mil_air_gunship_glass_black
material,#hash_10580a2154c973c
material,#hash_109201bbcb309a8
material,#hash_10af31f4453695f
material,#mc/mtl_attach_t8_tac_rifle_surgeon_fast_mag
material,#hash_10f8d68db23ef28
material,#hash_81107d28c298bd96
material,#mc/mtl_wpn_t8_sig_flamethrower_upper_base
material,#mc/mtl_p8_wz_foliage_bush_creosote_02_proxy_simple
material,#ei/gfx_distort_ring_hvy
material,#mc/mtl_p8_usa_submarine_interior_consoles_panels_small
material,#hash_811c0512037672ea
material,#mc/t7_concrete_wall_painted_peel_01_blend
material,#hash_811dca1e170ce564
material,#mc/mtl_wpn_t8_eqp_tripwire_slingshot_glow
material,#mc/mtl_attach_t8_tac_rifle_surgeon_hical_01_alt
material,#hash_12d454e91006c4e
material,#hash_12e2b8c227bb438
material,#hash_12e30bbb6adfe9e
material,#hash_130117bdf7b604c
material,#hash_133fefdcf67593a
material,#mc/t7_metal_chrome_trim_01
material,#mc/mtl_p7_zm_ver_mannequin_cloth
material,#mc/t7_cobweb_corner_01
material,#mc/mtl_wpn_t8_tac_rifle_swordfish_sig02_decals_03
material,#hash_140b7caf201bd80
material,#hash_8145f5d1ab2b45e9
material,#mc/mtl_wpn_t8_ar_kn57_sights
material,#mc/mtl_p8_zm_esc_sheet_metal_4x8
material,#mc/mtl_p8_zm_esc_sheet_metal_4x4
material,#hash_14a993098bb319c
material,#mc/mtl_p8_wz_foliage_bush_creosote_01_proxy_simple
material,#hash_814e02fd4e68b2c9
material,#hash_1507684d588e8dd
material,#mc/mtl_t8_loot_wpn_smg_folding_reciever_alt_mk2
material,#hash_1522b47ccec5537
material,#hash_1536ccc3558aee5
material,#hash_815929192b35df23
material,#hash_815e6af049989fce
material,#mc/mtl_wpn_t8_sniper_koshka_mag
material,#hash_816c59dd2dcc56bd
material,#mc/mtl_attach_t8_ar_stealth_charging_handle
material,#hash_173b6b3da772b19
material,#mc/mtl_wpn_t8_shotgun_pump_bolt_base
material,#hash_8180d8dd2dddd794
material,#hash_818174b338d08b16
material,#hash_818176b338d08e7c
material,#hash_818177b338d0902f
material,#hash_818457dd2de0e538
material,#hash_818fb8ef9f69a43d
material,#hash_8191cedd2dec39c9
material,#mc/mtl_wpn_t7_shotty_prec_barrel_base
material,#hash_193c7d650b66b44
material,#hash_194aeb2ff1e2d31
material,#hash_81955add2def5d84
material,#hash_197fb821857d102
material,#mc/t7_zm_gen_decal_damage_paint_peeling
material,#mc/mtl_wpn_t8_loot_pistol_auto_ticket_sig_nodraw_short
material,#mc/mtl_p7_zm_ctl_typewriter_vintage_rubber
material,#mc/mtl_attach_t8_tac_rifle_surgeon_dbal_alt
material,#hash_1a6f8273f1ae836
material,#hash_81a94cdf2bd5e766
material,#hash_1a98fd6890959ef
material,#hash_81aa03d92c3d840d
material,#hash_1aebfbeb7e6d023
material,#mc/mtl_wpn_t8_ar_accurate_mag_base_alt
material,#hash_81b65ba0cc3f158f
material,#mc/mtl_p7_slu_wire_decal_line
material,#mc/mtl_attach_t8_ar_kn57_laser_alt
material,#mc/mtl_attach_t8_loot_smg_burst_dbal_top
material,#hash_1bf4d947824bfe5
material,#mc/t7_glass_reinforced_wavy
material,#hash_81c22bb6a3ba2ee1
material,#mc/mtl_p8_zm_esc_pipe_metal_dark_weld
material,#hash_1c6e3bfa11099ee
material,#mc/mtl_wpn_t8_ar_modular_02_stock_sig_01
material,#hash_1cba1fcfb09a0c3
material,#mc/t8_concrete_wall_blocks_01
material,#hash_1ccbc515c7d6f78
material,#hash_81d117ae8551f5b7
material,#hash_1d798c17c7c2b4d
material,#mc/mtl_attach_t8_loot_ar_an94_stock_01
material,#mc/mtl_p8_fence_rustic_wood_plank_decal_end_01
material,#mc/mtl_p8_zm_wall_buy_symbol_icons
material,#mc/mtl_p7_slu_plank_wood_set
material,#mc/mtl_wpn_t8_launcher_standard_body_front
material,#hash_81ef291a56d88743
material,#mc/mtl_attach_t8_smg_capacity_ext_mag_03_transparent_label
material,#mc/t8_metal_paint_scratched_01_rust_drk_02
material,#mc/mtl_p7_hook_metal_small_01
material,#mc/mtl_wpn_t8_smg_capacity_decals_base
material,#hash_1fee11ab717cca7
material,#hash_8200c9cd8ea8b220
material,#hash_8203a43fa2521151
material,#hash_206010db92674b6
material,#hash_8206ed1e9498f864
material,#mc/mtl_t8_attach_optic_acog_reticle_usmc_01
material,#mc/mtl_p8_zm_zod_lifeboat_equipment_set_rope_01
material,#mc/mtl_p7_pipe_metal_hp_12_straight_rust_dmg
material,#hash_20ee7173ca3b41b
material,#hash_218edc4ca5faf0f
material,#mc/mtl_p7_chemistry_kit_metal_02
material,#mc/mtl_p7_chemistry_kit_metal_01
material,#mc/mtl_p7_slu_box_electric_set_decal_wires
material,#hash_2273aa2d21ef8ac
material,#mc/mtl_attach_t8_loot_shotgun_fullauto_dbal
material,#hash_22a555f6f02972a
material,#hash_22d011700d50b72
material,#mc/mtl_wpn_t8_zm_crossbow_impaler_barrel_base
material,#mc/mtl_p8_kit_col_med_01_rollup_metal_track_white
material,#mc/mtl_p7_zm_sta_cabinet_antique_glass
material,#mc/t8_metal_bare_steel_worn_01
material,#mc/t7_wes_wood_paint_thick
material,#mc/mtl_p8_wz_foliage_wild_grass_01
material,#mc/mtl_p8_zm_esc_dryer_industrial_02
material,#mc/mtl_p8_zm_esc_dryer_industrial_03
material,#mc/mtl_p8_zm_esc_dryer_industrial_01
material,#hash_248e9e55339b89c
material,#hash_248ece55339bdb5
material,#mc/mtl_p8_usa_submarine_interior_periscope_white
material,#mc/mtl_wpn_t8_ar_heavy_decal_torque
material,#hash_253a8a25ffa2e4f
material,#mc/mtl_wpn_t8_loot_ar_standard_gem_1_sig_02
material,#hash_826489bfb1b9313b
material,#hash_26b269663d8b1a0
material,#hash_26b279663d8b353
material,#hash_26b289663d8b506
material,#hash_826bb8de54917405
material,#hash_26e3b4dcdf5e144
material,#mc/mtl_wpn_t8_ar_accurate_strap
material,#hash_826f56d5b63ff8df
material,#hash_26ff8ea395758fc
material,#hash_8278f72b5b5cdc21
material,#mc/mtl_p8_zm_zod_wall_box_electrical_set_base_metal
material,#hash_82807d9492b7b7c8
material,#mc/mtl_p7_picture_frame_backing_gold
material,#ei/gfx_water_splash_cone_anim_lit
material,#mc/mtl_wpn_t8_eqp_smartcover_solar_lower
material,#hash_8287355fdceee059
material,#hash_8289486d1094bb22
material,#hash_2901bb0d215e17e
material,#mc/mtl_veh_t8_mil_boat_tactical_raft_engine
material,#hash_292cfabfa3dd3a4
material,#mc/mtl_wpn_t8_loot_lmg_mk48_stock_alt
material,#mc/mtl_p7_zm_ver_bathtub_broken
material,#hash_29f62a7b4e0eb13
material,#mc/mtl_wpn_t8_smg_mp9_sights_base
material,#hash_2aa1b7fa919790f
material,#mc/mtl_t8_wpn_smg_accurate_charging_handle_sig_02
material,#mc/mtl_t8_wpn_smg_accurate_charging_handle_sig_01
material,#mc/mtl_p7_foliage_vines_leaves_dry
material,#mc/mtl_wpn_t8_loot_shotgun_fullauto_muzzle_alt_mk2
material,#mc/invisible
material,#hash_2b88d8498f84b60
material,#hash_2ba1439110d18f8
material,#hash_2ba1539110d1aab
material,#hash_2ba1739110d1e11
material,#hash_2ba1a39110d232a
material,#hash_2ba1b39110d24dd
material,#mc/mtl_attach_t8_loot_lmg_mk48_suppressor_alt
material,#hash_2c1a1484533c968
material,#hash_2c5cdd310cec1e8
material,#hash_2c5ced310cec39b
material,#hash_2c5cfd310cec54e
material,#mc/mtl_p7_sin_bio_monument_boat_cabin_grey
material,#mc/mtl_c_t8_zmb_gib_gore_blood
material,#mc/mtl_attach_t8_loot_smg_vmp_grip_01
material,#hash_2d440d341f8b59f
material,#mc/mtl_eqp_t8_grenade_emp_lever
material,#mc/mtl_t8_wpn_lmg_heavy_grip
material,#mc/mtl_p8_tank_fuel_01_set_decal_red
material,#mc/mtl_wpn_t8_sniper_powersemi_eye_sig_02
material,#mc/mtl_p8_zm_esc_chemistry_kit_paintedmetal
material,#mc/mtl_wpn_t7_shotty_prec_grip_base
material,#hash_2df8559a796d1aa
material,#mc/mtl_p8_light_lamp_desk_vintage_01_bulb
material,#mc/mtl_wpn_t7_shotty_prec_sights_rear_base
material,#mc/mtl_p7_debris_concrete_rubble_bolt
material,#mc/mtl_p7_ris_insulation_roll
material,#mc/mtl_attach_t8_ar_galil_grip_alt
material,#mc/mtl_p7_zm_der_magic_box_metal
material,#hash_2ec34216bb07696
material,#mc/mtl_wpn_t8_smg_handling_sights
material,#mc/mtl_p7_zm_moo_rug_cloth_01
material,#hash_2f22ace66684be6
material,#mc/mtl_p7_tent_military_roll_01
material,#hash_2f9527febb9cd3f
material,#mc/mtl_attach_t8_tac_rifle_mid_burst_uber
material,#hash_82fcd75fcffb3f08
material,#mc/mtl_veh_t8_drone_rcxd_camera_lens
material,#mc/mtl_p8_zm_esc_cloth_pile_02_dust
material,#mc/mtl_skybox_default_day
material,#hash_302d37fdc5de1d6
material,#hash_8304d0428724b8a0
material,#mc/mtl_veh_t8_mil_boat_tactical_raft_engine_dead_decal
material,#hash_8307bbdc2570df8d
material,#hash_30bf49c43379361
material,#mc/mtl_p8_wz_supply_stash_health_extras
material,#hash_31e022853b3808d
material,#mc/t7_plastic_whiteboard_01
material,#mc/mtl_wpn_t8_sniper_vanguard_barrel_v2
material,#mc/mtl_p7_zm_der_door_metal_rusted
material,#mc/mtl_wpn_t8_ar_kn57_mag_alt_mk2
material,#mc/mtl_wpn_t8_zm_akud_grip
material,#hash_3354515b63eb538
material,#hash_3354815b63eba51
material,#hash_33d0411c01e92d6
material,#hash_833ec7eb84920286
material,#mc/mtl_p8_usa_submarine_interior_consoles_panels_long
material,#hash_3412daa6b0afe12
material,#hash_8344299f3dbe04cf
material,#hash_352b8ce3b9704ec
material,#mc/mtl_wpn_t8_smg_mp9_mag_alt
material,#hash_8355bd9648a2c569
material,#hash_35643fc6bd77414
material,#mc/mtl_p7_barrier_block_concrete_long_rusty
material,#mc/mtl_p8_col_generator_garage_set_decal
material,#mc/mtl_wpn_t8_loot_melee_hammer_demo_head_interior
material,#mc/mtl_veh_t7_drone_attack_wing_rockets_dead
material,#hash_3678ed300d4dffe
material,#mc/mtl_wpn_t8_eqp_heal_aid_1
material,#hash_837304b793d73a24
material,#mc/mtl_p7_slu_alarm_fire_metal_02
material,#mc/mtl_p7_slu_alarm_fire_metal_03
material,#mc/mtl_p7_slu_alarm_fire_metal_01
material,#mc/mtl_p7_wes_poker_set_side
material,#ei/gfx_ui_square_i2048
material,#hash_3793197cb6ad53a
material,#hash_837bffce3ff2603a
material,#hash_838e37d479c235aa
material,#mc/mtl_wpn_t8_eqp_turret_mini_case_panel_bottom
material,#hash_839b34b58c9b9e1c
material,#mc/t7_cai_stone_block_wall_01
material,#mc/mtl_wpn_t8_shotgun_pump_sig_02_strap
material,#hash_83a95eb439fb5eba
material,#mc/mtl_p8_zm_esc_crate_wood_sml_black
material,#hash_3abebdc6f24e24c
material,#hash_83abf2580a61c1af
material,#hash_83adf2cc8a9c5a08
material,#mc/mtl_p7_zm_ctl_weapon_armory_bow_arrow_rope
material,#hash_3b3a035f8ad6ba6
material,#hash_83b44205bc899f0a
material,#hash_3b5d32398c030a5
material,#hash_83be11acc24d1a95
material,#hash_3be7d9711fbd4ef
material,#hash_3be7e9711fbd6a2
material,#hash_3be7f9711fbd855
material,#mc/mtl_attach_t8_sniper_koshka_bullets
material,#hash_83c2537064e9f1af
material,#hash_3c391c068f1a3fc
material,#mc/mtl_veh_t8_mil_heli_light_bench_griptape
material,#mc/mtl_p8_zm_esc_power_station_panel_set_glass_dirt
material,#mc/mtl_p7_zm_mob_crate_wood_sml_wood_decal01
material,#hash_3d572fca89f6fac
material,#hash_3d975207e4acbfe
material,#hash_3dbc1c0c6a645fd
material,#hash_83dc6ece5e9d6828
material,#hash_83de9ad64aef1115
material,#hash_3e6a500acd4397a
material,#hash_3e8ffed9673460a
material,#hash_3f82aa17df3614f
material,#wc/t7_decal_asphalt_damaged_crack
material,#hash_83fe08bd2327a710
material,#hash_3ff0ac449694d0a
material,#mc/mtl_wpn_t8_ar_heavy_sights_mk2
material,#hash_8404fe318bc7ab5a
material,#mc/mtl_attach_t8_lmg_heavy_barrel_muzzle
material,#hash_405551a8b24c0c1
material,#mc/mtl_t8_loot_wpn_smg_folding_stock_01_mk2
material,#hash_4067b45eae79040
material,#hash_840a7714fa36806f
material,#hash_840d6e8c0063c411
material,#hash_40e241f30d1db19
material,#hash_416b01e4cc02a8a
material,#hash_41bce2c0057a32b
material,#hash_41bcf2c0057a4de
material,#mc/mtl_p7_mou_storage_cabinet_scratch
material,#hash_41fae75f5de76ca
material,#hash_42549fd097ee032
material,#hash_425cb4c62e6d4fa
material,#hash_429008d47b57a64
material,#hash_842b437a88167eae
material,#hash_842b447a88168061
material,#hash_842b457a88168214
material,#hash_842e5f389ce758e9
material,#mc/mtl_p8_wep_cargo_container_military_floor
material,#mc/mtl_t8_wpn_smg_accurate_body_sig_01
material,#mc/mtl_t8_wpn_smg_accurate_body_sig_02
material,#hash_432e1667c022218
material,#hash_84364a255e9dfe08
material,#hash_43724e276392e13
material,#hash_43725e276392fc6
material,#hash_43726e276393179
material,#mc/mtl_p8_wep_ceiling_structure_set_weld
material,#mc/mtl_p8_col_ship_interior_fire_control_console
material,#hash_43b8f8e385f4b22
material,#hash_43c11a295823e5f
material,#mc/mtl_wpn_t8_tac_rifle_swordfish_sig02_mag
material,#mc/mtl_p8_wz_door_01_steel_cleaner
material,#mc/mtl_p7_box_cardboard_tape_open02
material,#mc/mtl_p7_box_cardboard_tape_open01
material,#hash_844f727b5c7cff6d
material,#hash_845497bd39ce2d06
material,#mc/t7_beans_canned_baked
material,#hash_845e139c5f1869e3
material,#hash_45e987c69f2d4b9
material,#mc/mtl_p8_zm_esc_table_wood_lrg_hole
material,#hash_84622c87d184e427
material,#mc/mtl_wpn_t8_tac_rifle_surgeon_barrel
material,#mc/mtl_wpn_t8_tac_rifle_surgeon_level_inner
material,#hash_4694bede07186ad
material,#hash_846bcc32a466df08
material,#mc/mtl_wpn_t8_loot_lmg_mk48_clip_stick_mk2
material,#mc/mtl_wpn_t8_loot_ar_standard_amulet_sig_02_nodraw
material,#mc/mtl_p8_zm_zod_broom_galley_mteal
material,#mc/mtl_p7_rus_desk_metal_vintage_set_metal_04
material,#mc/mtl_p7_rus_desk_metal_vintage_set_metal_03
material,#mc/mtl_p7_rus_desk_metal_vintage_set_metal_02
material,#mc/mtl_p7_rus_desk_metal_vintage_set_metal_01
material,#mc/mtl_p7_zm_ori_pillar_concrete_dmg_rebar
material,#hash_48e05b45f5f4da7
material,#hash_848ea0295132145c
material,#hash_8495172c21b1c2f8
material,#hash_8495182c21b1c4ab
material,#hash_8495192c21b1c65e
material,#hash_84951c2c21b1cb77
material,#hash_84951d2c21b1cd2a
material,#hash_84951e2c21b1cedd
material,#mc/mtl_p8_wz_door_01_frame
material,#hash_8497f5e433364a80
material,#hash_8499b2eec709b517
material,#hash_8499fc40cfc710d0
material,#mc/mtl_p8_zm_esc_gun_gallery_metal_beam_01
material,#mc/mtl_p8_zm_esc_gun_gallery_metal_beam_03
material,#mc/mtl_p8_zm_esc_gun_gallery_metal_beam_02
material,#mc/mtl_p8_zm_whi_bed_wood_queen_02_plastic
material,#mc/mtl_p7_zm_asc_switch_electric_02_glass
material,#hash_84afd83688842f37
material,#mc/t7_wood_wall_panel_04
material,#hash_84b8b20e4c6a1e04
material,#hash_84c8888408e25ffe
material,#hash_84c8a9b520b9b2c3
material,#hash_4cd8a36f570b96b
material,#mc/mtl_p7_mou_concrete_slab
material,#mc/mtl_p8_box_cardboard_01_trim
material,#mc/mtl_p8_wz_picture_bunker_02
material,#mc/mtl_p8_wz_picture_bunker_04
material,#mc/mtl_p8_ice_gas_console_box_01_black
material,#hash_4d51fdba74f2278
material,#hash_4d522dba74f2791
material,#mc/t7_decal_grunge_rust_09_red
material,#hash_84dece497cf03b04
material,#hash_4e5ae17102a09de
material,#mc/t8_decal_tech_detail_low_tech_20_normal
material,#mc/mtl_wpn_t8_loot_sniper_mini14_back_receiver
material,#mc/mtl_veh_t8_mil_boat_tactical_raft_engine_decal_f
material,#mc/mtl_veh_t8_mil_boat_tactical_raft_engine_decal_e
material,#mc/mtl_veh_t8_mil_boat_tactical_raft_engine_decal_c
material,#mc/mtl_attach_t8_smg_fastfire_ext_fast_mag
material,#hash_4f51737665f4515
material,#hash_4f672df828003ee
material,#mc/mtl_p8_metal_tank_water_decal
material,#hash_4fac965def6c711
material,#hash_4fae569d181695a
material,#mc/mtl_p7_spl_rubber_floor_mat_tile
material,#mc/mtl_veh_t8_mil_boat_tactical_raft_engine_blk
material,#mc/mtl_attach_t8_loot_sniper_locus_silencer_01
material,#mc/mtl_wpn_t8_loot_ar_peacekeeper_stock_base
material,#hash_510c1f795aac955
material,#hash_8518b178863ad415
material,#mc/mtl_p8_wz_cu_typewriter_vintage_decal01
material,#mc/mtl_p8_wz_cu_typewriter_vintage_decal02
material,#hash_51909fa886b7b2d
material,#mc/t8_micro_cloth_linen_01
material,#hash_852103b540cc54cb
material,#hash_852131cdf41793df
material,#hash_5217ad6799239c3
material,#mc/mtl_attach_t8_loot_lmg_mk48_fmj_top
material,#mc/t7_ban_metal_painted_rusty_yellow
material,#mc/mtl_p7_zm_kin_table_folding_metal_02
material,#mc/mtl_p7_zm_kin_table_folding_metal_01
material,#hash_852aadd85b89d308
material,#hash_852c4919b80394ff
material,#hash_852d49644e4ef756
material,#hash_8530299e93ff44fd
material,#mc/mtl_wpn_t8_sniper_vanguard_scope_front_v2_alt
material,#mc/mtl_attach_t8_loot_tr_flechette_quickdraw
material,#mc/mtl_t8_wpn_pistol_auto_hical_mk2
material,#hash_853f5e9c85785c4e
material,#hash_5451c17045c184c
material,#hash_5451d17045c19ff
material,#mc/mtl_attach_t8_smg_handling_fastmag_2
material,#hash_5489b17045f25f0
material,#hash_855523b1a711c34e
material,#hash_8558d7cb76c06b27
material,#hash_55c7c9bb5f94018
material,#hash_55c819bb5f94897
material,#hash_55c829bb5f94a4a
material,#hash_55c839bb5f94bfd
material,#mc/mtl_p7_zur_nw_vat_blast_door_decal_01
material,#mc/mtl_wpn_t8_lmg_hades_front_sight_base
material,#mc/mtl_p7_zm_mob_door_security_window_micro
material,#hash_85671fc3056a8c86
material,#mc/mtl_t8_wpn_lmg_heavy_handle
material,#hash_56bc2cd3e32667b
material,#hash_56bc3cd3e32682e
material,#hash_56bc4cd3e3269e1
material,#hash_56bc5cd3e326b94
material,#hash_56bc6cd3e326d47
material,#hash_56bc7cd3e326efa
material,#mc/mtl_wpn_t8_ar_galil_parts_base
material,#mc/mtl_t8_attach_optic_reflex_latch
material,#mc/mtl_veh_t8_mil_boat_tactical_raft_body_cone_b_blk
material,#hash_857a76a07888ee14
material,#hash_57f7a7f456f0491
material,#hash_5853d8314e2e6c8
material,#hash_588fae8ee8641de
material,#hash_58acae830048a7d
material,#hash_858b80b362b51997
material,#mc/mtl_attach_t8_pistol_revolver_uber_alt_mk2
material,#ei/gfx_light_taillight_em
material,#mc/mtl_t8_wpn_smg_accurate_handguard
material,#mc/mtl_c_t8_zmb_mob_brutus_helmet
material,#hash_59dffffe99eecc0
material,#hash_59e01ffe99ef026
material,#hash_59e02ffe99ef1d9
material,#hash_859e8ab3402625b5
material,#hash_5a122cb01a7a224
material,#mc/mtl_p8_crate_wood_01_set03
material,#mc/mtl_p8_crate_wood_01_set02
material,#hash_5a67030b0c04e60
material,#hash_5a67130b0c05013
material,#mc/mtl_p7_drain_metal_shower
material,#hash_5aa2dab5e0b9ef9
material,#mc/mtl_wpn_t8_sniper_powersemi_handguard_02_sig_02
material,#hash_5b612fd769bf2f3
material,#hash_85b674cdc9dbcd93
material,#mc/t7_metal_rust_03_blend
material,#hash_5bacb4869814f2f
material,#hash_85c4ff5d3cef52c4
material,#mc/mtl_attach_t8_tac_rifle_mid_burst_grip_metal
material,#mc/mtl_wpn_t8_lmg_titan_sig_02_base_front
material,#hash_5d6447e065471cc
material,#mc/t7_metal_worn_iron_dark
material,#hash_5d7596f8104f543
material,#hash_5d75a6f8104f6f6
material,#hash_5dfcdd254e3fc0c
material,#hash_5dfd0d254e40125
material,#mc/mtl_wpn_t8_lmg_titan_barrel
material,#hash_85e417d8eab5e9c6
material,#mc/mtl_p7_zm_isl_bed_infirmary_dirty
material,#mc/mtl_p7_zm_kin_dresser_wood_03_dmg
material,#mc/mtl_p7_zm_ctl_desk_wood_vintage_drawer
material,#hash_5f72746e646bd90
material,#hash_5f7d687130aed92
material,#mc/mtl_veh_t8_mil_boat_tactical_raft_details_body_blk
material,#mc/mtl_wpn_t8_loot_tac_rifle_damageburst_grip
material,#mc/mtl_p7_zm_clt_bunkbed_wood_01
material,#hash_60d57c3e5812ee0
material,#mc/mtl_wpn_t8_sniper_koshka_mid_cylinder_02_alt_mk2
material,#ei/gfx_exp_underwater_bubble_em
material,#hash_86138ab7db9a8d57
material,#hash_8618bf0333907806
material,#hash_6203a0d2170caa6
material,#hash_8623cef22c6ca206
material,#hash_8627f8e2aa48f22c
material,#hash_862c967cad3e36d9
material,#hash_62d2bcd16056fba
material,#hash_62e37fd0932a34b
material,#mc/mtl_c_t8_mp_spe_armor_light
material,#mc/mtl_wpn_t8_sniper_koshka_scope_03_black
material,#hash_64568814bfc4f66
material,#mc/mtl_wpn_t8_eqp_tripwire_slingshot_sling_tab
material,#hash_864620111f83a645
material,#hash_647a98c971ca7c6
material,#mc/mtl_wpn_t8_ar_damage_lower_receiver_sig_01
material,#hash_8649007b1de836cd
material,#mc/mtl_wpn_t8_ar_stealth_base_weapon_03_mk2
material,#hash_864afa0731264c1c
material,#mc/mtl_wpn_t8_lmg_titan_alt
material,#hash_64dd8b03ea9107f
material,#mc/mtl_p7_mou_storage_cabinet_metal
material,#hash_6554b0131100b0e
material,#mc/mtl_wpn_t8_eqp_trophy_system_body
material,#hash_65673cf48b4dd70
material,#hash_65675cf48b4e0d6
material,#hash_65678cf48b4e5ef
material,#hash_65bd12d90f9ec04
material,#mc/mtl_wpn_t8_loot_shotgun_fullauto_stockpad_alt_mk2
material,#mc/mtl_wpn_t8_sniper_koshka_cheek_rest
material,#mc/mtl_attach_t8_optic_acog_back
material,#hash_660457c4f3531b7
material,#hash_866073de2bbb8797
material,#hash_866074de2bbb894a
material,#mc/t7_concrete_wall_damaged_01
material,#hash_668c880c9e9bcb8
material,#mc/mtl_p7_zm_isl_light_wall_vintage_metal_01
material,#mc/mtl_p7_zm_isl_light_wall_vintage_metal_02
material,#hash_866d8bbb6d2c7568
material,#hash_867340c2dea7255a
material,#hash_867bccce844b62ac
material,#mc/mtl_wpn_t8_sniper_vanguard_sig_01_scope_back_v2
material,#mc/mtl_p7_window_glass_shard
material,#hash_8688c901aeb74d76
material,#hash_692303f00e18c26
material,#mc/mtl_wpn_t8_ar_accurate_shroud_sig_03
material,#mc/mtl_attach_t8_tac_rifle_mid_burst_grip
material,#hash_69860eb70a301a7
material,#mc/mtl_wpn_t8_crossbow_stock_alt
material,#hash_869a2c3a0ea08e5a
material,#hash_6a0084fe77d6137
material,#hash_86a2385f9e32d94b
material,#hash_86a493e012776a66
material,#mc/mtl_wpn_t8_loot_shotgun_fullauto_grip_alt
material,#hash_6a7a2b7ab387022
material,#hash_6a8b7f7b9a9ac08
material,#hash_86af636225acbdca
material,#hash_6b1fa5214528f8d
material,#hash_6b3ab317c0cc9d3
material,#hash_86bc800406612fde
material,#hash_6bd31b3811a0bfd
material,#mc/mtl_wpn_t8_loot_smg_burst_sling
material,#hash_6c22363d51e2189
material,#mc/t8_decal_tech_detail_high_tech_02_normal
material,#mc/mtl_p7_monitor_rugged_military_internal
material,#mc/mtl_t8_loot_wpn_smg_folding_rails
material,#hash_6c3cca0841b2b20
material,#mc/mtl_p8_wz_cu_typewriter_vintage_metal02
material,#mc/mtl_p8_wz_cu_typewriter_vintage_metal03
material,#mc/mtl_p8_wz_cu_typewriter_vintage_metal01
material,#mc/mtl_p8_wz_cu_typewriter_vintage_metal04
material,#mc/mtl_p8_wz_cu_typewriter_vintage_metal05
material,#hash_6cb8a40c82f3510
material,#hash_6cd083d55075b93
material,#hash_6d01b1eaf3f534b
material,#hash_6d39e9d5801678b
material,#hash_6d5f38f04da52eb
material,#hash_6d6bbb2c35127dc
material,#mc/mtl_wpn_t8_loot_sniper_mini14_decals
material,#hash_86dec3efa2963e47
material,#hash_86df584e4470eb1e
material,#hash_86dfddefc68be6b6
material,#mc/mtl_p7_wes_bottle_whiskey_01_glass_02
material,#mc/mtl_p7_wes_bottle_whiskey_01_glass_01
material,#hash_86e2b65710c6bc49
material,#mc/mtl_attach_t8_smg_accurate_stock_attach_alt
material,#hash_86e9eecb169adbc5
material,#hash_86ed544cf8340bad
material,#hash_6eff6575c67a4a6
material,#mc/mtl_t8_attach_optic_reflex_buttons
material,#mc/mtl_attach_t8_smg_fastfire_coupler
material,#hash_6f6d33a8fae82da
material,#mc/mtl_wpn_t8_loot_sniper_mini14_receiver_mk2
material,#hash_6fb6e30f390b7b2
material,#mc/mtl_veh_t8_mil_air_gunship_body_01_glass
material,#hash_86fe7fdb03e733e2
material,#mc/mtl_attach_t8_loot_sniper_mini14_dbal_rail
material,#hash_8701cc7ca921a0af
material,#hash_70619991273206b
material,#hash_708a5385ba3a001
material,#hash_70916b8c11fc7d3
material,#mc/mtl_wpn_t8_smg_capacity_sights_cradle_metal
material,#mc/mtl_wpn_t8_loot_lmg_mk48_stock
material,#hash_7123177e7471ffb
material,#hash_713e2f95001e41f
material,#hash_713e3f95001e5d2
material,#hash_713e4f95001e785
material,#hash_719113c8919a9a8
material,#mc/mtl_wpn_t8_sniper_vanguard_scope_front_v2
material,#mc/t7_ban_metal_painted_rusty
material,#mc/mtl_veh_t8_mil_heli_light_navi_light_pnt_body
material,#mc/mtl_wpn_t8_sig_grapple_gun_handle
material,#hash_72a6222af3f0de1
material,#hash_872b97abe3aea50a
material,#hash_72e5574b3f2c0e9
material,#hash_73329c1e1147f39
material,#hash_7332bc1e114829f
material,#mc/t8_decal_tech_detail_keyhole_normal
material,#hash_8748c1232e1324f3
material,#mc/mtl_p7_luggage_soft_large_bag_grey
material,#hash_74db32f605f92eb
material,#hash_874f8fe2b776e360
material,#hash_874f90e2b776e513
material,#hash_874f96e2b776ef45
material,#mc/mtl_attach_t8_lmg_titan_glass
material,#hash_75660c331bf340b
material,#mc/mtl_p7_box_cardboard_tape_open02_wet
material,#hash_75a32169790a6f1
material,#hash_761ff9bfe65d0f7
material,#hash_76718e7dd2c83b7
material,#mc/mtl_p7_concrete_pillar_damage
material,#hash_770c79b126192a2
material,#hash_772eca908c816d1
material,#hash_7735d300852507c
material,#mc/mtl_p8_debris_cardboard_flat_07
material,#mc/mtl_p7_trash_bag_white
material,#mc/mtl_wpn_t8_ar_heavy_decal_stock
material,#hash_77f94b22c27be81
material,#mc/mtl_p8_col_sprinkler_metal_03
material,#mc/mtl_p8_col_sprinkler_metal_02
material,#mc/mtl_p8_col_sprinkler_metal_01
material,#mc/mtl_wpn_t8_pistol_burst_slide_alt
material,#hash_79aca364aab0887
material,#mc/mtl_wpn_t8_lmg_titan_sig_01_mag
material,#hash_7a52479552e4948
material,#hash_87a923b6cbbfa11d
material,#mc/mtl_wpn_t8_lmg_titan_grip
material,#hash_7b40fa9fd0f0eef
material,#hash_87bb6110c191ab8d
material,#mc/mtl_wpn_t8_sniper_power_semi_scope
material,#mc/mtl_p8_col_military_ship_ribs
material,#hash_7c774c84056bcea
material,#mc/mtl_p7_water_container_plastic_small_cap
material,#hash_7cb029d6dd4f03e
material,#mc/mtl_wpn_t8_loot_ar_double_tap_receiver_mk2
material,#mc/mtl_attach_t8_ar_accurate_grip
material,#hash_7d925dac5b6f9ff
material,#hash_87df1f1ab56b1140
material,#mc/mtl_wpn_t8_ar_modular_barrel_sig_03
material,#mc/mtl_wpn_t8_ar_modular_barrel_sig_01
material,#hash_7edc052084bfce5
material,#mc/mtl_wpn_t8_ar_accurate_receiver_teeth_sig_03
material,#mc/mtl_wpn_t8_loot_ar_double_tap_receiver_alt_mk2
material,#hash_7f17b2fe0774b1b
material,#mc/mtl_p7_antenna_rooftop_01
material,#mc/mtl_wpn_t8_tr_midburst_cheekrest_sig_01
material,#mc/mtl_wpn_t8_tac_rifle_swordfish_carry_handle_alt
material,#mc/t7_metal_trim_rivets_02_clean_nobolts
material,#hash_7fad952f9f61af7
material,#hash_7fba991fd248b44
material,#hash_880108d28650e357
material,#hash_8802a49dac7da09c
material,#hash_881a9f6165775523
material,#hash_881aa26165775a3c
material,#hash_881aa36165775bef
material,#hash_881aad6165776ced
material,#mc/t8_decal_tech_detail_screw_02
material,#mc/t8_decal_tech_detail_screw_01
material,#hash_881d0bb31dbb2097
material,#hash_881e2261657a6993
material,#hash_81f1c2addb75e47
material,#mc/mtl_wpn_t8_eqp_trophy_system_decals
material,#hash_8820ad236a424af1
material,#hash_827eadcd54b8acb
material,#mc/mtl_wpn_t8_ar_accurate_clip_sig_03
material,#mc/mtl_attach_t8_tac_rifle_surgeon_hical_02
material,#mc/mtl_attach_t8_tac_rifle_surgeon_hical_01
material,#mc/mtl_p7_barrier_block_concrete_long_rusty_wet
material,#mc/mtl_p7_zm_ori_wood_planks_dmg_set_decal_03
material,#mc/mtl_p7_zm_ori_wood_planks_dmg_set_decal_02
material,#mc/mtl_wpn_t8_sniper_vanguard_sig_01_body
material,#hash_83734f18057c5ec
material,#hash_88375d5c7b78a4d6
material,#mc/mtl_eqp_t8_grenade_concussion_top
material,#hash_83c3c40b10e6b30
material,#mc/t7_dlc1_concrete_greek_moulding_trim
material,#mc/mtl_p7_cry_vents_lobby_01
material,#mc/mtl_wpn_t8_launcher_standard_ammo
material,#hash_88411434acf4e931
material,#hash_88422eef4ef5f395
material,#mc/mtl_wpn_t8_zm_monkey
material,#hash_8447c39d8e72ec9
material,#hash_8844acd36a752404
material,#mc/mtl_p7_roof_vents_02_metal_bare
material,#hash_884ea66bbdeaec19
material,#mc/mtl_p7_bottle_glass_liquor_01
material,#hash_85389fbf8a7361f
material,#hash_8859f63573192c43
material,#hash_88606af9d186c54c
material,#mc/mtl_wpn_t8_loot_lmg_mk48_barrel
material,#hash_8862468d247db602
material,#hash_86d2258723b7185
material,#mc/mtl_attach_t8_loot_ar_peacekeeper_handguard_alt
material,#hash_8771d0d99000aa5
material,#mc/mtl_wpn_t8_loot_smg_burst_foregrip_mk2
material,#mc/mtl_wpn_t8_tac_rifle_surgeon_scope_1
material,#mc/mtl_p8_col_conveyor_unit_decal_12
material,#mc/mtl_p8_col_conveyor_unit_decal_10
material,#mc/mtl_p8_col_conveyor_unit_decal_11
material,#mc/mtl_wpn_t8_ar_heavy_smoke_sig_02_nodraw
material,#mc/mtl_p8_col_conveyor_unit_decal_08
material,#mc/mtl_p8_col_conveyor_unit_decal_04
material,#mc/mtl_p8_col_conveyor_unit_decal_06
material,#mc/mtl_p8_col_conveyor_unit_decal_03
material,#mc/mtl_p8_col_conveyor_unit_decal_02
material,#hash_8884071715a7a1e9
material,#hash_88495647d7cf65f
material,#hash_88496647d7cf812
material,#hash_88497647d7cf9c5
material,#mc/mtl_wpn_t8_lmg_titan_mag_alt
material,#hash_888dd0fdecc033f
material,#hash_88909a032bc1d60
material,#hash_88b0203e6086dad
material,#hash_88da3646c104014
material,#hash_888f36ede1792957
material,#hash_88913bb17653a8db
material,#mc/mtl_wpn_t8_shotgun_prec_barrel_base
material,#mc/t7_wood_beam_worn_oak_bleached_dark
material,#mc/mtl_p7_zm_tra_billiard_vintage_table_wicker
material,#mc/mtl_wpn_t8_zm_mp40_clip_alt
material,#hash_897e1ccc4351544
material,#hash_897e4ccc4351a5d
material,#hash_8982ad870bdc5f5
material,#mc/t8_decal_grunge_rust_03_darker
material,#mc/mtl_p7_zm_mob_table_mess_hall_set_02
material,#mc/mtl_p7_zm_mob_table_mess_hall_set_03
material,#mc/mtl_p7_zm_mob_table_mess_hall_set_01
material,#hash_89d972efba0c320
material,#hash_8a1b35f1ca8166e
material,#mc/mtl_p8_zm_esc_laundry_bag_normal
material,#mc/mtl_p7_eth_light_wall_03_metal
material,#mc/mtl_wpn_t8_tac_rifle_swordfish_shroud
material,#hash_8ace08d186e5db5
material,#mc/mtl_wpn_t8_gradient_glow_pink
material,#hash_88b7497f4ceb20c2
material,#hash_8c18b805424fa52
material,#mc/mtl_p8_zm_esc_table_wood_lrg_tablecloth_water
material,#mc/mtl_wpn_t8_ar_galil_base
material,#mc/mtl_p8_zm_esc_window_guard
material,#hash_8d14a17438c37cb
material,#mc/mtl_p8_jpn_bank_money_stack_paper
material,#mc/mtl_wpn_t8_wz_smg_mp9_mag_base
material,#mc/mtl_wpn_t8_ar_stealth_front_hical
material,#mc/mtl_veh_t8_mil_heli_attack_rotor_blade_pnt_blk
material,#mc/mtl_wpn_t8_zm_raygun_mk2_3_wires
material,#hash_88e16500d89e19b6
material,#mc/mtl_veh_t8_drone_rcxd_strap
material,#mc/mtl_p7_bathtub_clawfoot_01_pipes
material,#hash_88e63a90b8de96d0
material,#hash_88e9c7e53c0320df
material,#mc/mtl_wpn_t8_sniper_koshka_stock
material,#mc/mtl_p8_zm_esc_table_wood_lrg_wood_b
material,#mc/mtl_p8_zm_esc_table_wood_lrg_wood_c
material,#mc/mtl_p7_fir_targetdummy_rail_wood_01
material,#mc/mtl_p7_fir_targetdummy_rail_wood_02
material,#mc/mtl_p7_zm_ctl_desk_supply_fan_decal_02
material,#mc/mtl_p7_zm_ctl_desk_supply_fan_decal_03
material,#mc/mtl_p7_zm_ctl_desk_supply_fan_decal_01
material,#hash_88f20c01f4c2897b
material,#hash_88f21101f4c291fa
material,#hash_88fb611712f99c70
material,#hash_8ff8b4d33e7d8b6
material,#hash_8902fb3e5a8cd80f
material,#hash_89059d034ad4dcbf
material,#mc/mtl_p8_zm_esc_box_cardboard_damaged_set_section
material,#mc/mtl_wpn_t8_sniper_powersemi_blood_sig_02
material,#hash_891ac863e09d9be8
material,#mc/mtl_p7_bulletin_board_cork_cork_material
material,#mc/mtl_wpn_t8_loot_sniper_mini14_back_receiver_alt_mk2
material,#hash_8921cbad70dd3ea8
material,#hash_92a6346cffb61f9
material,#mc/mtl_veh_t8_mil_heli_attack_tailfin_pnt_blk
material,#hash_9320f82c6b75b55
material,#mc/t7_metal_edge_wear_02
material,#mc/t7_metal_edge_wear_03
material,#mc/t7_metal_edge_wear_01
material,#hash_93ab0958771a975
material,#hash_893d39f9ae7d1f9e
material,#hash_893e2bc82456755d
material,#hash_893e67477e49d977
material,#hash_893e68477e49db2a
material,#mc/mtl_attach_t8_smg_mp9_stock
material,#mc/mtl_wpn_t8_loot_tac_rifle_damageburst_stock
material,#hash_894da4d83ee4bd43
material,#mc/mtl_wpn_t8_lmg_heavy_barrel_sig_02
material,#mc/mtl_p8_col_metal_corrugated_roof
material,#mc/mtl_attach_t8_pistol_revolver_scope_alt_mk2
material,#mc/mtl_wpn_t8_shotgun_prec_fast_mag_base
material,#mc/mtl_veh_t8_drone_rcxd_wheel_metal_dead
material,#mc/mtl_p8_col_conveyor_unit_metal_black_normal
material,#hash_895b00c57a17b223
material,#mc/mtl_wpn_t8_pistol_standard_mag_base
material,#mc/mtl_wpn_t8_smg_capacity_receiver_rear_cloth
material,#mc/mtl_p8_zm_esc_box_electric_weld
material,#hash_96338bbffe3feef
material,#mc/mtl_p8_pipe_metal_hp_4_01_painted
material,#hash_89672036de27851f
material,#hash_96d3637c3c8a83b
material,#hash_96da5249ef5c61c
material,#mc/mtl_attach_t8_ar_kn57_mount_alt_mk2
material,#hash_8979ae057fc77815
material,#mc/mtl_wpn_t8_loot_shotgun_fullauto_barrel_alt
material,#hash_897f0d16ae95d57d
material,#mc/mtl_wpn_t8_decals_global_screws_hex_01_mp9
material,#hash_988562d128a3ad7
material,#mc/mtl_p8_zm_esc_nixie_tubes_off
material,#mc/t7_decal_signage_numbers_stencil_grungy
material,#hash_98c74e26c75967d
material,#mc/mtl_wpn_t8_loot_ar_double_tap_barrel
material,#mc/mtl_p8_wz_supply_stash_chest_decal_rust_01
material,#hash_99f352f9c3db81f
material,#hash_99f918a7e3660d7
material,#mc/mtl_attach_t8_loot_ar_peacekeeper_handguard
material,#mc/mtl_attach_t8_smg_capacity_bolt
material,#hash_89b15b76ec65b55e
material,#mc/mtl_p7_zm_asc_machinery_industrial_self_decal
material,#mc/clip_missile
material,#mc/mtl_p7_rooftop_hvac_metal_decal
material,#hash_9c4da929e594e43
material,#hash_9c4db929e594ff6
material,#hash_89c72c6cfe2ade2a
material,#mc/mtl_wpn_t8_zm_raygun_mk2_5_blue
material,#hash_89ca6cd53ed23f0c
material,#hash_89cb8ab03c63e61e
material,#mc/t7_decal_grunge_wall_stain01_metal02
material,#hash_9d28ca62babbb9c
material,#mc/mtl_wpn_t8_ar_accurate_pouch_plastic
material,#mc/mtl_p7_newspaper_vintage_folded_decal
material,#mc/t7_rubber_floor_tiles_grip_yellow
material,#hash_9d3ba37a9b8c75a
material,#hash_89d405cdd3ed21c8
material,#hash_89d408cdd3ed26e1
material,#hash_89d93036b0611f4c
material,#hash_89d93336b0612465
material,#hash_9df4f23b6286f4c
material,#hash_9e85a4c62ec7a20
material,#hash_89ef7b705018cacf
material,#hash_89ef7c705018cc82
material,#mc/t7_concrete_wall_weathered_01
material,#hash_9f5f20b93894bc5
material,#mc/mtl_p8_zm_esc_chemistry_kit_frost_glass
material,#mc/mtl_wpn_t7_zmb_perk_bottle_water_2tap
material,#hash_9f8644f7529ad7b
material,#hash_9fa811fd15eb0be
material,#hash_a04d5ec7eb57d53
material,#hash_a05a34b99dad6b8
material,#hash_8a061ee0c9def6d8
material,#wc/t7_street_concrete_curb_01a_yellow_solid
material,#hash_a159a29c7f633c7
material,#mc/mtl_wpn_t8_tac_rifle_swordfish_grip
material,#mc/t8_metal_painted_white_blend
material,#hash_a17ef7b4e7b0eb9
material,#hash_a19c5e7145a19b7
material,#hash_a19c6e7145a1b6a
material,#mc/mtl_veh_t8_decal_button_rect_02
material,#mc/mtl_wpn_t8_crossbow_glass
material,#hash_a26d830f3c8650c
material,#hash_a27d5251b9e5a78
material,#mc/mtl_p7_rug_cloth_modern_128x256_base
material,#mc/mtl_attach_t8_tac_rifle_surgeon_bolt
material,#mc/t8_decal_tech_detail_panel_03
material,#hash_a2edf565f3f8abf
material,#mcs/mtl_p7_blinds_wide
material,#mc/mtl_p7_debris_newspaper_01_wet
material,#hash_a3a40a08405e90b
material,#mc/mtl_wpn_t8_shotgun_semi_mag_bullets_sig_01
material,#mc/mtl_wpn_t8_shotgun_semi_mag_bullets_sig_02
material,#hash_a3cb4aab5bef4e7
material,#hash_a430423ee18cec8
material,#hash_8a45f0eba93b2a28
material,#hash_8a45f1eba93b2bdb
material,#hash_8a45f3eba93b2f41
material,#hash_8a45f6eba93b345a
material,#hash_8a45f7eba93b360d
material,#mc/mtl_wpn_t8_loot_ar_standard_grip_sig_02
material,#mc/mtl_wpn_t8_loot_sniper_semiauto_bullet
material,#mc/mtl_wpn_t8_loot_shotgun_fullauto_grip_alt_mk2
material,#mc/mtl_p8_box_electric_commercial_metal_sml_dmg_01
material,#mc/mtl_wpn_t8_sniper_vanguard_sig_02_wings
material,#mc/mtl_wpn_t8_camo_requiem
material,#mc/t8_concrete_damaged_cracked_02_blend
material,#hash_8a68c4adb4a8ba62
material,#hash_a6a25425077ad3e
material,#mc/mtl_t8_wpn_smg_accurate_barrel_sig_01
material,#mc/mtl_t8_wpn_smg_accurate_barrel_sig_02
material,#hash_a75848070c64155
material,#mc/mtl_wpn_t8_sniper_vanguard_sig_02_body
material,#mc/mtl_wpn_t8_sig_flamethrower_upper_rubber
material,#mc/mtl_p7_fir_light_industrial_decal
material,#hash_a7b8bb318905fba
material,#wc/t7_brick_worn_heavy_grout_tan
material,#mc/mtl_p8_zm_esc_book_02_paper
material,#mc/mtl_wpn_t8_smg_fastfire_body_01_alt_mk2
material,#hash_8a8599e6781b0096
material,#mc/mtl_p8_fire_extinguisher_01_dmg_decal_dirt
material,#hash_8a9b3b10c878794a
material,#hash_8a9bf46a56354b68
material,#hash_8a9e3b44e6135d06
material,#ei/gfx_smk_whisp_anim_em
material,#mc/t7_mou_concrete_poured
material,#mc/mtl_wpn_t8_wz_water_balloon
material,#mc/mtl_wpn_t8_loot_smg_burst_clip_mk2
material,#hash_ac5d0a9598d734e
material,#mc/mtl_wpn_t8_sniper_powersemi_misc_02_sig_02
material,#hash_acad827fe6535d9
material,#mc/mtl_wpn_t8_tac_rifle_swordfish_sig02_body_details
material,#mc/mtl_p7_consumer_grade_monitor_frame
material,#mc/mtl_wpn_t8_lmg_titan_sig_01_clamp_alt
material,#mc/mtl_wpn_t8_loot_ar_peacekeeper_base
material,#mc/mtl_p8_box_cardboard_c_closed
material,#hash_8add69c4444bb28d
material,#mc/mtl_wpn_t8_loot_sniper_locus_handguard_alt
material,#mc/mtl_p8_zm_esc_pipe_metal_dark_decal
material,#hash_ae3e7a7d88d7dce
material,#hash_aead57fe2af5b5e
material,#mc/mtl_attach_t8_lmg_titan_hipfire_handle
material,#hash_8afb3ca7723f8a61
material,#mc/bullet_collision_metalhollow
material,#mc/mtl_wpn_t8_eqp_turret_mini_case_decal
material,#mc/mtl_eqp_t8_grenade_concussion_decals
material,#mc/mtl_wpn_t8_loot_tac_rifle_damageburst_handguard
material,#hash_8b050ed49ff36692
material,#mc/mtl_t8_camo_dlc3_spacedust_02
material,#mc/mtl_t8_camo_dlc3_spacedust_03
material,#mc/mtl_t8_camo_dlc3_spacedust_04
material,#hash_8b08907901bd7b6e
material,#hash_8b09deac92980750
material,#hash_8b09e4ac92981182
material,#hash_b0bf4bb0551535a
material,#hash_8b0c127901c08e2b
material,#hash_8b0cf0ac929a5bbd
material,#ei/gfx_dust_light_lit
material,#mc/mtl_wpn_t8_loot_smg_minigun_bolt
material,#hash_8b1259fe5090ffd8
material,#hash_b175735b7907f56
material,#hash_b223685113b06a4
material,#hash_b2353c4afc5d632
material,#hash_b25d0b82dc5ebbe
material,#mc/mtl_wpn_t8_ar_modular_02_upper_sig_01
material,#mc/mtl_p7_sweep
material,#hash_8b290300673eef44
material,#mc/mtl_p8_zm_esc_crate_wood_sml_iron
material,#mc/mtl_wpn_t8_loot_smg_minigun_body
material,#hash_b2de8f5c6c3f0b3
material,#mc/mtl_p7_conduit_metal_pipes
material,#mc/t8_decal_trim_relief_jacobean_01
material,#hash_b346c599e90249e
material,#mc/mtl_wpn_t8_lmg_hades_magwell_chrome
material,#mc/mtl_p7_slu_box_electric_set_glass
material,#mc/mtl_wpn_t8_ar_heavy_receiver_sig_02
material,#mc/mtl_attach_t8_optic_acog_decals
material,#mc/mtl_attach_t8_loot_sniper_locus_ext_mag_01_alt
material,#hash_b4075e39e5aa92b
material,#hash_8b462abfe474817f
material,#mc/mtl_wpn_t8_ar_damage_stock_sig_01
material,#hash_b48e5d9ff675f65
material,#hash_b4911f15bc78556
material,#hash_b4915f15bc78c22
material,#mc/mtl_veh_t8_mil_boat_tactical_raft_details_rope_dead
material,#hash_8b58b81afcb12330
material,#mc/mtl_veh_t8_mil_boat_tactical_raft_body_straight_01_gry
material,#mc/mtl_p8_crate_wood_decal_07_red
material,#hash_b60346fd5c30c48
material,#hash_b6197891722bc54
material,#mc/mtl_wpn_t8_ar_kn57_stock_alt_mk2
material,#mc/mtl_p8_zm_esc_door_frame_security
material,#mc/t7_wood_planks_damaged_teak
material,#hash_b6939f727f75a5c
material,#mc/t7_metal_panels_painted_2x4
material,#mc/mtl_p7_mou_storage_cabinet_soil
material,#hash_b77d4fdc0652069
material,#mc/mtl_veh_t8_mil_boat_tactical_raft_floor_gry
material,#hash_b7a8228e5233f6f
material,#mc/mtl_attach_t8_lmg_titan_rails
material,#hash_b80ef8d8e7595e3
material,#hash_b80f08d8e759796
material,#hash_b80f18d8e759949
material,#hash_b80f28d8e759afc
material,#mc/mtl_p8_col_cabinet_lab_wood_btm_plastic_02
material,#hash_b837946d5b37378
material,#hash_b8605eb62ed0512
material,#hash_b8622257050b558
material,#mc/mtl_p7_mou_storage_cabinet
material,#mc/mtl_p8_zm_esc_metal_hook_dirty
material,#hash_b9201de62060d9d
material,#mc/mtl_p7_zm_kin_bed_antique_cover
material,#mc/mtl_p8_zm_esc_bldg_64_metal_plate_weld
material,#hash_b981314244683bf
material,#hash_8b98e7d45528da31
material,#mc/mtl_p7_cash_register_vintage_dirty
material,#mc/mtl_attach_t8_shotgun_pump_foregrip_alt
material,#mc/mtl_p8_ibeam_01_straight_01_gray
material,#hash_8b9d14c585ed5080
material,#hash_ba09d489a20b093
material,#mc/mtl_p8_chi_beam_roof_metal_base
material,#hash_ba6b01ad963321d
material,#vdd/gfx_decal_blood_nonfatal_01
material,#vdd/gfx_decal_blood_nonfatal_02
material,#mc/mtl_p8_zm_esc_power_house_tank_tank
material,#mc/mtl_p7_electrical_box_set2_meterhead
material,#mc/mtl_wpn_t8_pistol_standard_slide_sig_02
material,#mc/mtl_wpn_t8_pistol_standard_slide_sig_01
material,#mc/mtl_p8_zm_esc_cell_bed_cloth_01
material,#mc/mtl_p8_zm_esc_cell_bed_cloth_03
material,#mc/mtl_p8_zm_esc_cell_bed_cloth_02
material,#hash_8bb2bf5021417081
material,#hash_bb3024d2ad360a3
material,#mc/mtl_t8_wpn_lmg_heavy_handle_sig_01
material,#hash_8bb84e9db199089f
material,#hash_8bb8579db19917ea
material,#hash_bbbf07917b50c11
material,#mc/mtl_p8_zm_esc_cell_shower_head
material,#hash_bc451c62567a1dc
material,#hash_bc628923e5f7e58
material,#mc/mtl_veh_t8_drone_rcxd_radio_light
material,#mc/t8_metal_corrugated_vertical_01_painted_grey
material,#mc/mtl_wpn_t8_ar_galil_upper_base
material,#hash_bd475ebfe143b3b
material,#mc/t8_concrete_wall_poured_01
material,#hash_8bde8645053696e1
material,#mc/mtl_veh_t8_clear
material,#mc/mtl_wpn_t8_sniper_vanguard_stock_v2
material,#hash_bef0d70db1dc035
material,#mc/mtl_p7_light_led_box
material,#hash_bf5814117a709ad
material,#mc/mtl_wpn_t8_launcher_standard_reticle
material,#mc/mtl_wpn_t8_loot_smg_folding_decals_02
material,#hash_c0161e10c2e797d
material,#mc/t8_zm_esc_cracks_floor_01
material,#hash_c1487f09c3a3e78
material,#hash_c1bb7b2c1b095b2
material,#mc/mtl_wpn_t8_zm_monkey_metal
material,#hash_c24cf58c300b623
material,#mc/mtl_t8_loot_wpn_smg_folding_stock_02_alt
material,#mc/mtl_wpn_t7_smg_wvl_lower_e
material,#hash_c33f4399bc99653
material,#hash_c399ebf994e29b0
material,#hash_8c3c551cc5dc0179
material,#mc/mtl_p8_zm_esc_box_electric_dirt
material,#mc/mtl_p7_zm_asc_light_fluorescent_bulb_off
material,#mc/mtl_wpn_t8_eqp_turret_mini_device_camera_body
material,#hash_c45147b8ed397bf
material,#mc/mtl_p8_zm_esc_cryo_blue_print_01
material,#hash_8c48a34c34f94478
material,#hash_8c48a64c34f94991
material,#mc/mtl_wpn_t8_ar_fastfire_bolt
material,#mc/mtl_p7_tape_gaffer_wire_set_plastic_blue
material,#mc/mtl_wpn_t8_loot_melee_hammer_demo_metal
material,#hash_c50c93b4f1d3ab5
material,#mc/mtl_wpn_t8_eqp_tripwire_slingshot_arms
material,#mc/mtl_wpn_t8_loot_pistol_auto_decals_sig
material,#mc/mtl_wpn_t8_loot_shotgun_fullauto_rings_alt
material,#hash_c5b9797e1f911d2
material,#mc/mtl_p8_wz_foliage_bush_creosote_02_proxy_tiled
material,#mc/mtl_wpn_t8_loot_lmg_mk48_display
material,#mc/mtl_p8_wz_supply_stash_chest_metal_03
material,#mc/mtl_p8_wz_supply_stash_chest_metal_02
material,#mc/mtl_p8_wz_supply_stash_chest_metal_01
material,#mc/mtl_p8_wz_supply_stash_chest_metal_05
material,#mc/mtl_p8_wz_supply_stash_chest_metal_04
material,#hash_c62e0e37fb880cb
material,#hash_c672a642730081c
material,#hash_c672d6427300d35
material,#hash_8c6bc08bc9194ee5
material,#mc/mtl_p8_zm_esc_fence_wood_set_broken
material,#mc/mtl_p8_zm_esc_nixie_tubes_glass
material,#mc/mtl_p7_zm_asc_console_launch_key_plastic
material,#mc/mtl_wpn_t8_lmg_titan_sig_02_mag_e
material,#hash_8c7d1080ae1269bf
material,#mc/mtl_wpn_t8_smg_fastfire_clip_mk2
material,#hash_8c81ded65c3c39f8
material,#hash_c85cb5ce67c281f
material,#hash_c85cc5ce67c29d2
material,#mc/mtl_wpn_t8_ar_modular_handguard_sig_01
material,#mc/mtl_wpn_t8_ar_modular_handguard_sig_03
material,#mc/mtl_wpn_t8_crossbow_firing_pin_base
material,#hash_8c8e48c67f7740f4
material,#hash_8c92e216b68a77e1
material,#hash_c9799477bb3563a
material,#hash_c979a477bb357ed
material,#mc/t7_wood_wall_panel_04_oak
material,#hash_8c9a37640f83f488
material,#hash_8ca02820b74eef33
material,#hash_8ca590f30ed9a974
material,#hash_ca95e2e2d5b275f
material,#hash_ca9662e2d5b34f7
material,#hash_ca9672e2d5b36aa
material,#hash_ca9682e2d5b385d
material,#hash_caf91b2aae8f72b
material,#hash_cb1a992228d7f46
material,#mc/mtl_wpn_t8_shotgun_pump_handguard_base
material,#mc/mtl_wpn_t7_pis_spyder_tritium_red
material,#mc/mtl_wpn_t8_sniper_power_semi_handguard
material,#hash_8cbf148c896e0c49
material,#hash_cbf1ee3e505ca55
material,#hash_8cc0ab3ccdb00b1e
material,#mc/mtl_attach_t8_ar_kn57_suppressor_alt
material,#mc/mtl_t8_camo_dlc3_afterlife_02
material,#mc/mtl_p8_zm_esc_security_console_wood
material,#mc/mtl_p7_wes_couch_victorian_med_cloth_02
material,#mc/mtl_p7_wes_couch_victorian_med_cloth_01
material,#mc/mtl_p8_office_papers_sheets
material,#mc/mtl_wpn_t8_ar_kn57_handguard_alt
material,#mc/t7_metal_painted_wall_dirty_grey
material,#hash_8cd0c29fba252eda
material,#mc/mtl_wpn_t8_loot_sniper_locus_bits_alt
material,#mc/mtl_attach_t8_pistol_standard_muzzle
material,#mc/mtl_p8_zm_esc_cell_shelf_01_nail
material,#hash_8cda732c6ae67d4e
material,#mc/mtl_p7_zm_ver_box_electric_panel_lines
material,#mc/mtl_attach_t8_ar_kn57_adv_mag_mk2
material,#hash_ce30c656a092567
material,#hash_8ce65ae6cfca1e54
material,#hash_ce676016023f576
material,#mc/mtl_p8_zm_esc_box_cardboard_b_open01_damaged_02
material,#mc/mtl_p8_zm_esc_box_cardboard_b_open01_damaged_01
material,#hash_ceea53332a22841
material,#mc/mtl_p7_fir_bench_wood
material,#mc/mtl_attach_t8_loot_sniper_mini14_stock
material,#mc/mtl_wpn_t8_smg_capacity_stamp
material,#mc/mtl_p8_zm_esc_cloth_pile_02_detail
material,#mc/mtl_p8_zm_gla_stake_tower_wood_01_splinters
material,#mc/mtl_wpn_t8_wz_ar_stealth_mag
material,#mc/mtl_p7_debris_concrete_rubble_bolt_chrome
material,#hash_d02072dcb0faf7c
material,#hash_d020a2dcb0fb495
material,#mc/mtl_attach_t8_loot_tr_flechette_bolt_alt
material,#mc/t8_zm_esc_bricks_old_rough_01
material,#hash_d095a11b4abbef5
material,#hash_8d09d4f98a96b409
material,#hash_8d0a60c458dd6e60
material,#ei/gfx_water_splash_tall_center_anim
material,#wc/t7_decal_grunge_burnt_stain_01
material,#hash_8d179dc183940458
material,#hash_8d18225cc4f5a8a7
material,#hash_8d1ad9af6fdf3031
material,#hash_d1ee4b2891cd3ff
material,#hash_d1ee5b2891cd5b2
material,#mc/mtl_p8_zm_esc_dryer_industrial_screw
material,#mc/mtl_t8_wpn_smg_accurate_barrel
material,#hash_d2562093dc28a67
material,#hash_d267c243e8d2ef2
material,#mc/mtl_veh_t8_mil_heli_attack_body_rear_pnt_blk
material,#mc/mtl_p8_zm_esc_table_wood_lrg_wood_scratch
material,#hash_8d2e29a9f276e864
material,#hash_8d34d97375f85a68
material,#hash_d36ccb1425d2f48
material,#hash_8d37f877136e380d
material,#mc/t7_decal_damage_concrete_cracks_01
material,#mc/t7_decal_damage_concrete_cracks_04
material,#hash_8d3a31197b2fb88f
material,#mc/mtl_wpn_t8_sniper_powersemi_fly_sig_02
material,#mc/mtl_p7_ban_south_tribe_decor_rim_a_parts
material,#hash_d45409b7e3f8cf1
material,#mc/mtl_p7_zm_ori_pump_tank_holder
material,#hash_8d49c82ac52371f2
material,#mc/mtl_wpn_t8_tac_rifle_surgeon_strap_patch
material,#mc/mtl_wpn_t8_sniper_koshka_handguard
material,#hash_d57c1ba7a3d841f
material,#mc/mtl_wpn_t8_ar_fastfire_barrel
material,#hash_d5c349c41ee15c3
material,#mc/mtl_wpn_t8_shotgun_pump_shell_uber
material,#mc/t7_decal_damage_metal_rust_edge_01
material,#hash_d662fb1720ab49c
material,#hash_d6a91689b4f8202
material,#hash_8d726e778498dd7d
material,#mc/mtl_wpn_t8_lmg_titan_glass
material,#hash_d765a315cd03830
material,#compassping_enemy_diamond_bottom
material,#mc/mtl_p7_cai_dumpster_small_base_01
material,#mc/mtl_p7_cai_dumpster_small_base_03
material,#mc/mtl_p7_cai_dumpster_small_base_02
material,#hash_d7e8b729587f5dd
material,#mc/mtl_p8_zm_zod_bathtub_first_class_bathroom_metal
material,#hash_8d892225a7f8013b
material,#hash_d892f35b5fbb3dd
material,#mc/mtl_p8_zm_esc_power_station_panel_set_leak_rust
material,#mc/mtl_wpn_t8_lmg_hades_stock_plastic
material,#hash_8d8b323b2b6c2e1b
material,#mc/mtl_p7_cai_ceiling_fan_plastic
material,#mc/mtl_p7_inf_toilet_vintage
material,#hash_d97b2df45ade6f9
material,#hash_8d9a1ee2fc934ffe
material,#mc/mtl_p8_zm_esc_chemistry_kit_01_main
material,#vdd/gfx_decal_blood_fatal_02
material,#vdd/gfx_decal_blood_fatal_01
material,#mc/mtl_attach_t8_optic_hybrid_pieces
material,#hash_8da1f5233e42921a
material,#mc/mtl_wpn_t8_knife_bowie_plastic
material,#hash_8dac6bef157738f6
material,#mc/mtl_wpn_t8_shotgun_pump_sig_02_body
material,#hash_8db161cef4373dbe
material,#hash_8db162cef4373f71
material,#hash_db1e7ab444ce69f
material,#mc/mtl_p8_foliage_grass_long_skinny_page_01_dry
material,#mc/mtl_p8_zm_esc_clothes_stitch
material,#mc/wood_teak_decking_light_dlc1
material,#hash_8dbd89c423190765
material,#hash_dc6980564472c0d
material,#mc/mtl_p8_zm_esc_book_02_character
material,#hash_dcc22d24ecc751b
material,#hash_dcc27d24ecc7d9a
material,#mc/mtl_p8_zm_esc_dryer_industrial_03_plastic
material,#hash_8dd1282b15b24b00
material,#hash_8dd1292b15b24cb3
material,#hash_8dd12a2b15b24e66
material,#hash_dd6eadebbec9897
material,#hash_ddc78c02c4e87a4
material,#mc/t8_rubber_coated_wire_worn
material,#mc/mtl_attach_t8_optic_hybrid_glass_rear
material,#mc/mtl_veh_t8_decal_inset_rectangle
material,#hash_8de397b4d65b6562
material,#hash_de58b8866f7f765
material,#mc/mtl_wpn_t8_smg_capacity_receiver_black_metal
material,#hash_df02a69bc2b5b1d
material,#hash_8df66cea8ddd1aeb
material,#hash_8df6811325f365df
material,#hash_dfac61fd87612d1
material,#mc/mtl_p7_zm_isl_pipe_hp_12_flange_rust
material,#hash_dfcb23b204898cb
material,#hash_dfcb7fe35af61b3
material,#hash_dfdddf79bb4c9d8
material,#hash_8dff20dbe00cc520
material,#hash_8dff23dbe00cca39
material,#hash_dff47cd65d0bc5d
material,#hash_e000635d55a9aa1
material,#mc/mtl_wpn_t8_ar_stealth_sig_01_screws
material,#hash_8e0c3b77adff1a30
material,#mc/mtl_attach_t8_smg_accurate_grip_02_attach
material,#hash_e1566c26672e683
material,#mc/mtl_eqp_t8_grenade_concussion_dead
material,#hash_e1d0da79cc1cb02
material,#mc/mtl_wpn_t8_loot_smg_burst_handguard_mk2
material,#hash_e240b0a6211ed31
material,#mc/mtl_attach_t8_shotgun_pump_grip
material,#hash_8e26ca81df9cb19f
material,#hash_e28c2cf77b26f96
material,#hash_e29b80590437528
material,#mc/mtl_p8_ice_med_rock_01
material,#hash_e2bae8b53f33a7c
material,#mc/mtl_p7_metal_cut_panel_02
material,#mc/mtl_wpn_t8_sniper_vanguard_scope_back_v2
material,#mc/mtl_wpn_t8_sniper_koshka_mid_cylinder_02
material,#mc/mtl_wpn_t8_sniper_koshka_mid_cylinder_01
material,#mc/mtl_p8_col_sprinkler_metal_glass_01
material,#mc/mtl_wpn_t8_smg_capacity_receiver_rear_metal_mk2
material,#mc/mtl_wpn_t8_lmg_titan_sig_02_upper
material,#hash_e38bbbb8b474bbb
material,#mc/t8_decal_graphics_caution_stripe_01
material,#hash_e3c28fffcdf22db
material,#hash_e3c29fffcdf248e
material,#hash_e3c2afffcdf2641
material,#mc/mtl_wpn_t8_loot_tac_rifle_damageburst_barrel
material,#mc/attach_t8_pistol_burst_slide_alt
material,#hash_8e425fd944cd52a5
material,#mc/mtl_p7_zm_sta_library_bookshelf_small
material,#mc/mtl_p7_rug_round_01_white_dirty_cloth_decal
material,#hash_e4a3f7cb82a9605
material,#hash_8e4c46b265380933
material,#mc/mtl_p7_zm_kin_bed_antique_worn
material,#hash_8e4fe0e4e844abc6
material,#hash_8e5b562461b998ea
material,#hash_8e5b568e953933b1
material,#hash_e5e65634a2445fe
material,#hash_8e611c8e5d2394b2
material,#hash_e639a4aedf6f3d1
material,#hash_8e6a0ab2148c63ca
material,#hash_8e70e1dc1c2e7b7b
material,#mc/mtl_p8_zm_esc_sheet_metal_2x8_red
material,#hash_e765346ac1b9aa3
material,#mc/mtl_p7_book_vintage_cover_01
material,#mc/mtl_p7_light_emergency_a_light
material,#hash_8e7a023fd0df2285
material,#mc/mtl_p8_zm_esc_bldg_64_grate
material,#mc/mtl_wpn_t8_ar_accurate_sig_02_handguard
material,#hash_e82195b0ff8f322
material,#mc/mtl_p7_rug_cloth_modern_128x256_05
material,#mc/mtl_p7_rug_cloth_modern_128x256_06
material,#mc/mtl_wpn_t8_loot_lmg_mk48_body_mk2
material,#hash_8e84251adb36dc23
material,#mc/mtl_fx_bullet_chain
material,#mc/mtl_c_t8_zmb_gib_gore_punchblood
material,#mc/mtl_wpn_t8_loot_melee_slay_bell_alt
material,#hash_e8e28a26a1bf97c
material,#mc/mtl_wpn_t8_loot_ar_double_barrel_grip
material,#mc/mtl_wpn_t8_gradient_glow_red
material,#mc/mtl_wpn_t8_ar_accurate_decals_base
material,#mc/t8_decal_grunge_rust_12
material,#mc/t8_decal_grunge_rust_10
material,#mc/t8_decal_grunge_rust_11
material,#hash_8ea0225c337913a8
material,#hash_8ea0285c33791dda
material,#hash_8ea0295c33791f8d
material,#hash_ea063221d215333
material,#mc/mtl_wpn_t8_ar_kn57_receiver_lower
material,#mc/t8_decal_grunge_rust_09
material,#mc/t8_decal_grunge_rust_05
material,#mc/t8_decal_grunge_rust_04
material,#mc/t8_decal_grunge_rust_07
material,#mc/mtl_wpn_t8_loot_ar_double_tap_stock_alt
material,#hash_8eabd203a95cd26b
material,#hash_8eabd303a95cd41e
material,#mc/mtl_p8_zm_esc_book_pile_02_paper
material,#mc/mtl_p7_nightstand_wood_vintage_01_red
material,#hash_eb258d50fed0302
material,#mc/mtl_p8_zm_esc_frame_picture
material,#mc/mtl_p8_crate_metal_military_medium_05
material,#mc/mtl_p8_crate_metal_military_medium_04
material,#mc/mtl_p8_crate_metal_military_medium_01
material,#mc/mtl_p8_crate_metal_military_medium_03
material,#mc/mtl_p8_crate_metal_military_medium_02
material,#mc/mtl_p8_col_oven_kitchen_02_plastic01
material,#mc/mtl_p8_col_oven_kitchen_02_plastic02
material,#mc/mtl_p7_crate_wood_01
material,#hash_ebbbc3c4587b1f8
material,#hash_ebbbf3c4587b711
material,#mc/t7_plastic_molding_trim_dark
material,#mc/mtl_p8_spa_fireplace_log_emissive
material,#mc/mtl_p7_electrical_box_tall_trim_black
material,#mc/mtl_p8_zm_esc_radiator_vintage_metal_01
material,#mc/mtl_p8_zm_esc_radiator_vintage_metal_02
material,#hash_8ecae4a2571be050
material,#hash_8eccda784e472c55
material,#mc/t8_decal_tech_detail_high_tech_15_normal
material,#hash_8ecf419c80dc24bd
material,#hash_8ed134c733cc0f48
material,#mc/mtl_p7_locker_metal_laundry_white
material,#hash_edbe8ec351b37b3
material,#hash_ede861df91b602a
material,#mc/mtl_wpn_t8_smg_fastfire_handguard_01
material,#mc/mtl_p7_fxanim_gp_vine_strand_ivy_64_smod_proxy_flat
material,#hash_eeb2ea4d7e17711
material,#hash_eed46c72deb0714
material,#hash_8eef699178a838fd
material,#mc/mtl_wpn_t8_decals_global_hole
material,#mc/mtl_wpn_t8_tac_rifle_swordfish_stock
material,#mc/t8_decal_tech_detail_low_tech_07_normal
material,#hash_f0037d6972a5521
material,#hash_f012a0f418d21dd
material,#mc/mtl_wpn_t8_eqp_sensor_dart_gun_barrel
material,#hash_f13907c7282e898
material,#hash_f13937c7282edb1
material,#hash_8f174d706d225d56
material,#hash_f1fc45c259df640
material,#mc/mtl_wpn_t8_loot_smg_burst_rear_mk2
material,#hash_f235574896c8f7a
material,#mc/mtl_wpn_t8_ar_heavy_ranger_guards_base
material,#hash_f2882ace0911624
material,#hash_f2885ace0911b3d
material,#mc/t7_rock_gravel_compact_blend
material,#hash_f29a4e7186a6ca3
material,#hash_f29a5e7186a6e56
material,#hash_f29a6e7186a7009
material,#hash_f29a7e7186a71bc
material,#hash_f29a8e7186a736f
material,#mc/mtl_wpn_t8_loot_lmg_mk48_tube_mk2
material,#hash_f2e94528d1e5660
material,#hash_f2e99528d1e5edf
material,#hash_f2e9a528d1e6092
material,#hash_f2e9b528d1e6245
material,#mc/mtl_p7_trash_bag_yellow
material,#hash_f33c45286ef1566
material,#hash_8f36b5fc2bbcf8c8
material,#hash_f380af57a7b1132
material,#mc/mtl_wpn_t8_tac_rifle_swordfish_sig02_shotty_bolt_planes_01_decals
material,#wc/infinite_blackness_nogloss
material,#hash_8f45708ce1765473
material,#hash_f45efbd7d84de1f
material,#hash_f45f0bd7d84dfd2
material,#hash_8f4a98d73918b019
material,#mc/mtl_p8_shelf_display_shop_metal
material,#hash_f591b2058fbda2b
material,#mc/mtl_wpn_t8_loot_shotgun_fullauto_grip_sig
material,#hash_8f5cbc274d60a791
material,#mc/mtl_p8_pipes_electrical_metal
material,#hash_8f6684556e3e851b
material,#vd/gfx_decal_default_01
material,#mc/mtl_p8_zm_esc_cell_shelf_01_metal
material,#mc/mtl_wpn_t8_smg_capacity_receiver_rear_base_mk2
material,#mc/mtl_attach_t8_loot_ar_double_barrel_stock
material,#mc/mtl_p8_usa_submarine_interior_periscope_black
material,#hash_f7589134ac5b860
material,#hash_f7913a19af1d995
material,#mc/mtl_c_zom_der_zombie_hound_teeth
material,#ei/gfx_gel_drops_spec
material,#hash_f8579b76805ee56
material,#hash_f88bb56b74f8913
material,#hash_f8fcb423ab28386
material,#hash_f9483fcc35305fe
material,#mc/mtl_wpn_t8_smg_capacity_mag_release
material,#hash_f9f1845a140631e
material,#mc/mtl_p8_wz_door_01_wood_painted
material,#mc/mtl_wpn_t8_sniper_vanguard_magwell_v2_alt
material,#mc/mtl_veh_t8_decal_equipment_vent_holes
material,#hash_fa66cc5fade589a
material,#mc/mtl_p8_wep_cargo_container_military_decal_weld
material,#hash_8fa87b787433ef51
material,#wc/t7_decal_damage_concrete_tile_01
material,#wc/t7_decal_signage_street_lines_white
material,#mc/mtl_wpn_t8_ar_accurate_pouch_screen_background
material,#hash_8fb437eab3fb78ef
material,#hash_8fb4daffa5ca63b2
material,#mc/mtl_wpn_t8_sniper_vanguard_stock_v2_alt_mk2
material,#hash_fbf0941248bbfe8
material,#hash_fc4b214413d919e
material,#mc/mtl_wpn_t8_ar_heavy_bullet_base
material,#hash_fc76447b19cfa91
material,#hash_fc9ae2233aa97f4
material,#hash_fcba3f089e59bfe
material,#mc/mtl_attach_t8_ar_galil_handguard
material,#mc/mtl_p7_zm_tra_stove_kitchen_glass
material,#hash_8fd1d95d62adf099
material,#hash_fd4262d8f1226fd
material,#mc/mtl_p7_zm_kin_bed_antique_cover_dirty
material,#hash_8fdf39c8bfe16abf
material,#mc/mtl_veh_t8_drone_rcxd_body_lower_paint_dead
material,#mc/mtl_t8_camo_feathers
material,#hash_8fe46141ec8cf239
material,#mc/mtl_attach_t7_shotty_prec_fast_mag_02
material,#mc/mtl_attach_t8_loot_tr_flechette_foregrip_alt
material,#hash_ff014bf4564f655
material,#mc/mtl_wpn_t8_loot_ar_double_tap_mag_mk2
material,#ei/gfx_fog_slow_sm_anim_lit
material,#mc/mtl_wpn_t8_ar_stealth_sig_01_front_sight
material,#hash_8ff553d85dc08262
material,#hash_8ff7fdcbc52fa493
material,#hash_8ff8d5d85dc3951f
material,#wc/shadowcaster
material,#mc/mtl_wpn_t8_knife_bowie_bloody_metal
material,#hash_ffbe8c11c6eacc5
material,#hash_ffbe99aa0b0efc6
material,#mc/t7_decal_signage_street_lines_white
material,#hash_ffe8e2107aa1f02
material,#mc/mtl_wpn_t8_ar_modular_grip_sig_03
material,#mc/mtl_wpn_t8_ar_kn57_barrel_mk2
material,#hash_90049f6000480b19
material,#hash_100527b020f5c025
material,#hash_100838024a89f9c4
material,#hash_90137284dde1a2ec
material,#mc/mtl_t8_camo_dlc3_afterlife
material,#mc/mtl_p7_slu_wire_plastic_black
material,#mc/mtl_p7_dock_wood_rustic_set_03
material,#mc/mtl_p7_dock_wood_rustic_set_04
material,#mc/mtl_t8_loot_wpn_smg_folding_stabilizer_mk2
material,#mc/mtl_attach_t8_loot_sniper_locus_silencer_01_alt
material,#mc/mtl_wpn_t8_loot_ar_an94_grip_base_alt
material,#hash_90287f3374eab3a1
material,#hash_902f6af199337ed7
material,#hash_90300b46ee359e30
material,#hash_10334c73d68bb014
material,#mc/mtl_veh_t8_drone_rcxd_suspension_brass_dirty
material,#hash_103c57b845e8c20e
material,#hash_104493b656331cfc
material,#hash_1044a6f215a70a48
material,#hash_1044a7f215a70bfb
material,#hash_10464a4e341a759e
material,#hash_104753be115a3769
material,#hash_104839e8321e82f9
material,#hash_1052258596f90109
material,#mc/mtl_wpn_t8_zm_crossbow_impaler_sight_base
material,#mc/mtl_wpn_t8_ar_kn57_bolt_mk2
material,#hash_105612e4b77930c8
material,#hash_105613e4b779327b
material,#hash_105617e4b7793947
material,#hash_105619e4b7793cad
material,#hash_10574b15c154c8b3
material,#mc/mtl_attach_t8_loot_tac_rifle_damageburst_silencer
material,#mc/mtl_p8_usa_sub_vent_01_grey
material,#mc/mtl_wpn_t8_sig_blade_hilt_base
material,#ei/gfx_fog_slow_md_anim_lit_nocull
material,#mc/mtl_attach_t8_ar_accurate_laser
material,#hash_906f2852bcbb90b0
material,#hash_1075376b300c51aa
material,#hash_9076f186710a3602
material,#hash_907ca5266fdb360b
material,#hash_108177c897417f20
material,#hash_108178c8974180d3
material,#hash_108179c897418286
material,#hash_10817ac897418439
material,#hash_10817bc8974185ec
material,#hash_10817cc89741879f
material,#hash_108185c8974196ea
material,#hash_90849eefb0bb7717
material,#hash_90849fefb0bb78ca
material,#hash_1084a7e62fc17bd4
material,#hash_908b570c965456a0
material,#hash_908b580c96545853
material,#hash_908b5d0c965460d2
material,#hash_908b5e0c96546285
material,#mc/mtl_wpn_t8_sniper_vanguard_sig_02_stock
material,#mc/mtl_wpn_t8_loot_shotgun_fullauto_receiver_body_sig
material,#mc/mtl_attach_t8_smg_mp9_silencer_alt
material,#ei/gfx_shockwave_fire_anim_em_i2048
material,#mc/mtl_t8_loot_wpn_smg_folding_handgrip_mk2
material,#hash_10979c68cebfbb32
material,#hash_909fe2d34d02279d
material,#hash_10a4cf089642a096
material,#hash_10a93b0e0643920b
material,#mc/mtl_wpn_t8_loot_shotgun_fullauto_handguard
material,#mc/mtl_p7_signage_posted_notices_paper
material,#mc/t8_metal_rebar_rust_01
material,#mc/mtl_wz_t8_mp_spe_buffer_body1_scisors
material,#mc/mtl_c_t8_zmb_homunculus_mouth
material,#hash_10c463c44f8eb9b7
material,#hash_90ccc0fc769f204d
material,#hash_90cfb2f7ddb914a8
material,#hash_90cfb5f7ddb919c1
material,#mc/mtl_eqp_t8_grenade_frag_screw
material,#mc/mtl_p8_ice_signage_triangle_01
material,#mc/t8_decal_grunge_rust_02_blend
material,#hash_90d6585212022f15
material,#hash_90d72d1040d2be70
material,#hash_90d7301040d2c389
material,#mc/mtl_t8_wpn_lmg_heavy_stock_mk2
material,#mc/mtl_p7_fir_light_industrial_metal
material,#hash_10dc1dd84059c90f
material,#mc/mtl_p7_pole_telephone
material,#mc/mtl_attach_t8_loot_smg_vmp_dbal_01
material,#mc/mtl_wpn_t8_lmg_titan_sig_01_clamp
material,#hash_90e316b86fdfa06b
material,#mc/mtl_p8_zm_esc_light_roof_bulb
material,#hash_10e93462f037a2d8
material,#hash_90ef602e7f502118
material,#hash_10efda3cfda8a08a
material,#hash_10f054a8841c85a2
material,#mc/mtl_attach_t8_sniper_powersemi_handguard_alt
material,#hash_10f16a6d6447fcc1
material,#hash_90f2cb2e7f530cc0
material,#hash_90f2d22e7f5318a5
material,#mc/mtl_c_t8_zmb_mob_zombie_body1_leftleg_patch
material,#hash_10f418d4214213a4
material,#mc/mtl_p7_jun_foliage_bush_branches_02_dry
material,#hash_10f6f4d51064aa8d
material,#hash_10f9a36ed8b43ad5
material,#hash_10fa07628ffa56c7
material,#hash_90fc8b5ed912c387
material,#mc/mtl_wpn_t8_sniper_vanguard_stock_v2_mk2
material,#mc/mtl_wpn_t8_sniper_powersemi_wraps_front_sig_02
material,#hash_9101fc3fb4b65fb7
material,#mc/mtl_wpn_t8_loot_smg_vmp_grip_base
material,#mc/t8_concrete_damaged_cracked_01
material,#mc/mtl_wpn_t8_lmg_heavy_rearsight_sig_02
material,#mc/mtl_attach_t8_smg_mp9_magwell
material,#mc/mtl_p8_bottle_glass_broken_01
material,#mc/t7_decal_grunge_wet_wall_stain
material,#hash_910eb9e697aa7dae
material,#hash_91130842291067c6
material,#hash_91130a4229106b2c
material,#hash_1115ac20137abd56
material,#hash_91199a422915cb8a
material,#vd/t7_decal_grunge_oil_stain_02
material,#mc/mtl_p8_generator_open_01_decal_drip
material,#hash_11226f93e97b2286
material,#mc/mtl_p7_zm_mob_clipboard_rack
material,#mc/mtl_p7_wes_wood_plank_old_beam
material,#hash_1135a1117206721d
material,#mc/mtl_p8_ice_electrical_cabinet_01
material,#el/gfx_red_tracer
material,#mc/mtl_wpn_t8_eqp_smartcover_wall_lrg_back04
material,#mc/mtl_wpn_t8_eqp_smartcover_wall_lrg_back03
material,#mc/mtl_wpn_t8_eqp_smartcover_wall_lrg_back02
material,#mc/mtl_p8_col_storage_chem_lab_metal_02
material,#mc/mtl_p7_lt_boxes_medicin_04
material,#mc/mtl_p7_lt_boxes_medicin_02
material,#hash_11439e4f6371a463
material,#hash_11439f4f6371a616
material,#hash_1143a04f6371a7c9
material,#hash_1143a14f6371a97c
material,#hash_91450b1a741ef734
material,#hash_9146773a87ba8649
material,#hash_914bf948431280ed
material,#hash_114c64b2f517e44b
material,#hash_114c67b2f517e964
material,#hash_114c69b2f517ecca
material,#hash_114c6ab2f517ee7d
material,#hash_91515286e92ae59e
material,#hash_9151f520dc0897b3
material,#hash_9151f820dc089ccc
material,#mc/mtl_wpn_t8_zm_blundergat_frame
material,#hash_115637f9766595c9
material,#mc/mtl_p8_usa_sub_beam_01_basic_painted_metal
material,#hash_115bc5ead86eabf5
material,#hash_1168db878685ee60
material,#hash_916a2d56c92e30b5
material,#mc/mtl_wpn_t8_smg_handling_handguard_mk2
material,#hash_91719a631461b015
material,#mc/mtl_wpn_t8_ar_kn57_stock_connector_mk2
material,#mc/mtl_t8_wpn_pistol_auto_grip_mk2
material,#mc/mtl_p8_zm_zod_mail_sorting_metal_back
material,#mc/mtl_wpn_t8_loot_sniper_mini14_scope_stand_alt
material,#hash_118a4af272ec33d9
material,#mc/mtl_wpn_t8_ar_heavy_grip_base_mk2
material,#hash_9190dde8a54e9812
material,#mc/mtl_wpn_t8_eqp_smartcover_wall_lrg_back
material,#mc/mtl_p7_zm_isl_fan_wall_vintage_metal_02
material,#mc/mtl_p7_zm_isl_fan_wall_vintage_metal_01
material,#hash_11950f95be3b4f67
material,#mc/t8_decal_tech_detail_line_trim_05_normal
material,#mc/mtl_p8_wz_foliage_bush_erigonum_stem_01_autumn
material,#hash_9198d86a4a24341f
material,#hash_119e952ddad9b250
material,#hash_919f24776ff4165d
material,#hash_119f98fb15747295
material,#mc/mtl_wpn_t8_tac_rifle_swordfish_rail
material,#hash_91a7614dd20e36f0
material,#hash_91aad2c2219bf46e
material,#mc/mtl_attach_t8_loot_tac_rifle_damageburst_ext_mag
material,#mc/mtl_wpn_t8_sniper_vanguard_sig_01_scope_front_v2
material,#hash_11b62b1bbb55e4f4
material,#hash_11b6f0d8ae40ec6b
material,#mc/mtl_wpn_t8_loot_smg_burst_bolt_spring_mk2
material,#hash_11b9b042bb6efb17
material,#hash_91bc4b18aac0a621
material,#mc/mtl_p7_wes_poker_set_side_blue
material,#mc/mtl_p8_zm_esc_crane_cabin_roof
material,#hash_11c6a14e5cdd3b05
material,#mc/mtl_wpn_t8_smg_capacity_grip_trigger_mk2
material,#hash_91cf9b14e327195b
material,#hash_91d19f6889f2aab0
material,#mc/bullet_collision_rubber
material,#mc/mtl_wpn_t8_loot_melee_stop_sign_sign
material,#mc/mtl_wpn_t8_smg_capacity_rail_base_alt_mk2
material,#hash_91db9cdbe503d4e6
material,#hash_11de83ce26e18b48
material,#hash_11de86ce26e19061
material,#mc/mtl_wpn_t8_lmg_titan_sig_01_upper
material,#mc/mtl_p7_electrical_cabinet_09_on
material,#mc/mtl_wpn_t8_tac_rifle_swordfish_sig02_shroud
material,#mc/mtl_wpn_t8_sig_annihilator_grip
material,#mc/mtl_attach_t7_shotty_prec_barrel_01_alt
material,#mc/mtl_p8_zm_chaos_ball_01
material,#mc/mtl_p8_wep_cargo_container_military_dirty_01
material,#mc/mtl_p8_wep_cargo_container_military_dirty_02
material,#hash_11f367a3a18fe872
material,#mc/mtl_p8_zm_esc_cell_toilet_porcelain_01
material,#hash_11fac370ffb8b372
material,#mc/mtl_wpn_t8_zm_mp40_decal
material,#hash_12054eea6222d8b9
material,#hash_120efd412bfa3069
material,#hash_921047d7ac264004
material,#hash_1210adb60614be14
material,#hash_92130d8b70cdb79c
material,#hash_921319d20fcff274
material,#hash_921c912ac33f3ae8
material,#mc/mtl_p7_fir_wire_spool_wood_nail
material,#hash_1222bda64f72d77c
material,#mc/mtl_p8_zm_esc_nixie_tubes_plastic_green
material,#mc/mtl_p7_soc_rack_clothing_nuts
material,#mc/t8_zm_esc_rocky_dirt_01_blend
material,#mc/mtl_p8_zm_esc_light_roof_screw
material,#mc/bullet_collision_foliage
material,#mc/mtl_wpn_t8_loot_shotgun_fullauto_screws_sig
material,#mc/mtl_attach_t8_ar_galil_foregrip
material,#mc/mtl_attach_t8_lmg_titan_grip_upper_alt
material,#hash_1252fc0240d14b0f
material,#mc/mtl_attach_t8_pistol_standard_hammer
material,#hash_925a043be3410568
material,#mc/mtl_attach_t8_ar_stealth_barrel_long
material,#hash_9260e0dff21d5616
material,#hash_9261e4a48d22f497
material,#hash_9265f540edf60c00
material,#hash_926829661d51ea74
material,#mc/mtl_p7_ris_fence_pipe
material,#mc/mtl_c_t8_zmb_mob_zombie_body1_shoes
material,#mc/t7_plaster_paint_peel
material,#mc/mtl_p8_spa_trashcan_metal
material,#hash_92740fd83e3b8843
material,#mc/mtl_wpn_t8_tac_rifle_swordfish_handguard
material,#hash_12772c9ed6457a43
material,#hash_12772d9ed6457bf6
material,#hash_12794eef98a34d88
material,#mc/mtl_wpn_t8_loot_lmg_mk48_barrel_mk2
material,#hash_127a77723d6d7485
material,#mc/mtl_wpn_t8_loot_smg_burst_clip
material,#hash_9285d1f337cb3fbb
material,#mc/mtl_wpn_t8_smg_capacity_mag_plastic_02_mk2
material,#mc/mtl_p8_covered_bridge_wood_rustic_a
material,#hash_128a57deb61d0007
material,#mc/mtl_wpn_t8_smg_mp9_mag_base
material,#mc/mtl_attach_t8_optic_red_dot_decals
material,#mc/mtl_wpn_t8_sniper_power_semi_stock
material,#mc/mtl_wpn_t8_smg_mp9_decals
material,#mc/mtl_attach_t8_loot_ar_an94_upper_01
material,#mc/mtl_attach_t8_loot_shotgun_fullauto_barrel
material,#hash_9299d089f575c86d
material,#mc/mtl_t8_camo_dlc3_armor_alt
material,#mc/mtl_p8_ice_gas_console_box_02_black
material,#hash_92a83bfcaa9e0a81
material,#hash_12ab4aa11ba8d541
material,#mc/mtl_attach_t8_tac_rifle_mid_burst_suppressor
material,#mc/mtl_p8_bookshelf_wood_01_set_decal_01
material,#mc/mtl_p8_bookshelf_wood_01_set_decal_06
material,#mc/mtl_p8_bookshelf_wood_01_set_decal_07
material,#mc/mtl_p8_bookshelf_wood_01_set_decal_05
material,#mc/mtl_veh_t8_drone_rcxd_body_lower_dirty
material,#mc/mtl_t8_wpn_smg_accurate_handguard_sig_01_alt
material,#mc/mtl_wpn_t8_loot_shotgun_fullauto_receiver_parts_alt
material,#hash_12c1fd3c19fcfce3
material,#mc/mtl_p7_slu_sofa_dmg_sponge_white
material,#hash_92c9ab88761846d0
material,#hash_92c9ae8876184be9
material,#mc/mtl_p8_zm_esc_power_station_panel_set_dirt_01
material,#ei/gfx_smk_wisp_string_em
material,#hash_92dfdd9a4f5e7662
material,#hash_92e581eebf33f67e
material,#hash_92f1863702acec62
material,#hash_12f38045d6300ac7
material,#hash_12f38145d6300c7a
material,#hash_12f38245d6300e2d
material,#mc/mtl_p7_shr_weapon_shield_01_dmg_leather
material,#hash_12f79196b3ff9f8e
material,#hash_92faff0c6728ce33
material,#mc/mtl_t8_wpn_lmg_heavy_frontsight_sig_01
material,#mc/mtl_attach_t8_loot_ar_double_barrel_ext_barrel
material,#mc/mtl_wpn_t8_loot_sniper_mini14_under_mk2
material,#mc/mtl_wpn_t8_loot_sniper_locus_decals
material,#mc/t7_decal_grunge_oil_stain_02
material,#hash_130c60aa20c4d3d0
material,#hash_131056c1bc91f17d
material,#mc/mtl_wpn_t8_sig_grapple_gun_tape
material,#mc/mtl_wpn_t8_zm_raygun_mk2_1
material,#mc/mtl_wpn_t8_zm_raygun_mk2_3
material,#mc/mtl_wpn_t8_zm_raygun_mk2_2
material,#mc/mtl_wpn_t8_zm_raygun_mk2_5
material,#mc/mtl_wpn_t8_zm_raygun_mk2_4
material,#mc/mtl_wpn_t8_zm_raygun_mk2_6
material,#mc/mtl_wpn_t8_lmg_titan_upper
material,#hash_931976db9ef026ae
material,#hash_931977db9ef02861
material,#hash_931979db9ef02bc7
material,#mc/mtl_attach_t8_lmg_heavy_fastmag
material,#hash_13234dafb758059a
material,#mc/mtl_wpn_t8_sniper_koshka_fabric_tear
material,#mc/mtl_p8_wep_cargo_container_military_door_decal
material,#hash_132a3ee506595c12
material,#mc/mtl_wpn_t8_tac_rifle_swordfish_sig02_grip
material,#mc/mtl_wpn_t8_ar_heavy_decal_magazine
material,#mc/mtl_wpn_t8_ar_stealth_sig_02_mag
material,#hash_93306ef35e6dd7b9
material,#hash_13316d7a82ee9306
material,#mc/mtl_wpn_t8_zm_raygun_plastic_alt
material,#hash_9333fde3d6f155d6
material,#hash_1334d1173867d39f
material,#mc/mtl_attach_t8_sniper_powersemi_handguard
material,#mc/t7_vld_glass_window_warehouse_transparent
material,#mc/mtl_wpn_t8_wz_sniper_koshka_mag
material,#mc/mtl_veh_t8_mil_boat_tactical_raft_body_curve_01_blk
material,#mc/t7_concrete_floor_trim_01
material,#hash_1341b6820375aa87
material,#hash_1342163a577b13f8
material,#mc/t7_plastic_panel_cables
material,#hash_9345543b98db2afa
material,#mc/mtl_p7_shelf_industrial_vintage_wood
material,#mc/mtl_p7_mou_electrical_panel_set_painted
material,#hash_134f75db4f6f34b2
material,#mc/mtl_c_t8_zmb_homunculus_torso
material,#mc/mtl_wpn_t8_loot_pistol_auto_ticket_sig
material,#mc/mtl_wpn_t8_sniper_vanguard_scope_reticle
material,#mc/mtl_p7_zm_ver_generator_dirty01
material,#mc/mtl_wpn_t8_ar_kn57_stock
material,#mc/mtl_wpn_t8_ar_stealth_barrel_mk2
material,#mc/mtl_wpn_t8_zm_mp40_sights
material,#hash_936cc51d4ec8a4b7
material,#hash_136fd1735ed19816
material,#hash_1371c79ffe9a8191
material,#mc/mtl_p8_wz_foliage_leymus_grass_01_d
material,#mc/mtl_p8_wz_foliage_leymus_grass_01_a
material,#mc/mtl_p8_wz_foliage_leymus_grass_01_b
material,#mc/mtl_p8_wz_foliage_leymus_grass_01_c
material,#mc/mtl_wpn_t8_ar_accurate_sig_01_stock_alt
material,#hash_1374f9dcfdbe8ed6
material,#hash_937727351f687848
material,#hash_137a953755d88067
material,#hash_937c59d951e99b2b
material,#mc/mtl_p8_zm_chaos_mound_sack_off
material,#hash_9381de6417c956e9
material,#hash_938893bceb86456f
material,#hash_938894bceb864722
material,#mc/mtl_veh_t8_drone_rcxd_suspension_brass_dead
material,#mc/mtl_p8_wz_foliage_bush_erigonum_flower_01_autumn
material,#mc/t7_concrete_dirty_quad_01
material,#hash_139bfe193748c175
material,#hash_93a2842db38eb294
material,#mc/mtl_attach_t8_loot_ar_peacekeeper_foregrip
material,#hash_13a3dd9ad45bbaff
material,#hash_13a8581dd3c3e9cd
material,#mc/mtl_p7_zm_asc_pipe_modular_set_weld_hole
material,#mc/mtl_p8_wz_ammo_pickup_decal_bullets_50
material,#mc/t7_plaster_peeling_01
material,#hash_13af9843da38f062
material,#hash_13b21c1f7ae17544
material,#mc/mtl_p8_col_barrel_metal_01_blue
material,#mc/mtl_p7_bucket_janitor_plastic_rolling
material,#hash_93bfaf51749ba8e1
material,#hash_13c365e58b88a20c
material,#hash_93c507513375079d
material,#mc/mtl_p8_zm_zod_chair_victorian_cloth_base
material,#hash_13c5aae207eae7d7
material,#hash_13c74731b9ebf38a
material,#mc/mtl_wpn_t8_lmg_hades_stock_rubber
material,#hash_13ca930fc6daad71
material,#mc/mtl_attach_t8_optic_red_dot_reticle
material,#mc/mtl_wpn_t8_eqp_smartcover_wall_outer03
material,#mc/mtl_wpn_t8_eqp_smartcover_wall_outer02
material,#mc/mtl_wpn_t8_eqp_smartcover_wall_outer07
material,#mc/mtl_wpn_t8_eqp_smartcover_wall_outer06
material,#mc/mtl_wpn_t8_eqp_smartcover_wall_outer05
material,#mc/mtl_wpn_t8_eqp_smartcover_wall_outer04
material,#mc/t7_wes_plaster_wallpaper_pattern_03_red
material,#mc/mtl_p7_zm_asc_pipe_modular_set_bolt
material,#hash_93d66aba65494100
material,#mc/mtl_veh_t8_mil_boat_tactical_raft_floor_ribs
material,#mc/mtl_p8_zm_zod_door_provisions_metal_pieces_2
material,#hash_93da39de5b093aa7
material,#mc/mtl_p8_spa_fireplace_log_damage
material,#mc/mtl_wpn_t8_eqp_tripwire_slingshot_wing
material,#mc/t8_metal_painted_black
material,#mc/mtl_p7_fxanim_gp_trash_paper_help_wanted_01_s3_eng
material,#hash_13e11e760c85d53e
material,#hash_93e1f5a11263dfa0
material,#mc/mtl_wpn_t8_shotgun_prec_grip_base
material,#mc/mtl_wpn_t8_eqp_smartcover_metal_plates_solar
material,#mc/mtl_wpn_t8_ar_heavy_bolt_base_mk2
material,#mc/mtl_p7_pallet_wood_damaged
material,#mc/mtl_p7_bullet_piles_casing
material,#hash_13fdbf0e0a10b720
material,#hash_1400174cf034e93a
material,#mc/mtl_wpn_t8_lmg_titan_sig_01_decals_02
material,#hash_140493464ebb66c6
material,#mc/t7_metal_trim_worn_iron_darker
material,#mc/mtl_attach_t8_optic_holo_glass
material,#hash_140d06c71de427c2
material,#hash_140dd4d5050a884c
material,#hash_141142d323c96035
material,#hash_141386754ab9816f
material,#hash_94171e7ad9f2ba9c
material,#ei/gfx_debris_clumps_lit
material,#mc/mtl_attach_t8_smg_accurate_suppressor_attach
material,#hash_9419dadc828bc02d
material,#mc/mtl_wpn_t8_tac_rifle_swordfish_stock_alt
material,#mc/mtl_wpn_t8_tac_rifle_swordfish_sig02_windows
material,#mc/mtl_wpn_t8_ar_stealth_sig_01_barrel
material,#hash_941d361d8d49a5b6
material,#hash_141e25fb76b1adef
material,#hash_9420421d8d4beff1
material,#ei/gfx_smk_whisp_anim_02_em
material,#hash_142d25f8e047f90e
material,#mc/mtl_wpn_t8_lmg_titan_sig_01_bullet_alt
material,#mc/mtl_wpn_t7_lmg_brm_tritium_ylw
material,#mc/mtl_p7_corrugated_sheet_metal_rust_dmg_wet
material,#mc/t8_decal_tech_detail_indent_01_normal
material,#hash_1440026fc1b21f4b
material,#mc/mtl_p7_sink_ceramic_old_01_faucet
material,#mc/mtl_wpn_t8_loot_shotgun_fullauto_rails_alt_sig
material,#hash_144cbe7e15894635
material,#mc/mtl_p7_wes_table_endtable_wood_01
material,#hash_144f03424716736e
material,#mc/mtl_p8_street_curb_set
material,#mc/mtl_wpn_t8_lmg_titan_iron_sights_front
material,#mc/mtl_p7_zm_isl_fan_wall_vintage_metal_decal_01
material,#mc/mtl_p7_zm_isl_fan_wall_vintage_metal_decal_03
material,#mc/mtl_p7_zm_isl_fan_wall_vintage_metal_decal_02
material,#hash_14583b4defef29e5
material,#hash_1458cd19c54f48fb
material,#wc/t7_decal_damage_concrete_cracks_04
material,#hash_145affa7d287926e
material,#mc/mtl_p7_slu_sofa_dmg_body
material,#mc/mtl_wpn_t8_lmg_hades_weapon_part_2_sig_01
material,#mc/mtl_wpn_t8_lmg_hades_weapon_part_2_sig_02
material,#hash_946451b159b3e6d9
material,#hash_946dd6bdfcf9d878
material,#hash_946dd9bdfcf9dd91
material,#mc/t7_wood_worn_painted_white_striped_peeling
material,#hash_947660cbb81dd6d1
material,#hash_147718ae368e29bd
material,#mc/mtl_wpn_t8_lmg_titan_stock
material,#mc/mtl_p7_zm_asc_switch_electric_02_metal
material,#mc/mtl_p7_curtain_rod_96_metal_bld
material,#hash_147fccf5cc16e3e2
material,#hash_147fd6574053733d
material,#ei/gfx_smk_tendril_1_lit
material,#hash_1484e63b7e6d101b
material,#hash_14876e46c064895c
material,#mc/mtl_wpn_t8_loot_smg_vmp_barrel_base
material,#hash_948bb5f76264d1b8
material,#mc/mtl_p8_zm_esc_power_house_door_metal_rolling_handle_b
material,#mc/mtl_p8_col_crate_wood_lrg_metal
material,#vd/gfx_decal_bullet_metal_01
material,#vd/gfx_decal_bullet_metal_03
material,#vd/gfx_decal_bullet_metal_02
material,#hash_94906e88131fef4e
material,#hash_94906f88131ff101
material,#hash_1490e1d3c6a5ca4d
material,#hash_9491cb0758a0230f
material,#hash_949478753132c6bf
material,#hash_149877ad29535e43
material,#hash_1498798759e439f4
material,#mc/mtl_wpn_t8_ar_stealth_sac_mount_mk2
material,#hash_149a13408ff5d379
material,#hash_149f48dbcb0a88d7
material,#mc/mtl_p7_zm_tra_tv_vintage_plastic
material,#mc/mtl_wpn_t8_sig_bow_cloth
material,#mc/mtl_attach_t8_ar_stealth_fast_mag
material,#mc/mtl_p8_usa_submarine_interior_consoles_panels_medium
material,#mc/mtl_wpn_t8_pistol_standard_grip_base
material,#mc/mtl_attach_t8_smg_mp9_bullet
material,#vd/t7_decal_grunge_charred_stain_01
material,#mc/t8_concrete_cast_01
material,#hash_94bae2ad3a39fe5e
material,#mc/mtl_wpn_t8_loot_sniper_mini14_scope_bolt
material,#hash_14c17ec99277000c
material,#hash_94c35e5574d48aed
material,#mc/mtl_wpn_t8_launcher_standard_body_rear_alt
material,#mc/bullet_collision_metalcar
material,#hash_94d3dd08dac3ac6e
material,#mc/t8_decal_tech_detail_panel_04_drk
material,#hash_94d53380e6501f3e
material,#hash_94d53480e65020f1
material,#hash_94d53580e65022a4
material,#hash_94d75908dac6b4f9
material,#hash_94ded19ee9027bf8
material,#hash_14df2545ba59870c
material,#hash_14dff65677c6c320
material,#hash_14e42eb871e9eaba
material,#mc/mtl_wpn_t8_ar_kn57_decal_01
material,#mc/mtl_wpn_t8_sniper_vanguard_sig_02_barrel
material,#mc/mtl_p7_zm_isl_light_flood_stand_plastic
material,#mc/mtl_t8_wpn_pistol_auto_rapid_fire
material,#mc/mtl_p7_food_shop_item_plastic
material,#hash_94f7b64d122a1e34
material,#hash_94f7b74d122a1fe7
material,#hash_94f7b84d122a219a
material,#hash_14f82c6d46b937d3
material,#hash_14f97a780f12b5cf
material,#mc/mtl_wpn_t8_crossbow_ammo_base
material,#hash_14fcbab40e398a2a
material,#hash_94fccc0e6ade9940
material,#hash_14fd78dcddbfcb00
material,#hash_9501bef80dbd31e9
material,#mc/mtl_p8_zm_esc_box_cardboard_damaged_set_labels
material,#mc/mtl_wpn_t8_pistol_standard_slide_base
material,#mc/mtl_p7_zm_kin_dumpster_02_blue
material,#mc/mtl_wpn_t8_smg_capacity_receiver_rear_cloth_mk2
material,#hash_9507adc7ea041665
material,#hash_150ba34924867e8f
material,#mc/mtl_p7_zm_ctl_desk_wood_vintage_desk
material,#mc/mtl_wpn_t8_shotgun_semi_base_sig_02
material,#mc/mtl_wpn_t8_shotgun_semi_base_sig_01
material,#mc/mtl_attach_t8_ar_galil_bolt_alt
material,#hash_151a1818eebd0713
material,#mc/mtl_veh_t8_mil_boat_tactical_raft_engine_button_b
material,#hash_151bedbdc0e14c18
material,#mc/mtl_wpn_t8_loot_smg_vmp_bolt_base
material,#hash_151fad68c653f46c
material,#hash_151fae68c653f61f
material,#hash_151faf68c653f7d2
material,#mc/t8_brick_old_rough_02_crumble
material,#hash_1522af5dadaab65b
material,#mc/mtl_p8_zm_esc_bed_infirmary_mattress_01_cloth
material,#hash_152757dfcc8913c0
material,#hash_15275adfcc8918d9
material,#mc/mtl_wpn_t8_shotgun_pump_handguard_shroud_base
material,#mc/mtl_wpn_t8_loot_pistol_auto_mag_ext_sig
material,#mc/mtl_wpn_t8_loot_smg_burst_bolt_mk2
material,#mc/mtl_attach_t8_ar_fastfire_grip_base
material,#hash_1533a743767ffad3
material,#hash_1533ec79b0468398
material,#mc/mtl_wpn_t8_lmg_titan_sig_02_base_e
material,#hash_15366355d6af73d4
material,#mc/mtl_attach_t8_smg_fastfire_fast_mag
material,#hash_953db4dac8b369f9
material,#mc/mtl_wpn_t8_decals_global_screws_hex_01_handling
material,#mc/mtl_wpn_t8_loot_ar_peacekeeper_handguard_base_alt_mk2
material,#hash_15474c52c4abd866
material,#hash_954873bb3c5ed1a2
material,#hash_154a951e431c7a48
material,#hash_154cca9376e463a8
material,#hash_154f02e09ea173a7
material,#mc/mtl_p8_zm_esc_crate_wood_sml_dirt
material,#mc/mtl_wpn_t8_tr_midburst_wings_sig_02
material,#mc/mtl_p8_zm_esc_gutter
material,#hash_95697655ea09c850
material,#mc/t8_decal_tech_detail_high_tech_67
material,#hash_156c33e7d4a0dd70
material,#hash_156c34e7d4a0df23
material,#hash_156c35e7d4a0e0d6
material,#hash_156c39e7d4a0e7a2
material,#hash_156c3ae7d4a0e955
material,#mc/mtl_wpn_t8_eqp_tripwire_slingshot_arms_inner
material,#mc/mtl_wpn_t8_loot_ar_double_tap_body_alt
material,#mc/mtl_wpn_t8_sig_flamethrower_upper_tape
material,#hash_157003f1e29f91da
material,#hash_1570197286519833
material,#mc/t8_decal_tech_detail_high_tech_45
material,#hash_157207caeba36971
material,#mc/t8_decal_tech_detail_high_tech_28
material,#mc/t8_decal_tech_detail_high_tech_29
material,#mc/t8_decal_tech_detail_high_tech_27
material,#hash_9579ff44a36b09ac
material,#mc/t8_decal_tech_detail_high_tech_38
material,#mc/t8_decal_tech_detail_high_tech_35
material,#hash_957ac2dbf5c8bffc
material,#mc/t8_decal_tech_detail_high_tech_02
material,#mc/t8_decal_tech_detail_high_tech_07
material,#mc/t8_decal_tech_detail_high_tech_04
material,#mc/t8_decal_tech_detail_high_tech_08
material,#hash_957f610ada0b745f
material,#hash_158004add53f7a3b
material,#mc/mtl_attach_t8_sniper_vanguard_stock_02
material,#mc/mtl_attach_t8_sniper_vanguard_stock_01
material,#mc/mtl_wpn_t8_shotgun_pump_sig_02_muzzle
material,#mc/mtl_attach_t8_ar_fastfire_grip_02_alt_02
material,#mc/mtl_p7_fir_light_industrial_metal_gray
material,#hash_95873281e5750b07
material,#hash_158eda9eaf3570d4
material,#hash_158f441f4049761c
material,#mc/mtl_t8_wpn_lmg_heavy_lever_mk2
material,#hash_1594ec75e5908b2a
material,#hash_159906acfe516cd7
material,#mc/mtl_p8_zm_esc_dryer_industrial_top
material,#hash_159e956076aee9c3
material,#mc/mtl_wpn_t8_camo_geo_gem_diamond_03
material,#mc/mtl_wpn_t8_camo_geo_gem_diamond_02
material,#mc/mtl_p7_foliage_plant_massangeana_leaves_dry
material,#mc/mtl_wpn_t8_smg_fastfire_bullets
material,#hash_95ac849ccb771492
material,#hash_95ad737a39d8313e
material,#hash_15b058d09a86e7c9
material,#mc/mtl_p8_zm_esc_nixie_tubes_numbers
material,#mc/mtl_wpn_t8_lmg_heavy_clip_sig_02
material,#hash_15b7ace72c1f7e50
material,#hash_15b81f44c3f66ed4
material,#hash_95bd570e1ed48695
material,#hash_15bec4b9e168772c
material,#hash_15bee27b2d1d947e
material,#mc/t8_zm_zod_metal_painted_wall_heavy_black
material,#mc/mtl_p8_zm_esc_chemistry_kit_dirt_01
material,#mc/mtl_p8_zm_esc_chemistry_kit_dirt_02
material,#hash_15d9474610a51d9e
material,#mc/mtl_attach_t8_optic_thermal
material,#hash_15db912897d15eea
material,#mc/mtl_attach_t8_smg_capacity_ext_mag_03_transparent
material,#mc/mtl_p8_fire_extinguisher_01_dmg_metal_02
material,#mc/mtl_wpn_t8_tac_rifle_swordfish_sig02_bullets
material,#mc/mtl_p8_wz_foliage_sycamore_wood_foliage_01
material,#mc/mtl_p8_wz_foliage_sycamore_wood_foliage_03
material,#hash_15f5362d1e2d108c
material,#hash_95f639cc9edddc61
material,#mc/mtl_attach_t8_sniper_vanguard_bipod_02_alt
material,#hash_95f9d5cb79696dfb
material,#hash_95fb8e3297221611
material,#ei/gfx_smk_whisp_anim_02_high_gray_lit
material,#hash_15fcdbf359b8edbf
material,#mc/mtl_wpn_t8_loot_ar_double_tap_handguard_alt
material,#hash_95ff0e3297252568
material,#hash_15ff13cb75dc41fc
material,#hash_960282329728205b
material,#hash_16034d51bf3686f7
material,#mc/mtl_p8_box_electric_commercial_decal_sign_02
material,#mc/mtl_p8_box_electric_commercial_decal_sign_01
material,#hash_1608b44789601599
material,#mc/t8_concrete_damaged_norebar_01_rvl
material,#mc/mtl_p8_zm_esc_pipe_metal_dark_02_rust
material,#mc/mtl_wpn_t8_loot_sniper_mini14_back_receiver_mk2
material,#mc/mtl_veh_t8_mil_heli_light_seat_cloth
material,#hash_162396addddaff63
material,#ei/gfx_gel_drops_lit
material,#hash_962c4d8fa13738e5
material,#mc/mtl_p8_zm_esc_tools_hammer_decal
material,#hash_16328769a8dd523b
material,#mc/mtl_wpn_t8_shotgun_pump_sig_02_ziptie_01
material,#mc/mtl_wpn_t8_shotgun_pump_sig_02_ziptie_02
material,#mc/mtl_wpn_t8_loot_lmg_mk48_handguard_alt
material,#hash_16396857366ee201
material,#hash_963c37ab9d6cb677
material,#mc/mtl_p8_zm_esc_crane_net_straps
material,#hash_963dc09e5ffcd3d0
material,#hash_963dc39e5ffcd8e9
material,#mc/t7_dlc1_concrete_greek_moulding_trim_gray
material,#mc/mtl_wpn_t8_lmg_heavy_frame_sig_02
material,#mc/mtl_wpn_t8_zm_crossbow_impaler_grip_base
material,#hash_9647bb6fedcb9b66
material,#mc/t8_zm_chaos_base_01_reveal
material,#hash_164efe06583ccfcc
material,#hash_1652c561147ec950
material,#hash_1655a24a1b9006be
material,#ei/gfx_smk_billow_thick_anim_em
material,#mc/mtl_p8_zm_zod_vase_flower_ceramic_tall_01
material,#mc/mtl_p7_light_fixture_led_ceiling_01_bulbs
material,#mc/mtl_wpn_t8_lmg_titan_sig_01_stock
material,#mc/mtl_wpn_t8_lmg_titan_sig_01_handguard_alt
material,#mc/mtl_p7_wire_plastic_ground
material,#hash_966bab3dd15aa3a0
material,#mc/mtl_p8_zm_esc_paper_pile_set_frosted
material,#hash_168248b0314cca2f
material,#hash_16824db0314cd2ae
material,#hash_16824eb0314cd461
material,#hash_16824fb0314cd614
material,#hash_168251b0314cd97a
material,#hash_168252b0314cdb2d
material,#mc/mtl_t8_wpn_pistol_auto_sight
material,#mc/mtl_veh_t8_mil_boat_tactical_raft_details_rubber_gry
material,#hash_1690be24d4acba42
material,#hash_1690eb66d1f12eb1
material,#mc/mtl_wpn_t8_tac_rifle_surgeon_scope_decal
material,#mc/mtl_p7_wes_washstand_vintage_metal
material,#hash_169458fb2df20b0e
material,#hash_96958626da5908a9
material,#mc/mtl_p7_water_filtration_system_mount_hook_metal_rusty
material,#mc/t8_decal_trim_weld_01_normal
material,#mc/mtl_attach_t8_loot_tac_rifle_damageburst_foregrip_02
material,#hash_969967180d8f51dc
material,#hash_169f28ab05424c0b
material,#hash_16a556951f75dcd1
material,#mc/mtl_p7_conduit_rust_pipes
material,#mc/mtl_p8_whiteboard_plastic_clean
material,#hash_16ac89fb876ce5ab
material,#hash_96adba767c04df87
material,#hash_96b4835294bfd48e
material,#mc/mtl_p8_whiteboard_metal
material,#mc/mtl_wpn_t8_eqp_briefcase_bomb_decals
material,#mc/mtl_p7_glass_shards
material,#mc/mtl_p7_fir_wire_spool_wood_crack
material,#hash_96c4d49ab3f5e1c4
material,#mc/mtl_wpn_t8_loot_melee_hammer_demo_decal01
material,#mc/mtl_wpn_t8_loot_melee_hammer_demo_decal03
material,#mc/mtl_wpn_t8_loot_melee_hammer_demo_decal02
material,#mc/mtl_p8_zm_esc_power_house_tank_feet
material,#hash_96d0f1b9710af0b2
material,#hash_96d1b6d3f5607fe7
material,#mc/mtl_p8_zm_esc_dryer_industrial_hole
material,#mc/mtl_p7_zm_tra_billiard_vintage_table_leather
material,#mc/mtl_wpn_t8_sniper_vanguard_scope_p9
material,#mc/mtl_wpn_t8_sniper_vanguard_scope_p8
material,#mc/mtl_wpn_t8_sniper_vanguard_scope_p2
material,#mc/mtl_wpn_t8_sniper_vanguard_scope_p7
material,#mc/mtl_wpn_t8_sniper_vanguard_scope_p6
material,#mc/mtl_wpn_t8_sniper_vanguard_scope_p4
material,#mc/mtl_attach_t8_tac_rifle_surgeon_grip
material,#hash_16e675f661b89868
material,#hash_16e6a726ae126a65
material,#mc/mtl_attach_t8_smg_accurate_grip_01_attach
material,#mc/t8_decal_tech_detail_high_tech_08_normal
material,#mc/mtl_wpn_t8_sniper_power_semi_grip
material,#hash_16ec0e5c086190c2
material,#mc/mtl_wpn_t8_sniper_vanguard_scope_v2
material,#hash_16ef653ee9e868d4
material,#hash_16f15fa168a39a35
material,#mc/mtl_p8_zm_esc_gondola_lift_wood
material,#hash_16f32d29e7c05285
material,#mc/mtl_wpn_t8_sig_annihilator_decals
material,#mc/mtl_p8_zm_zod_mail_sorting_bolt
material,#ei/gfx_gib_concrete_01_lit
material,#mc/mtl_p7_sin_bio_monument_boat_poles_red
material,#mc/t7_zm_sha_metal_trim_black_rusty
material,#hash_9700a4f181acbd6a
material,#hash_170cbee05df037b1
material,#hash_970e029b6117cca5
material,#hash_17100331717d9cc6
material,#hash_17104238174e3b65
material,#hash_9711847757efea4f
material,#hash_1714ab02cd2232da
material,#hash_1714ac02cd22348d
material,#mc/t7_decal_tech_details_01_dark
material,#hash_1716a8bc119dcb8e
material,#hash_1716f56a5ddb4254
material,#hash_9719e0da555f9f99
material,#hash_171ea1dc503597cb
material,#mc/mtl_attach_t8_loot_smg_burst_drummag_cloth
material,#hash_1724a2d201a59f9c
material,#hash_17257077d104e18b
material,#mc/mtl_p7_zm_ver_chair_wood_drk
material,#hash_172db9b28a2f1c0a
material,#hash_972dcff3ec975b70
material,#mc/mtl_wpn_t8_smg_capacity_entry_burn_sig_02
material,#hash_17333d620d29bdc3
material,#mc/mtl_p8_wz_billboard_01_ladder
material,#mc/bullet_collision_cloth
material,#mc/mtl_attach_t8_optic_ironsights_sniper
material,#mc/mtl_wpn_t8_loot_melee_amulet_gem
material,#mc/mtl_p7_zm_ori_coat_hanging_metal
material,#mc/mtl_p8_col_military_ship_hull_panel_edges
material,#mc/mtl_p7_brace_support
material,#mc/mtl_wpn_t7_shotty_prec_ammo_door_base
material,#hash_975310d7f0a5d168
material,#hash_1754f5bb887d0333
material,#hash_175842437a62604b
material,#hash_975f9fdc236f0776
material,#mc/mtl_p8_zm_esc_dryer_industrial_metal
material,#hash_976462dab0fccc37
material,#hash_17663923e94bfa18
material,#mc/mtl_p8_zm_esc_water_tower_01_tank_middle
material,#mc/mtl_attach_t8_tac_rifle_surgeon_handguard_alt
material,#hash_176f4599a9c463de
material,#hash_17712c2a759eba7b
material,#mc/mtl_veh_t8_decal_sign_square_half_01
material,#mc/mtl_veh_t8_decal_sign_square_half_03
material,#mc/mtl_veh_t8_decal_sign_square_half_02
material,#hash_177bb80bf963fbb3
material,#mc/mtl_p8_light_hanging_billiard_glow
material,#mc/mtl_wpn_t8_loot_melee_hammer_demo_head
material,#hash_17853025e2f67948
material,#mc/mtl_t8_wpn_lmg_heavy_barrel_mk2
material,#hash_1785bb2450c54e47
material,#hash_178610ce4c91acd5
material,#hash_178847e09c901222
material,#hash_17896e710cb57143
material,#mc/mtl_p7_monitor_rugged_military_dmg
material,#mc/mtl_wpn_t8_loot_ar_standard_body_sig_02
material,#hash_17937a9b6f5c53b3
material,#mc/mtl_wpn_t8_sniper_koshka_mid_cylinder_02_alt
material,#hash_17971fbe454132ec
material,#mc/mtl_p7_zm_kin_bed_antique_mattress
material,#hash_179b421394625aca
material,#ei/gfx_water_splash_low_anim_em
material,#mc/mtl_wpn_t8_ar_kn57_sights_mk2
material,#mc/mtl_p7_zm_tra_stove_kitchen_wire
material,#hash_17a90dc057361f0b
material,#hash_17a9617f788b607d
material,#mc/mtl_p7_medical_surgical_cart_metal_rubber_dirty
material,#mc/mtl_attach_t8_optic_reflex_reticle
material,#mc/mtl_attach_t8_loot_lmg_mk48_foregrip
material,#mc/mtl_p7_zm_bgb_regular_purple
material,#hash_97c425bd8790e598
material,#hash_97c544ea2bd8bc6e
material,#hash_97c84f9a83504fc3
material,#mc/mtl_p8_zm_esc_sheet_metal_2x4_red
material,#mc/mtl_p8_zm_esc_cell_door_set_02
material,#mc/mtl_p8_zm_esc_cell_door_set_01
material,#hash_97c9b4f2053f5a96
material,#mc/mtl_wpn_t7_zmb_perk_bottle_metal_2tap
material,#hash_17cad76664c5f12e
material,#hash_17caeeeba8b2d4aa
material,#hash_17cdb42f2b0fb7a9
material,#mc/mtl_p8_col_storage_chem_lab_glass
material,#mc/mtl_p8_col_table_cafeteria_folding_set_wood
material,#mc/mtl_wpn_t8_smg_fastfire_body_02_mk2
material,#mc/mtl_wpn_t8_zm_crossbow_impaler_bolt_base
material,#hash_17dcae120981d074
material,#hash_97e06ae663a3d40e
material,#mc/mtl_p7_zm_mob_bed_infirmary_hole
material,#hash_97e36ce663a60d4b
material,#mc/mtl_c_t8_zmb_homunculus_head
material,#mc/mtl_p7_zm_ver_stove_vintage_01
material,#hash_97ee62a15dd43f55
material,#hash_17f35a4dcef08d4c
material,#mc/mtl_wpn_t8_sniper_vanguard_stock_v2_red_mk2
material,#hash_97f84d7e0a6cf3cb
material,#hash_17fa525ab7327128
material,#hash_17fa555ab7327641
material,#hash_17faf9ce3ada5ab1
material,#mc/mtl_wpn_t8_sniper_vanguard_body_v2_alt
material,#mc/mtl_t8_wpn_pistol_revolver_bullet
material,#mc/mtl_wpn_t8_shotgun_pump_receiver_base_camo_alt
material,#hash_980a6c4f284a4ae8
material,#hash_980b715fbd13b23c
material,#mc/mtl_c_t8_zmb_mob_zombie_body1_shirt_lod
material,#mc/mtl_eqp_t8_grenade_frag_decals
material,#hash_980ffbca396450cb
material,#hash_18125140123e0384
material,#mc/mtl_p8_wep_ceiling_structure_beam_grunge_01
material,#mc/mtl_p8_wep_ceiling_structure_beam_grunge_03
material,#mc/mtl_p8_wep_ceiling_structure_beam_grunge_02
material,#hash_181847d2e9e5f93a
material,#mc/mtl_wpn_t8_tac_rifle_swordfish_sig02_ropes
material,#mc/t7_decal_damage_mold_02
material,#mc/t8_rubber_mat_worn_01
material,#hash_181c51deac037b2f
material,#hash_181cf03b92875e26
material,#mc/mtl_wpn_t8_tr_midburst_decals_sig_02
material,#mc/mtl_wpn_t8_tr_midburst_decals_sig_03
material,#mc/mtl_p8_foliage_weeds_short_grass_01_drk
material,#hash_982543d1a75f1c6e
material,#hash_182864b2dcd0f373
material,#hash_98348ade39717ba6
material,#ei/gfx_bio_fly_top_lit
material,#mc/mtl_p7_rus_desk_metal_vintage_set_decal
material,#mc/mtl_wpn_t8_tritium_red
material,#mc/mtl_p8_fence_rustic_wood_plank_wood
material,#mc/mtl_attach_t8_ar_kn57_mount_mk2
material,#hash_18427e2e7173e9d1
material,#hash_1846c97cd5bfa60f
material,#mc/mtl_veh_t8_decal_sign_warning_01
material,#hash_184cba5beba2bcba
material,#mc/mtl_attach_t8_smg_handling_foregrip
material,#mc/mtl_wpn_t8_ar_accurate_receiver_alt
material,#mc/mtl_p8_zm_zod_bathroom_sink_first_class_set_marble
material,#hash_1853b7161da6edd5
material,#mc/mtl_p8_zm_esc_table_wood_lrg_nail
material,#hash_18555dbcc951bb1e
material,#mc/mtl_wpn_t8_sniper_powersemi_mount_sig_02
material,#hash_18598abac691790e
material,#hash_986a157ea1888ead
material,#mc/mtl_p7_fire_extinguisher_digital_plastic_on
material,#mc/mtl_veh_t8_drone_rcxd_radio_text
material,#mc/mtl_p8_zm_esc_power_house_windows_01
material,#mc/mtl_p8_zm_esc_power_house_windows_02
material,#mc/mtl_p8_zm_esc_power_house_windows_03
material,#mc/mtl_p8_zm_esc_power_house_windows_04
material,#mc/mtl_p8_zm_esc_power_house_windows_05
material,#mc/mtl_p8_zm_esc_power_house_windows_06
material,#hash_188032c24fee07b7
material,#mc/mtl_t8_attach_optic_reflex_hood2
material,#vd/gfx_decal_bullet_thin_metal_01
material,#mc/mtl_p8_zm_esc_paper_pile_set
material,#mc/mtl_wpn_t8_tac_rifle_swordfish_sig02_bubbles
material,#hash_18993a2d21d4792d
material,#mc/mtl_wpn_t8_zm_towers_scorpion_claw_ball
material,#mc/mtl_p8_zm_esc_gondola_lift_metal_02
material,#mc/mtl_p8_zm_esc_crate_wood_lrg_dust_yellow
material,#hash_18a54abd492b3d1b
material,#hash_98a79cb465c56102
material,#mc/mtl_wpn_t8_smg_capacity_sig_02_stock
material,#hash_18ab8cbfb510fcc3
material,#hash_18ab8dbfb510fe76
material,#hash_18b5153f0bcb5da3
material,#hash_18b6d12cf7a47dd9
material,#mc/mtl_c_t8_zmb_eyes_mob
material,#hash_98c0fc09f3793ccd
material,#hash_98c378e7ffcfa451
material,#ei/gfx_exp_billow_md_anim_em
material,#hash_18c7a4d56b0c2fe0
material,#mc/mtl_p8_zm_esc_keybox_metal
material,#mc/mtl_wpn_t8_ar_stealth_sig_02_front_handguard
material,#hash_18d93305889c5f0f
material,#hash_18e2a0fe21f10983
material,#hash_18e2a6fe21f113b5
material,#hash_18e2aafe21f11a81
material,#hash_18e3d0e1fd6e28ac
material,#hash_98e6a938d5185c41
material,#mc/mtl_p7_wes_telegraph_bulb_glass
material,#hash_18edac05449a24e0
material,#mc/t8_concrete_trim_slab_side_01_blend
material,#hash_18f10e4cec926c34
material,#hash_98f4d92c61b3721c
material,#hash_98f4da2c61b373cf
material,#hash_98f4db2c61b37582
material,#mc/t7_wood_lath_plaster_01_blend
material,#t8_hud_waypoints_drone_hunter_scaled_down
material,#hash_98fbfa1d77d575ea
material,#hash_1901c5135f021583
material,#mc/mtl_wpn_t8_zm_towers_scorpion_claw_arm
material,#mc/mtl_p7_mou_storage_cabinet_rust
material,#hash_190e6c6678c45058
material,#hash_19116e2ceb3a5479
material,#mc/mtl_p7_light_lamp_desk_vintage_01_glass
material,#hash_991938d109197b93
material,#hash_191ed68ae22fc278
material,#hash_19205b0f8e9a8dda
material,#ei/gfx_smk_puff_volume_varied_lit
material,#mc/mtl_p7_cai_work_table_metal_01_white_bend
material,#hash_1938bb0f479c1840
material,#hash_1938ced4c21ce4f1
material,#mc/mtl_wpn_t8_tac_rifle_surgeon_scope_inner
material,#mc/mtl_p8_wz_cu_hat_tanker_metal
material,#hash_193daf62c63f72f4
material,#mc/mtl_attach_t8_tac_rifle_mid_burst_uber_wire
material,#hash_19433b8d6d1902a1
material,#mc/mtl_t8_wpn_lmg_heavy_frontgrip
material,#hash_1946f98c3a80a763
material,#mc/mtl_wpn_t8_zm_akud_clip
material,#mc/mtl_p8_zm_esc_keybox_screw
material,#hash_99507fedd9cbdbe2
material,#mc/mtl_wpn_t8_lmg_titan_sig_02_muzzle
material,#mc/mtl_p7_corrugated_sheet_metal_rust_06_proxy_flat
material,#hash_9959b18228e97220
material,#hash_9959b28228e973d3
material,#hash_9959b48228e97739
material,#hash_1959bcf7584dfeb4
material,#mc/mtl_p8_spa_fireplace_log_ends
material,#hash_9960aacd813745dd
material,#mc/mtl_attach_t8_ar_heavy_grip
material,#hash_9966131c396cfe6f
material,#mc/mtl_p8_backpack_military_cord
material,#mc/mtl_p8_zm_esc_gondola_lift_roof_side
material,#hash_196bdded7c4c998e
material,#mc/mtl_attach_t8_smg_mp9_silencer
material,#hash_996fec1bb1f7cf09
material,#hash_197270a5d467a274
material,#mc/mtl_veh_t8_mil_heli_light_body_rear_pnt_blk_matte
material,#mc/mtl_attach_t8_smg_handling_silencer_alt
material,#hash_197e2eb787509bb5
material,#hash_9980df73bdcb9ee0
material,#hash_19869f3a834628d8
material,#hash_198936d80f5736b2
material,#mc/mtl_veh_t8_drone_rcxd_camera_glass
material,#hash_998c4c6fa00bd3fa
material,#mc/mtl_p8_zm_zod_debris_wood_oak_english_dmg
material,#mc/t7_decal_tech_details_01_metal
material,#hash_99943c8c1e3f3838
material,#hash_19956fafa47c73c2
material,#mc/t8_decal_tech_detail_low_tech_17_normal
material,#mc/mtl_wpn_t8_zm_raygun_ammo
material,#hash_999c272e5afaff05
material,#mc/mtl_wpn_t8_ar_accurate_sig_02_handguard_star
material,#hash_19a3eb12657c1b38
material,#hash_19a3ee12657c2051
material,#hash_19a66e7a83363252
material,#hash_19a6cfa85cf6c9b1
material,#mc/t7_ceramic_tile_shower_white_cracks
material,#mc/mtl_p8_zm_esc_power_station_panel_set_dirt
material,#hash_99c16ee25f38869c
material,#hash_99c171e25f388bb5
material,#hash_19c6f32f4c3d212e
material,#hash_99c7e540df3d711f
material,#hash_99c96513ab913e4e
material,#hash_19cf5dfaea581bb0
material,#hash_19d0102624f7341e
material,#mc/mtl_veh_t8_mil_air_gunship_prop_spin_motion_blur
material,#mc/mtl_wpn_t8_loot_lmg_mk48_display_mk2
material,#hash_99e58fb2ff4da311
material,#hash_99e83163df3af658
material,#mc/mtl_wpn_t8_tritium_orange
material,#mc/mtl_veh_t8_decal_equipment_vent
material,#hash_19ea897aa2cae779
material,#hash_19eb02ded2b09953
material,#mc/mtl_wpn_t8_smg_fastfire_stock_mk2
material,#mc/mtl_p8_zm_esc_gondola_frame_metal
material,#mc/bullet_collision_mud
material,#hash_19fad94aa6db721a
material,#ei/gfx_smk_billow_sm_anim_em
material,#mc/mtl_wpn_t8_launcher_standard_lower_alt
material,#mc/mtl_p8_spa_fireplace_log_bark
material,#hash_1a049c6ad8cf4640
material,#hash_1a049f6ad8cf4b59
material,#hash_1a060c6561f42e1f
material,#hash_9a08ced53524ba3b
material,#mc/mtl_wpn_t8_sig_grapple_gun_laser
material,#mc/mtl_t8_wpn_lmg_heavy_handle_mk2
material,#mc/mtl_p8_zm_esc_book_01_paper
material,#hash_1a174fbb789d6df5
material,#hash_1a1ad1dc96300fd0
material,#mc/mtl_wpn_t8_loot_smg_burst_rear
material,#hash_9a20443a99f993fb
material,#hash_9a20453a99f995ae
material,#hash_9a2104a8612dde5c
material,#hash_1a2609004f3715c1
material,#mc/t8_decal_tech_detail_bolt_11_normal
material,#mc/mtl_p8_zm_zod_bathroom_sink_first_class_set_ceramic
material,#hash_9a2f09134afb7ae5
material,#mc/mtl_wpn_t8_ar_stealth_sig_02_skull
material,#hash_1a372fcdd7e8848c
material,#mc/mtl_t8_wpn_pistol_auto_rear
material,#hash_9a40a6bb92a9bdd1
material,#mc/mtl_veh_t8_drone_rcxd_flashlight_metal
material,#mc/mtl_p7_zm_ver_wheelchair_metal_02
material,#mc/mtl_p7_zm_ver_wheelchair_metal_01
material,#mc/mtl_wpn_t8_ar_stealth_mag
material,#hash_9a46808116d35276
material,#hash_9a493ecfdb52cc04
material,#hash_9a4a448722488475
material,#mc/mtl_wpn_t8_loot_shotgun_fullauto_barrel_alt_mk2
material,#hash_1a4de5ddae7c2dd9
material,#hash_1a4e481a3ae453e2
material,#hash_1a4e97fc4abebcd9
material,#hash_1a4f268207c1ba61
material,#hash_1a5442a68895f84c
material,#mc/t7_rubble_concrete_md
material,#hash_1a550da4072a6f82
material,#hash_1a5595cc9b1f77ea
material,#hash_9a55eb9fd006f7e1
material,#mc/t7_rubble_concrete_lg
material,#mc/mtl_p7_zm_mob_bed_infirmary_spring
material,#mc/t7_metal_floor_treadplate_used
material,#hash_1a69aeaf109a189b
material,#mc/mtl_wpn_t8_ar_stealth_sig_02_front_sight
material,#hash_9a6c513cae4acb3f
material,#mc/mtl_p8_box_electric_commercial_sml_01_plastic
material,#hash_1a73143894665759
material,#hash_9a7aebd14fc096ae
material,#mc/mtl_wpn_t8_ar_stealth_base_weapon_02
material,#mc/mtl_wpn_t8_ar_stealth_base_weapon_03
material,#mc/mtl_wpn_t8_ar_stealth_base_weapon_01
material,#hash_9a82223d3acea997
material,#mc/t7_rubble_concrete_sm
material,#hash_1a8685ab9a104d02
material,#hash_9a89961469b285e8
material,#mc/mtl_p8_wz_foliage_bush_creosote_01_proxy_tiled
material,#hash_9a8fe0724e2cab11
material,#hash_1a9084e76e32fe93
material,#hash_1a97df3d6ae0168e
material,#mc/mtl_p7_wes_table_drawer_wood_vintage_sml_dirt
material,#hash_1a98720ee76c5de6
material,#mc/mtl_p7_zm_ori_pump_tank_part
material,#mc/mtl_wpn_t8_loot_ar_double_tap_body
material,#mc/mtl_p8_zm_esc_cloth_pile_02_dark
material,#hash_1aa7bbcf3dafd75f
material,#hash_1aa7bccf3dafd912
material,#hash_1aaaf6b5fda318d8
material,#mc/mtl_wpn_t8_loot_lmg_mk48_bodytop_alt_mk2
material,#mc/mtl_wpn_t8_loot_ar_double_tap_bolt
material,#mc/mtl_t8_wpn_pistol_auto_mag
material,#mc/mtl_p8_col_generator_garage_set_decal_rust
material,#hash_9ac7ebf2548574b3
material,#mc/mtl_veh_t8_mil_heli_attack_tailfin_steel
material,#hash_9ad05ea568409df7
material,#mc/mtl_wpn_t8_eqp_datapad_buttons_glow
material,#mc/mtl_p8_zm_esc_table_wood_lrg_broken
material,#hash_1adc22cec40fcf77
material,#mc/mtl_p7_box_wood_metal
material,#hash_1ade979b92b35382
material,#mc/mtl_wpn_t8_ar_galil_mag_base_alt
material,#hash_9ae1e8c65415d245
material,#mc/mtl_wpn_t8_loot_ar_double_barrel_receiver
material,#mc/mtl_p7_conduit_metal_parts
material,#mc/mtl_veh_t8_mil_heli_light_cockpit_steel
material,#mc/t8_decal_trim_tape_masking_01_green
material,#mc/mtl_attach_t8_sniper_koshka_decals
material,#mc/mtl_t8_wpn_lmg_heavy_rearsight_mk2
material,#hash_9afabf903ba51870
material,#hash_9afbae87445ac23b
material,#mc/mtl_p7_sin_bio_monument_boat_hull
material,#hash_9b145bc2ebdb4b7d
material,#mc/mtl_p7_zm_asc_machinery_industrial_plastic
material,#hash_1b1fca2cd5707739
material,#mc/mtl_p7_zm_sta_couch_destroyed_set_cloth_06
material,#mc/mtl_p7_zm_sta_couch_destroyed_set_cloth_07
material,#hash_1b22c6c8701ad9da
material,#mc/mtl_wpn_t8_melee_hatchet_handle
material,#mc/mtl_veh_t8_mil_boat_tactical_raft_hull_b_blk
material,#hash_9b2c5853ede94024
material,#mc/mtl_t8_wpn_lmg_heavy_barrel_sig_01
material,#mc/mtl_wpn_t8_smg_mp9_bolt_base
material,#hash_9b3e21f31f25f3cb
material,#mc/t7_wood_worn_brown_dark
material,#mc/mtl_p8_zm_crafting_table_alchemy_jar_03_glass
material,#hash_9b4ab061e6a28ffe
material,#hash_1b4c20bf178617fb
material,#mc/mtl_p7_mou_clock_wall_hour
material,#hash_1b4f3ef8b693539f
material,#hash_1b4fb725a28759da
material,#hash_9b5346393fb63c7e
material,#hash_1b60342d63021290
material,#hash_1b692e5c3530129a
material,#mc/mtl_wpn_t8_eqp_tripwire_slingshot_arms_clip
material,#mc/mtl_t8_wpn_lmg_heavy_frontgrip_mk2
material,#hash_1b6fa7b3c4a2a4ae
material,#mc/mtl_wpn_t8_sniper_vanguard_sig_02_scope_back_v2
material,#hash_1b773391ebdcb200
material,#hash_9b7792072f8069fe
material,#hash_1b7c6a487c88688d
material,#mc/mtl_wpn_t8_loot_ar_peacekeeper_sights_base_alt_mk2
material,#hash_9b84fa2a9b636da4
material,#hash_1b88c41bfd53e7d0
material,#mc/mtl_veh_t8_mil_boat_tactical_raft_details_rubber_dead
material,#hash_1b8d01da6e16e1e8
material,#hash_1b8d03da6e16e54e
material,#hash_1b8d07da6e16ec1a
material,#hash_1b90919f021e4a96
material,#hash_1b9113e6d4bf836f
material,#hash_1b9114e6d4bf8522
material,#mc/mtl_p8_ice_curtains_02_beige
material,#mc/mtl_p8_foliage_weeds_leaf_01_drk
material,#hash_1b948d30037a60e2
material,#hash_9b9bd93b3925dfee
material,#mc/mtl_p8_col_mobile_generator_tube
material,#hash_9ba6bb67119e5454
material,#hash_1bac0e6775888e26
material,#mc/mtl_p8_box_electric_commercial_decal_burn
material,#hash_9bb3d93c2a5a6b1c
material,#hash_1bbc7f7dd06ddc89
material,#hash_1bbd822c0198f1b9
material,#hash_1bbf81bcf2030529
material,#mc/t7_decal_damage_bullet_holes_metal_set
material,#mc/mtl_wpn_t8_ar_heavy_receiver_upper_mk2
material,#mc/mtl_wpn_t8_gradient_glow_orange
material,#hash_1bcaef15bf564d50
material,#hash_9bcefa8af94b8633
material,#mc/mtl_wpn_t8_loot_sniper_mini14_mag
material,#hash_9bd2ac181da2a4bb
material,#hash_9bd2ad181da2a66e
material,#hash_1bd453a4aa33239b
material,#mc/t7_metal_bare_aluminum_polished
material,#hash_1bdbea30a0d26fbc
material,#hash_1bdbeb30a0d2716f
material,#hash_1bdbed30a0d274d5
material,#hash_9bdf977eb6c9ea61
material,#mc/mtl_eqp_t8_grenade_concussion_body
material,#hash_1bec3880a09558f5
material,#mc/mtl_p7_light_fixture_led_utility
material,#hash_1bf3b9c67ce428b6
material,#hash_9bf415a940fe3f38
material,#hash_9bf49bda02e959df
material,#mc/mtl_p8_zm_esc_warden_vase_02_main
material,#mc/mtl_p7_fir_ladder_hanging_decal01
material,#mc/mtl_p7_fir_ladder_hanging_decal06
material,#hash_1c00d1d8c2786b33
material,#mc/mtl_c_t8_zmb_homunculus_twigs
material,#hash_9c04e881d774712e
material,#hash_9c0af48922bff51a
material,#mc/mtl_p7_zm_tra_stove_kitchen_dirt
material,#mc/mtl_p8_zm_chaos_mound_sack
material,#mc/mtl_p8_wz_supply_stash_decal_medical_dark
material,#hash_1c12523545cc88fa
material,#mc/t8_zm_esc_bricks_old_rough_paint_01_blend
material,#hash_1c227cea2f077850
material,#mc/mtl_attach_t8_loot_tac_rifle_damageburst_foregrip_alt
material,#mc/mtl_p8_zm_crafting_table_alchemy_jar_03_paper
material,#hash_9c2d4f71bbe0140b
material,#hash_9c2d5171bbe01771
material,#mc/mtl_p7_rus_desk_metal_vintage_set_rust
material,#hash_1c2e1263b87c1180
material,#mc/mtl_p7_debris_cardboard_flat_09_wet
material,#hash_9c33c92fde9400ab
material,#hash_9c346aa4145bf7c6
material,#hash_9c34c8e4c0f07a98
material,#mc/mtl_p8_crate_wood_short_02
material,#mc/mtl_p7_mou_electrical_pipe_box
material,#mc/mtl_p8_zm_whi_bed_wood_queen_02_boxspring
material,#hash_1c49f2b5f070009c
material,#hash_1c4c67362eefc027
material,#hash_1c4d5bda1ee74e00
material,#hash_1c5529100ad8e247
material,#el/gfx_trail_laser_em
material,#hash_9c5b2dee26509f84
material,#hash_1c5bc12818346a62
material,#hash_9c5e7b4f7ab68ceb
material,#mc/mtl_p8_usa_submarine_interior_consoles_details_toggle_switch
material,#hash_1c664e43574e85d9
material,#hash_1c66d0c3b288f165
material,#hash_9c684525f62e2246
material,#hash_1c6d303090965f05
material,#hash_9c6d6e5fa7729a39
material,#mc/mtl_wpn_t8_pistol_standard_barrel_base
material,#wc/t7_brick_worn_heavy_grout_dirty_blend
material,#mc/t8_decal_tech_detail_high_tech_70_normal
material,#mc/mtl_wpn_t8_zm_monkey_fur
material,#hash_1c7d82d4253139eb
material,#mc/t8_decal_tech_detail_high_tech_01_normal
material,#mc/t7_wood_plywood_dirty
material,#mc/mtl_p8_zm_esc_power_station_panel_set_gauges_03
material,#hash_1c8ae45b3741280b
material,#mc/mtl_wpn_t8_hero_war_machine_body2
material,#hash_1c9b1240ac5d3b94
material,#mc/mtl_wpn_t8_loot_smg_folding_endscrew
material,#hash_1caf993cbfc07356
material,#mc/t7_decal_damage_concrete_cracks_01_dark
material,#hash_1cb1bd51091a5f0c
material,#hash_9cb578a8f67e167f
material,#hash_1cb9ca2ffbafd575
material,#hash_1cbfc617bad46260
material,#mc/mtl_wpn_t8_loot_ar_double_barrel_decals
material,#mc/mtl_wpn_t8_eqp_turret_mini_handle
material,#mc/mtl_wpn_t8_camo_requiem_embers
material,#mc/mtl_attach_t8_ar_fastfire_barrel_wz
material,#mc/mtl_p8_col_block_stone_fort_01
material,#hash_1cce4dcc86a45e24
material,#hash_1ccf4d661a208fcc
material,#mc/t7_brick_worn_dirty_red_wet
material,#mc/t7_decal_damage_wood_splinter_01
material,#mc/mtl_p8_wz_rock_cliff_large_01c
material,#mc/mtl_p8_wz_rock_cliff_large_01b
material,#hash_9cdd04fe32cd55de
material,#hash_9cde656869190786
material,#mc/mtl_wpn_t8_shotgun_pump_grip_base
material,#hash_1ce6a2d17fee246d
material,#hash_1ce726b69e3d11be
material,#mc/mtl_attach_t8_ar_kn57_ext_mag_alt
material,#hash_1cea6e01245ab265
material,#hash_1ceed708cec4b291
material,#mc/mtl_wpn_t8_sniper_vanguard_handguard_v2_mk2
material,#hash_9cf2a6a59ddffb60
material,#hash_1cf5fc0472c44f2f
material,#mc/t7_decal_damage_plaster_drywall_01
material,#mc/mtl_attach_t8_loot_smg_vmp_fast_mag_01
material,#hash_9cfd29fd66ce9f22
material,#mc/mtl_attach_t8_ar_kn57_upper_02
material,#mc/mtl_wpn_t8_smg_accurate_mag_sig_03
material,#hash_1d0e322e8876a400
material,#mc/mtl_attach_t8_lmg_titan_dbal
material,#hash_1d13606fef39df84
material,#mc/mtl_wpn_t8_loot_smg_vmp_mag
material,#mc/mtl_veh_t8_decal_greeble_05
material,#mc/mtl_p8_zm_esc_electrical_box_01
material,#hash_9d1d6d7b3fd439e3
material,#hash_9d263048c7488166
material,#hash_9d2a01f4d23fdd7d
material,#mc/mtl_p8_food_dinnerware_plate_lrg
material,#mc/mtl_p7_book_vintage_cover_01_burn
material,#hash_1d321973091c16c3
material,#hash_1d322bf0ba848a90
material,#mc/mtl_p7_zm_isl_bed_infirmary_trans
material,#mc/mtl_p8_wz_ammo_pickup_hay
material,#mc/mtl_attach_t8_loot_smg_burst_fastmag
material,#mc/mtl_p7_mou_light_cage_set_metal
material,#mc/mtl_attach_t8_ar_kn57_stock_01
material,#mc/mtl_attach_t8_ar_kn57_stock_02
material,#hash_1d46e7518595555b
material,#hash_1d476ef61cfa5bf3
material,#hash_9d4e5c0da55b95eb
material,#mc/mtl_p7_wes_bottle_whiskey_01_cap
material,#mc/mtl_wpn_t8_smg_handling_mag_alt_mk2
material,#hash_1d62fa9b42f1a8ef
material,#hash_1d65e39d0b253a39
material,#hash_9d66983284c693b2
material,#hash_1d68a42ba4019db9
material,#hash_1d6df25179505fd2
material,#mc/mtl_attach_t8_tac_rifle_mid_burst_uber_glass
material,#mc/mtl_attach_t8_loot_lmg_mk48_mag_top_01_alt
material,#hash_9d862b3394051c61
material,#hash_9d86af7dc7cc95e4
material,#hash_9d888e6e1555c861
material,#mc/bullet_collision_metal_nomarks
material,#hash_1d8d456c15c363ac
material,#mc/mtl_p8_chi_beam_roof_metal_bolt
material,#mc/mtl_wpn_t8_ar_heavy_sights
material,#mc/mtl_p8_zm_esc_sheet_metal_4x4_red
material,#mc/mtl_t8_loot_wpn_smg_folding_sight_mk2
material,#mc/mtl_c_t8_zmb_male_torso1
material,#hash_1d9dda496e77c0a2
material,#mc/mtl_p8_wz_supply_stash_decal_bolt
material,#mc/mtl_wpn_t8_smg_fastfire_body_02
material,#mc/mtl_wpn_t8_smg_fastfire_body_01
material,#mc/mtl_wpn_t8_knife_bowie_bloody_plastic
material,#hash_9da9560d3051b661
material,#hash_1dac261430e5a68d
material,#hash_9db4bd064c57d448
material,#hash_1db521fceb950b45
material,#hash_9db6ebe956d37744
material,#mc/mtl_t8_loot_wpn_smg_folding_reciever_mk2
material,#mc/mtl_p7_debris_newspaper_02_wet
material,#mc/mtl_p8_foliage_weeds_bunch_03_drk
material,#hash_9dc22a765834a89a
material,#mc/t7_metal_paint_rust_white
material,#hash_9dc968e2db7408cc
material,#hash_9dce671f37bde387
material,#hash_9dce681f37bde53a
material,#hash_9dce691f37bde6ed
material,#mc/mtl_eqp_t8_grenade_concussion_lever
material,#mc/mtl_p8_zm_esc_shelf_industrial_vintage_96_rust
material,#hash_1dd3b6604fd66caf
material,#hash_1dd4600ebfe45f6d
material,#hash_1dd5c4c9a595b311
material,#mc/mtl_wpn_t8_loot_melee_polynesian_club_wood
material,#hash_9dd9ae34f74bc4c1
material,#hash_1ddc60eafbbd861c
material,#mc/mtl_p7_pallet_truck_metal_dirty
material,#hash_1de3b1f71396a410
material,#hash_1de41ad1b27df5c8
material,#mc/mtl_p8_industrial_scissor_lift_dirt_04
material,#mc/mtl_p8_industrial_scissor_lift_dirt_05
material,#hash_1de53f33fc5c7662
material,#mc/mtl_p7_wes_bank_books_red
material,#mc/mtl_p7_bulletin_board_cork_wood_frame
material,#mc/mtl_p8_zm_esc_jumbled_electrical_wire_line_yellow
material,#hash_9df43ce9ba5f5c0e
material,#hash_9df496382dfb5d27
material,#hash_9df8ac6b0c6c4ccb
material,#mc/mtl_wpn_t8_ar_stealth_sights_mk2
material,#mc/mtl_t8_wpn_pistol_revolver_decal
material,#mc/mtl_p8_box_electric_commercial_decal_dmg
material,#hash_9e15110729e264d0
material,#mc/mtl_attach_t8_ar_galil_suppressor_alt
material,#mc/mtl_p7_wall_mobile_dep_decal_numbers
material,#mc/mtl_t8_zm_esc_spawn_cap_debris_decal_02
material,#mc/mtl_t8_zm_esc_spawn_cap_debris_decal_03
material,#mc/mtl_wpn_t8_ar_stealth_sig_01_stock_01
material,#hash_1e21b8203594e43e
material,#hash_1e21b9203594e5f1
material,#hash_1e21ba203594e7a4
material,#hash_1e21bb203594e957
material,#hash_1e21bc203594eb0a
material,#hash_1e22826eda0513d4
material,#mc/mtl_p7_zm_kin_cabinet_storage_set_01
material,#mc/mtl_p7_zm_kin_cabinet_storage_set_03
material,#mc/mtl_p7_zm_kin_cabinet_storage_set_02
material,#mc/mtl_p7_zm_ver_box_electric_panel_lable02
material,#mc/mtl_p8_zm_esc_nixie_tubes_plastic_yellow
material,#hash_9e30d9b634bea03e
material,#mc/mtl_p7_wes_desk_wood_vintage_wood
material,#mc/mtl_wpn_t8_loot_smg_burst_bolt_spring
material,#mc/mtl_wpn_t8_crossbow_sight_base
material,#hash_9e3d4c1ee2292b30
material,#hash_9e3d837ef0fa27fb
material,#hash_9e4264a6ff34f642
material,#hash_1e4b6fea5a61cf5c
material,#ei/gfx_water_bubble_lit
material,#hash_1e4dc661b14a8223
material,#hash_1e52e170ff76efd9
material,#hash_1e534b03ae77e86a
material,#hash_1e5728f1f7a1e55f
material,#mc/mtl_attach_t8_pistol_revolver_barrel_02
material,#mc/mtl_attach_t8_pistol_revolver_barrel_01
material,#mc/mtl_wpn_t8_loot_shotgun_fullauto_muzzle_alt_sig
material,#mc/mtl_p8_usa_submarine_interior_consoles_details_cable_connector
material,#mc/mtl_p7_zm_zod_gutter
material,#hash_1e663320613d2d24
material,#hash_1e663620613d323d
material,#hash_1e6c2b5aca27a435
material,#hash_9e6c60006b07d2ec
material,#mc/mtl_veh_t8_mil_boat_tactical_raft_body_straight_02_b_blk
material,#mc/mtl_wpn_t8_ar_heavy_decal_01
material,#mc/mtl_wpn_t8_ar_heavy_decal_03
material,#mc/mtl_wpn_t8_ar_heavy_decal_02
material,#mc/mtl_wpn_t8_ar_heavy_decal_04
material,#mc/mtl_wpn_t8_ar_galil_handguard_base_alt
material,#mc/mtl_p8_zm_zod_bathroom_sink_first_class_set_metal
material,#hash_1e7c78cfa4024db3
material,#hash_1e7c79cfa4024f66
material,#hash_1e7c7acfa4025119
material,#hash_1e7c7bcfa40252cc
material,#hash_1e7c7ccfa402547f
material,#hash_1e7eb41018e01b37
material,#hash_9e7f1ec40af79972
material,#mc/mtl_wpn_t8_ar_heavy_decal_42
material,#hash_1e7f3dc12365bb67
material,#hash_9e8214059e0c7057
material,#hash_9e8215059e0c720a
material,#hash_1e86a1ef46747754
material,#mc/mtl_wpn_t8_loot_shotgun_fullauto_foregrip_sig
material,#mc/mtl_p8_zm_esc_door_frame_wood_01
material,#hash_9e8c841ae9ac9d92
material,#hash_9e8d19ae14e0bb8d
material,#mc/mtl_attach_t8_lmg_titan_hipfire_handle_alt
material,#hash_1ea249773326ba4c
material,#mc/t7_decal_signage_photo_image_04
material,#mc/mtl_p7_beams_construction_stack_wood
material,#mc/mtl_p7_shr_weapon_shield_01_leather
material,#hash_1eab3e88e4de0827
material,#hash_1eacc5f3add0f9dd
material,#hash_1eb05787190913e6
material,#mc/mtl_p8_zm_esc_light_hallway_cord_long_dust
material,#mc/mtl_p8_metal_tank_water_decal_08
material,#mc/mtl_p8_metal_tank_water_decal_02
material,#mc/mtl_p8_metal_tank_water_decal_03
material,#mc/mtl_p8_metal_tank_water_decal_01
material,#mc/mtl_p8_metal_tank_water_decal_19
material,#hash_1ebf06b8192b5e12
material,#hash_9ec507312747efb1
material,#hash_1ec68a62816d8504
material,#hash_1ec872cb43d4cf71
material,#mc/mtl_wpn_t8_zm_blundergat_armor
material,#mc/t8_concrete_painted_stains_01_yellow_blend
material,#hash_1ed012b81939e5a9
material,#hash_1ed07e365a12091f
material,#hash_1ed22f8a01f20ecd
material,#mc/mtl_attach_t8_smg_fastfire_dbal_01_alt
material,#hash_1ed62df8cbb4d61f
material,#hash_1edc9f25a4a982e4
material,#hash_1edca225a4a987fd
material,#hash_1edebf687404752e
material,#hash_9ee0e7d78242a0b4
material,#hash_9ee41b33a67516b8
material,#mc/mtl_t8_wpn_smg_accurate_charging_handle_alt
material,#mc/mtl_wpn_t8_lmg_hades_grip_alt
material,#hash_1eef7741b2bd6a3e
material,#mc/mtl_p8_col_oven_kitchen_01_metal
material,#mc/mtl_veh_t7_drone_attack_gun_bare_metal
material,#mc/mtl_p7_spl_rubber_floor_mat_dark
material,#mc/mtl_p7_fir_bathroom_mirror_mirror
material,#hash_1ef9bf671352ae03
material,#hash_1efb8886110223a1
material,#hash_1efe658e3952ad14
material,#hash_9eff40a7aefff29f
material,#mc/mtl_p8_debris_cardboard_flat_07_wet
material,#mc/t7_decal_grunge_water_puddle_02
material,#mc/t7_decal_grunge_water_puddle_06
material,#mc/mtl_p7_wes_container_vintage_decanter_dirt
material,#mc/mtl_wpn_t8_sniper_vanguard_sig_01_barrel
material,#hash_9f02ca7652e32dbd
material,#hash_1f0388a121e6442b
material,#vd/gfx_decal_blood_splatter_03
material,#vd/gfx_decal_blood_splatter_02
material,#mc/mtl_wpn_t8_lmg_titan_sig_01_bolt
material,#mc/mtl_p8_col_military_ship_gun_body
material,#hash_9f078b4d4639c253
material,#mc/mtl_attach_t8_shotgun_pump_sling_mk2
material,#hash_1f0a50e8b6fb8b07
material,#hash_9f0b1ac504513ab1
material,#mc/mtl_p8_zm_esc_crate_wood_sml_nail_big
material,#hash_1f0d8a01bcf15185
material,#mc/mtl_p7_pottery_terracotta_g_orange
material,#hash_9f15bc553695a261
material,#hash_1f1aee59fcf6ca96
material,#hash_1f1b4bac8310d2b1
material,#hash_9f20d5b3fa0a73e1
material,#mc/mtl_wpn_t8_lmg_hades_mag_bullet
material,#mc/bullet_collision_flesh_nomarks
material,#hash_1f2bcf4293fb9e21
material,#hash_1f300f7df5549a74
material,#hash_1f30107df5549c27
material,#hash_1f30117df5549dda
material,#hash_1f31b5403b8692c2
material,#mc/t7_decal_fillet_corner_90_degrees
material,#hash_1f471d7ab780a02e
material,#hash_9f4b0220cf8ebd38
material,#hash_9f51462e4c475ac0
material,#hash_1f5219964ad50b8e
material,#hash_1f53ae328db65a26
material,#hash_1f5534d350e541af
material,#mc/mtl_wpn_t8_loot_ar_peacekeeper_handguard_base_alt
material,#hash_9f5e164af6577671
material,#mc/mtl_attach_t8_smg_capacity_handguard_02_alt
material,#mc/mtl_veh_t8_mil_boat_tactical_raft_engine_button
material,#hash_1f6333374aa217be
material,#mc/mtl_wpn_t8_zm_towers_scorpion_leg
material,#mc/t7_glass_condensation
material,#hash_1f6e9a8d6d4c46e6
material,#hash_9f739c18fad84988
material,#hash_9f73b09333d8ff2f
material,#hash_9f73b49333d905fb
material,#hash_9f73b69333d90961
material,#hash_1f775d6e55a915d4
material,#hash_1f790a8870fec17b
material,#hash_1f7eed68748ceed1
material,#hash_9f84cfe6bf3de4d9
material,#mc/mtl_p8_pipes_electrical_fittings
material,#mc/t8_linoleum_floor_01_tile_4x4_grey
material,#mc/mtl_t8_wpn_lmg_heavy_bullet
material,#hash_1f87ef27394ca01f
material,#hash_1f8880e634bb58a2
material,#hash_1f89b206fb703459
material,#hash_1f8a52ae6e6449c6
material,#hash_9f98fc0826a48d2b
material,#hash_9f9bf1cc40bf8133
material,#hash_1fa0287fda2bcf84
material,#hash_1fa23246be7c4f75
material,#hash_1fa2385eae4c6b7f
material,#mc/mtl_attach_t8_loot_ar_an94_dbal_01
material,#mc/mtl_p8_ice_blinds_white_plastic_01
material,#wc/t7_decal_signage_letters_upper_blend
material,#mc/mtl_t8_wpn_pistol_auto_hical
material,#mc/mtl_p8_zm_esc_barrel_drum_pallet
material,#hash_1fb69c831ee9b67f
material,#mc/mtl_p8_usa_submarine_mess_hall_furniture_metal
material,#mc/mtl_attach_t8_pistol_revolver_hammer
material,#mc/mtl_wpn_t8_tac_rifle_swordfish_sig02_decals_left
material,#mc/t8_decal_tech_detail_indent_03_normal
material,#mc/mtl_veh_t7_drone_attack_gun_dark_metal
material,#wc/t7_street_concrete_curb_01a
material,#mc/t8_decal_tech_detail_high_tech_41_normal
material,#mc/mtl_p8_col_oven_kitchen_decal05
material,#mc/mtl_p8_col_oven_kitchen_decal04
material,#mc/mtl_p8_col_oven_kitchen_decal07
material,#mc/mtl_p8_col_oven_kitchen_decal06
material,#mc/mtl_p8_col_oven_kitchen_decal01
material,#mc/mtl_p8_col_oven_kitchen_decal03
material,#mc/mtl_p8_col_oven_kitchen_decal02
material,#hash_1fd49067e200d59b
material,#mc/mtl_wpn_t8_loot_melee_slay_bell_bulb_green
material,#mc/mtl_p8_foliage_weeds_bunch_01_drk
material,#hash_9fe500c9d068d3a8
material,#hash_1fe6abc87fd04cb1
material,#mc/mtl_p7_slu_sofa_dmg_cloth
material,#hash_9febda5723b633d8
material,#hash_1ff366b22226e5e8
material,#mc/mtl_p8_zm_esc_table_wood_lrg_dirty
material,#hash_9ffca347361ab42c
material,#mc/mtl_wpn_t8_loot_ar_double_tap_handguard_alt_mk2
material,#hash_a0059fe38e8883d2
material,#mc/mtl_wpn_t8_lmg_heavy_frontgrip_sig_02
material,#hash_20119fa1f074386f
material,#mc/mtl_wpn_t8_zm_dg2_pipe
material,#mc/mtl_p7_light_floodlight
material,#hash_a018e836a4979cae
material,#mc/mtl_p8_zm_esc_dryer_industrial_rust
material,#hash_201ea4d36c018744
material,#mc/mtl_p8_zm_esc_box_cardboard_d_closed_damaged
material,#hash_a01f23e929adc04a
material,#mc/mtl_p8_zm_esc_power_house_door_metal_rolling_construction_b
material,#hash_202a404a0820ce16
material,#mc/mtl_wpn_t8_pistol_burst_bullet
material,#mc/mtl_wpn_t8_loot_melee_gift_axe_ribbon
material,#mc/mtl_veh_t8_drone_rcxd_suspension_metal
material,#hash_a03b5b3e1ef76a4e
material,#hash_a03fe9e0e58a77ef
material,#hash_a045cf04e8a3f0e9
material,#mc/mtl_p8_box_electric_commercial_sml_01_rubber_yellow
material,#mc/mtl_p7_medical_surgical_tools_set
material,#hash_a055d34860c29257
material,#hash_a055d9c8cc57b520
material,#hash_a0583112c5c2cd3a
material,#hash_a05e45390af7849c
material,#hash_a05e48390af789b5
material,#mc/mtl_wpn_t8_tritium_green_smartcover
material,#hash_2060ccf9227487e8
material,#mc/mtl_c_t8_zmb_mob_brutus_glovesboots_igc
material,#mc/mtl_t8_wpn_smg_accurate_mag
material,#hash_2069c8dbf2bb29b7
material,#mc/t8_plaster_fort_wall_dirty_01_blend
material,#mc/mtl_p8_jnt_security_electrical_cabinet_03
material,#mc/mtl_p8_jnt_security_electrical_cabinet_02
material,#mc/mtl_p8_jnt_security_electrical_cabinet_01
material,#mc/mtl_p8_zm_esc_candle_tall_on
material,#hash_a07634fc5ff24709
material,#hash_2076d41873764942
material,#mc/mtl_p7_slu_plywood_old_01
material,#hash_207925e6f5298c43
material,#hash_207926e6f5298df6
material,#mc/mtl_p7_aqu_railings_set_metal
material,#mc/mtl_p7_bottle_milk
material,#hash_a086b20eac30783d
material,#hash_208ad20e341c3268
material,#hash_a093326fdc456a2c
material,#hash_2095c583c9c132a3
material,#hash_2095c683c9c13456
material,#hash_209c7c751067b052
material,#mc/mtl_wpn_t8_smg_capacity_sights_cradle_base_mk2
material,#hash_209e97a3836d2d23
material,#mc/mtl_c_t8_zmb_homunculus_beads
material,#hash_a0a0c7f28204acdf
material,#hash_a0a3a7e0b8dc05e3
material,#hash_a0a3a8e0b8dc0796
material,#hash_20a61642036f66f2
material,#hash_a0adced519ec7e9e
material,#hash_a0b1a5e3a225cad5
material,#hash_20b4179edae165b6
material,#hash_20b68f2bc927190b
material,#mc/mtl_p7_wire_plastic_ground_yellow
material,#hash_a0c35bfd7f36a7a8
material,#hash_20c860823fb83d8e
material,#hash_20c868f3c086fce1
material,#mc/mtl_p7_debris_concrete_rubble_bolt_dark
material,#hash_a0d11d5edd386b35
material,#mc/t7_graphic_detail_disc_04_orange
material,#mc/mtl_wpn_t8_pistol_standard_mag_base_sig_02
material,#hash_a0d98412565bc070
material,#hash_a0df0d629e39b6ca
material,#mc/mtl_wpn_t8_loot_melee_gift_axe
material,#mc/mtl_wpn_t8_smg_capacity_grip_base_mk2
material,#mc/mtl_p7_foliage_weeds_dead_sway
material,#hash_a0e17a512fd06797
material,#mc/mtl_p8_hangar_scaffolding_decal_dirty_05
material,#mc/mtl_p8_hangar_scaffolding_decal_dirty_04
material,#mc/mtl_p8_hangar_scaffolding_decal_dirty_03
material,#mc/mtl_p8_hangar_scaffolding_decal_dirty_02
material,#mc/mtl_p8_hangar_scaffolding_decal_dirty_01
material,#mc/mtl_p7_slu_outlet_electrical_nail
material,#hash_20e467f96013ab53
material,#hash_a0e99867a85a36cb
material,#hash_a0e99967a85a387e
material,#mc/mtl_p7_eth_light_wall_03_decal
material,#mc/mtl_wpn_t8_loot_ar_standard_amulet_sig_02
material,#mc/mtl_p7_slu_fuse_box_electric_set_wire_red
material,#hash_20f949a7df2d3c50
material,#mc/t8_decal_grunge_water_puddle_tiling_01_128
material,#mc/mtl_p8_wz_ep_fishing_pole_metal
material,#hash_21062b0441b4f898
material,#hash_210688468343cca1
material,#hash_a10744ede7e3d3dc
material,#mc/mtl_wpn_t8_shotgun_pump_receiver_base_plastic_mk2
material,#mc/mtl_attach_t8_loot_shotgun_fullauto_foregrip02
material,#hash_210be9372f6af710
material,#mc/mtl_attach_t8_optic_mms_back_wire
material,#hash_210e1110b641a055
material,#hash_a1146150098c61f2
material,#mc/mtl_p8_col_cabinet_lab_wood_top_glass_edge
material,#mc/mtl_p8_usa_light_fluorescent_hanging_dirt
material,#hash_2125147bfa192c5b
material,#hash_a1275dbafe3ed252
material,#hash_a12adcbafe41dff6
material,#mc/mtl_p7_light_work_utility_hanging_small
material,#mc/mtl_wpn_t8_zm_raygun_plastic
material,#mc/mtl_veh_t8_decal_button_green
material,#hash_2136c33d9f17995d
material,#hash_213d56070fdaa0ca
material,#mc/p7_fir_bathroom_mop_metal
material,#hash_21413b5516101cd7
material,#hash_2142073112a2bd5e
material,#hash_2147eed2844967ab
material,#mc/mtl_wpn_t8_lmg_titan_sig_02_upper_e
material,#hash_a14c5699ddb5f427
material,#mc/mtl_p7_wes_poker_set_top
material,#hash_21553d7f3374a083
material,#hash_215aa06b24a39897
material,#mc/mtl_wpn_t8_ar_kn57_handguard
material,#hash_a15d6e3c593111e3
material,#mc/mtl_p7_zm_clt_bunkbed_wood_decal_08
material,#mc/mtl_p7_zm_clt_bunkbed_wood_decal_02
material,#mc/mtl_p7_zm_clt_bunkbed_wood_decal_01
material,#mc/mtl_p7_zm_clt_bunkbed_wood_decal_07
material,#hash_215ea9a855a66a6e
material,#mc/mtl_p7_fan_electric
material,#hash_216408c476378c34
material,#mc/mtl_p8_usa_submarine_interior_consoles_panels_large
material,#hash_2166cd0bc10bbba3
material,#hash_2168792ded643c70
material,#mc/mtl_wpn_t8_loot_smg_burst_weapon
material,#hash_216b9e33cbe510b0
material,#mc/mtl_veh_t8_decal_text_c4_distressed
material,#mc/mtl_p7_wes_clock_wall_vintage_metal
material,#hash_2174f959988fb9a2
material,#mc/mtl_wpn_t8_loot_tac_rifle_damageburst_stock_alt
material,#mc/mtl_wpn_t8_loot_lmg_mk48_body
material,#hash_2178ee8189bd5ab7
material,#hash_a17abaa63e8d3d02
material,#mc/mtl_wpn_t8_smg_fastfire_handguard_01_mk2
material,#hash_217b9b85d930dd3d
material,#hash_217d09f12f11b8c0
material,#mc/mtl_wpn_t8_loot_lmg_mk48_handle_mk2
material,#hash_218d1d8edb3f3ba7
material,#mc/mtl_wpn_t8_ar_accurate_receiver_base
material,#hash_2190014085328767
material,#hash_2190dd122d6bf5dd
material,#mc/mtl_p8_usa_submarine_interior_chair
material,#mc/mtl_p7_inf_toilet_vintage_wood
material,#hash_21a6323ce462d1e8
material,#mc/t7_dlc1_plastic_hose_small_orange
material,#hash_21ad1aa6233c2db2
material,#hash_21b081b33ef6809a
material,#ei/gfx_water_bubble_em
material,#mc/mtl_p7_ra2_gold_coin
material,#hash_21b81d9b0cb0e746
material,#hash_a1bbbef6c5391c5c
material,#mc/mtl_wpn_t8_pistol_standard_decals_sig_02
material,#hash_a1c87049063430f9
material,#mc/mtl_attach_t8_pistol_standard_trigger
material,#hash_21cdf3f81863cf57
material,#hash_a1ddb72807946fdf
material,#hash_21ddd9575b7d6e8a
material,#hash_21e00204b24282ec
material,#hash_21e061b4c0814010
material,#hash_21e0fcaa2b3e29ea
material,#hash_21e65c3a16471a21
material,#hash_21ea2ecc8598b297
material,#mc/mtl_p7_pallet_plastic_01_gray
material,#mc/mtl_wpn_t8_loot_sniper_mini14_barrel_stand_mk2
material,#mc/mtl_wpn_t8_sniper_koshka_stock_sig_02
material,#hash_21f9a7cff3a719d5
material,#mc/mtl_wpn_t8_loot_ar_peacekeeper_sights_base
material,#mc/mtl_p8_zm_esc_jumbled_electrical_wire_tape_01_yellow
material,#mc/mtl_p8_zm_esc_security_console_decal_bolt_02
material,#mc/t7_wood_plywood_trim
material,#hash_220bef83764aef7d
material,#mc/t7_zm_ctl_decal_damage_bullet_plaster_01
material,#hash_2211c84fe22e1a6d
material,#mc/mtl_wpn_t8_ar_modular_mount_sig_03
material,#hash_221984a85c111b6a
material,#mc/p7_fir_bathroom_mop_wood_decal
material,#hash_222679936539497b
material,#hash_222ea1e0faf733be
material,#mc/mtl_attach_t8_loot_ar_peacekeeper_grip
material,#hash_222f11a4966171e6
material,#mc/mtl_t8_wz_esc_pictures_wardenpic2
material,#hash_222f14a4966176ff
material,#hash_222f16a496617a65
material,#hash_a22f244733228cfb
material,#hash_223402dff31e9118
material,#mc/mtl_attach_t8_loot_sniper_mini14_dbal
material,#mc/mtl_wpn_t8_ar_accurate_sig_01_handguard_alt
material,#mc/mtl_veh_t8_mil_helicopter_transport_attach_04_chrome_dirty
material,#hash_223c725493be32ba
material,#mc/mtl_p8_zm_esc_laundry_bag_dirt
material,#hash_224333a79e0bfcb5
material,#hash_a244daed5b5db548
material,#mc/mtl_wpn_t8_tac_rifle_swordfish_bolt_mk2
material,#mc/mtl_wpn_t8_loot_smg_vmp_stock_base
material,#hash_a24e3a386b214b72
material,#hash_224ff13864fde023
material,#mc/mtl_wpn_t8_ar_stealth_barrel
material,#hash_a25ea22f56b06d9b
material,#wc/t7_metal_panels_painted_2x4
material,#mc/mtl_veh_t8_mil_boat_tactical_raft_details_body_gry
material,#mc/mtl_veh_t8_mil_boat_tactical_raft_body_cone_gry
material,#mc/mtl_p8_zm_esc_pipe_bundle_end
material,#hash_226852a3ae1bc567
material,#mc/mtl_attach_t8_smg_capacity_bolt_alt
material,#hash_226c7e1b2c60f65b
material,#hash_226c801b2c60f9c1
material,#hash_226e867c12b2d7ff
material,#hash_226e877c12b2d9b2
material,#hash_a26f72c44df98ce6
material,#hash_227043ea4048deaf
material,#ei/gfx_debris_clump_em
material,#hash_22732f076b300dfc
material,#mc/mtl_wpn_t8_ar_stealth_hical
material,#mc/mtl_p7_duct_metal_rectangle_x_joint_rust
material,#mc/mtl_p7_medical_surgical_tray_tools_bloody
material,#hash_228397add475addb
material,#hash_22841bcd4a6e97bb
material,#hash_22868939f188e310
material,#mc/mtl_p8_zm_esc_jumbled_electrical_wire
material,#hash_228c6ef8b75c161f
material,#mc/mtl_p8_usa_submarine_mess_hall_furniture
material,#hash_a295b5d6d39b1612
material,#mc/mtl_p7_zur_painting_modern_04
material,#mc/mtl_p7_zur_painting_modern_02
material,#hash_22a03eebd21628a6
material,#mc/mtl_attach_t8_loot_smg_burst_drummag
material,#mc/t8_decal_tech_detail_line_trim_14_normal
material,#hash_22a36cb37687db9e
material,#hash_22a8f79302b5e298
material,#mc/mtl_wpn_t8_sniper_koshka_handguard_alt_mk2
material,#mc/mtl_p8_kit_col_med_01_rollup_metal_small_door
material,#hash_22b0d1b96f407834
material,#mc/t8_decal_graphics_signage_usa_sub_hazard_label
material,#hash_22b99caba1b17a1a
material,#hash_a2bb02e5202323b0
material,#mc/mtl_p7_slu_wire_decal_dirt
material,#hash_a2cdea38a0e3c778
material,#mc/mtl_wpn_t8_loot_ar_double_tap_stock
material,#hash_a2d037c21585edf9
material,#mc/mtl_p7_zm_ver_shower_metal
material,#hash_22d34a7095dba9fc
material,#hash_a2d4ab0d0a1bdc3b
material,#mc/mtl_wpn_t8_loot_ar_standard_gem_1_sig_02_nodraw
material,#mc/mtl_t8_camo_dlc3_armor
material,#hash_22dda56ea1c7d293
material,#hash_22e37cf0a6803d3a
material,#mc/mtl_p7_slu_box_electric_set_plastic
material,#hash_22e915aaf4d81301
material,#mc/mtl_t8_loot_wpn_smg_folding_sight
material,#hash_22eb09d466c03592
material,#hash_22eb73ea71819fc5
material,#mc/mtl_p8_zm_esc_power_house_tank_tube
material,#mc/mtl_wpn_t8_shotgun_prec_lower_base
material,#mc/mtl_p8_kit_col_gen_02_steps
material,#ei/gfx_smk_cigar_whisp_lit
material,#hash_22ffe694489b67a0
material,#mc/mtl_p7_zm_ori_coat_hanging_01
material,#mc/mtl_p7_zm_ori_coat_hanging_02
material,#mc/mtl_t8_wpn_smg_accurate_charging_handle
material,#mc/mtl_wpn_t8_sniper_koshka_base_alt_02_mk2
material,#hash_a3092c1d4944c4c2
material,#mc/t8_decal_tech_detail_bolt_10_white
material,#hash_a30b6932c0e341eb
material,#hash_a30b6a32c0e3439e
material,#mc/mtl_p7_slu_box_electric_set_decal_labels
material,#hash_a30c483242b40bb7
material,#hash_230e3291cae3b613
material,#hash_a30f628640a03316
material,#mc/mtl_wpn_t8_shotgun_pump_sig_01_handguard
material,#mc/mtl_veh_t8_mil_heli_attack_blk
material,#hash_23154e49437baced
material,#hash_231ae0fe4beb3b09
material,#hash_231e43344cb8e95b
material,#hash_231e44344cb8eb0e
material,#hash_2320f6b844a78518
material,#hash_23272ef55efa36cb
material,#hash_a328cbd8809a1720
material,#mc/mtl_p7_zm_nac_trailer_generator_gauges_glass
material,#mc/mtl_wpn_t8_ar_accurate_mag_base
material,#hash_a33aa76d0264a173
material,#hash_2344d3f927668716
material,#mc/mtl_p8_zm_esc_decal_paint_concrete_white_blend
material,#hash_234c11c7d8255847
material,#hash_234df77bb24f821a
material,#mc/mtl_p8_zm_esc_gun_gallery_metal_beam_01_white
material,#mc/mtl_attach_t8_loot_smg_burst_quickdraw
material,#hash_a357f9a5cac9ae2d
material,#mc/mtl_p7_wes_poker_set_number_decal
material,#hash_235eda68aa4e9f61
material,#hash_a35fa660ac7dceae
material,#mc/mtl_p8_tank_fuel_01_metal_01
material,#hash_a3695bca7bcd3d5a
material,#hash_23769a2b272263a0
material,#mc/mtl_p8_zm_esc_power_station_panel_set_hole
material,#hash_237a4ad4af28bba4
material,#hash_237bf2772bb815b9
material,#mc/mtl_p7_mou_electrical_panel_set_pane
material,#mc/t7_ceramic_tile_shower_red
material,#mc/mtl_wpn_t8_lmg_titan_sig_01_barrel
material,#hash_a38065c7b3ceac7b
material,#hash_2380f8b8db727029
material,#mc/mtl_veh_t8_decal_gauge_19
material,#hash_2386ddcb6f530571
material,#mc/mtl_veh_t8_mil_helicopter_transport_decal_lock_dirty
material,#mc/mtl_veh_t8_decal_gauge_09
material,#mc/mtl_veh_t8_decal_gauge_08
material,#mc/mtl_veh_t8_decal_gauge_07
material,#mc/mtl_veh_t8_decal_gauge_05
material,#mc/mtl_veh_t8_decal_gauge_04
material,#mc/mtl_veh_t8_decal_gauge_03
material,#mc/mtl_veh_t8_decal_gauge_02
material,#mc/mtl_veh_t8_decal_gauge_01
material,#hash_a38a8f2eb50df3c3
material,#hash_a38a902eb50df576
material,#hash_238c8a026c6b0abb
material,#mc/mtl_veh_t8_decal_gauge_21
material,#mc/mtl_veh_t8_decal_gauge_20
material,#mc/mtl_veh_t8_decal_gauge_22
material,#hash_a38ff640288388f0
material,#mc/mtl_veh_t8_mil_heli_light_body_rear_pnt_blk
material,#hash_2390d832d6d524f0
material,#hash_239338a7edea8879
material,#hash_239483a1d0e8028f
material,#mc/mtl_veh_t8_mil_heli_light_body_front_pnt_body_blk
material,#hash_a396240d9345e927
material,#mc/mtl_wpn_t8_loot_smg_vmp_upper_base
material,#mc/mtl_p7_zm_asc_light_fluorescent
material,#mc/mtl_wpn_t8_zm_towers_scorpion_body_back
material,#hash_239d07faff73addf
material,#hash_239d08faff73af92
material,#hash_23a74eb137275ad3
material,#hash_23a74fb137275c86
material,#mc/t7_decal_grunge_asphalt_puddle_02
material,#hash_23aec7ce5e380eda
material,#hash_a3af5cdb7dcc0062
material,#hash_a3b3fef9374212bc
material,#hash_23b42333009b909e
material,#hash_23b4667b59a4084a
material,#hash_23babc4d76722ad5
material,#hash_a3bc21fac0625623
material,#hash_a3bc5e1953fe8f96
material,#mc/mtl_p8_zm_zod_bathtub_first_class_bathroom_ceramic
material,#mc/mtl_p7_water_container_plastic_large_blue
material,#mc/t8_mov_zm_esc_decal_dirt_rubble_fine_01_blend
material,#hash_23d0a324599aed73
material,#mc/mtl_p7_zm_asc_box_electrical_decal_11
material,#mc/mtl_wpn_t8_zm_towers_scorpion_body_base
material,#mc/mtl_p8_zm_esc_crate_wood_sml
material,#mc/mtl_veh_t8_mil_boat_tactical_raft_details_metal
material,#mc/mtl_p7_zm_asc_box_electrical_decal_03
material,#mc/mtl_p7_zm_asc_box_electrical_decal_02
material,#mc/mtl_p7_zm_asc_box_electrical_decal_05
material,#mc/mtl_p7_zm_asc_box_electrical_decal_06
material,#mc/mtl_p7_zm_asc_box_electrical_decal_09
material,#mc/mtl_p7_zm_asc_box_electrical_decal_08
material,#hash_a3d66c24287ed95f
material,#hash_23d703ff6e8bf88e
material,#mc/mtl_veh_t8_mil_boat_tactical_raft_body_curve_02_b_gry
material,#hash_a3e1885aa0d10ded
material,#mc/mtl_p8_usa_ladder_old_wood_up
material,#mc/mtl_p7_zm_isl_bed_infirmary_mattress_worn
material,#hash_a3f0f018fdc724b8
material,#hash_a3f0f318fdc729d1
material,#hash_23f41debc6a19f5a
material,#ei/gfx_water_ring_lit
material,#mc/mtl_p8_ice_signage_rectangle_01
material,#mc/mtl_attach_t8_optic_hybrid_frame
material,#hash_23f9f3e25d3ab4db
material,#hash_2402e160ca13641f
material,#mc/mtl_wpn_t8_smg_mp9_bolt_alt
material,#hash_a407a2e8ba136b59
material,#mc/mtl_wpn_t8_loot_sniper_mini14_mag_mk2
material,#hash_2409999f2de0a64a
material,#hash_240a2d4dd30ec638
material,#hash_240a334dd30ed06a
material,#hash_240a344dd30ed21d
material,#hash_240aa9778386ca62
material,#mc/mtl_wpn_t8_loot_ar_double_tap_grip
material,#hash_a4123c43c939b4e0
material,#mc/mtl_p7_cai_dumpster_small_dirt_01
material,#mc/mtl_p8_box_electric_commercial_metal_key
material,#mc/mtl_wpn_t8_loot_sniper_mini14_stand
material,#hash_241d81b490daa433
material,#hash_241e13fe8f301147
material,#hash_a422af831bb56188
material,#hash_a422b0831bb5633b
material,#mc/mtl_t8_wz_esc_pictures_guardobit1
material,#hash_a43c413778e8b50b
material,#mc/t7_drywall_base_cream_damage_blend
material,#mc/mtl_attach_t8_shotgun_pump_handguard
material,#hash_2448f5f756efa295
material,#hash_a44bfd2b56ecf71f
material,#mc/t7_decal_damage_paint_peeling_thick_dirty
material,#hash_245f88b8a19a5396
material,#mc/mtl_wpn_t8_sniper_vanguard_bullet
material,#hash_246186dbea14f993
material,#hash_246189dbea14feac
material,#hash_24618bdbea150212
material,#hash_24618cdbea1503c5
material,#hash_24694f1351eaa5bb
material,#hash_246959a967f96f41
material,#mc/mtl_p8_wz_rock_cliff_large_01ab
material,#hash_24751d9784155461
material,#hash_2475ffafc13340a3
material,#hash_2478ae27fde6e7a7
material,#mc/mtl_wpn_t8_lmg_hades_barrel_base
material,#hash_a47b28430457f805
material,#wc/t7_rock_gravel_compact_blend
material,#hash_a47c7a6218372f91
material,#hash_247f8131f37fe7ab
material,#hash_2482357a4d48a2f3
material,#mc/mtl_wpn_t8_sig_flamethrower_front_grip
material,#hash_a4978975cb98a06a
material,#hash_a4998aa4a77d8515
material,#hash_a49c40b720bb1945
material,#hash_24a328ddffe3b357
material,#mc/mtl_wpn_t8_eqp_datapad_grip_rubber
material,#mc/mtl_p8_zm_crafting_table_alchemy_jar_02_glass
material,#mc/mtl_p7_foliage_flower_bouquet_petal_dead
material,#mc/mtl_p8_zm_esc_light_hallway_bulb_backlit
material,#mc/mtl_wpn_t8_sniper_vanguard_sig_01_body_top
material,#hash_a4bf6d518a287d24
material,#hash_24c231106a20e4e6
material,#hash_a4c2a16b3c805dbc
material,#mc/mtl_veh_t8_mil_boat_tactical_raft_body_curve_02_gry
material,#mc/t7_concrete_trowelled
material,#mc/mtl_t8_wpn_pistol_auto_bolts
material,#mc/mtl_p8_zm_zod_pipe_set_brace_metal
material,#hash_24d2dd593a643c1f
material,#hash_24d36f1f0f318c3d
material,#mc/mtl_wpn_t8_loot_shotgun_fullauto_barrel_sig
material,#hash_24d623cee3f74b09
material,#hash_24d626cee3f75022
material,#hash_a4d7a5c03bebaff1
material,#hash_24dcc94f192dc06a
material,#hash_24e22363cdaabc3c
material,#mc/t8_decal_grunge_barnacles_clusters_01_blend
material,#hash_a4ea9069a81ad7f1
material,#mc/mtl_p8_zm_esc_gondola_damage_02
material,#mc/t7_metal_cable_01_rust
material,#hash_24eee9c8eaa03a01
material,#hash_24f0bfbe7a3a03e0
material,#hash_24f7d9bf9bb99a66
material,#mc/mtl_wpn_t8_loot_ar_standard_barrel_sig_02
material,#hash_24fe0c0f7d2049be
material,#mc/mtl_wpn_t8_loot_sniper_locus_mag
material,#hash_2507b74869367e81
material,#hash_a50828dcd65ecda1
material,#hash_250941d296dcc137
material,#hash_250942d296dcc2ea
material,#mc/mtl_wpn_t8_ar_accurate_electricity_sig_03
material,#mc/mtl_p8_zm_esc_power_house_door_metal_rolling_door
material,#hash_a510aac20fa1cf52
material,#hash_251282ebe83d6912
material,#hash_a512b12cf628d043
material,#hash_2512b22cf628d1f6
material,#hash_a512b42cf628d55c
material,#mc/mtl_attach_t8_ar_kn57_laser
material,#mc/mtl_p8_zm_esc_power_station_panel_set_box_02_rust
material,#hash_2520eddfadf4453d
material,#hash_a5248655c5fe8f52
material,#mc/mtl_attach_t8_loot_ar_an94_silencer_01
material,#hash_a52ee26734392cff
material,#mc/mtl_wpn_t8_loot_smg_vmp_sights
material,#mc/mtl_veh_t8_drone_rcxd_flashlight_chrome
material,#hash_a539147d63525f2d
material,#mc/mtl_p8_zm_zod_wall_box_electrical_set_lrg_black
material,#mc/mtl_p8_wz_supply_stash_decal_label
material,#mc/bullet_collision_brick
material,#mc/mtl_wpn_t8_ar_stealth_sig_02_red_glass
material,#hash_a546b3231f614366
material,#hash_a54a3a94c02aca92
material,#hash_a54ae35fd9b102c4
material,#mc/mtl_wpn_t8_loot_melee_coinbag_cloth
material,#hash_254dcf4d3a895fe9
material,#mc/mtl_p7_debris_rockychunks_small
material,#hash_25521595d23dfac4
material,#hash_2555879bd03d3de3
material,#mc/mtl_wpn_t8_gradient_glow_lt_blue
material,#hash_a56a3854f3479882
material,#mc/mtl_p7_slu_door_white_metal_02
material,#mc/mtl_p7_slu_door_white_metal_03
material,#hash_256b68a789e131df
material,#hash_a57296f1ede360dd
material,#mc/mtl_c_t8_blockout_leather
material,#mc/mtl_p8_backpack_military_main
material,#ei/gfx_water_drip_lit
material,#hash_257b248aa8756ec5
material,#hash_257c443650d3eb31
material,#hash_a58139f8304b9323
material,#hash_2583f77307e0acc0
material,#mc/mtl_p7_box_cardboard_tape_wet
material,#mc/mtl_wpn_t8_sig_grapple_gun_hook
material,#mc/mtl_p8_col_cabinet_kitchen_sink_metal
material,#hash_a58d1e640fd70177
material,#mc/mtl_wpn_t8_ar_galil_upper_base_alt
material,#hash_a592b154deb39d70
material,#hash_a59330c2b106ea21
material,#mc/mtl_p8_zm_esc_hallway_railing_set_02
material,#mc/mtl_p8_zm_esc_hallway_railing_set_03
material,#mc/mtl_p8_zm_esc_hallway_railing_set_01
material,#mc/t7_graphic_display_military_octagon
material,#hash_259595ea3cc67a14
material,#mc/mtl_wpn_t8_smg_capacity_mag_base
material,#mc/mtl_p8_col_rock_smooth_set_01_01
material,#mc/mtl_wpn_t8_eqp_concertina_wire_barbs
material,#hash_a5a860fce127fa45
material,#hash_a5a996ff624a5908
material,#mc/mtl_attach_t8_smg_fastfire_dbal_02_alt
material,#mc/mtl_attach_t8_ar_galil_grip
material,#hash_a5b58e3d4930d315
material,#mc/mtl_p7_zm_ver_box_electric_panel_metal
material,#mc/mtl_p7_desk_metal_military_02_screen
material,#hash_25bd27280c6a9055
material,#hash_a5bf034f561c16e4
material,#hash_a5c00149d848dc80
material,#mc/mtl_p7_box_cardboard_open02_wet
material,#hash_25c177919388bbb8
material,#hash_25c78753a1266e1d
material,#ei/gfx_water_bubbledeath_group1_lit
material,#ei/gfx_ui_square
material,#mc/mtl_p8_zm_esc_water_tower_01_tank_bottom
material,#hash_25d24380d12ab53d
material,#hash_a5d2db02d2675d2d
material,#mc/mtl_wpn_t8_sniper_koshka_mag_mk2
material,#mc/mtl_veh_t8_decal_sign_keep_clear_02
material,#mc/t8_concrete_wall_poured_dirty_01
material,#hash_25dee7aaa3864ff8
material,#hash_25dee8aaa38651ab
material,#hash_25dee9aaa386535e
material,#hash_a5e149c6c91fffc3
material,#hash_a5e14ac6c9200176
material,#ei/gfx_gib_glass_01_em
material,#mc/mtl_wpn_t8_loot_ar_standard_sights_sig_02
material,#hash_a5efd5a40d4dc50e
material,#hash_25f4c1d8f18091ab
material,#mc/mtl_t8_wpn_lmg_heavy_clip
material,#mc/mtl_wpn_t8_sniper_koshka_scope_02_alt
material,#mc/mtl_wpn_t8_loot_ar_standard_gem_eyes_sig_02
material,#mc/mtl_p7_hinge_metal
material,#hash_26040eb7ef049c36
material,#hash_260410b7ef049f9c
material,#hash_260411b7ef04a14f
material,#hash_260413b7ef04a4b5
material,#mc/mtl_p7_locker_metal_laundry
material,#hash_2605e068265d2835
material,#mc/mtl_p7_rebar_bundle
material,#hash_2606f7b7ef06aaf8
material,#hash_2606f9b7ef06ae5e
material,#hash_2606fab7ef06b011
material,#hash_a607baaacb7e0104
material,#hash_260c16561b7fb109
material,#hash_a60cbf9784c1d46a
material,#hash_260d667f430ceac0
material,#hash_a60e51fbfc8f7662
material,#mc/mtl_wpn_t8_ar_accurate_sights_base
material,#mc/mtl_wpn_t8_lmg_titan_sig_02_iron_sights_e
material,#hash_a61262989e05760f
material,#hash_2615492162c5d00c
material,#hash_2619d584d104cff8
material,#hash_a61ceb4bf5961db0
material,#hash_a61cf14bf59627e2
material,#hash_a6207d4bf5994b9d
material,#mc/mtl_p8_zm_crafting_table_alchemy_jar_03
material,#mc/mtl_p8_zm_crafting_table_alchemy_jar_02
material,#mc/t7_decal_line_horizontal_chipped_edges
material,#mc/mtl_attach_wpn_t8_loot_pistol_auto_stock
material,#wc/t7_decal_grunge_water_stain_01_rvl
material,#mc/mtl_p7_sink_kitchen_stainless_modern_01_clean
material,#hash_262cc73487e9dbab
material,#hash_262d53289e0507b1
material,#hash_262e7f89c069d753
material,#hash_262f71041a7505dc
material,#mc/t7_wood_plywood_brown
material,#hash_2640d259d7b0da82
material,#hash_264446ebd8d636dd
material,#mc/mtl_attach_t8_smg_mp9_silencer_02
material,#hash_a64f7976478dbd04
material,#hash_265558816db7a532
material,#hash_a655e98767c4610c
material,#hash_26564f34731ed60f
material,#hash_265650fbd109b592
material,#mc/mtl_attach_t8_tac_rifle_swordfish_handguard_alt
material,#hash_a6622e2e4712a71e
material,#mc/mtl_wpn_t8_lmg_titan_sig_02_bullet
material,#hash_26660888b2fd26a1
material,#hash_2667f890d6691734
material,#hash_2669cc4fab5f5abc
material,#hash_a66b9760b4e6d01f
material,#mc/mtl_p8_usa_locker_metal_door_metal_gray
material,#mc/t8_decal_tech_detail_bolt_06_normal
material,#hash_267579d45a986d0a
material,#hash_a67c7add3161ba40
material,#mc/mtl_t8_wpn_pistol_auto_mk2_mag
material,#hash_267d5dc18a924898
material,#hash_267d5ec18a924a4b
material,#hash_267d60c18a924db1
material,#hash_268181c18a966e9b
material,#hash_268184c18a9673b4
material,#hash_268186c18a96771a
material,#hash_268187c18a9678cd
material,#mc/t7_brick_worn_dirty_red_blend
material,#hash_a688bdf454e9946b
material,#mc/mtl_t8_camo_chrome
material,#mc/mtl_wpn_t8_lmg_heavy_clip_tray_lid_sig_02
material,#mc/mtl_p7_zm_ctl_light_cage_wall_metal_02
material,#hash_2691863fc9243682
material,#hash_2691e3b23f26ee3e
material,#hash_26933dcc578dddb0
material,#mc/mtl_wpn_t8_shotgun_pump_sig_02_handcuffs
material,#hash_a69419b6ef0407dd
material,#mc/mtl_wpn_t8_eqp_datapad_lens
material,#hash_26a3b99a82bf5ce4
material,#hash_26a3efa5c06cffec
material,#hash_26a3f2a5c06d0505
material,#hash_a6a617c35b3dba32
material,#hash_a6a8bd26465527bb
material,#hash_a6ac39e04c32166c
material,#mc/mtl_p8_usa_submarine_interior_consoles_details_knob_02
material,#mc/mtl_p8_usa_submarine_interior_consoles_details_knob_03
material,#mc/mtl_p8_usa_submarine_interior_consoles_details_knob_01
material,#mc/mtl_p8_usa_submarine_interior_consoles_details_knob_06
material,#mc/mtl_p8_usa_submarine_interior_consoles_details_knob_05
material,#hash_a6ae4e4cf9a60de5
material,#mc/mtl_p7_fxanim_gp_cleaning_paper_01_s3
material,#hash_a6b050f30bde4509
material,#hash_a6b335f6f80586b4
material,#hash_a6b338f6f8058bcd
material,#mc/mtl_wpn_t8_sniper_power_semi_stock_alt
material,#hash_26c7a375673011a2
material,#hash_a6c931962926548e
material,#mc/t8_decal_grunge_rust_chunky_01
material,#mc/mtl_c_t8_blockout_lights
material,#mc/mtl_wpn_t8_ar_kn57_decal_02_fullspec
material,#hash_26d31a3212e0894d
material,#hash_a6d35c28cab44b9b
material,#mc/mtl_p7_spl_clothes_hanger_plastic
material,#mc/mtl_attach_t8_tac_rifle_mid_burst_uber_metal
material,#mc/mtl_t8_wpn_pistol_auto_mag_ext
material,#mc/t8_plaster_stucco_01
material,#mc/mtl_attach_t8_pistol_revolver_quickdraw
material,#mc/mtl_p8_zm_esc_power_station_panel_set_box_01_rust
material,#hash_26e64eabadf637be
material,#mc/mtl_p7_spool_wire_metal_cable_01
material,#mc/t8_dirt_rocky_03_blend
material,#mc/mtl_wpn_t8_sniper_vanguard_magwell_v2_mk2
material,#mc/mtl_p8_mov_zm_gla_shackles_01
material,#hash_26feb88d8cbfee2e
material,#hash_2705826eb5028d5a
material,#mc/mtl_p7_zm_kin_bed_antique_worn02
material,#mcs/mtl_p7_fxanim_gp_tarp_grey_ripped_01_s3
material,#hash_270e5d4f0595ede3
material,#hash_270e5e4f0595ef96
material,#hash_270e5f4f0595f149
material,#mc/mtl_p8_foliage_grass_blades_tall_set_a_dry
material,#hash_2710841aa884124e
material,#hash_a710c7dad4821ed8
material,#hash_27119e4edb659682
material,#mc/mtl_p8_zm_zod_bathroom_sink_first_class_set_hole
material,#mc/t8_zm_gla_cel_stone_wall_cut_01
material,#hash_271bd8b98c501c78
material,#mc/mtl_p8_zm_esc_dryer_industrial_rust2
material,#hash_2721e03fc6831414
material,#hash_27239cfe0252c535
material,#hash_27276aea6632f777
material,#mc/mtl_wpn_t8_sig_blade_base
material,#mc/mtl_veh_t8_mil_boat_tactical_raft_details_bag
material,#hash_a72959e4b94bbb7e
material,#mc/mtl_t8_wpn_pistol_revolver_screen_ph_sig_02
material,#hash_a731ec028a039532
material,#mc/t7_decal_grunge_rust_04
material,#mc/t7_decal_grunge_rust_01
material,#hash_a739d91e4148defd
material,#mc/mtl_wpn_t8_loot_smg_minigun_stock
material,#hash_273cb005e5f16dd5
material,#mc/mtl_p7_duct_metal_rectangle_support_rust
material,#mc/attach_t8_pistol_burst_hammer
material,#mc/mtl_p7_wes_clock_wall_vintage_table
material,#mc/mtl_wpn_t8_shotgun_pump_handguard_shroud_base_mk2
material,#mc/mtl_veh_t8_decal_bolt_12
material,#mc/mtl_veh_t8_decal_bolt_13
material,#mc/mtl_veh_t8_decal_bolt_10
material,#mc/mtl_veh_t8_decal_bolt_18
material,#mc/mtl_veh_t8_decal_bolt_01
material,#mc/mtl_veh_t8_decal_bolt_03
material,#mc/mtl_veh_t8_decal_bolt_04
material,#mc/mtl_p8_zm_esc_security_console_decal_button
material,#mc/t8_decal_tech_detail_high_tech_01_metal
material,#mc/t8_zm_esc_plaster_paint_peel_02_blend
material,#hash_a768eeb3d27f5a12
material,#hash_a7693b1344a7bc50
material,#hash_a76c76b3d2827701
material,#mc/mtl_p8_metal_tank_water_metal
material,#hash_277003ea22962ec0
material,#mc/mtl_p7_zm_ori_wood_planks_dmg_set_decal
material,#mc/mtl_wpn_t8_smg_handling_base_sig_01
material,#mc/mtl_attach_t8_loot_sniper_semiauto_fmj
material,#mc/mtl_attach_t8_loot_ar_an94_ext_mag_01
material,#mc/mtl_wpn_t8_shotgun_pump_sig_02_handguard
material,#mc/mtl_p7_mou_electric_switch_decal_plastic_01
material,#hash_a7916b3ebf43ee6d
material,#hash_2793e2b2e6b810ee
material,#mc/mtl_veh_t8_drone_rcxd_wheel_metal
material,#mc/mtl_c_t8_mp_spe_armor_shared_medium
material,#hash_27a5be9708ad5963
material,#mc/t7_glass_dirty_dome_01
material,#mc/mtl_wpn_t8_tac_rifle_swordfish_scope
material,#hash_27b073f0345f6a90
material,#hash_27b33e1f3968f783
material,#mc/mtl_p7_zm_ctl_clock_wall_vintage_glass
material,#hash_27bb56553bdd03e7
material,#mc/mtl_p8_wz_supply_stash_health_canvas_darker
material,#mc/mtl_wpn_t8_smg_capacity_rail_base
material,#mc/mtl_p7_slu_fuse_box_electric_set_wire_green
material,#mc/mtl_c_t8_zmb_male_head1
material,#hash_a7d8e5985e2b168c
material,#mc/mtl_attach_t8_tac_rifle_mid_burst_ext_mag
material,#mc/mtl_p7_ban_chainlink
material,#mc/mtl_wpn_t8_sig_grapple_gun_base
material,#mc/mtl_wpn_t8_shotgun_semi_grip
material,#ei/gfx_fog_slow_wide_lg_anim_em
material,#hash_a7e6a95d0dcf2152
material,#hash_a7e94f8967335217
material,#hash_27eeae573c046f60
material,#mc/mtl_attach_t8_bullet_tip
material,#mc/mtl_wpn_t8_smg_burst_mag_sig
material,#hash_27f947f3eab46b1f
material,#mc/mtl_wpn_t8_smg_fastfire_charging_jandle
material,#mc/t8_zm_esc_plaster_smooth_dirty_01_blend
material,#mc/t8_metal_grate_trim_01
material,#mc/t8_rock_coal_01
material,#mc/mtl_wpn_t8_loot_shotgun_fullauto_sights
material,#hash_a8011a77fe05d65c
material,#mc/mtl_wpn_t8_loot_sniper_mini14_base_alt_mk2
material,#hash_2809f56f5e1c375c
material,#hash_280b5755be211cc9
material,#hash_a80fad70e422299e
material,#hash_281037f4efa063b1
material,#hash_28110cbf601c3531
material,#hash_2812861af054aa9b
material,#hash_a814b5a875282100
material,#hash_a814b8a875282619
material,#hash_2817960b41361168
material,#hash_2817970b4136131b
material,#hash_2817980b413614ce
material,#hash_28179a0b41361834
material,#hash_28179b0b413619e7
material,#hash_28179d0b41361d4d
material,#hash_a81849fe309bc1ba
material,#hash_281d4daaba640ddc
material,#hash_282183c4f8270d28
material,#hash_28292fbf8f005960
material,#hash_282930bf8f005b13
material,#hash_282931bf8f005cc6
material,#hash_a82b16ea2cbc795b
material,#mc/mtl_wpn_t8_loot_melee_slay_bell_barbwire
material,#mc/mtl_p7_mou_electrical_panel_set_fastener
material,#hash_28320b022a2b989b
material,#hash_28320c022a2b9a4e
material,#mc/mtl_p8_centrifuge_device_decal_label_handle
material,#hash_28340a1f1c2dfff0
material,#hash_283515d7553b853c
material,#mc/t8_decal_tech_shipping_container_bolt_04
material,#mc/t8_decal_tech_shipping_container_bolt_02
material,#mc/mtl_wpn_t8_sniper_vanguard_barrel_v2_mk2
material,#hash_a8367170708054b5
material,#hash_283a2457f6a180b2
material,#hash_283cf5f29f4b2acb
material,#hash_a83dd3eb371e6db0
material,#mc/t8_metal_diamond_plate_worn_black
material,#mc/mtl_wpn_t8_sniper_vanguard_stock_v2_alt
material,#hash_284e1eec5c33c992
material,#hash_a854b600980e8fe7
material,#mc/mtl_t8_wpn_smg_accurate_receiver_sig_01_alt
material,#hash_285739cb4bc444c0
material,#mc/mtl_attach_t8_loot_ar_an94_foregrip_01
material,#mc/mtl_p7_fxp_debris_dirt_rocky_01_brown
material,#hash_2866056af168c34e
material,#mc/mtl_p7_rus_insulator_electrical_snow_dirty
material,#hash_a86e8f395d03ce92
material,#mc/mtl_wpn_t8_ar_heavy_sights_alt
material,#hash_2870896a1eede832
material,#hash_a87219cf4386b5a9
material,#mc/mtl_attach_t8_loot_smg_minigun_fmj01
material,#mc/mtl_wpn_t8_sniper_power_semi_stock_mount_alt
material,#mc/mtl_wpn_t8_zm_mp40_clip
material,#mc/mtl_p7_zm_tra_tank_chemical_decal_01_dmg
material,#hash_2882fdb1598fc95d
material,#mc/mtl_veh_t8_mil_boat_tactical_raft_details_plastic
material,#mc/mtl_p8_zm_esc_cloth_pile_02_change
material,#mc/t8_metal_panels_1x1_painted_01_bare
material,#hash_a88a23253e5ea3c2
material,#hash_a88d25253e60dcff
material,#mc/mtl_veh_t8_decal_danger_02
material,#mc/t7_fir_plywood_natural_3
material,#mc/t7_fir_plywood_natural_2
material,#hash_288ea6834ea7a03c
material,#mc/t7_fir_plywood_natural_1
material,#mc/t7_fir_plywood_natural_5
material,#mc/t7_fir_plywood_natural_4
material,#mc/mtl_c_zom_der_zombie_hound_fur_bloody
material,#hash_28921bb125b28b77
material,#hash_28947379a3a7abee
material,#mc/mtl_wpn_t8_smg_capacity_mag_release_mk2
material,#mc/mtl_p7_plank_wood_broken_2x4x64
material,#mc/mtl_wpn_t8_lmg_hades_front_sight_chrome
material,#mc/mtl_p7_can_metal_open
material,#mc/mtl_p7_pipe_metal_hp_12_straight_grey_dk
material,#mc/mtl_attach_t8_lmg_titan_muzzle
material,#hash_a8a1f94b21c81bcb
material,#mc/mtl_p8_fire_extinguisher_01_dmg_metal
material,#mc/mtl_p8_usa_submarine_interior_periscope_bolts
material,#hash_28ab93c0a15b6a5d
material,#mc/mtl_p7_zm_asc_light_cage_warning_nail
material,#hash_a8b07da941955a79
material,#hash_a8b278c1a1f6111a
material,#wc/t7_stone_jagged
material,#mc/mtl_p8_zm_esc_crate_wood_lrg_rope
material,#hash_28b92c216a3327b3
material,#mc/mtl_wpn_t8_ar_stealth_sig_02_upper_receiver_left
material,#hash_28bff409f2edf0a0
material,#mc/mtl_p8_zm_esc_clothes_01
material,#mc/mtl_p8_zm_esc_clothes_02
material,#hash_a8c123037c013143
material,#hash_a8c9ff58dc0f13d8
material,#mc/mtl_p7_rug_round_01_white_dirty_cloth
material,#mc/mtl_wpn_t8_smg_capacity_grip_trigger
material,#mc/mtl_veh_t8_decal_text_sensory_unitq
material,#mc/mtl_attach_t8_bullet_case
material,#hash_28e199751753c7ac
material,#mc/mtl_p8_kit_zod_din_05_decal_line
material,#hash_28ed7f45318c61b1
material,#mc/mtl_wpn_t8_loot_sniper_mini14_base_alt
material,#mc/mtl_p8_zm_esc_windows_frame_01
material,#hash_a8f155ba9fe95b40
material,#hash_a8f157ba9fe95ea6
material,#hash_a8f158ba9fe96059
material,#hash_a8f15aba9fe963bf
material,#mc/mtl_wpn_t8_ar_fastfire_release
material,#hash_28fa86ecd3c10502
material,#hash_2901a8535e91f81d
material,#mc/mtl_attach_t8_ar_galil_dbal
material,#mc/mtl_wpn_t8_zm_towers_scorpion_tail
material,#hash_290680e157c700b4
material,#hash_290681e157c70267
material,#hash_290683e157c705cd
material,#hash_a9071999c320a439
material,#hash_a90a9b99c323b6f6
material,#mc/mtl_c_t8_zmb_gib_gore_stump
material,#mc/mtl_veh_t8_mil_boat_tactical_raft_engine_details_rubber
material,#mc/mtl_p7_wes_metal_pulley
material,#hash_a9111394c1c3e4c5
material,#mc/mtl_attach_t7_shotty_prec_stock_02
material,#hash_a9188b265f6a4862
material,#mc/mtl_attach_wpn_t8_loot_pistol_auto_dbal
material,#mc/mtl_wpn_t8_loot_lmg_mk48_body_alt
material,#mc/mtl_wpn_t8_lmg_titan_handguard
material,#hash_29274bf6d21856f2
material,#hash_2928f106356229b3
material,#hash_292a6571f1a3fceb
material,#mc/mtl_p7_zm_asc_battery_auto_set_wire_01
material,#mc/mtl_p8_wz_cu_typewriter_vintage_rubber
material,#hash_a9332b99c345fdba
material,#hash_2933eb7d744370c5
material,#hash_a936a02c1d424e18
material,#hash_a936af99c34913dd
material,#hash_a93a1f4ce320fb78
material,#hash_a93b5f57b708f884
material,#mc/mtl_p7_zm_der_light_set_bulb_small_off
material,#mc/mtl_veh_t8_mil_boat_tactical_raft_hull_dead
material,#hash_2940e8b2ecea15e5
material,#hash_a945abae7854f99c
material,#hash_294a6e5eeafb99e1
material,#hash_a94c80658924e3c7
material,#mc/mtl_wpn_t8_sniper_powersemi_wraps_front_burned_sig_02
material,#wc/t7_decal_grunge_concrete_stain_01_rvl
material,#mc/mtl_p8_chi_rooftop_generator_box_base_03_a
material,#mc/mtl_wpn_t8_loot_shotgun_fullauto_handguard_mk2
material,#hash_295c251c17d2c7f6
material,#mc/mtl_eqp_t8_grenade_emp_panels
material,#mc/mtl_wpn_t8_ar_heavy_burn_sig_02
material,#mc/mtl_t8_wpn_lmg_heavy_mk2
material,#hash_a9690169811500d5
material,#hash_297202a1d2a6fe1c
material,#mc/t7_graphic_display_medical_12_orange
material,#mc/mtl_c_t8_zmb_mob_brutus_alphas
material,#mc/mtl_c_t8_zmb_mob_brutus_alpha2
material,#mc/mtl_c_t8_zmb_homunculus_head_skin
material,#hash_a9807e8024a7cb86
material,#hash_298136a5800d035a
material,#hash_a98286da81c62a24
material,#mc/mtl_t8_loot_wpn_smg_folding_foregrip
material,#mc/mtl_p8_wz_cu_typewriter_vintage_dirt
material,#hash_298e52f81d3f4f4c
material,#hash_298f9238221549e9
material,#mc/mtl_p7_fir_bench_wood_decal_dmg
material,#hash_2990b2f784154c56
material,#hash_2990e1869ff46c50
material,#hash_2990e4869ff47169
material,#hash_a9947440b92f624e
material,#mc/mtl_wpn_t8_sniper_koshka_barrel_mk2
material,#hash_299623181177da4d
material,#mc/mtl_wpn_t8_tritium_red_smartcover
material,#mc/mtl_p7_slu_box_electric_set_brass
material,#mc/t7_metal_fence_post_cable
material,#mc/mtl_p7_book_vintage_cover_01_burn_detail
material,#hash_a99ed94c1f25feb1
material,#mc/mtl_wpn_t8_sniper_koshka_handguard_alt
material,#mc/mtl_veh_t8_mil_boat_tactical_raft_body_decal
material,#hash_29a7011239071872
material,#hash_29a9395a19404bb4
material,#mc/mtl_p7_zm_ori_pump_tank_decal_03
material,#mc/mtl_p7_zm_ori_pump_tank_decal_02
material,#mc/mtl_p7_zm_ori_pump_tank_decal_05
material,#mc/mtl_p7_zm_ori_pump_tank_decal_04
material,#hash_a9abd781a64e1d4c
material,#mc/mtl_p8_wz_esc_cart_mail_sorting_caps
material,#hash_a9aeefbcc68e771f
material,#mc/mtl_wpn_t8_tac_rifle_swordfish_sig02_barrel
material,#hash_29b073e82147435f
material,#mc/mtl_p8_foliage_grass_blades_wild_set_08
material,#mc/mtl_p8_foliage_grass_blades_wild_set_09
material,#mc/mtl_p8_foliage_grass_blades_wild_set_06
material,#mc/mtl_p8_foliage_grass_blades_wild_set_07
material,#mc/bullet_collision_cushion
material,#mc/mtl_wpn_t8_ar_heavy_decal_reaper
material,#hash_a9b41874efd2c3f7
material,#mc/bullet_collision_ceramic
material,#mc/t8_decal_damage_concrete_cracks_02
material,#hash_29bb50ddb4b134e2
material,#mc/mtl_p7_zm_tra_tank_chemical_mian_01
material,#mc/mtl_p7_zm_tra_tank_chemical_mian_02
material,#hash_29c1ff6728066318
material,#hash_a9c7849354267677
material,#hash_29c7bb19a2bd6ea4
material,#mc/mtl_p8_wz_foliage_poppy_01_stems
material,#mc/mtl_wpn_t8_tac_rifle_swordfish_barrel
material,#mc/mtl_wpn_t8_sniper_koshka_mid_cylinder_01_alt
material,#mc/mtl_wpn_t8_wz_sniper_vanguard_mag_v2
material,#mc/t7_plaster_smooth_dirty_01
material,#hash_29d068df0c057833
material,#hash_a9d0c607c8dfdbaa
material,#mc/mtl_wpn_t8_tac_rifle_swordfish_sig02_lens
material,#hash_29d57e05ced0904e
material,#hash_29dc6cee35908a2b
material,#hash_a9dddc4be9fa8a43
material,#hash_a9dddd4be9fa8bf6
material,#hash_a9ddde4be9fa8da9
material,#hash_a9e1b590a908fb09
material,#hash_29ebaf44b5fdaae8
material,#mc/mtl_eqp_t8_grenade_frag_ring
material,#mc/mtl_eqp_t8_grenade_smoke_pin
material,#mc/mtl_veh_t8_decal_battery_label_1
material,#mc/mtl_wpn_t8_shotgun_pump_sig_01_handguard_01
material,#mc/t8_concrete_wall_cast_03
material,#mc/t8_concrete_wall_cast_01
material,#hash_29f7ef26544e79c5
material,#mc/mtl_p8_zm_esc_crane_metal_03
material,#mc/mtl_p8_zm_esc_crane_metal_02
material,#mc/mtl_p7_inf_pav_window_01_pane
material,#mc/mtl_p8_wz_foliage_bush_erigonum_flower_02_autumn
material,#mc/mtl_p7_zm_ctl_gondola_machine_body
material,#hash_29fd37b25507c4c1
material,#hash_29feab6f3016779c
material,#hash_29feae6f30167cb5
material,#mc/mtl_p8_zm_esc_crane_wood
material,#hash_2a01f9ed3a7a8e8b
material,#hash_2a01feed3a7a970a
material,#hash_2a01ffed3a7a98bd
material,#mc/mtl_wpn_t8_pistol_burst_grip
material,#hash_2a04b7110c2b09a9
material,#hash_2a09196142bd9384
material,#mc/mtl_wpn_t8_ar_heavy_mag_base_mk2
material,#hash_2a0fdff8d1737b0a
material,#mc/mtl_wpn_t8_ar_heavy_rails_base_mk2
material,#mc/mtl_wpn_t8_zm_akud_bulb
material,#hash_2a1a9ddf52af3a37
material,#hash_2a1b39fd29631d9e
material,#mc/mtl_wpn_t8_lmg_hades_decals
material,#mc/mtl_p8_zm_esc_metal_hook
material,#hash_aa1e4a38ff0437dd
material,#mc/mtl_wpn_t8_ar_stealth_rapidfire_mk2
material,#mc/mtl_p8_chi_beam_roof_metal_scratch
material,#hash_2a23ba75e486b2d3
material,#hash_2a256fc2abf24002
material,#hash_2a2572d35f2d2d82
material,#hash_aa26581d649ba494
material,#hash_aa281534360509f7
material,#mc/mtl_p7_wes_chair_wood_set_wood_01
material,#mc/clip_physics
material,#hash_2a2da24bdd6fbbea
material,#mc/mtl_p7_mou_electrical_panel_set_painted_dark
material,#mc/mtl_p7_zm_asc_switch_electric_02_glass01
material,#mc/mtl_p7_zm_nac_trailer_generator_gauges
material,#mc/mtl_wpn_t8_loot_ar_standard_spider_sig_02
material,#hash_aa346131093525b7
material,#mc/mtl_p8_zm_esc_crate_wood_sml_cut
material,#hash_aa383c4c56db7b67
material,#mc/infinite_blackness_decal_nogloss
material,#mc/mtl_p8_hangar_scaffolding_paintmetal_01
material,#mc/mtl_p7_book_vintage_cover_01_detail
material,#mc/mtl_p7_mou_wirebundle_metal
material,#hash_aa43f64483d70d9c
material,#mc/mtl_p8_chi_camera_security_bubble
material,#mc/mtl_wpn_t8_ar_galil_barrel_base
material,#mc/t7_wood_beam_worn_oak_bleached
material,#mc/infinite_blackness
material,#mc/mtl_p7_zm_ctl_typewriter_vintage_metal02
material,#mc/mtl_p7_zm_ctl_typewriter_vintage_metal03
material,#mc/mtl_p7_zm_ctl_typewriter_vintage_metal01
material,#mc/mtl_p7_zm_ctl_typewriter_vintage_metal04
material,#mc/mtl_p7_zm_ctl_typewriter_vintage_metal05
material,#mc/mtl_p7_debris_clothing_pants_01
material,#hash_2a52c614c03e986f
material,#mc/mtl_attach_t8_loot_ar_double_barrel_ext_mag_01
material,#mc/mtl_attach_t8_loot_ar_double_barrel_ext_mag_02
material,#hash_aa580b578991ee10
material,#hash_aa5810578991f68f
material,#hash_2a58d598f91d0c7e
material,#hash_aa5b17578994384b
material,#hash_aa5b1857899439fe
material,#hash_aa5b1d578994427d
material,#mc/mtl_p8_zm_esc_warden_vase_02_dirt
material,#hash_2a5fd7a9cbff8da6
material,#mc/mtl_wpn_t8_sniper_power_semi_bolt_alt
material,#mc/mtl_wpn_t8_ar_accurate_rail_sig_03
material,#hash_2a683e76a8cb0acb
material,#hash_2a6f1d9b088638f2
material,#mc/t7_decal_metal_nails
material,#mc/t8_decal_graphics_signage_usa_danger_electrical_01
material,#hash_aa73b123ece171ef
material,#hash_2a74fb9a548dcef7
material,#hash_aa75e3d77475c927
material,#ei/gfx_smk_explosion_03_anim
material,#hash_2a7b08387ad515d1
material,#mc/mtl_wpn_t8_sniper_koshka_base
material,#hash_2a807263a4a94ffb
material,#hash_2a81f22f4c2a3cd8
material,#hash_2a81f52f4c2a41f1
material,#hash_2a83152021b8f379
material,#hash_2a8518bb080408c5
material,#hash_2a86ef0294f63c8e
material,#hash_2a86f00294f63e41
material,#hash_2a86f10294f63ff4
material,#hash_2a86f20294f641a7
material,#hash_2a86f40294f6450d
material,#mc/mtl_wpn_t8_shotgun_prec_decals_base
material,#mc/mtl_veh_t7_drone_attack_body_dark_metal
material,#mc/mtl_attach_t8_lmg_titan_hipfire_barrel
material,#hash_2a90b9bda0631a4b
material,#mc/t8_decal_utility_metal_cover_rect_02
material,#hash_2a99055cba65ae50
material,#hash_2a99085cba65b369
material,#hash_aa9b825648077abc
material,#mc/t7_glass_edge_trim_black
material,#hash_2a9c380e397ca605
material,#mc/mtl_p7_wes_container_vintage_crate_nails
material,#mc/mtl_wpn_t8_launcher_standard_canvas_body
material,#mc/mtl_wpn_t8_camo_requiem_3
material,#mc/mtl_wpn_t8_camo_requiem_5
material,#mc/mtl_wpn_t8_camo_requiem_4
material,#mc/mtl_wpn_t8_camo_requiem_6
material,#hash_aa9ffaad6a239a6a
material,#mc/mtl_wpn_t8_tac_rifle_swordfish_sig02_details
material,#hash_2aa597d37aa12d5b
material,#mc/mtl_attach_t8_loot_smg_folding_suppressor
material,#hash_aaab72b81abb2d9b
material,#mc/mtl_p8_wz_supply_stash_zipper
material,#hash_2ab152f62eab193f
material,#mc/t7_dlc1_wood_plank_painted_02
material,#hash_2abe663a0d8ec64c
material,#hash_2abfdea40155d696
material,#mc/mtl_p7_slu_trash_bag_standing_plastic01_white
material,#hash_2ac6564c9a3591cb
material,#mc/mtl_p8_wz_foliage_bush_erigonum_stem_01
material,#mc/mtl_p8_wz_foliage_bush_erigonum_stem_02
material,#hash_aac75c8b6d954746
material,#hash_2ac7797a58b3ca62
material,#mc/mtl_p7_debris_wood_splinter_large
material,#mc/mtl_p7_light_sconce_vintage_01
material,#mc/mtl_wpn_t8_tac_rifle_swordfish_sig02_shotty_bolt_planes_01
material,#hash_2ad8de1b08f65756
material,#mc/mtl_t8_wpn_lmg_heavy_grip_sig_01
material,#mc/mtl_veh_t7_decal_unlatch
material,#hash_2ae44e23ac601087
material,#hash_2ae9be26b52f7418
material,#hash_2ae9c026b52f777e
material,#hash_2ae9c126b52f7931
material,#hash_2aedf91fb14fbddf
material,#hash_aaef482d780a97c9
material,#mc/mtl_p8_zm_esc_light_hallway_cord
material,#hash_2af476002d5a606d
material,#hash_aafcc12b1158a830
material,#mc/t7_glassware_broken_dirty_grimes_01
material,#mc/mtl_attach_t7_shotty_prec_ext_mag_02
material,#mc/mtl_attach_t7_shotty_prec_ext_mag_01
material,#hash_aaff4e3576a9b931
material,#hash_ab07352bffd008f3
material,#hash_2b07fe03dc6727b5
material,#mc/mtl_wpn_t8_sniper_koshka_fabric_tear_white
material,#mc/mtl_wpn_t8_shotgun_pump_sig_02_barrel
material,#mc/mtl_p7_monitor_military_safehouse_01
material,#mc/mtl_wpn_t8_ar_stealth_sig_02_talisman
material,#hash_ab1b641d1d46b56b
material,#hash_2b1c07c8ba4ba806
material,#mc/mtl_p7_sweep_alpha
material,#hash_2b22302452963e7e
material,#mc/mtl_p8_zm_esc_rug_02
material,#mc/mtl_p8_zm_esc_rug_01
material,#mc/mtl_t8_wpn_pistol_revolver_sights
material,#mc/mtl_p8_usa_ladder_old_wood_low
material,#hash_2b3cf6af7a4f9dd7
material,#mc/mtl_c_zom_der_zombie_hound_fur_leg
material,#hash_ab3d5043ff57a237
material,#hash_ab3e767f088ef2e0
material,#hash_ab3fe821f11b4567
material,#mc/mtl_veh_t8_mil_boat_tactical_raft_details_rope_blk
material,#hash_2b452dd32300cf14
material,#hash_2b48daeca9fa2735
material,#mc/mtl_p8_zm_esc_fence_wood_set_twin
material,#hash_2b4c5e2b4eabb794
material,#mc/mtl_wpn_t8_tac_rifle_swordfish_bolt
material,#hash_2b554dc2232391a8
material,#hash_2b554ec22323935b
material,#hash_2b5551c223239874
material,#hash_2b5553c223239bda
material,#hash_2b5554c223239d8d
material,#hash_ab5796633a31b6dd
material,#hash_2b5a0bb2b5f707b5
material,#mc/t8_dirt_rocky_11
material,#mc/t8_dirt_rocky_13
material,#mc/t8_dirt_rocky_12
material,#hash_ab666b3a1e955ac3
material,#mc/mtl_attach_t8_optic_holo_decal
material,#mc/mtl_attach_t8_optic_red_dot_mounting
material,#hash_2b6aaf14eb08a702
material,#mc/mtl_p8_zm_esc_cell_toilet_porcelain
material,#hash_2b70a6fb79813ced
material,#mc/mtl_wpn_t8_loot_ar_standard_mag_sig_02
material,#hash_ab756b1f7dc5cebd
material,#mc/mtl_t8_loot_wpn_smg_folding_reciever
material,#mc/mtl_attach_t8_loot_smg_burst_stock
material,#hash_2b81e0f214b105f7
material,#hash_2b84e604683dea78
material,#mc/mtl_p8_wz_door_01_wood_frame_painted
material,#mc/mtl_attach_t8_loot_lmg_mk48_mag_alt
material,#mc/mtl_p8_col_storage_chem_lab_glass_02
material,#el/gfx_smk_trail_billow_lit
material,#mc/mtl_wpn_t8_ar_stealth_tacsac
material,#hash_ab91fc6894688f28
material,#hash_2b9a70227651a6d9
material,#mc/mtl_t8_wpn_lmg_heavy_frontsight_mk2
material,#mc/t8_zm_esc_roof_tar_01
material,#mc/mtl_p7_pipe_metal_hp_4_01_white
material,#mc/t7_decal_fillet_corner_90_degrees_concave
material,#mc/mtl_t8_wpn_pistol_revolver_grip
material,#hash_2ba5ccf0ba29b672
material,#mc/mtl_wpn_t8_loot_shotgun_fullauto_muzzle_alt
material,#hash_aba9b54ef5c233a3
material,#hash_aba9b84ef5c238bc
material,#hash_aba9b94ef5c23a6f
material,#hash_abaa94323cc38ec8
material,#mc/mtl_p7_decal_ctl_grunge_stain_dark_01
material,#hash_2bb211318f706ef8
material,#hash_2bb43d9fc1041e29
material,#mc/mtl_p7_fir_light_industrial_metal_light
material,#mc/t8_concrete_floor_sealed_02_drk
material,#mc/mtl_wpn_t8_smg_mp9_stock_base
material,#mc/mtl_p8_zm_esc_light_hallway_cover_inside
material,#mc/mtl_p7_ac_unit_med_long
material,#mc/t7_dlc1_decal_signage_first_aid
material,#mc/mtl_wpn_t8_lmg_titan_stock_alt
material,#mc/mtl_wpn_t8_smg_fastfire_charging_handle_sig_02
material,#hash_abc9b715c277ca69
material,#mc/mtl_p7_sin_bio_monument_boat_poles
material,#hash_2bd37da79cfca86e
material,#mc/mtl_wpn_t8_ar_modular_receiver_sig_03
material,#ei/gfx_gas_blur_thin_em
material,#mc/mtl_p7_panels_metal_wall_exterior_access_01
material,#hash_2bdf4ced2791c333
material,#mc/mtl_attach_t8_loot_ar_double_barrel_hical
material,#hash_2be4c5b660639237
material,#hash_2be911866f19856d
material,#mc/mtl_wpn_t7_attach_tritium_green
material,#hash_2bec4311b876678d
material,#mc/mtl_attach_t8_ar_fastfire_dbal_02
material,#mc/mtl_attach_t8_ar_fastfire_dbal_01
material,#mc/mtl_wpn_t8_loot_ar_standard_bolt_sig_02
material,#mc/mtl_wpn_t8_tac_rifle_swordfish_mag
material,#mc/mtl_p8_zm_esc_table_wood_lrg_metal
material,#hash_abf01df663c033a1
material,#mc/mtl_p8_ibeam_01_straight_01
material,#hash_2bfd1738a8c06715
material,#mc/mtl_attach_t8_ar_heavy_fmj_mag_transparent
material,#mc/mtl_p7_debris_concrete_rubble_lg_02_drk
material,#hash_2c045b16af929d42
material,#hash_ac072f29a22fa6e2
material,#mc/mtl_p8_foliage_grass_blades_tall_set_c_dry
material,#hash_ac106d03ab124961
material,#hash_ac106e03ab124b14
material,#hash_ac106f03ab124cc7
material,#hash_ac118461bc697228
material,#hash_2c15a836e6012b4e
material,#hash_ac1b847c40f6c6c5
material,#mc/mtl_wpn_t8_loot_tac_rifle_damageburst_upper
material,#hash_ac1f53ad173e9171
material,#hash_ac2377d70c285372
material,#hash_2c24688bb999ca2e
material,#mc/mtl_wpn_t8_loot_lmg_mk48_handle
material,#hash_2c2a2024b97fab08
material,#mc/mtl_veh_t8_decal_text_no_step_02
material,#ei/gfx_debris_clumps_em
material,#mc/mtl_p8_wz_door_01_wood_frame
material,#hash_2c2faab41d6c9978
material,#mc/mtl_wpn_t8_lmg_hades_mag_plastic
material,#hash_ac33da4061a6b49c
material,#mc/mtl_p7_mou_electrical_panel_set_decal_01
material,#mc/mtl_p7_mou_electrical_panel_set_decal_02
material,#hash_2c42129082802f92
material,#hash_ac43f08d4353c334
material,#mc/mtl_t8_attach_optic_reflex_bolt
material,#hash_ac4b5c9b8a72a5e7
material,#hash_ac4bb5561d337a3c
material,#mc/t7_zm_isl_metal_diamond_plate_01
material,#hash_2c4c20c5b8c22e6a
material,#mc/mtl_p7_bottle_glass_wine_empty
material,#mc/mtl_wpn_t8_lmg_titan_clamp
material,#mc/mtl_attach_t8_launcher_standard_extra_ammo_alt
material,#mc/mtl_wpn_t8_shotgun_prec_stock_base
material,#mc/mtl_t8_attach_optic_reflex_body
material,#mc/mtl_wpn_t8_sig_annihilator_ammo
material,#hash_ac677648303ec446
material,#hash_2c67832fc080bd7e
material,#mc/mtl_wpn_t8_ar_accurate_sig_01_decals_engraved
material,#mc/mtl_veh_t8_mil_heli_guts
material,#mc/mtl_wpn_t8_launcher_standard_decals
material,#hash_ac718478160a484a
material,#hash_2c72b6bb9dad4b02
material,#hash_ac750478160d57a1
material,#hash_ac786e7816104196
material,#hash_ac79f9886806c4d0
material,#mc/mtl_attach_t8_loot_ar_an94_grip_01
material,#hash_ac7bef78161352a0
material,#mc/mtl_p8_usa_fire_extinguisher_case_metal_white
material,#mc/mtl_c_t8_zmb_homunculus_belt
material,#hash_2c7ecf9b2bdce100
material,#mc/t7_decal_grunge_wall_scratch_marks
material,#mc/mtl_wpn_t8_shotgun_semi_barrel_sig_02
material,#mc/mtl_wpn_t8_shotgun_semi_barrel_sig_01
material,#mc/mtl_veh_t8_mil_boat_tactical_raft_body_curve_01_b_gry
material,#mc/t8_decal_tech_detail_high_tech_40_normal
material,#mc/mtl_attach_t8_ar_kn57_upper_02_alt
material,#hash_2c9e13d696218357
material,#mc/t8_decal_tech_detail_high_tech_13_normal
material,#mc/mtl_eqp_t8_grenade_concussion_pin
material,#mc/mtl_wpn_t8_ar_heavy_receiver_lower_mk2
material,#hash_aca7c8d5b96be93b
material,#hash_2ca8e66c5c099c67
material,#hash_2cb728d04594a151
material,#mc/mtl_wpn_t8_tac_rifle_swordfish_outter_lens
material,#mc/mtl_p7_zm_sta_cabinet_antique_decal_01
material,#mc/mtl_p7_zm_sta_cabinet_antique_decal_02
material,#mc/mtl_p7_slu_outlet_electrical_decal_01
material,#mc/mtl_p7_slu_outlet_electrical_decal_02
material,#hash_acc4d701895468c0
material,#hash_2ccbcb331a66fe8e
material,#mc/mtl_p8_zm_esc_bed_infirmary_mattress_01_water
material,#hash_accf43fcd512c4f8
material,#mc/mtl_p7_zm_asc_console_launch_key_button_green
material,#hash_2cd733606abb1f23
material,#hash_acdcba62fc478b46
material,#mc/mtl_p7_sin_bio_monument_boat_cabin_red
material,#hash_2ce5cc329ab0422f
material,#mc/mtl_veh_t8_mil_heli_light_seat_steel
material,#mc/t7_decal_grunge_burnt_stain_01
material,#mc/t7_decal_grunge_burnt_stain_02
material,#mc/t7_light_fluorescent_glass_clean
material,#mc/mtl_p7_plank_wood_broken_2x4x64_wet
material,#hash_2ceeb88c410cad35
material,#hash_2ceef4cda8abbc71
material,#hash_2cf5c4677646b1f2
material,#mc/mtl_wpn_t8_tac_rifle_surgeon_lower
material,#hash_acf777b0baf858c7
material,#mc/mtl_t8_attach_optic_reflex_decals
material,#mc/mtl_wpn_t8_smg_handling_mag_alt
material,#mc/mtl_wpn_t8_shotgun_pump_sig_01_rail
material,#hash_2d007474a9be8b62
material,#hash_ad074e0a51dcce2e
material,#hash_2d0dde276f52a6e6
material,#mc/mtl_p7_mou_electrical_panel_set_rubber
material,#mc/mtl_p7_slu_box_electric_set_nail
material,#mc/mtl_attach_t8_smg_capacity_handguard_01
material,#mc/mtl_attach_t8_smg_capacity_handguard_02
material,#mc/mtl_veh_t8_decal_sign_triangle_01_diffuse
material,#hash_2d2345d029dbfe94
material,#hash_ad2899b31973e4b7
material,#mc/mtl_p8_zm_esc_dryer_industrial
material,#hash_2d297d5a93f18d76
material,#mc/mtl_attach_t8_lmg_heavy_ext_mag
material,#hash_2d315cfcd02da045
material,#mc/t8_concrete_plain_dirty_01_drk
material,#mc/mtl_attach_t8_sniper_vanguard_bipod_01
material,#mc/mtl_attach_t8_sniper_vanguard_bipod_02
material,#mc/mtl_p8_light_bulb_socket_hanging_01
material,#hash_2d3b0a2af01a909c
material,#mc/mtl_attach_t8_tac_rifle_mid_burst_uber_plastic
material,#mc/mtl_wpn_t8_pistol_standard_trigger_base
material,#hash_2d3d1a15cca8e7df
material,#mc/mtl_wpn_t8_shotgun_pump_muzzle_base_alt_mk2
material,#hash_ad40a35fb74b15c0
material,#hash_ad45ea71b33f1e2f
material,#mc/mtl_wpn_t8_lmg_hades_rear_sight_sig_01
material,#mc/mtl_wpn_t8_lmg_hades_rear_sight_sig_02
material,#hash_2d4a3e44c59b9304
material,#mc/mtl_wpn_t8_tac_rifle_surgeon_grip
material,#mc/mtl_attach_t8_ar_galil_mount_alt
material,#mc/mtl_wpn_t7_shotty_prec_fast_mag_base
material,#mc/mtl_wpn_t8_tac_rifle_swordfish_grip_mk2
material,#hash_2d5f2e15ccc5f041
material,#mc/mtl_wpn_t8_zm_towers_scorpion_body_plate_front
material,#hash_2d6388fbef9ea012
material,#mc/mtl_wpn_t8_ar_modular_02_grip_sig_01
material,#hash_ad6de07024d20acb
material,#hash_2d7965d634d49017
material,#hash_2d7ad35f2c95e152
material,#hash_2d7d0c2de84afc8d
material,#hash_2d7d20421a56f595
material,#mc/mtl_p8_col_conveyor_unit_metal_electric_box_02
material,#mc/mtl_wpn_t8_shotgun_pump_sig_01_body
material,#hash_ad8bb708d491b80e
material,#mc/mtl_wpn_t8_zm_monkey_clothes
material,#hash_2d948e47ca852640
material,#hash_2d949673d6a72143
material,#hash_2d949873d6a724a9
material,#hash_ad94c97fea082f5d
material,#hash_2d94ccc906738a00
material,#hash_ad95181898533eaa
material,#mc/mtl_t8_wpn_pistol_revolver_bullet_mk2
material,#mc/mtl_p8_food_dinnerware_plate_sml
material,#mc/mtl_wpn_t8_loot_shotgun_fullauto_screws_alt
material,#mc/mtl_p7_zm_ver_barricade_nails
material,#mc/mtl_wpn_t8_lmg_hades_mag_bullet_link
material,#hash_2da7d28389226fdb
material,#hash_2da921a28e06b6f6
material,#hash_2daacf838924a099
material,#hash_2daada838924b34a
material,#hash_2daec6404bf2aac1
material,#hash_2db42133b8f6ca20
material,#mc/mtl_wpn_t8_tac_rifle_swordfish_forend
material,#hash_adc710cde69efa0f
material,#hash_2dc8034a9243e513
material,#hash_2dc8054a9243e879
material,#hash_adc90b3399ccd136
material,#hash_2dcafbbb1c1a07ac
material,#hash_2dcafebb1c1a0cc5
material,#hash_adce6827996b148a
material,#hash_2dce7b401bd9f275
material,#hash_2dcfc7cb9e92adfc
material,#hash_2dd284cbc372e28d
material,#hash_2dd36c80c86213d5
material,#mc/mtl_p8_drain_round_floor_iron
material,#mc/mtl_p7_box_wood_wood
material,#hash_addf8d4a2b7757a7
material,#hash_2de85703a9e18784
material,#hash_2de85903a9e18aea
material,#hash_2de85a03a9e18c9d
material,#hash_2de93b2f02a80609
material,#mc/mtl_t8_wpn_smg_accurate_stock_alt
material,#mc/mtl_wpn_t8_sniper_powersemi_mag_sig_02
material,#mc/mtl_p7_zm_asc_machinery_industrial_glass
material,#hash_2df5eb09754db863
material,#hash_adf6fd3cfaa13bb5
material,#hash_2dfd369ddfae5a1d
material,#mc/mtl_p8_zm_esc_table_kitchen_screw
material,#hash_2e00f7d35a629d80
material,#mc/mtl_wpn_t8_eqp_tripwire_slingshot
material,#hash_ae131f009738c06f
material,#hash_2e1324d97487ef9f
material,#mc/mtl_wpn_t8_smg_handling_barrel
material,#mc/mtl_veh_t8_mil_helicopter_transport_decal_dirty_01
material,#mc/mtl_p7_box_cardboard_tape
material,#hash_2e2887e12292652e
material,#hash_2e2892f38ea42206
material,#mc/mtl_attach_t8_lmg_heavy_foregrip
material,#mc/mtl_attach_t8_loot_lmg_mk48_ext_barrel
material,#mc/mtl_p8_zm_esc_crate_wood_lrg_tear
material,#hash_2e3a49a0741a7f53
material,#hash_2e3a4aa0741a8106
material,#hash_2e3a4ba0741a82b9
material,#mc/mtl_t8_wpn_pistol_revolver_clip
material,#hash_ae3c51133af1c0cd
material,#mc/mtl_attach_t8_smg_fastfire_ext_mag
material,#mc/mtl_attach_t8_loot_sniper_mini14_foregrip
material,#hash_2e4184aa404cd573
material,#hash_ae45b654c9d49b77
material,#hash_ae4a7bd9d2d3f3f8
material,#hash_2e530014fdd8688c
material,#hash_2e530114fdd86a3f
material,#hash_2e530314fdd86da5
material,#mc/mtl_p8_zm_esc_table_wood_lrg_dirty_b
material,#hash_2e5b63684077796d
material,#mc/mtl_p7_slu_door_white_frame_01
material,#mc/mtl_p7_slu_door_white_frame_02
material,#hash_2e656c7fb5b62f45
material,#hash_2e6b6a55455453ed
material,#mc/mtl_wpn_t8_ar_fastfire_mag
material,#mc/mtl_wpn_t8_ar_heavy_smoke_sig_02
material,#mc/t8_metal_painted_lrg_blue
material,#hash_ae727cc2466349f3
material,#hash_ae727dc246634ba6
material,#hash_ae727ec246634d59
material,#hash_ae727fc246634f0c
material,#hash_ae7280c2466350bf
material,#mc/mtl_p7_foliage_vines_hanging_ledge_192_long
material,#hash_ae7c556ec881f432
material,#mc/t8_decal_grunge_rust_peeling_01
material,#mc/t8_decal_grunge_rust_peeling_02
material,#mc/mtl_wpn_t8_smg_capacity_rail_base_mk2
material,#hash_2e8cfd27487bdc78
material,#hash_2e95fa871bad849b
material,#hash_2e95fb871bad864e
material,#hash_2e95fc871bad8801
material,#mc/mtl_attach_t8_sniper_powersemi_mag_01
material,#mc/mtl_attach_t8_sniper_powersemi_mag_02
material,#mc/t7_metal_bare_stainless_steel_polished
material,#mc/mtl_attach_t8_loot_smg_burst_extmag
material,#hash_aea1683d15d71539
material,#mc/mtl_wpn_t8_eqp_concertina_wire_case
material,#mc/mtl_wpn_t8_loot_shotgun_fullauto_bolt_alt_mk2
material,#hash_2ea7d74847f26391
material,#hash_2ea7d84847f26544
material,#hash_2ea7d94847f266f7
material,#hash_2ea7da4847f268aa
material,#compassping_enemysatellite_diamond
material,#mc/t7_wood_planks_rustic_drk
material,#mc/mtl_p8_col_mobile_generator_fan
material,#mc/mtl_wpn_t8_shotgun_semi_mag_glass
material,#mc/mtl_wpn_t8_loot_melee_amulet_metal
material,#mc/t7_decal_grunge_calcium_drip_01_blend
material,#hash_2eb799e534d6c5bb
material,#ei/gfx_debris_clumps_em_i8
material,#mc/mtl_p8_zm_zod_gooseneck_dent
material,#mc/mtl_p8_zm_esc_laundry_bag_cloth
material,#hash_2ebb650e0da012b6
material,#mc/mtl_p8_zm_esc_shelf_industrial_vintage_96_wood
material,#mc/mtl_wpn_t8_loot_shotgun_fullauto_receiver_body
material,#mc/mtl_attach_t8_ar_kn57_bolt
material,#mc/mtl_p8_light_wall_curved_sconce
material,#hash_2ec7a590b5f098ca
material,#hash_aec894acc3631c11
material,#hash_aec9eb3ab15e04d5
material,#hash_2ecb1bc618ac2dde
material,#mc/mtl_p7_rolled_tarp_rope
material,#mc/mtl_p7_slu_plywood_old_01_brighter
material,#mc/mtl_attach_t8_loot_shotgun_fullauto_dbal_alt
material,#hash_aedc30fdc987f4e2
material,#hash_aee0591f501a745a
material,#hash_aee05a1f501a760d
material,#mc/mtl_wpn_t8_smg_folding_window
material,#hash_2eed811c305dda7e
material,#mc/mtl_wpn_t8_sniper_power_semi_mag_alt
material,#mc/mtl_p8_wz_door_garage_buttons_decal_signage
material,#hash_af0af344a71569ee
material,#hash_2f0e9b4c4644114f
material,#hash_2f107498aca272eb
material,#mc/mtl_wpn_t8_loot_lmg_mk48_bodytop_mk2
material,#hash_2f18783eff593396
material,#hash_2f1af56f6a79306b
material,#mc/mtl_p7_pallet_wood_splinters
material,#mc/mtl_wpn_t8_tac_rifle_swordfish_barrel_mk2
material,#hash_2f24ceb941be201a
material,#mc/mtl_wpn_t8_loot_melee_amulet_rocks
material,#mc/mtl_p8_light_bulb_filament_off
material,#hash_2f2c0881bfae8922
material,#mc/t7_cobweb_triangle_01
material,#mc/t7_cobweb_triangle_02
material,#hash_2f307b981da800e0
material,#mc/mtl_p7_rock_sing_park_01
material,#ei/gfx_smk_billow_whisp_anim_high_dark_lit
material,#hash_af3424e1727bde1c
material,#mc/mtl_p8_zm_esc_light_hallway_bulb
material,#hash_2f3a0b0958a6393b
material,#mc/mtl_p7_suspension_bridge_ibeam_l_bracket_01_rusty
material,#hash_2f417cfd3d810f33
material,#mc/mtl_wpn_t8_tac_rifle_swordfish_decals_engraved
material,#hash_af47138291c90397
material,#mc/mtl_wpn_t8_sniper_vanguard_body_v2_mk2
material,#hash_af4dc30d72a1c2c5
material,#hash_af51014b827a8c73
material,#mc/mtl_p8_usa_locker_metal_door_metal_nail
material,#hash_af600dc9a51ddb2d
material,#hash_2f641824b980a957
material,#hash_2f694f8b61452d2c
material,#mc/mtl_p7_barrier_block_concrete_decal
material,#mc/mtl_wpn_t8_shotgun_semi_magwell
material,#mc/mtl_veh_t8_mil_air_gunship_chrome
material,#mc/mtl_attach_t8_loot_shotgun_fullauto_drummag
material,#hash_2f73324215c6cd35
material,#mc/mtl_attach_t8_ar_kn57_mount_alt
material,#hash_2f7b5660fe264bea
material,#mc/mtl_p7_zm_ctl_gondola_machine_body_2
material,#mc/mtl_p8_zm_esc_table_kitchen_decal
material,#hash_2f815be2832b34b8
material,#hash_2f8be7700d66b9ff
material,#hash_2f8ced1c0f9525d8
material,#mc/mtl_p8_box_electric_commercial_sml_01_rubber_red
material,#hash_af918e5e996bf37c
material,#mc/mtl_p8_zm_esc_cell_shower_head_painted
material,#hash_2f98be7e49a77c67
material,#hash_af9a77b97814e138
material,#mc/mtl_attach_wpn_t8_loot_pistol_auto_hical
material,#mc/mtl_p8_debris_glass_shards_edge
material,#hash_afa5865befc9b0c0
material,#mc/t8_decal_tech_detail_bolt_10_lgt
material,#mc/bullet_collision_rock
material,#hash_2fb01ef6de9b4347
material,#mc/mtl_t8_loot_wpn_smg_folding_foregrip_mk2
material,#hash_afb2b5f0977355ed
material,#mc/mtl_p8_wz_foliage_bush_coyote_c_dry
material,#hash_afb6cf1fb4461918
material,#mc/mtl_c_t8_zmb_mob_zombie_body1_barbwire
material,#hash_afbbf1fe03506aac
material,#hash_afc0f36cb39b6f27
material,#hash_2fc27cf83f57fc4e
material,#hash_2fc941ffbcda4739
material,#mc/mtl_p7_zm_tra_stove_kitchen_green
material,#hash_2fccf08e33c722b6
material,#hash_afd2327589e279e4
material,#hash_afd8faa6e8794899
material,#hash_afd9ed0659422b1b
material,#mc/mtl_p8_col_generator_garage_set_decal_dirty
material,#hash_2fe1de2e76230ab9
material,#hash_afe29d38484d2e3a
material,#hash_2fe7f92bc6d5a780
material,#mc/mtl_p8_wep_cargo_container_military_door
material,#mc/t7_metal_panels_painted_2x4_grey
material,#mc/t7_concrete_poured_bunker_dirty_01
material,#mc/mtl_p7_wire_plastic_ground_grey
material,#ei/gfx_dust_swirl_md_anim_em
material,#hash_2ff1da6c719aefae
material,#hash_2ff1dc6c719af314
material,#hash_2ff1df6c719af82d
material,#ei/gfx_debris_grass_lit
material,#hash_aff3ab7bdbfbc803
material,#hash_aff3ac7bdbfbc9b6
material,#hash_2fffc7fda5316de0
material,#mc/mtl_veh_t8_mil_boat_tactical_raft_body_decal_dead
material,#mc/mtl_p8_bottles_broken_ashore_03
material,#mc/mtl_p8_bottles_broken_ashore_01
material,#mc/mtl_p8_bottles_broken_ashore_04
material,#mc/mtl_p8_bottles_broken_ashore_05
material,#hash_3005142f21b11d78
material,#hash_30051a2f21b127aa
material,#mc/mtl_wpn_t7_zmb_perk_bottle_paper_stimup
material,#hash_3007780ec1a56d11
material,#hash_300b177d18356f52
material,#ei/gfx_debris_spike_lg_lit
material,#mc/mtl_veh_t8_mil_boat_tactical_raft_engine_gry
material,#mc/t8_brick_worn_dirty_painted_whitebeige_blend
material,#hash_301195d76e3c5b2d
material,#hash_3013b2724931bab8
material,#hash_3013b5724931bfd1
material,#mc/mtl_p7_zm_ver_cart_metal_surgical_metal_02
material,#mc/mtl_p7_zm_ver_cart_metal_surgical_metal_03
material,#mc/mtl_p7_zm_ver_cart_metal_surgical_metal_01
material,#hash_3019982d5421fb1c
material,#hash_30199b2d54220035
material,#mc/mtl_wpn_t8_loot_sniper_mini14_scope_base_stand_mk2
material,#hash_302b6a4447beb37b
material,#hash_30352ce459a4c3d1
material,#mc/mtl_p7_shr_weapon_shield_01_dmg_decal
material,#mc/mtl_p7_zm_ver_stove_vintage_01_metal
material,#hash_b042cee6067abcc3
material,#hash_b0472d5dc24ffc1f
material,#hash_30536e607802f826
material,#hash_30536f607802f9d9
material,#hash_305370607802fb8c
material,#hash_305371607802fd3f
material,#hash_305372607802fef2
material,#hash_30537360780300a5
material,#hash_3053746078030258
material,#hash_305375607803040b
material,#hash_3056ef6078060930
material,#hash_3056f06078060ae3
material,#hash_3056f16078060c96
material,#hash_3056f26078060e49
material,#mc/mtl_wpn_t8_sig_grapple_gun_light
material,#hash_b0588c0276b07817
material,#mc/mtl_p8_wz_foliage_sycamore_wood
material,#hash_305d35bc3a18e71e
material,#hash_b06167983235a5c3
material,#ei/gfx_smk_puff_thin_varied
material,#hash_30633d0ad4676432
material,#hash_3068e4bca79cc5a8
material,#mc/mtl_wpn_t8_loot_ar_peacekeeper_mag_base_mk2
material,#mc/mtl_wpn_t8_smg_burst_sights_sig
material,#mc/mtl_wpn_t8_sniper_power_semi_decals
material,#hash_b07e45cc4cc0a372
material,#hash_30806390e0d022da
material,#hash_30808680b6d5ba74
material,#hash_3085d39417954dea
material,#hash_3087a18ee7020730
material,#hash_3087f656d9c5928c
material,#hash_b08a3b4808a82d64
material,#mc/mtl_p8_zm_zod_vase_flower_ceramic
material,#mc/mtl_p8_col_conveyor_unit_logo_03
material,#mc/mtl_p8_col_conveyor_unit_logo_05
material,#mc/mtl_p8_col_conveyor_unit_logo_04
material,#hash_3094b985e43acc6c
material,#mc/mtl_wpn_t8_smg_fastfire_clip_alt
material,#mc/mtl_p8_chi_comm_antenna_roof_bolt
material,#hash_30a22c6a398b6afa
material,#hash_30a54b19be1d2eef
material,#mc/mtl_p7_zm_asc_switch_electric_01_glass
material,#hash_30ac6a572ba4cdcb
material,#hash_30adb7cb79a959c2
material,#mc/mtl_wpn_t8_loot_ar_double_tap_handguard_mk2
material,#hash_b0b1893e95fcaba1
material,#hash_b0b54191a1caa7c8
material,#hash_b0b769dcaee1d5b4
material,#mc/mtl_p8_spa_picture_frame_wood_lrg_01_canvas
material,#hash_b0bb1dad8d610b75
material,#hash_30c2361fc6100aea
material,#hash_b0c41ac94e8ab392
material,#hash_30c673a498b958e8
material,#hash_30c7700534920f93
material,#hash_30c869c056065ce8
material,#hash_30c86ac056065e9b
material,#hash_30c86bc05606604e
material,#hash_30c870c0560668cd
material,#hash_b0c936e2722b90e0
material,#hash_b0ce59b2554992f0
material,#hash_30d2711a7a3761f2
material,#hash_30d50883be023bc3
material,#mc/mtl_wpn_t8_smg_mp9_spike_alt
material,#mc/mtl_attach_t8_ar_galil_barrel
material,#hash_30e4403f5d801708
material,#hash_b0e586a53aaf5bab
material,#mc/mtl_veh_t8_mil_boat_tactical_raft_body_straight_01_b_gry
material,#hash_b0ee74ecdf611d87
material,#hash_b0ee75ecdf611f3a
material,#mc/infinite_blackness_decal
material,#hash_30f0a83b39288f11
material,#mc/mtl_p7_electrical_box_tall_front_red
material,#mc/mtl_veh_t8_mil_boat_tactical_raft_details_red
material,#mc/mtl_wpn_t8_tac_rifle_surgeon_scope
material,#mc/mtl_p8_foliage_flower_lavender_leaf_01_spring
material,#mc/mtl_p8_zm_esc_dryer_industrial_rustleaks
material,#hash_b0fd490934ccdbe2
material,#mc/mtl_wpn_t8_ar_accurate_stock_mount_alt
material,#hash_310aff319605cb06
material,#hash_b10ccdf7ccc3d04a
material,#hash_310df1042a6cbd4e
material,#mc/mtl_wpn_t8_loot_sniper_mini14_handguard
material,#mc/mtl_wpn_t8_ar_kn57_receiver_upper_alt_mk2
material,#hash_31197aba3c57fc19
material,#mc/mtl_p7_wes_container_vintage_crate_wood_02
material,#mc/mtl_p7_wes_container_vintage_crate_wood_01
material,#wc/t7_decal_grunge_calcium_drip_01_blend
material,#mc/mtl_attach_t8_loot_tac_rifle_damageburst_coupler
material,#mc/mtl_p8_zm_esc_cell_toilet_iron
material,#hash_31246c3a560ee8ae
material,#mc/mtl_wpn_t8_sniper_koshka_barrel
material,#mc/mtl_p8_zm_esc_dryer_industrial_edge
material,#mc/t8_metal_vent_02
material,#mc/mtl_p8_zm_esc_pipe_bundle
material,#mc/mtl_p8_ice_signage_rectangle_vert_01
material,#hash_3130b47bc92f2d77
material,#mc/t7_glass_clean_01_transparent
material,#mc/mtl_veh_t7_drone_attack_body_bare_metal
material,#ei/gfx_smk_tendril_2_em
material,#hash_b143eef48bf062d0
material,#hash_b143f0f48bf06636
material,#hash_b143f1f48bf067e9
material,#hash_b143f2f48bf0699c
material,#hash_b143f3f48bf06b4f
material,#hash_b14a564d4b618047
material,#hash_b14a574d4b6181fa
material,#mc/mtl_wpn_t8_smg_fastfire_stock_alt
material,#hash_b14e55593fb90b7d
material,#hash_b15444a06a0bdf70
material,#hash_315aaed16dc66cb8
material,#mc/mtl_p7_fir_bench_wood_02
material,#hash_315d12ae2a0c49ac
material,#hash_3164b90e42db1e38
material,#hash_3169e1426c34fdd9
material,#mc/mtl_p7_boat_life_preserver_dirty
material,#hash_316e51d0ef091535
material,#hash_b16e5a622d7d8357
material,#hash_3170e9fb7ce2ad2c
material,#hash_3170eafb7ce2aedf
material,#hash_3170edfb7ce2b3f8
material,#hash_3170eefb7ce2b5ab
material,#hash_3170effb7ce2b75e
material,#hash_3170f0fb7ce2b911
material,#hash_3170f2fb7ce2bc77
material,#hash_3170f3fb7ce2be2a
material,#hash_3170f4fb7ce2bfdd
material,#hash_317477fb7ce5d44d
material,#mc/t7_zm_shi_walls_tunnel_wood
material,#mc/mtl_veh_t8_decal_data_plate_01
material,#hash_317a0efe8f30199b
material,#hash_317a0ffe8f301b4e
material,#mc/mtl_p8_box_cardboard
material,#mc/mtl_wpn_t8_loot_ar_double_tap_grip_mk2
material,#mc/mtl_wpn_t8_zm_towers_scorpion_foregrip
material,#hash_3184b7458f705caa
material,#hash_b188878f7c70f129
material,#hash_3188f069eb0b23ac
material,#mc/mtl_p7_light_spot_cinema_01_lens
material,#hash_b18e50144812fbcc
material,#mc/t7_decal_damage_plaster_drywall_01_decal
material,#hash_b19300eecbe58f62
material,#hash_b19301eecbe59115
material,#mc/mtl_p7_zm_ver_stove_vintage_01_steel
material,#mc/mtl_p8_wz_ep_fishing_pole_metalpainted
material,#hash_319950271ee9a300
material,#mc/t7_brick_worn_dirty_red
material,#hash_b19eef56dff2a783
material,#mc/mtl_wpn_t8_sig_annihilator_drum
material,#mc/mtl_p7_books_office
material,#hash_31a22f83ccbac55c
material,#mc/mtl_p8_zm_esc_power_house_door_metal_rolling_top
material,#hash_31a5a3bb749fc604
material,#mc/mtl_t8_loot_wpn_smg_folding_rails_mk2
material,#mc/mtl_p7_proto_fence_chainlink_metal
material,#mc/mtl_p7_zm_tra_tv_vintage_screen
material,#hash_31b1149f9e860998
material,#mc/mtl_veh_t8_mil_helicopter_transport_decal_close_dirty
material,#mc/attach_t8_pistol_burst_grip
material,#hash_31ba7ccaeb7edd1c
material,#mc/mtl_wpn_t8_tr_midburst_propeller_bomb_sig_02_e
material,#mc/mtl_attach_t8_ar_heavy_fmj_mag_bullets
material,#mc/mtl_wpn_t8_sniper_koshka_handguard_sig_02
material,#mc/mtl_p8_zm_esc_keybox
material,#mc/mtl_wpn_t8_smg_accurate_wisps_02_sig_03
material,#mc/mtl_p8_zm_esc_shelf_industrial_vintage_96_dirt
material,#hash_31cbbc5eed12400c
material,#hash_b1cd6395b15007c0
material,#hash_31d35ed8dd17420e
material,#mc/mtl_t8_loot_wpn_smg_folding_stock_01_alt_mk2
material,#mc/mtl_attach_t8_loot_ar_double_barrel_dbal_02
material,#mc/mtl_attach_t8_loot_ar_double_barrel_dbal_01
material,#hash_31db36796122418f
material,#mc/mtl_wpn_t8_smg_fastfire_handguard_02_alt
material,#mc/mtl_p7_mou_light_lamp_desk_metal_04
material,#mc/mtl_p7_mou_light_lamp_desk_metal_02
material,#mc/mtl_p7_mou_light_lamp_desk_metal_03
material,#mc/mtl_p7_mou_light_lamp_desk_metal_01
material,#hash_31ea8b47f2c94564
material,#mc/mtl_wpn_t8_eqp_turret_mini_gun_dbal
material,#mc/mtl_wpn_t8_ar_accurate_stock_mount_base
material,#hash_31ff09253a3a7cb7
material,#mc/mtl_p7_mou_clock_wall_minute
material,#mc/mtl_p8_zm_esc_tools_hammer
material,#el/gfx_green_tracer
material,#mc/mtl_p7_mou_light_lamp_desk_light
material,#hash_3220d76324432c15
material,#ei/gfx_gib_metal_02_lit
material,#mc/t8_zm_decal_carpet_worn_through_reveal
material,#mc/mtl_p8_ice_med_rock_01_dark_grime
material,#mc/mtl_p7_generator
material,#mc/mtl_t8_wpn_lmg_heavy_rearsight_alt
material,#mc/mtl_wpn_t8_ar_fastfire_rails
material,#mc/mtl_wpn_t8_loot_ar_double_tap_mag_decals_mk2
material,#mc/t8_decal_tech_detail_bolt_05
material,#mc/t8_decal_tech_detail_bolt_06
material,#mc/t8_decal_tech_detail_bolt_01
material,#hash_3241108b71cef511
material,#mc/t8_decal_tech_detail_bolt_11
material,#mc/t8_decal_tech_detail_bolt_10
material,#hash_32478e7141e8d19f
material,#hash_b24b6f8eac80202b
material,#mc/mtl_t8_wpn_lmg_heavy_frontsight
material,#hash_b24cfc0bce4ee3dc
material,#mc/mtl_p8_zm_esc_gondola_lift_light
material,#hash_b252f7cd066add07
material,#hash_b252f8cd066adeba
material,#mc/mtl_attach_t8_tac_rifle_mid_burst_dbal_01
material,#hash_3256b8dcac3e96ea
material,#hash_325df28d6d200932
material,#mc/mtl_wpn_t8_tac_rifle_surgeon_level_glass
material,#mc/mtl_p7_zm_kin_dumpster_lid
material,#hash_3263c8ac37393c4c
material,#mc/mtl_mtl_p7_cai_foliage_flower_penstemon_flowers_dry
material,#mc/mtl_wpn_t7_shotty_prec_hinge_base
material,#hash_b2799fabb24ed9a5
material,#hash_3279e61fca1ba153
material,#mc/mtl_p8_container_bottle_wine_label_02
material,#hash_328033cb912e4f60
material,#hash_328035cb912e52c6
material,#hash_328036cb912e5479
material,#hash_328038cb912e57df
material,#hash_3282e5ce564c60f2
material,#hash_3285474a749ae1f9
material,#hash_32868fa65c2d3f87
material,#mc/mtl_t8_wpn_pistol_revolver_decals_sig_02
material,#hash_328aa6d577d90830
material,#mc/mtl_attach_t8_loot_ar_peacekeeper_ext_mag
material,#hash_328dd686386627f9
material,#hash_32907f0d13712cb3
material,#hash_3296678901bf57a7
material,#mc/mtl_wpn_t8_lmg_titan_bolt
material,#mc/mtl_p8_zm_esc_dryer_industrial_leaks
material,#mc/mtl_veh_t8_mil_heli_light_navi_light_pnt_body_blk
material,#hash_32a8b5c5ccdde713
material,#mc/mtl_p7_pallet_wood_splinters_tiled
material,#mc/mtl_wpn_t8_sniper_koshka_base_alt_02
material,#hash_32accd251e5bb88f
material,#mc/t8_brick_old_red_01
material,#mc/mtl_t8_wpn_lmg_heavy_barrel
material,#hash_32b5802ad04a2ca5
material,#hash_b2b81eda36f2b2aa
material,#mc/mtl_attach_t8_lmg_titan_stock
material,#mc/mtl_p8_zm_esc_crane_bolt
material,#mc/mtl_p8_centrifuge_device_straps
material,#mc/t7_concrete_wall_damaged_01_blend
material,#mc/mtl_p8_zm_esc_candle_med_off
material,#mc/mtl_wpn_t8_lmg_titan_sig_01_mag_alt
material,#hash_32c0fd5b1bd9727e
material,#mc/mtl_p7_electrical_cabinet_07
material,#mc/mtl_p7_electrical_cabinet_08
material,#mc/mtl_p7_electrical_cabinet_09
material,#mc/mtl_wpn_t8_tac_rifle_surgeon_scope_alt
material,#mc/mtl_wpn_t8_zm_towers_scorpion_handle_splitback
material,#hash_32ccd61e6eefe393
material,#hash_32d96667c640e16f
material,#hash_32da1672f29a6628
material,#hash_32e0dfd33b4a19df
material,#mc/t8_decal_tech_detail_screw_01_black
material,#mc/mtl_p8_zm_esc_laundry_bag
material,#hash_b2e43e2102af0382
material,#mc/mtl_p7_coffee_table_wood_02_worn
material,#hash_32f047c7d42e33db
material,#mc/mtl_wpn_t8_sniper_power_semi_mag_glass
material,#mc/mtl_wpn_t8_shotgun_pump_sig_02_ziptie
material,#mc/mtl_p8_chi_comm_antenna_roof_dirt
material,#mc/t7_decal_signage_photo_image_05_vert
material,#mc/mtl_p7_boat_life_preserver_decal_dirt
material,#hash_b30b28a22f644cfc
material,#hash_b30bc4f4a5fb3bc7
material,#hash_b30d25614df2ba51
material,#mc/mtl_wpn_t8_ar_heavy_receiver_upper_alt
material,#hash_33126e6bdd37bcbe
material,#mc/mtl_wpn_t8_loot_ar_double_tap_stock_mk2
material,#mc/mtl_p7_zm_ctl_typewriter_vintage_dirt
material,#mc/mtl_p8_zm_esc_candle_small_off
material,#hash_33321695dc06fd90
material,#hash_b33410c748e5d7c9
material,#mc/t8_decal_utility_metal_drain_stainless_01
material,#mc/mtl_attach_t8_shotgun_pump_stock
material,#mc/t7_decal_grunge_stain_adobe_bottom_01
material,#hash_b33e3ca82526f5f6
material,#mc/mtl_attach_t8_ar_stealth_silencer_long_alt
material,#hash_3348b0c5b31dce69
material,#hash_b349c612c7c511a6
material,#hash_b34a2d319f398ba1
material,#mc/t8_ceramic_roof_tiles_01_orange
material,#hash_3354edb81df266ef
material,#hash_3357c286a1a17ca6
material,#hash_335a0d54393d0fe2
material,#mc/mtl_p8_usa_submarine_torpedo_02
material,#mc/mtl_p8_usa_submarine_torpedo_03
material,#mc/mtl_p8_usa_submarine_torpedo_01
material,#mc/mtl_p8_light_hanging_billiard_metal
material,#hash_b3607f14cd84efe3
material,#hash_b3608014cd84f196
material,#hash_33612f4691a13730
material,#hash_33642ef68d7dd474
material,#hash_336431f68d7dd98d
material,#mc/mtl_veh_t8_drone_rcxd_suspension_dead
material,#hash_336526a419d29307
material,#mc/mtl_c_t8_zmb_dlc0_hero_bruno_medallions
material,#hash_336ae4578888e31a
material,#mc/mtl_p8_zm_zod_chair_victorian_decal
material,#hash_336dbb413265533c
material,#mc/mtl_p8_wz_tarp_large_01
material,#hash_336f6798dbcae895
material,#mc/mtl_p7_slu_plywood_old_01_a
material,#hash_336fb5cd6faa8251
material,#hash_336fe1b10a3e8781
material,#mc/mtl_wpn_t8_lmg_titan_sig_01_iron_sights_front
material,#mc/mtl_wpn_t8_eqp_datapad_body
material,#hash_3382ab59a747b060
material,#hash_3382ae59a747b579
material,#mc/mtl_wpn_t8_loot_lmg_mk48_frontsight
material,#mc/mtl_p7_zm_ver_generator_metal03
material,#mc/mtl_p7_zm_ver_generator_metal01
material,#mc/mtl_p7_zm_ver_generator_metal04
material,#mc/mtl_wpn_t8_ar_kn57_stock_connector_alt_mk2
material,#mc/mtl_wpn_t8_tac_rifle_swordfish_mag_mk2
material,#hash_b3944af7c072940b
material,#hash_b3944bf7c07295be
material,#mc/mtl_wpn_t8_loot_sniper_mini14_scope_base_stand_alt_mk2
material,#hash_b39825204901f0b3
material,#mc/mtl_p7_fxanim_gp_cobweb_corner_01
material,#mc/mtl_p7_fxanim_gp_cobweb_corner_02
material,#mc/mtl_wpn_t8_lmg_hades_decals_stamp
material,#mc/mtl_p7_debris_glass_shattered_sm
material,#mc/mtl_wpn_t8_eqp_datapad_glow
material,#mc/mtl_attach_t8_loot_sniper_mini14_suppressor_alt
material,#mc/t7_rubber_floor_tiles_grip_gray
material,#ei/gfx_fire_flame_base_1_anim_em
material,#hash_b3b133ad68092bf7
material,#hash_33b1bd21fd128208
material,#hash_33b321d5fa8025d6
material,#mc/mtl_t8_wpn_smg_accurate_grip
material,#hash_33b85d103ae5aab0
material,#mc/mtl_wpn_t8_ar_heavy_receiver_rear_alt
material,#hash_33beb279fa099988
material,#hash_b3c3528d2df3c373
material,#mc/mtl_wpn_t8_smg_fastfire_handguard_01_alt_mk2
material,#hash_b3c54e22748c4dd0
material,#mc/mtl_p8_zm_esc_chalkboard_wall_mounted_01_board_blank
material,#hash_33c749f6207a2b23
material,#mc/mtl_p8_zm_esc_book_04_character
material,#hash_b3ca8fba15ef54e3
material,#hash_33cb1650d5567641
material,#mc/mtl_wpn_t8_pistol_standard_slide_alt
material,#mc/mtl_wpn_t8_gradient_glow_small
material,#mc/mtl_wpn_t8_zm_crossbow_impaler_arm_base
material,#mc/t8_glass_led_light_01_backlit
material,#hash_33d56c1418cf42cc
material,#mc/mtl_wpn_t8_shotgun_pump_sig_01_sight
material,#hash_33d62353d22d8264
material,#mc/mtl_p7_light_sconce_vintage_01_light
material,#mc/mtl_attach_t8_sniper_vanguard_barrel_02_muzzle
material,#hash_b3db460c56860c50
material,#mc/mtl_p8_fxp_candle_flame_slow
material,#mc/mtl_veh_t8_mil_helicopter_transport_blade_blur
material,#mc/mtl_p7_cai_foliage_flower_penstemon_flowers_blue
material,#hash_33e19c2f3cf55f4f
material,#hash_b3e2c7b0fc6d42a7
material,#hash_33e683e06ffdcd26
material,#mc/mtl_p7_pipe_metal_hp_12_flange_bare_dmg
material,#hash_b3e9007cd93e45e8
material,#mc/mtl_attach_t8_shotgun_pump_stock_alt
material,#hash_33f167571f3fe308
material,#hash_33f16a571f3fe821
material,#mc/mtl_wpn_t8_eqp_sensor_dart_gun
material,#hash_b3f458398ee91e82
material,#hash_b3fb0dba720f33ea
material,#mc/mtl_p8_zm_esc_sheet_metal_2x8
material,#mc/mtl_p8_zm_esc_sheet_metal_2x4
material,#hash_3400c27601e57c8d
material,#mc/mtl_p7_lamp_floor_01_metal
material,#hash_340800a1bab086f3
material,#hash_340884d1f23532e1
material,#hash_340dad820c485db8
material,#hash_340eab83cf238642
material,#mc/t8_decal_tech_detail_high_tech_55_metal
material,#mc/mtl_wpn_t8_tac_rifle_swordfish_reticle_04
material,#mc/mtl_p7_container_cardboard_box_02
material,#mc/mtl_wpn_t8_shotgun_pump_decal_base
material,#hash_341a68b530d2c3eb
material,#mc/mtl_attach_t8_optic_holo_body
material,#mc/mtl_wpn_t8_loot_ar_peacekeeper_grip_base
material,#mc/mtl_wpn_t8_sig_flamethrower_dial
material,#hash_3424e169be031625
material,#mc/mtl_p8_office_papers_sheets_stack
material,#ei/gfx_smk_explosion_02_anim
material,#mc/t7_concrete_trim_beveled_01
material,#hash_b42d64efba070291
material,#mc/mtl_p7_zm_ctl_gondola_grunge_decal_01
material,#hash_343604bf7651ce1a
material,#mc/mtl_wpn_t8_tac_rifle_swordfish_sig02_hair
material,#hash_343c75f21ab0f151
material,#hash_343d2e66095699b1
material,#mc/mtl_veh_t8_drone_rcxd_flashlight_bulb
material,#mc/mtl_attach_t8_loot_tac_rifle_damageburst_grip
material,#hash_b44bd40200ddb02a
material,#hash_344db5411a094f1b
material,#hash_b44de4fca661036f
material,#mc/mtl_wpn_t8_ar_stealth_sig_01_base_weapon_02
material,#mc/mtl_wpn_t8_ar_stealth_sig_01_base_weapon_01
material,#mc/mtl_p8_chi_pipe_cloth_2
material,#hash_b4577f121f4d0664
material,#hash_b4580ea995a1e9fb
material,#mc/mtl_wpn_t8_eqp_semtex_cluster_brass
material,#hash_3466b7c4ca341e01
material,#mc/mtl_p7_slu_door_white_glass
material,#mc/mtl_p8_col_generator_garage_set_decal_logo_caution
material,#mc/mtl_wpn_t8_lmg_titan_bullet_alt
material,#mc/mtl_wpn_t8_smg_capacity_sig_02_sights
material,#mc/mtl_p7_container_storage_plastic_worn_32
material,#mc/mtl_p7_zm_ver_box_electric_panel_set
material,#mc/mtl_attach_t8_tac_rifle_swordfish_bolt
material,#hash_b4878d4e0065fa60
material,#mc/t8_metal_painted_yellow_blend
material,#mc/mtl_wpn_t8_ar_kn57_bolt_alt_mk2
material,#mc/mtl_wpn_t8_ar_galil_sights_base_alt
material,#hash_b49308bb9d367448
material,#hash_349562fb1a628ffd
material,#mc/t8_decal_grunge_barnacles_clusters_01_blend_gloss
material,#mc/mtl_attach_t8_ar_fastfire_barrel
material,#mc/mtl_p8_zm_esc_warden_house_plank
material,#hash_3499dcd37d573044
material,#hash_34a2461e4b66b91c
material,#mc/mtl_p8_zm_esc_cell_bed_decal_grooved
material,#hash_34ad59115c09b5f2
material,#mc/mtl_p8_zm_esc_crane_net
material,#mc/t8_decal_tech_detail_indent_05_normal
material,#mc/mtl_wpn_t8_loot_lmg_mk48_bipod_mk2
material,#mc/t8_decal_graphics_signage_usa_garment_01
material,#mc/mtl_wpn_t8_sniper_vanguard_sig_01_grip
material,#hash_b4c3444a1de2b2d9
material,#hash_34c553dc4cbffef4
material,#hash_34d133cc06b24e0c
material,#mc/mtl_wpn_t8_zm_eqp_acid_bomb_brass
material,#hash_b4d9d4db8ee86925
material,#hash_34db49f02c0dab6f
material,#wc/t7_brick_worn_dirty_red
material,#mc/mtl_wpn_t8_ar_accurate_grip_sig_03
material,#hash_34dfa589bc95dc5f
material,#hash_34e097eebc67b1c3
material,#hash_b4e35293d2ca1e21
material,#hash_34e536894d22b3dc
material,#hash_34e6b7abc815c5ac
material,#ei/gfx_gib_wood_01_lit
material,#mc/mtl_attach_t8_smg_capacity_barrel
material,#hash_34ec2577fb538586
material,#mc/mtl_wpn_t8_eqp_smartcover_straps
material,#mc/mtl_attach_t8_loot_sniper_semiauto_hical_01
material,#mc/mtl_attach_t8_loot_sniper_semiauto_hical_02
material,#hash_b4f240446c7b03b0
material,#hash_34f4e8efc56f861f
material,#hash_b4f55ae55c5fa043
material,#mc/mtl_wpn_t8_lmg_hades_mag_cloth
material,#mc/mtl_p8_zm_zod_mail_sorting_metal_table
material,#hash_b505636e4d649d2d
material,#mc/mtl_wpn_t8_eqp_semtex_cluster_bombs_wires
material,#hash_35060bcf2e976f64
material,#mc/mtl_t8_loot_wpn_smg_folding_reciever_alt
material,#mc/mtl_p7_zm_tra_billiard_vintage_cover_chain
material,#hash_b50b456dcab7d283
material,#hash_b50b466dcab7d436
material,#hash_350b4e0e1c0366a7
material,#mc/mtl_t8_wpn_pistol_revolver_body
material,#hash_3518498bcd4d6e3c
material,#hash_351b0aea78c37a46
material,#mc/mtl_t8_wpn_lmg_heavy_clip_mk2
material,#hash_3523ee16cf63b2f3
material,#hash_35281ed65d76d3a1
material,#hash_b52e1bec1178141a
material,#hash_3533d4f64365d2ae
material,#mc/mtl_wpn_t8_loot_sniper_mini14_scope_stand
material,#mc/mtl_t8_wpn_lmg_heavy_stock_alt
material,#mc/mtl_wpn_t8_lmg_hades_magwell_base
material,#hash_353608acf9c32f82
material,#hash_b5379b0468e147ec
material,#mc/mtl_gib_chunk_set
material,#mc/mtl_p8_col_generator_garage_set_decal_logo_indicator
material,#hash_354179ecce1be186
material,#mc/mtl_attach_t8_ar_galil_suppressor
material,#hash_354b375ba058a6a4
material,#hash_b555aba9dd051090
material,#mc/t7_wes_wood_cedar_blend
material,#hash_35698091de0bba25
material,#hash_356b7b91a64c7f92
material,#mc/mtl_p7_fir_light_industrial_details
material,#hash_356d58ab1bea565c
material,#mc/mtl_p8_usa_ladder_old_wood_mid
material,#hash_357b5fb326d3f803
material,#mc/mtl_p7_zm_ctl_table_metal_vintage_set_line
material,#hash_357cb48b5e8f5fce
material,#mc/mtl_wpn_t8_eqp_sensor_dart_gun_rail
material,#hash_b587ffa229d0ddfb
material,#mc/t7_metal_trim_worn_iron_dark
material,#hash_b58a9f55317b4661
material,#hash_b58f17990283261b
material,#hash_359def42f0745c47
material,#mc/mtl_p7_light_metal_hanging_mechanic
material,#hash_b59f33b834b45ec2
material,#hash_35a39b91517072ec
material,#hash_35a39c915170749f
material,#hash_35a39e9151707805
material,#mc/p7_fir_bathroom_mop_wood
material,#hash_35b126fdad14d1aa
material,#hash_35b3c4f7135c2ff2
material,#mc/mtl_p7_mou_electrical_panel_set_painted_02
material,#hash_35b7101f117a3ad6
material,#mc/mtl_p8_zm_zod_mail_sorting_metal_main
material,#mc/mtl_p8_col_generator_garage_set_decal_logo_shock
material,#hash_35c3ce8fd95e1928
material,#mc/mtl_wpn_t8_tritium_orange_bright
material,#hash_35c65f42188e8559
material,#mc/mtl_wpn_t8_eqp_smartcover_wall_lrg_frnt02
material,#mc/mtl_wpn_t8_ar_galil_parts_base_alt
material,#mc/mtl_p8_zm_esc_cloth_pile_02
material,#mc/mtl_p8_zm_esc_cloth_pile_01
material,#mc/mtl_wpn_t8_shotgun_pump_barrel_base_mk2
material,#hash_35cc69bf9e8b6d5b
material,#hash_35d17cf028f86942
material,#hash_35d3ce17f120f2d0
material,#hash_35d4106a4e6c0cef
material,#hash_35d5b783b9474793
material,#mc/mtl_wpn_t8_ar_fastfire_base
material,#hash_35d79061e41e4f2f
material,#hash_35da0fd5373d31cd
material,#hash_b5db89b7b773ab40
material,#mc/mtl_p7_street_curb_concrete_chunk_01_black
material,#mc/mtl_attach_t8_sniper_vanguard_handguard_02
material,#mc/mtl_attach_t8_sniper_vanguard_handguard_01
material,#hash_35ea11481e14139c
material,#hash_35eab5764ea52832
material,#hash_b5ecea0556e65ebd
material,#hash_35ed6fcdf286476d
material,#mc/mtl_p7_zm_asc_light_cage_warning_glass_red
material,#hash_b5f400f674671710
material,#hash_b5f401f6746718c3
material,#hash_b5f403f674671c29
material,#hash_35f420571ad09735
material,#mc/nodraw
material,#mc/mtl_p7_slu_alarm_fire_decal
material,#hash_35fa4681d0d1c353
material,#hash_b5fb2f3dac6257ab
material,#hash_b5fb303dac62595e
material,#hash_35fc30ce9827122e
material,#mc/mtl_p7_light_lamp_desk_vintage_01_bronze
material,#mc/mtl_t8_zm_esc_spawn_cap_decal_02
material,#mc/mtl_t8_zm_esc_spawn_cap_decal_01
material,#hash_b6005596667ae882
material,#hash_36098ce735f374bc
material,#mc/mtl_p8_zm_esc_book_pile_cover
material,#hash_360d1548ce0513fa
material,#mc/mtl_eqp_t8_grenade_emp_decals
material,#mc/mtl_p7_foliage_fern_sword
material,#mc/mtl_wpn_t8_smg_capacity_receiver_light_metal
material,#mc/mtl_veh_t8_mil_heli_light_chrome
material,#mc/mtl_wpn_t8_loot_ar_double_tap_body_mk2
material,#mc/mtl_p8_wz_skt_signage_hours
material,#mc/mtl_wpn_t8_sniper_koshka_scope_stencil
material,#hash_362083f3fbb347e7
material,#mc/mtl_attach_t8_tac_rifle_mid_burst_uber_screen
material,#mc/mtl_wpn_t8_sniper_koshka_range_finder_mk2
material,#hash_362ab770af265b85
material,#hash_362e7ef56ac5ac19
material,#hash_b63385ba2885353c
material,#hash_b63388ba28853a55
material,#mc/mtl_veh_t8_decal_inset_bolt_normal
material,#mc/mtl_p7_barrier_block_concrete_long_rusty_cap
material,#hash_3637f5db75ae27dd
material,#mc/mtl_p8_tree_dead_large_01
material,#mc/mtl_p8_zm_zod_cart_mail_sorting_wood
material,#mc/mtl_c_t8_zmb_homunculus_sword
material,#mc/mtl_p7_fxp_debris_newspaper
material,#hash_3648f79abab7b82a
material,#mc/mtl_attach_t8_ar_kn57_ext_mag_alt_mk2
material,#mc/mtl_wpn_t8_loot_ar_an94_sights
material,#hash_b652b647f27f2391
material,#hash_365402f8f5531a70
material,#mc/t7_metal_trim_rivets_02_tan
material,#mc/mtl_attach_t8_ar_fastfire_magwell_alt
material,#hash_365b5ec9770d36f8
material,#hash_36656100f0a852bf
material,#mc/mtl_wpn_t8_shotgun_pump_sig_02_sight
material,#hash_366a2f5ccf059b3b
material,#hash_366c5ace8dd83ce2
material,#mc/mtl_attach_t8_optic_float_dot_glass
material,#hash_b674f366a2da940e
material,#hash_36769a267541d60a
material,#hash_b68f05ff9ca142ee
material,#hash_36905ae2c29b9e6f
material,#hash_b69526d13231c168
material,#hash_3697f4f1f53a3d03
material,#mc/t7_decal_signage_caution_stripes_slanted_red
material,#mc/mtl_p7_fxp_axis_createfx
material,#mc/mtl_attach_t8_optic_red_dot_main
material,#hash_36b6f186d5bb957e
material,#hash_36b8f4227af7b7d7
material,#mc/mtl_wpn_t8_tac_rifle_swordfish_straps
material,#hash_36ba9a6a199e4557
material,#hash_b6bce9e2e94b0b7b
material,#mc/mtl_attach_t8_loot_ar_peacekeeper_stock
material,#hash_36c34642dd1c4d66
material,#hash_36c3aac7e128ac99
material,#hash_36c3f1abe7afca01
material,#hash_36c42c87e36f79f2
material,#mc/t7_graphic_detail_graph_01_flip_cyan
material,#mc/mtl_attach_t8_lmg_titan_hipfire_handguard_alt
material,#mc/mtl_wpn_t8_lmg_titan_sig_02_upper_mid_e
material,#hash_36cafb6c91e7f840
material,#hash_36cafc6c91e7f9f3
material,#hash_36cafd6c91e7fba6
material,#hash_36d2340c485c22cf
material,#hash_36d29397d32cd577
material,#hash_b6d632b976b27d0a
material,#hash_36d756db9658c1db
material,#mc/mtl_p7_zm_kin_dresser_wood_02_dmg
material,#mc/mtl_wpn_t8_loot_lmg_mk48_handguard_mk2
material,#hash_36e5a222ee470d97
material,#mc/mtl_wpn_t8_ar_accurate_sig_01_barrel
material,#generic_filter_vehicle_out_of_range
material,#mc/mtl_t8_loot_wpn_smg_folding_mag_01_alt
material,#mc/mtl_p7_slu_trash_bin_sml_base
material,#mc/mtl_attach_t8_smg_handling_foregrip_alt
material,#mc/t7_concrete_painted_wet_white_blend
material,#hash_36f6168c184ef86f
material,#hash_b6f7335a98f0889e
material,#hash_b6f9b8796605dc19
material,#mc/mtl_veh_t8_mil_boat_tactical_raft_hull_decal_b
material,#mc/mtl_p7_electrical_box_tall_extra
material,#hash_b704962990565947
material,#mc/mtl_wpn_t8_smg_burst_grip_sig
material,#mc/mtl_attach_t8_loot_lmg_mk48_fmj_top_alt
material,#hash_3710b205aeb356e8
material,#hash_b71254626613d173
material,#mc/mtl_attach_t8_ar_stealth_cord
material,#hash_371964e6c3225cca
material,#mc/mtl_p8_tank_fuel_01_set_metal_rust_04
material,#mc/mtl_veh_t8_mil_boat_tactical_raft_engine_details_dead
material,#hash_372caf945cc7fba0
material,#mc/mtl_wpn_t8_sniper_vanguard_sig_02_rail
material,#mc/mtl_wpn_t8_wz_lmg_titan_mag
material,#hash_b72fbf683828065f
material,#hash_3734035448fb534c
material,#mc/mtl_p7_conduit_rust_outlets
material,#mc/mtl_p8_foliage_weeds_leaf_02_drk
material,#hash_373bd00d27decdaf
material,#hash_b73cf8f76c072940
material,#hash_3742573c79fa73bc
material,#hash_b743ecce57628455
material,#hash_3744cf0d2618dc5b
material,#hash_3744d00d2618de0e
material,#mc/t7_ban_metal_gunmetal
material,#mc/mtl_attach_t8_loot_lmg_mk48_fastmag_01
material,#hash_3751e6324b0f28d7
material,#mc/mtl_p7_pallet_plastic_01_detail_gray
material,#mc/mtl_wpn_t8_sniper_powersemi_fly_sig_02_nodraw
material,#mc/t8_decal_tech_detail_high_tech_63_normal
material,#mc/mtl_p7_tape_masking_set
material,#mc/mtl_wpn_t8_ar_fastfire_base_decals
material,#hash_376a02f3e0ed8990
material,#mc/mtl_p8_foliage_grass_long_skinny_rice_01_dry
material,#hash_b76b03f08bf65591
material,#wc/global_diffuse_black
material,#hash_3775cac45ecf087f
material,#hash_3777a1cf5329b118
material,#hash_377938c2a5088c57
material,#hash_377b3316a767dc1d
material,#mc/mtl_wpn_t8_lmg_hades_rear_sight_base
material,#hash_3781a8ca3528c871
material,#mc/mtl_wpn_t8_loot_shotgun_fullauto_receiver_parts_alt_sig
material,#mc/mtl_p7_medical_surgical_cart_metal_weathered
material,#hash_378a7292379a6777
material,#hash_b78dca2214231f1f
material,#hash_378df7d8e5d395a3
material,#hash_378df8d8e5d39756
material,#hash_378e82738d4c6d89
material,#mc/t7_metal_trim_rivets_01_dark
material,#mc/mtl_veh_t8_drone_rcxd_suspension_metal_dirty
material,#hash_b79555f0afb63bdf
material,#hash_b79556f0afb63d92
material,#hash_379afb856ae61246
material,#mc/mtl_wpn_t8_hero_war_machine_decals
material,#mc/mtl_p7_magazine_trim
material,#mc/mtl_attach_t8_loot_lmg_mk48_muzzle
material,#mc/mtl_p7_zm_tra_tv_vintage_screen_static
material,#hash_37a131f2f24655a7
material,#hash_37a43b8fddc39409
material,#hash_b7adfd9cb3034d73
material,#hash_37b478f6984bc959
material,#hash_b7b71dc1284ee1b3
material,#hash_b7bc13450e3158d8
material,#hash_37bf930796eb8e52
material,#mc/mtl_p7_bucket_plastic_5_gal_green
material,#hash_37c9ec814f4d3ceb
material,#mc/mtl_p8_zm_esc_cell_skylight_frame_end_small
material,#mc/mtl_p7_zm_ver_freezer_morgue_door
material,#hash_37da04c82432d44b
material,#mc/mtl_wpn_t8_loot_ar_double_tap_sight
material,#mc/mtl_attach_t8_smg_mp9_stock_alt
material,#hash_37e1b9e984ce49ac
material,#mc/mtl_p7_light_fixture_led_ceiling_02
material,#mc/mtl_p7_light_fixture_led_ceiling_01
material,#hash_37e969252ee43a50
material,#hash_37eb326a19a90517
material,#mc/mtl_veh_t8_mil_boat_tactical_raft_details_dead
material,#hash_37f2464b44ac145c
material,#hash_37f2494b44ac1975
material,#hash_37f38cef1e8a5bce
material,#mc/mtl_p7_pipe_metal_hp_12_flange_grey_dk
material,#hash_380840e5b8f27e39
material,#mc/mtl_wpn_t8_loot_ar_an94_grip_base
material,#mc/mtl_wpn_t8_eqp_smartcover_solar_decal_1
material,#hash_380c8648d1887ada
material,#hash_380f683e12976806
material,#mc/mtl_p8_zm_esc_water_tower_01_tank_top
material,#mc/mtl_p8_zm_esc_warden_dresser_wood
material,#hash_381d0220dd5d7fde
material,#hash_b81df460717926b6
material,#hash_b81e15e629b80175
material,#hash_b8228970e62adf97
material,#hash_38258234e75623c0
material,#hash_382691589f91a1b7
material,#mc/mtl_wpn_t8_sniper_koshka_lens
material,#mc/mtl_p8_zm_esc_power_house_door_metal_rolling_top_decal
material,#hash_b84000267c53a56e
material,#hash_38477c2dbcb5b14e
material,#hash_384945affa66b68d
material,#hash_b84c2a8e5e3aff53
material,#hash_384cddf3d95817ca
material,#ei/gfx_water_splash_cone_spread_anim
material,#mc/mtl_wpn_t8_smg_capacity_mag_plastic
material,#mc/t8_concrete_sidewalk_01
material,#hash_385aa1e2c6ca7855
material,#mc/mtl_wpn_t8_loot_shotgun_fullauto_handguard_sig
material,#mc/mtl_wpn_t8_sniper_power_semi_shroud_alt
material,#mc/mtl_t8_loot_wpn_smg_folding_barrel_mk2
material,#mc/mtl_wpn_t8_tac_rifle_swordfish_sig02_mermaid
material,#mc/mtl_wpn_t8_smg_fastfire_bullet
material,#hash_386bdc9a8dfe1c4f
material,#hash_386ee08879c95795
material,#hash_b871bd97f28d7444
material,#mc/mtl_p8_ice_gas_console_lrg_frame
material,#mc/mtl_wpn_t8_loot_shotgun_fullauto_stockpad_alt_sig
material,#hash_38762e18edf8a8e2
material,#hash_38773d3f9a10d2c8
material,#mc/intro_wall_edgeworn01_decal
material,#ei/gfx_smk_billow_thick_anim_high_dark_lit
material,#hash_b8841920385153f7
material,#mc/mtl_wpn_t8_loot_lmg_mk48_grip
material,#mc/mtl_p7_foliage_vines_roots
material,#hash_388916c1df1b4675
material,#mc/mtl_p8_zm_esc_cell_bridge_set_frame
material,#mc/mtl_attach_t8_loot_ar_peacekeeper_damage
material,#hash_388e9ed55ccced53
material,#mc/mtl_wpn_t8_shotgun_pump_bolt_base_mk2
material,#hash_b892f444ad2967ed
material,#hash_389398ae2b87d869
material,#mc/mtl_t8_loot_wpn_smg_folding_handgrip
material,#hash_389658c69fd837f8
material,#hash_38965ac69fd83b5e
material,#hash_38965bc69fd83d11
material,#hash_38965dc69fd84077
material,#mc/mtl_wpn_t8_loot_smg_vmp_base_alt
material,#mc/mtl_wpn_t8_ar_kn57_stock_mk2
material,#hash_38a20a07b660c8d9
material,#mc/mtl_p8_zm_esc_barrel_drum
material,#hash_38a89da4a26790fa
material,#mc/mtl_attach_t7_shotty_prec_grip_02
material,#hash_b8af1ebbcaf0e610
material,#hash_b8b023f22f9447f8
material,#mc/mtl_wpn_t8_smg_fastfire_handguard_01_alt
material,#mc/mtl_wpn_t8_sniper_power_semi_scope_lens
material,#hash_b8bb8cba0e912f4c
material,#hash_b8bb8dba0e9130ff
material,#hash_b8bb8eba0e9132b2
material,#mc/mtl_p8_zm_esc_box_electric_black
material,#mc/t7_wood_beam_worn_oak_bleached_darker
material,#hash_38c496ffe821e5e3
material,#hash_b8c549a5158452d6
material,#mc/mtl_p8_wz_cu_typewriter_vintage
material,#hash_b8c63864852b6d1c
material,#mc/mtl_attach_t8_ar_kn57_grip_alt
material,#mc/mtl_t8_wpn_lmg_heavy_lever_handle
material,#hash_38c9498a96bcfccd
material,#hash_38d11f8813e194e3
material,#hash_38d2d3ea307bcba5
material,#mc/mtl_p7_zm_ver_mannequin_wood
material,#hash_b8d4ef4f136776d8
material,#hash_b8d4f24f13677bf1
material,#mc/mtl_wpn_t8_smg_capacity_receiver_rear_decals
material,#hash_b8d69b58b8ee4531
material,#mc/mtl_wpn_t8_smg_fastfire_sights_mk2
material,#hash_38dbb1dd9dc32416
material,#hash_38dbb2dd9dc325c9
material,#hash_38dbb3dd9dc3277c
material,#hash_38dbb4dd9dc3292f
material,#hash_38dbb5dd9dc32ae2
material,#hash_38de1f3f4b7e8bd5
material,#hash_b8e58c03b959382c
material,#mc/mtl_p8_bucket_plastic_5_gal_white
material,#hash_38f2851899122b3c
material,#hash_38f335b3d8b9cf70
material,#mc/mtl_wpn_t8_shotgun_semi_straps
material,#mc/mtl_attach_t8_ar_kn57_stock_01_alt
material,#hash_38f6d1d403418507
material,#mc/mtl_wpn_t8_smg_fastfire_sights_alt_mk2
material,#hash_b8fae51f7f272737
material,#hash_b8fbfb41fbc71249
material,#hash_b901717f91845592
material,#mc/mtl_attach_t8_smg_fastfire_handguard_02_alt
material,#mc/mtl_p7_ammo_resupply_02_glow
material,#mc/mtl_attach_t8_loot_sniper_locus_fast_mag_01_alt
material,#hash_39137774df19d5ec
material,#hash_3914389b178b995b
material,#hash_391464714ce6c850
material,#mc/mtl_wpn_t8_loot_shotgun_fullauto_rings
material,#mc/mtl_p7_signage_plastic_exit_english
material,#hash_39209ab8fe1774de
material,#mc/mtl_attach_t8_tac_rifle_swordfish_handguard
material,#hash_392322b5d06b9129
material,#hash_392891cbb03be6a0
material,#hash_3928f11fdf670c96
material,#hash_b92aa7ebbb10ffdb
material,#hash_392aecf1c56c24c7
material,#hash_392aedf1c56c267a
material,#mc/lambert1
material,#mc/mtl_t8_wpn_smg_accurate_body_sig_01_alt
material,#hash_b9367ee2b08bdff4
material,#mc/mtl_p8_usa_locker_metal_door_metal_white
material,#mc/mtl_p7_signage_caution_first_aid
material,#hash_39428abfd082f66d
material,#hash_39437f37f5e740de
material,#mc/mtl_wpn_t8_ar_stealth_mag_mk2
material,#mc/mtl_p7_fxanim_gp_trash_paper_help_wanted_01_s3
material,#hash_b94f42ea5917df65
material,#mc/mtl_wpn_t7_sniper_locus_scope_lens
material,#mc/mtl_p8_zm_esc_table_drafting_vintage_metal
material,#mc/t7_metal_rust_01
material,#mc/t7_metal_rust_03
material,#mc/t7_metal_rust_02
material,#hash_b957e81015ca19cc
material,#mc/mtl_p8_zm_esc_crate_wood_sml_nail
material,#hash_395e2fd053b7fd94
material,#hash_395fea0299821c8d
material,#mc/mtl_wpn_t8_smg_fastfire_grip
material,#hash_b964750778886f72
material,#hash_b96916835345acea
material,#ei/gfx_gel_splat_string_lit
material,#mc/mtl_wpn_t8_smg_fastfire_clip
material,#hash_b96ee4078da681ca
material,#hash_3971b88b1f16450b
material,#hash_b974865ed04ea349
material,#hash_3977fbf6aab682aa
material,#mc/mtl_wpn_t8_shotgun_pump_receiver_base_plastic
material,#hash_b97bd0baf3356f72
material,#mc/mtl_p8_spa_trashcan_lid_metal
material,#mc/mtl_p8_bookshelf_wood_01_set_01
material,#mc/mtl_wpn_t8_loot_shotgun_fullauto_foregrip_alt
material,#mc/mtl_wpn_t8_ar_stealth_base_weapon_01_mk2
material,#mc/mtl_c_t8_mp_spe_armor_medium
material,#el/gfx_trail_laser_lit
material,#hash_b98ebeaea5262dd3
material,#mc/mtl_p7_cai_sign_billboard_01_lights
material,#mc/mtl_wpn_t8_smg_capacity_grip_bolts_base_mk2
material,#hash_b998097f4ee42740
material,#mc/t7_metal_black_rusty
material,#mc/mtl_wpn_t8_loot_smg_folding_body
material,#hash_39a53616830d58ea
material,#hash_39abd86c8f963545
material,#hash_39ac55e57b911ca2
material,#mc/mtl_p7_zm_tra_stove_kitchen_label
material,#mc/mtl_p8_zm_esc_sheet_metal_2x8_white
material,#mc/mtl_p7_slu_box_electric_set_metal
material,#mc/mtl_wpn_t8_sniper_vanguard_body_v2_alt_mk2
material,#hash_b9b37ea2cf386303
material,#hash_39b38938d23a98d6
material,#mc/mtl_p7_fir_ball_sports_decal
material,#hash_39cfabbb6843deb6
material,#mc/mtl_p8_zm_esc_light_industrial_socket
material,#mc/mtl_t8_loot_wpn_smg_folding_stabilizer
material,#mc/mtl_t8_wpn_pistol_auto_rapid_fire_mk2
material,#hash_39e6a0fbc64fb808
material,#mc/mtl_wpn_t8_eqp_trophy_system_sensor
material,#hash_39ee15a657734e59
material,#mc/mtl_p7_zm_asc_fire_bell_nail02
material,#mc/mtl_p7_zm_asc_fire_bell_nail01
material,#hash_b9f002035530c085
material,#mc/t8_decal_tech_detail_line_trim_02_normal
material,#hash_b9f6c9abf90e31c8
material,#hash_39f96a25298d9d5d
material,#hash_39fa8f785593cae6
material,#mc/mtl_wpn_t8_hero_war_machine_barrel
material,#hash_3a003f692bbc3f2f
material,#hash_3a0184c9638e7caf
material,#hash_ba03841ecb169d16
material,#hash_ba055e2045df233b
material,#hash_ba0955be97102c8e
material,#hash_ba0e8a15418cf2b0
material,#mc/mtl_t8_attach_optic_reflex_body2
material,#mc/t8_decal_grunge_concrete_sidewalk_01
material,#mc/t8_decal_grunge_concrete_sidewalk_02
material,#mc/mtl_wpn_t8_launcher_standard_top
material,#mc/mtl_attach_t8_shotgun_semi_ext_mag_01_alt
material,#hash_3a1967b7905349df
material,#mc/mtl_wpn_t8_loot_ar_double_barrel_barrel
material,#hash_ba1edd8e03c1cb80
material,#hash_3a1f64f117157880
material,#hash_3a23e8e03c850504
material,#vdd/gfx_decal_foam
material,#vdd/gfx_decal_bullet_wood_03
material,#vdd/gfx_decal_bullet_wood_02
material,#vdd/gfx_decal_bullet_wood_01
material,#hash_ba3687710aa194d5
material,#hash_ba368abcbaec5565
material,#hash_ba39b994239f6197
material,#mc/mtl_veh_t8_mil_boat_tactical_raft_details
material,#mc/mtl_p7_rus_insulator_electrical_snow_screw
material,#mc/mtl_p7_slu_door_white_decal_08
material,#mc/mtl_p7_slu_door_white_decal_01
material,#mc/mtl_p7_slu_door_white_decal_02
material,#mc/mtl_p7_slu_door_white_decal_03
material,#mc/mtl_p7_slu_door_white_decal_04
material,#mc/mtl_p7_slu_door_white_decal_05
material,#mc/mtl_p7_slu_door_white_decal_06
material,#mc/mtl_p7_slu_door_white_decal_07
material,#mc/mtl_wpn_t8_lmg_titan_sig_01_base_front
material,#hash_ba497b9bcc08b74d
material,#mc/mtl_wpn_t8_ar_modular_mag_sig_03
material,#mc/mtl_wpn_t8_loot_smg_burst_weapon_mk2
material,#hash_3a58960c35a3a34a
material,#el/gfx_smk_tracer_chaser_trail_em
material,#mc/mtl_wpn_t8_loot_melee_slay_bell_bulb_red
material,#mc/mtl_p7_zm_isl_light_operating_vintage_metal_05
material,#mc/mtl_p7_zm_isl_light_operating_vintage_metal_04
material,#mc/mtl_p7_zm_isl_light_operating_vintage_metal_03
material,#mc/mtl_p7_zm_isl_light_operating_vintage_metal_02
material,#mc/mtl_p7_zm_isl_light_operating_vintage_metal_01
material,#mc/mtl_wpn_t8_smg_handling_base
material,#hash_3a606304bc15accf
material,#hash_3a606404bc15ae82
material,#hash_ba62ac0d78739bd9
material,#hash_3a6639b716bf033f
material,#mc/mtl_wpn_t8_tr_midburst_wings_sig_02_e
material,#mc/mtl_p8_zm_esc_power_station_panel_set_glass
material,#mc/mtl_wpn_t8_eqp_smartcover_metal_plates03
material,#mc/mtl_wpn_t8_eqp_smartcover_metal_plates05
material,#mc/mtl_wpn_t8_eqp_smartcover_metal_plates06
material,#mc/mtl_wpn_t8_sniper_vanguard_bolt_v2_mk2
material,#hash_ba73447fdab16513
material,#hash_ba73db1b57bab6ef
material,#mc/mtl_p8_box_cardboard_b_open_01
material,#mc/mtl_wpn_t8_zm_towers_scorpion_handle_splitfront
material,#mc/mtl_p8_zm_esc_power_house_windows_slab_04
material,#mc/mtl_p8_zm_esc_power_house_windows_slab_03
material,#mc/mtl_p8_zm_esc_power_house_windows_slab_02
material,#mc/mtl_p8_zm_esc_power_house_windows_slab_01
material,#hash_ba76c042f7818d63
material,#ei/gfx_smk_whisp_anim_02_high_dark_lit
material,#hash_ba80a1d884990a13
material,#mc/t7_decal_grunge_dust_wall_01_blend
material,#mc/mtl_t8_wpn_pistol_auto_grip
material,#mc/mtl_attach_t8_pistol_standard_ext_mag_transparent
material,#mc/t7_decal_coffee_stain_01
material,#mc/mtl_p7_fir_shelf_set_metal
material,#hash_3a9e38f74fc693ca
material,#mc/mtl_p8_fire_extinguisher_01_dmg_metal_trim
material,#hash_3aa7a6327e9f4cd9
material,#hash_baaafaddf7e826f5
material,#hash_3aad53e083905cd4
material,#mc/mtl_p8_wood_balcony_01_drk
material,#mc/mtl_wpn_t8_ar_stealth_sig_02_rapidfire
material,#hash_bab13d39bf7d1790
material,#hash_bab14039bf7d1ca9
material,#hash_3ab2fcb52e3b08b6
material,#hash_bab5fef3adcb4d42
material,#hash_babb889f68013e87
material,#hash_babb899f6801403a
material,#mc/mtl_wpn_t8_shotgun_pump_sig_02_lower
material,#mc/mtl_wpn_t8_ar_stealth_sig_01_front_hical
material,#mc/mtl_p8_zm_esc_flood_light
material,#hash_bacf67d0e2657529
material,#mc/mtl_veh_t8_mil_boat_tactical_raft_details_rope_wht
material,#mc/mtl_veh_t8_mil_heli_light_rotor_chrome
material,#hash_baee7a74081d9b22
material,#mc/mtl_p8_col_oven_kitchen_03_metal01
material,#mc/mtl_p8_col_oven_kitchen_03_metal02
material,#mc/mtl_veh_t8_drone_rcxd_suspension_dirty
material,#hash_bb0655c38a58b716
material,#mc/mtl_p7_wes_clock_wall_vintage_glass
material,#mc/mtl_attach_t8_ar_galil_fast_mag
material,#hash_3b1601d59d57a969
material,#hash_3b16c2411a8e4181
material,#hash_bb17485741d01da8
material,#hash_3b1a50081e8ed6bc
material,#mc/bullet_collision_ice
material,#mc/mtl_c_t8_zmb_homunculus_forearm
material,#hash_3b210ccace9e9041
material,#mc/t8_zm_zod_metal_painted_wall_heavy
material,#mc/mtl_p8_wz_supply_stash_ammo_blackmarket
material,#hash_bb26f5eda170ee51
material,#hash_bb2a374760a33ae2
material,#mc/t7_fir_bullet_impact_concrete_rvl
material,#hash_bb2b7c72db5ee266
material,#mc/mtl_p7_zm_ori_pump_tank_metal
material,#hash_bb2eb6f8140495b2
material,#hash_3b31149d15650a39
material,#mc/mtl_wpn_t8_smg_handling_upper_mk2
material,#mc/mtl_wpn_t8_smg_capacity_bolt_base_alt_mk2
material,#mc/mtl_wpn_t8_ar_modular_upper_sig_03
material,#mc/mtl_wpn_t8_ar_modular_upper_sig_01
material,#hash_3b391c29be20d4d9
material,#hash_3b3deac2f5b1b394
material,#hash_3b3eb7f6eb40ad79
material,#mc/attach_t8_pistol_burst_laser_01
material,#mc/attach_t8_pistol_burst_laser_02
material,#mc/bullet_collision_carpet
material,#hash_3b44252e11ab1507
material,#mc/mtl_c_t8_mp_spe_nomad_heist_rings
material,#hash_bb59c2ff2f63e6f8
material,#mc/mtl_wpn_t8_lmg_titan_base
material,#hash_3b6369d4bce18894
material,#hash_3b636cd4bce18dad
material,#hash_3b63c212f6c5d93e
material,#mc/mtl_veh_t8_decal_panel_52
material,#mc/mtl_veh_t8_decal_panel_55
material,#mc/mtl_veh_t8_decal_panel_54
material,#mc/mtl_wpn_t8_loot_ar_peacekeeper_grip_base_mk2
material,#hash_3b6460e73471f9de
material,#hash_bb6635760a0416b9
material,#mc/mtl_veh_t8_decal_panel_24
material,#mc/mtl_wpn_t8_tac_rifle_surgeon_upper
material,#hash_3b6d64536a1325b6
material,#mc/mtl_veh_t8_decal_panel_03
material,#mc/mtl_veh_t8_decal_panel_07
material,#mc/mtl_veh_t8_decal_panel_08
material,#mc/mtl_veh_t8_decal_panel_17
material,#mc/mtl_p8_zm_zod_debris_wood_oak_dark_dmg
material,#hash_3b748859a4b6bbaf
material,#mc/mtl_attach_t8_ar_kn57_grip
material,#mc/mtl_wpn_t8_ar_heavy_grip_sig_02
material,#ei/gfx_debris_trash_multiple_lit
material,#hash_bb78d51ca2c7f6cd
material,#mc/mtl_veh_t8_drone_rcxd_flashlight_laser
material,#hash_bb86213a58c91094
material,#hash_3b8a63044598ce19
material,#hash_3b8dd92cbc14b4cd
material,#hash_3b97d0009fc040e9
material,#hash_3b980d14ff3abd1b
material,#hash_3b980e14ff3abece
material,#hash_bba0753a587b23db
material,#hash_3ba5392651791f5f
material,#mc/mtl_wpn_t8_smg_mp9_foregrip_base
material,#hash_3ba7a70846bf21c2
material,#mc/mtl_wpn_t8_crossbow_turnstyle_base
material,#hash_3bae2c65e5b5d368
material,#mc/mtl_p8_zm_esc_jumbled_electrical_wire_line_red
material,#hash_3bb291521d556ac8
material,#hash_3bb3a0c85f2fd3d5
material,#mc/mtl_attach_t8_smg_fastfire_fast_mag_alt
material,#hash_3bb93dc806802570
material,#hash_3bbb18632b440d60
material,#hash_3bbb1b632b441279
material,#hash_bbbc4ffd9ca9f10d
material,#mc/mtl_eqp_t8_grenade_emp_body
material,#hash_bbc3f4a7276df33a
material,#mc/mtl_wpn_t8_shotgun_pump_reciever_rail_base_alt1
material,#mc/mtl_wpn_t8_ar_accurate_mag_plastic
material,#mc/mtl_wpn_t8_shotgun_semi_mag_sig_02
material,#mc/mtl_wpn_t8_shotgun_semi_mag_sig_01
material,#mc/mtl_wpn_t8_loot_sniper_mini14_receiver_alt_mk2
material,#mc/mtl_p8_kit_col_row_03_railing_01_wood_white02
material,#hash_bbdc5c1a16279f33
material,#hash_bbe278c7f01f0d45
material,#mc/t8_decal_graphics_signage_usa_sub_hazard_warning_03
material,#mc/t8_decal_graphics_signage_usa_sub_hazard_warning_02
material,#mc/t8_decal_graphics_signage_usa_sub_hazard_warning_01
material,#mc/mtl_c_t8_zmb_male_arms1
material,#hash_bbe836832dd43595
material,#hash_bbe96295931dab22
material,#hash_3be9cafe32466b87
material,#ei/gfx_light_core_hot_em_i1024
material,#hash_bbf0be0d501e8181
material,#hash_3bf3cc4c4a3c5da5
material,#hash_3bf434ed46eb70e9
material,#mc/mtl_p8_zm_esc_fence_pole_02
material,#mc/mtl_attach_t8_tac_rifle_mid_burst_uber_tape
material,#mc/mtl_p7_medical_ceiling_console_decal
material,#hash_3bfd68682cd0b89f
material,#mc/t8_mov_zm_esc_decal_dirt_rubble_fine_01_blend_02
material,#hash_bc059c0ec4f693b6
material,#hash_3c0c5b21aab8ba84
material,#mc/mtl_p8_military_electronics_case_handle_locks_01
material,#mc/mtl_wpn_t8_ar_stealth_base_weapon_02_alt
material,#ei/gfx_water_splash_em
material,#hash_3c269d8ae07bdb95
material,#hash_bc27edde8b1c2aab
material,#hash_3c285e90fdc427fa
material,#ei/gfx_gib_concrete_02_lit
material,#hash_bc29ed6de34ebbd1
material,#mc/mtl_wpn_t8_loot_shotgun_fullauto_decals_sig
material,#hash_bc2fd3c935937f97
material,#ei/gfx_light_ray_cone_em
material,#mc/mtl_wpn_t8_ar_kn57_bullet_alt
material,#hash_bc34397c74590362
material,#hash_bc34407c74590f47
material,#hash_bc37ad7c745bfe55
material,#mc/mtl_wpn_t8_lmg_hades_weapon_part_1_sig_01
material,#mc/mtl_wpn_t8_lmg_hades_weapon_part_1_sig_02
material,#hash_3c441b03893be764
material,#hash_bc4aa4bdee4d9e72
material,#mc/t7_rope_nylon_02
material,#hash_3c5300a626533834
material,#hash_3c5519c8094c6588
material,#mc/mtl_p8_wz_foliage_bush_coyote_b_dry
material,#mc/mtl_wpn_t8_ar_modular_sights_sig_03
material,#mc/mtl_p8_zm_esc_power_station_panel_set_leak
material,#mc/mtl_p7_light_hanging_half_globe_glass
material,#mc/mtl_wpn_t8_smg_fastfire_grip_mk2
material,#mc/mtl_wpn_t8_sniper_powersemi_handguard_sig_02
material,#mc/mtl_wpn_t8_ar_heavy_bolt_base
material,#mc/mtl_attach_t8_loot_sniper_mini14_suppressor
material,#mc/mtl_wpn_t8_shotgun_pump_handguard_base_alt_mk2
material,#hash_3c65e6d52bd2013f
material,#hash_bc67fd11c62bb0f2
material,#hash_bc680b3778c7065b
material,#mc/mtl_wpn_t8_ar_galil_grip_base_alt
material,#hash_3c6ba1b268ba844d
material,#mc/mtl_attach_t8_ar_accurate_alpha_base
material,#hash_bc6c6a94f93f8ece
material,#hash_3c6f54aa7c795a4e
material,#mc/mtl_p8_wood_plank_generic_04
material,#mc/mtl_p8_wood_plank_generic_05
material,#mc/mtl_p8_wood_plank_generic_01
material,#mc/mtl_p8_wood_plank_generic_03
material,#mc/mtl_wpn_t8_loot_shotgun_fullauto_receiver_sig
material,#mc/t7_wes_decal_wood_rustic
material,#hash_3c770ac5a943cade
material,#mc/mtl_p8_zm_esc_cloth_pile_01_change
material,#mc/mtl_p7_mou_concrete_slab_small
material,#mc/mtl_p7_jun_foliage_bush_branches_01_dry
material,#ei/gfx_water_splash_side_bits_em
material,#hash_bc89a1ad815c209e
material,#mc/t8_metal_painted_sheet_tan_no_ridges
material,#mc/mtl_wpn_t8_loot_smg_minigun_barrel
material,#mc/mtl_wpn_t8_eqp_semtex_pastique
material,#mc/mtl_attach_t8_loot_lmg_mk48_suppressor
material,#hash_3c9a9d283de6a178
material,#hash_3c9aa0283de6a691
material,#mc/mtl_wpn_t8_ar_galil_stock_base_alt
material,#mc/t7_metal_trim_weld_01
material,#mc/mtl_p8_usa_submarine_interior_consoles_details_screen_off
material,#hash_bca26eac940ed16d
material,#hash_3ca35c91fa4bebac
material,#mc/mtl_wpn_t8_lmg_titan_rails
material,#mc/mtl_wpn_t8_smg_accurate_wisps_sig_03
material,#mc/mtl_wpn_t8_lmg_titan_sig_01_handle
material,#hash_3ca6c09e7895aa46
material,#hash_3ca6c29e7895adac
material,#hash_3ca6c39e7895af5f
material,#hash_3ca6c59e7895b2c5
material,#hash_bca7223fde77e595
material,#hash_bca90d96e25bf5f0
material,#hash_3caf9f4ec59d5770
material,#mc/mtl_wpn_t8_shotgun_semi_base_01_alt
material,#mc/mtl_wpn_t8_lmg_hades_snake_eyes
material,#hash_bcb4afa581f5456e
material,#hash_bcb549926d595f21
material,#mc/mtl_p7_zm_ctl_book_vintage_cover_01_burn_detail
material,#mc/mtl_p7_zm_asc_console_launch_key_button_red
material,#mc/t7_decal_grunge_concrete_stain_01
material,#hash_3cc78554d6dd62b2
material,#hash_3cc9ce26a8e81110
material,#hash_3ccc7c53443ae2f3
material,#mc/mtl_c_t8_mp_spe_prophet_body1_belt
material,#hash_3cd95075a6e0897e
material,#hash_3cdbd5c181c73072
material,#hash_3cde023b98793040
material,#mc/mtl_veh_t8_decal_blackburn
material,#hash_3ce3545ec3557513
material,#hash_3cedee5b1dd58d7e
material,#mc/mtl_p7_fir_wire_spool_wood_texture
material,#mc/t7_ban_metal_painted_scraped
material,#hash_bcfc1b75778e3156
material,#mc/mtl_p8_wz_supply_stash_tag
material,#hash_bd042d85d708fc57
material,#hash_3d0598712917fd35
material,#hash_bd0783a91f758646
material,#mc/mtl_attach_t8_ar_accurate_grip_sig_01
material,#mc/mtl_p7_cai_work_table_metal_03_white_bend
material,#hash_3d140caab49c28a2
material,#mc/mtl_veh_t8_mil_boat_tactical_raft_body_curve_02_b_blk
material,#mc/mtl_wpn_t8_ar_accurate_decals_sig_03
material,#mc/mtl_wpn_t8_smg_capacity_handguard_plastic_mk2
material,#hash_bd19e512bd005c9d
material,#hash_3d1a2da8b863b3c8
material,#hash_3d1cab91ae909ac3
material,#hash_3d2011e09fa7a7ea
material,#hash_bd2187cf82f4c812
material,#hash_3d267d5efb0381a0
material,#hash_bd2998a634b107c0
material,#hash_bd299aa634b10b26
material,#hash_bd299ba634b10cd9
material,#hash_bd299ca634b10e8c
material,#hash_bd299da634b1103f
material,#hash_bd29e67f73f3e021
material,#hash_bd2d372f9b7c7aeb
material,#mc/mtl_wpn_t8_sniper_koshka_trigger
material,#hash_bd3301f613c17f18
material,#hash_3d340892a8527664
material,#hash_bd34708a3cc78612
material,#hash_bd36a2327f3150d3
material,#mc/mtl_p7_zm_ori_coat_hanging_detal
material,#mc/mtl_wpn_t8_tac_rifle_surgeon_muzzle
material,#hash_3d43440aa55fcbea
material,#mc/mtl_wpn_t8_hero_war_machine_sight
material,#mc/t7_graphic_detail_square_target_01_flip_cyan
material,#hash_3d482d73c7b12547
material,#hash_3d482f73c7b128ad
material,#mc/mtl_c_t8_zmb_mob_zombie_body2_barbwire
material,#mc/mtl_wpn_t8_ar_accurate_grip_base
material,#mc/mtl_p7_zm_ctl_book_vintage_cover_01_a
material,#mc/mtl_wpn_t8_lmg_titan_iron_sights
material,#hash_bd51f1af4d30354e
material,#mc/t7_decal_damage_metal_rust_edge_01_warm
material,#hash_3d5798070758530b
material,#hash_3d579907075854be
material,#mc/mtl_p8_zm_esc_light_socket
material,#mc/mtl_wpn_t8_sniper_koshka_base_upper_sig_02
material,#mc/mtl_wpn_t8_ar_kn57_bolt
material,#mc/mtl_wpn_t8_loot_sniper_locus_bipod
material,#hash_3d5e165e2d3eb302
material,#mc/mtl_wpn_t8_smg_handling_grip_alt
material,#mc/mtl_attach_t8_shotgun_pump_handguard_alt
material,#hash_3d6b2b8c1b573a5e
material,#hash_3d6cf40dc20b69df
material,#mc/mtl_wpn_t8_gradient_glow_blue
material,#mc/mtl_t8_loot_wpn_smg_folding_carry_handle_mk2
material,#mc/mtl_wpn_t8_loot_ar_double_tap_sight_mk2
material,#mc/mtl_p7_eth_light_wall_03_metal1
material,#hash_bd75d37b7023ce74
material,#mc/mtl_p8_zm_zod_chair_victorian_mat
material,#wc/t7_metal_black_rusty
material,#hash_3d7ecf578ed76be7
material,#hash_3d7f04748be06d34
material,#hash_3d830f168120011d
material,#mc/mtl_wpn_t8_tac_rifle_swordfish_buckles
material,#mc/mtl_p7_conduit_rust_parts
material,#mc/t8_zm_esc_rubble_piles_junk_02
material,#hash_3d8e91dea648b948
material,#mc/mtl_veh_t8_mil_air_gunship_body_03_matte
material,#mc/nodraw_decal
material,#mc/mtl_wpn_t8_micro_fabric_paracord_01
material,#mc/mtl_wpn_t8_lmg_titan_sig_02_clamp_e
material,#hash_3d9ec3f958b098a6
material,#hash_3da0fdbf1baf949d
material,#hash_bda3128f960fc9e4
material,#mc/mtl_wpn_t8_gradient_glow_green
material,#hash_bdaed6c31accbdc0
material,#mc/t8_decal_grunge_puddle_01
material,#mc/mtl_p8_zm_esc_crate_wood_lrg_cloth01
material,#mc/mtl_p8_zm_esc_crate_wood_lrg_cloth03
material,#mc/mtl_p8_zm_esc_crate_wood_lrg_cloth02
material,#mc/mtl_p8_zm_esc_crate_wood_lrg_cloth04
material,#hash_3db6e69e3a4ddace
material,#hash_3db6e89e3a4dde34
material,#hash_3db6e99e3a4ddfe7
material,#hash_3db6eb9e3a4de34d
material,#mc/mtl_wpn_t8_sniper_vanguard_sig_02_scope_front_v2_alt
material,#mc/mtl_wpn_t8_loot_sniper_locus_mag_alpha
material,#mc/mtl_t8_wpn_smg_accurate_bolts_sig_01
material,#mc/mtl_t8_wpn_smg_accurate_bolts_sig_02
material,#hash_bdbf6a86e87d5363
material,#hash_3dc0073595ece47d
material,#hash_3dc81537dee9b411
material,#mc/mtl_p8_zm_zod_wall_box_electrical_set_base_metal_02
material,#hash_3dc982ab48c2bf4c
material,#hash_3dc985ab48c2c465
material,#mc/mtl_wpn_t8_shotgun_semi_decal02_sig_02
material,#mc/mtl_t8_wpn_pistol_auto_hical_extras_mk2
material,#mc/mtl_attach_t8_smg_fastfire_side_rail
material,#hash_bddb0e49874f1ffd
material,#mc/mtl_wpn_t8_loot_tac_rifle_damageburst_sights_alt
material,#hash_bde151abc5bafcdf
material,#mc/mtl_wpn_t8_lmg_hades_snake_head
material,#hash_bde6d7d89f7d239b
material,#mc/mtl_p7_cai_dumpster_small_decal_01
material,#hash_3dea740731ab2cd4
material,#mc/mtl_p8_box_electric_commercial_metal
material,#mc/mtl_p8_zm_esc_bed_infirmary_mattress_01_line
material,#hash_3df34d9c325a4648
material,#hash_3df36408fb9aa6c6
material,#hash_3df36508fb9aa879
material,#hash_3df36708fb9aabdf
material,#mc/mtl_p8_box_electric_commercial_decal_dirt
material,#hash_bdfad3c9f32313b0
material,#hash_bdfad4c9f3231563
material,#hash_bdfaddc9f32324ae
material,#hash_bdfe5bc9f326309f
material,#mc/t7_decal_damage_concrete_ground_01_wet
material,#mc/t7_metal_vent_02_dirty
material,#mc/mtl_attach_t8_ar_galil_bolt
material,#mc/mtl_p7_slu_bag_cement_decal
material,#hash_be0f3cc7777ec1ca
material,#hash_3e1405c9c6617240
material,#mc/t8_decal_tech_detail_low_tech_06_normal
material,#mc/mtl_wpn_t8_sig_bow_arrow
material,#mc/mtl_p7_picture_frame_backing
material,#hash_3e25cc0a96525953
material,#hash_3e27943f098e537b
material,#mc/mtl_wpn_t8_ar_modular_02_accessories_sig_01
material,#mc/t7_plaster_rough_worn_01
material,#hash_3e2eb9dd4b482a26
material,#mc/t7_decal_signage_caution_stripes_yellow
material,#hash_3e33e30a9bf0da35
material,#hash_3e34da89e32f9a6f
material,#hash_3e399ed6c6585d7b
material,#mc/mtl_p7_zm_mob_crate_wood_lrg_nail
material,#mc/mtl_p7_slu_bag_cement_pallet_01
material,#mc/mtl_p7_slu_bag_cement_pallet_02
material,#mc/mtl_p7_slu_bag_cement_pallet_03
material,#mc/mtl_wpn_t8_lmg_titan_sig_01_iron_sights_front_alt
material,#mc/mtl_wpn_t8_eqp_tripwire_slingshot_decals_pigeon
material,#hash_3e3e2d07c84f6ed6
material,#mc/mtl_wpn_t8_sniper_power_semi_scope_mount_alt
material,#hash_3e44eeff59919754
material,#hash_3e44f903c1ccf215
material,#mc/mtl_wpn_t8_zm_towers_scorpion_handle_splitfront_chain_01
material,#mc/mtl_wpn_t8_zm_towers_scorpion_handle_splitfront_chain_03
material,#mc/mtl_wpn_t8_zm_towers_scorpion_handle_splitfront_chain_02
material,#mc/mtl_wpn_t8_zm_towers_scorpion_handle_splitfront_chain_04
material,#mc/mtl_t8_wz_wpn_smg_accurate_mag
material,#hash_3e47754301238d1d
material,#hash_3e4b7929823b0f6e
material,#mc/mtl_p7_medical_gauze_roll_plastic
material,#mc/mtl_attach_t8_loot_smg_vmp_barrel_01
material,#mc/mtl_wpn_t8_loot_ar_an94_handguard_base_alt
material,#hash_3e549cdcd0924036
material,#hash_be55a0d4f215d7a9
material,#hash_be55fd96a8f3dd2c
material,#ei/gfx_gib_metal_02_em
material,#mc/mtl_p7_zur_barracks_grate
material,#hash_3e5db9e5e97d2694
material,#hash_3e5dbce5e97d2bad
material,#mc/t8_metal_corrugated_rust
material,#hash_3e698228101b7b84
material,#mc/mtl_wpn_t8_smg_capacity_handguard_base_mk2
material,#hash_3e6e8fe536f760c0
material,#hash_be708abbf9006830
material,#hash_3e717794a758f9f4
material,#mc/mtl_p7_zm_asc_light_cage_warning_glass
material,#hash_3e8b51fa8af66ee6
material,#mc/mtl_veh_t8_mil_boat_tactical_raft_body_curve_01_gry
material,#hash_be94b1ae44f8b673
material,#hash_be94b2ae44f8b826
material,#hash_be97be79a551286d
material,#mc/mtl_attach_t8_loot_shotgun_fullauto_drummag_lid_alt
material,#hash_3e9f116340842a3e
material,#mc/mtl_veh_t8_mil_boat_tactical_raft_body_cone_b
material,#hash_3ea28f821a725289
material,#mc/mtl_veh_t8_decal_sign_caution_01
material,#mc/mtl_p7_monitor_arm_stand
material,#mc/mtl_wpn_t8_loot_sniper_locus_metal_alt
material,#mc/t7_ven_metal_panels_painted
material,#mc/mtl_p8_col_storage_chem_lab_wood_decal_02
material,#hash_bebcd1089d66c3dd
material,#hash_3ebe088363531da4
material,#hash_3ebe13f757011550
material,#hash_bebf56fdda3aa530
material,#hash_bec1b019822e2e70
material,#hash_3ecb52c0383d66a8
material,#mc/mtl_p8_zm_esc_crane_decal_rust
material,#mc/mtl_p8_zm_esc_flood_light_bulb
material,#mc/mtl_p8_crane_suspended_01_stainless_01
material,#mc/mtl_p8_crane_suspended_01_stainless_02
material,#hash_3edd2cd144eb6a05
material,#hash_3ede4c376e71aab8
material,#mc/mtl_wpn_t8_launcher_standard_top_metal
material,#mc/t7_rubber_roof_granular_dark
material,#hash_3ee52eb522d81379
material,#hash_3eea0a17e87ef56f
material,#mc/mtl_attach_t8_ar_kn57_bolt_alt
material,#hash_3ef3f5c10179deab
material,#hash_3ef41e163709adea
material,#mc/mtl_wpn_t8_loot_sniper_locus_metal
material,#mc/mtl_eqp_t8_grenade_frag_top
material,#hash_befa89f8c786cf80
material,#mc/mtl_wpn_t8_smg_capacity_sig_02_mag
material,#hash_3f03d5c85eee355c
material,#hash_bf05c9ce588d35a2
material,#hash_bf0ca097e7d58978
material,#mc/mtl_p7_fir_bench_wood_decal
material,#hash_bf15ebad6704fe4a
material,#hash_3f176971be5dbc6f
material,#hash_bf1d5f150d79f4de
material,#hash_bf1d60150d79f691
material,#hash_bf1d61150d79f844
material,#hash_bf1d62150d79f9f7
material,#hash_3f1fb36ad9bde36b
material,#hash_3f1fb46ad9bde51e
material,#hash_bf202f2510978b7b
material,#mc/t8_decal_tech_detail_low_tech_09
material,#hash_3f28ccf4748e9cd4
material,#mc/t8_decal_tech_detail_low_tech_23
material,#mc/mtl_p7_cleaning_paper_dirty
material,#mc/mtl_wpn_t8_loot_lmg_mk48_frontsight_mk2
material,#hash_bf47c971adc70a1b
material,#mc/mtl_wpn_t8_loot_sniper_locus_scope
material,#mc/mtl_wpn_t8_lmg_hades_stock_chrome
material,#mc/mtl_wpn_t8_loot_ar_peacekeeper_base_mk2
material,#mc/mtl_p7_zm_tra_stove_kitchen_black
material,#mc/mtl_wpn_t8_tac_rifle_swordfish_forend_mk2
material,#hash_3f525d30b4b58278
material,#mc/mtl_wpn_t8_eqp_sensor_dart_gun_bolts
material,#hash_bf5448865eb5fe8b
material,#mc/mtl_wpn_t8_camo_geo_gem_diamond_frame
material,#mc/mtl_attach_t8_loot_ar_peacekeeper_coupler
material,#hash_bf5c27759beee264
material,#hash_bf5ec1abb3503a0b
material,#hash_bf5ec6abb350428a
material,#hash_bf5ec7abb350443d
material,#hash_3f66929eb7744b4d
material,#hash_bf66b828a9cdf43c
material,#hash_bf71f000075e53a6
material,#mc/mtl_wpn_t8_shotgun_semi_screws01_sig_01
material,#mc/mtl_wpn_t8_shotgun_semi_screws01_sig_02
material,#hash_bf795fe96bc7c8b8
material,#hash_3f7a110d7bd1975b
material,#hash_bf7a2bca80b2e2a2
material,#hash_bf8d7db3b75863d2
material,#hash_3f8dcf3d7b7c4eef
material,#mc/mtl_attach_t8_pistol_revolver_hical_alt_mk2
material,#hash_3f9236e66fa5fb57
material,#hash_3f9237e66fa5fd0a
material,#mc/mtl_p7_soc_rack_clothing_metal
material,#hash_3f945ca368da184a
material,#mc/mtl_p8_zm_esc_power_house_door_metal_rolling_baseslat
material,#hash_3f9ab04d46acdd8e
material,#hash_3f9ca30950a22cc7
material,#hash_3f9f5a6f14fdcab3
material,#hash_bfadfe24391043c6
material,#mc/mtl_fx_shell_alpha
material,#mc/mtl_p8_zm_esc_security_console_plastic
material,#hash_3fb50972baca9c8f
material,#mc/mtl_p8_vent_roof_01_dmg_01_metal
material,#hash_bfb5621d0c5b6d09
material,#mc/mtl_p8_zm_esc_door_frame_security_dirt
material,#mc/mtl_p7_medical_rolling_iv_drip_stand_dirty
material,#hash_3fb8529dc85dc82a
material,#hash_3fbb4121857eb6ab
material,#hash_3fbbb900cf361d2e
material,#hash_3fbc172be6ee74ec
material,#mc/mtl_attach_t8_pistol_revolver_scope
material,#hash_bfc43a57c780bf31
material,#mc/mtl_wpn_t8_zm_eqp_acid_bomb_interior
material,#mc/mtl_veh_t7_decal_bolt_03_tint_dark
material,#mc/mtl_wpn_t8_loot_ar_double_tap_mag
material,#mc/t8_decal_tech_detail_line_trim_13_normal
material,#hash_3fd244c625cfca99
material,#hash_bfd2bf347077ca99
material,#mc/mtl_attach_t8_ar_heavy_barrel
material,#hash_3fd68132e8039fc5
material,#ei/gfx_dust_spike_sm_anim_lit
material,#hash_3fdb5f404f13380b
material,#mc/mtl_p8_kit_spa_spanish_roof_tile_orange
material,#mc/mtl_p8_crane_suspended_01_tightwire_01
material,#ei/gfx_smk_billow_whisp_anim_em
material,#ei/gfx_dust_swirl_md_anim_lit
material,#mc/mtl_wpn_t8_loot_ar_peacekeeper_barrel_base_mk2
material,#mc/mtl_wpn_t8_lmg_heavy_frontsight_sig_02
material,#mc/mtl_p7_foliage_flower_bougainvillea_leaves
material,#mc/mtl_p8_zm_zod_debris_wood_oak_dark
material,#hash_3fec2857322fe6b6
material,#hash_bfedfb113b50c2b5
material,#hash_bfeffb4941ceb158
material,#mc/mtl_wpn_t8_eqp_turret_mini_case_panel_interior
material,#mc/mtl_c_t8_zmb_mob_zombie_body2_shoes
material,#hash_3ff8bd498c2cf259
material,#ei/gfx_water_stream_anim_lit
material,#mc/mtl_attach_t8_ar_galil_ext_mag_alt
material,#mc/mtl_p7_mou_wirebundle_plastic_tiling
material,#mc/mtl_p8_gutter_01_brackets
material,#mc/mtl_attach_t8_loot_lmg_mk48_mag_top_01
material,#hash_4016390192fcd243
material,#mc/mtl_wpn_t8_smg_handling_sights_mk2
material,#mc/mtl_p7_faucet_kitchen_stainless_modern_01_clean
material,#hash_401a48ef60865b76
material,#mc/mtl_attach_wpn_t8_ar_accurate_grip_sig_03
material,#mc/mtl_p7_zm_ctl_clock_wall_vintage_01
material,#mc/mtl_attach_t8_ar_accurate_sure_grip
material,#mc/mtl_attach_t8_optic_float_dot_body
material,#mc/t8_rock_cliff_02
material,#hash_40491125a63857df
material,#ei/gfx_smk_billow_whisp_anim_distort
material,#mc/mtl_wpn_t8_shotgun_semi_barrel
material,#mc/mtl_veh_t8_drone_rcxd_explosive_light
material,#mc/t7_decal_line_horizontal_black_thin
material,#hash_c06269d318032970
material,#hash_c063359df379fa0e
material,#mc/t7_decal_damage_plywood_edge
material,#mc/mtl_wpn_t8_lmg_titan_upper_alt
material,#hash_c06ebd8579562a1c
material,#mc/t7_wes_wood_cedar_worn
material,#mc/mtl_wpn_t8_loot_ar_double_tap_bullet
material,#mc/mtl_veh_t8_decal_caution_10
material,#hash_407a5321fc0f8bf1
material,#mc/mtl_veh_t8_decal_caution_09
material,#hash_408051ea8b40b1a9
material,#hash_408c4c79c2fdbeec
material,#hash_408d0cadcba9ac67
material,#mc/t7_decal_trim_seam_clean
material,#mc/mtl_attach_t8_loot_tac_rifle_damageburst_bolt
material,#mc/mtl_p8_zm_esc_power_house_door_frame_03
material,#mc/mtl_p8_zm_esc_power_house_door_frame_02
material,#hash_40a2432d6da3325e
material,#hash_c0a947cadd403e9b
material,#mc/mtl_p8_zm_zod_mail_bag_set_fabric
material,#hash_c0b320bf1f3961b6
material,#mc/mtl_p7_zm_tra_tv_vintage_metal
material,#mc/mtl_p7_zm_kin_bed_antique_weld
material,#hash_40b61b7c4082923c
material,#mc/mtl_wpn_t8_eqp_turret_mini_body
material,#hash_40b844d37159a6ca
material,#hash_c0b9feaa92dc35b9
material,#mc/mtl_wpn_t8_ar_kn57_grip_mk2
material,#hash_40c2d22d05898093
material,#hash_40c2d32d05898246
material,#hash_40c421d24155aacc
material,#mc/mtl_wpn_t8_ar_modular_stock_sig_01
material,#mc/mtl_wpn_t8_ar_modular_stock_sig_03
material,#hash_c0c7c62f204cbb20
material,#hash_c0cc188225fbbca1
material,#hash_40cc400d08a814a9
material,#hash_40cc420d08a8180f
material,#mc/mtl_attach_t8_smg_fastfire_ext_mag_alt
material,#mc/mtl_p7_chalkboard_vintage_chalkboard
material,#mc/mtl_p8_wz_ammo_pickup_45acp_decal_01
material,#mc/mtl_p8_wz_ammo_pickup_45acp_decal_02
material,#mc/mtl_p7_zm_asc_light_fluorescent_glass
material,#hash_c0e5b267a102bfb6
material,#mc/mtl_p8_zm_esc_box_electric_pipeline
material,#hash_c0eff243c769e3b2
material,#mc/mtl_attach_t8_loot_tr_flechette_bolt
material,#mc/mtl_wpn_t8_loot_sniper_mini14_scope_base_stand
material,#mc/mtl_wpn_t8_sniper_vanguard_sig_02_belt
material,#mc/t8_decal_graphics_signage_usa_notice_wash_hands_01
material,#mc/mtl_p8_zm_esc_cell_bed_decal_01
material,#mc/mtl_p8_zm_esc_cell_bed_decal_02
material,#mc/mtl_p8_zm_esc_cell_bed_decal_03
material,#mc/mtl_p8_zm_esc_cell_bed_decal_04
material,#mc/mtl_p8_zm_esc_cell_bed_decal_05
material,#mc/mtl_p8_zm_esc_cell_bed_decal_07
material,#wc/t7_concrete_floor_sealed_01
material,#hash_c104741dd0a50384
material,#hash_c105ae6f4c0bb51c
material,#hash_4105bb508d450673
material,#mc/mtl_p7_rug_cloth_persian_64x128_03
material,#mc/mtl_wpn_t8_ar_accurate_sig_02_grip
material,#hash_41088ee5cb38cb86
material,#hash_41088fe5cb38cd39
material,#hash_410890e5cb38ceec
material,#hash_c109e60ec913d419
material,#hash_410a50e90c7ad1ca
material,#mc/mtl_wpn_t8_zm_towers_scorpion_body_plate_back
material,#hash_410d543ddfccab0b
material,#hash_c10fe6d97d3d2687
material,#hash_41124d27960724a9
material,#hash_41129f3174000d94
material,#mc/mtl_attach_t8_smg_fastfire_barrel_alt
material,#hash_4115cbd0f627ef55
material,#mc/mtl_wpn_t8_shotgun_semi_sights_sig_01
material,#mc/mtl_wpn_t8_shotgun_semi_sights_sig_02
material,#mc/mtl_p7_zm_asc_machinery_industrial_metal
material,#hash_411dbdf4e1e80c50
material,#hash_411dbef4e1e80e03
material,#hash_411dc0f4e1e81169
material,#mc/mtl_wpn_t8_zm_blundergat_barrel
material,#mc/mtl_attach_t8_pistol_standard_barrel_rear
material,#hash_4133db980052b866
material,#hash_c134dd6cf9d2edc3
material,#mc/mtl_attach_t8_loot_tr_flechette_ext_mag_alt
material,#mc/mtl_attach_t8_loot_sniper_locus_stock_01
material,#mc/mtl_attach_t8_loot_sniper_locus_stock_02
material,#mc/mtl_p8_zm_esc_table_wood_lrg_nail_b
material,#mc/mtl_veh_t8_drone_rcxd_explosive
material,#mc/mtl_attach_t8_optic_elo_reticle
material,#hash_414cedd1e252f648
material,#hash_414ceed1e252f7fb
material,#hash_414cefd1e252f9ae
material,#hash_414cf0d1e252fb61
material,#hash_414cf1d1e252fd14
material,#hash_414cf2d1e252fec7
material,#hash_414cf3d1e253007a
material,#mc/t8_decal_signage_carrier_danger
material,#hash_c1533b48fac78314
material,#vd/gfx_decal_bullet_wood_01
material,#vd/gfx_decal_bullet_wood_03
material,#vd/gfx_decal_bullet_wood_02
material,#hash_c15cb05e4cf3174a
material,#hash_c1601c5e4cf604a5
material,#mc/mtl_t8_wpn_pistol_auto_fmj_mk2
material,#hash_416a8cac75e45739
material,#hash_416b118385b58d18
material,#hash_416d9f1dc8de430e
material,#mc/mtl_p7_leafs_dry_single
material,#hash_41885d944fd7288f
material,#mc/mtl_p7_fir_ball_sports_basketball
material,#hash_418d48699c6b1743
material,#hash_418d49699c6b18f6
material,#hash_418d4a699c6b1aa9
material,#hash_418d4b699c6b1c5c
material,#hash_418d4d699c6b1fc2
material,#hash_418d4e699c6b2175
material,#hash_c193472157b031f7
material,#mc/mtl_wpn_t8_eqp_datapad_rubber
material,#hash_4195769dacc9d0bf
material,#hash_4195ce70d8ed2676
material,#mc/mtl_p8_foliage_grass_long_skinny_page_02_dry
material,#hash_419d19b33dd6b8cd
material,#hash_41a31f95b48ecc41
material,#hash_41aed8c86f418c32
material,#hash_41aed9c86f418de5
material,#hash_41b1f95f6594507f
material,#hash_41b1fa5f65945232
material,#hash_41b385db472e32f1
material,#mc/bullet_collision_asphalt
material,#hash_41b7592d5cb37e0f
material,#mc/mtl_wpn_t8_smg_fastfire_barrel_mk2
material,#hash_c1bb2762db578313
material,#hash_c1bb2862db5784c6
material,#mc/mtl_attach_t8_loot_tac_rifle_damageburst_foregrip
material,#mc/mtl_attach_t8_optic_mms_back_button
material,#hash_41c1d8b5653c424f
material,#hash_c1c33d03c9981ff7
material,#hash_41c8a5448025bc2e
material,#mc/mtl_wpn_t7_paint_left
material,#hash_41cd909e7959d692
material,#hash_c1d0c9f93e3d6837
material,#mc/mtl_fx_bullet_chain_alpha
material,#mc/mtl_eqp_t8_grenade_frag_body
material,#mc/mtl_wpn_t8_loot_pistol_auto_rapid_fire_sig
material,#hash_41da2eaf0041dacd
material,#mc/mtl_wpn_t8_loot_sniper_mini14_scope_screws
material,#hash_41e20bba908570c4
material,#mc/mtl_wpn_t8_smg_capacity_grip_base
material,#hash_c1e52d5fefa74841
material,#mc/mtl_wpn_t8_tac_rifle_swordfish_upper
material,#hash_41e7cf61bf53d330
material,#hash_41eb1015c0e952c4
material,#mc/mtl_wpn_t8_lmg_hades_mag_release
material,#hash_41ee82dec58a14f5
material,#hash_41eef91a9b7be456
material,#hash_c1ef0cc0319a6ffd
material,#mc/mtl_p8_zm_esc_fence_wood_set_wood01
material,#hash_41f21d7aac68ac44
material,#mc/mtl_attach_t8_sniper_vanguard_barrel_01
material,#mc/mtl_attach_t8_sniper_vanguard_barrel_02
material,#hash_41f605134d2a83b9
material,#mc/mtl_wpn_t8_lmg_hades_mag_base
material,#hash_c1fd053fa3978e5f
material,#hash_c1fd063fa3979012
material,#mc/mtl_wpn_t8_lmg_titan_clamp_alt
material,#hash_420004eed868ca0e
material,#mc/mtl_attach_t8_pistol_revolver_uber
material,#hash_42038813eab8b0ca
material,#hash_c203ec5e45aa2267
material,#mc/mtl_p7_mou_pallet_wood_wood
material,#mc/mtl_c_zom_der_zombie_head1u
material,#mc/mtl_wpn_t8_smg_capacity_receiver_rear_base
material,#hash_42105d482799e618
material,#mc/mtl_wpn_t8_sniper_vanguard_sig_02_bolt_v2
material,#mc/mtl_wpn_t8_lmg_heavy_misc_sig_02
material,#mc/mtl_wpn_t8_sniper_vanguard_sig_01_bolt_v2
material,#hash_c22328c4e9039447
material,#hash_422f07147b1d08d2
material,#hash_42306761472abe6d
material,#mc/t8_decal_blood_drip_floor_directional_02
material,#hash_423931cecf3a9f2c
material,#mc/mtl_veh_t8_decal_hole_01
material,#mc/mtl_eqp_t8_grenade_emp_tab
material,#hash_c24218a877879e7c
material,#hash_c2424d3e5375e5ff
material,#mc/mtl_eqp_t8_grenade_emp_top
material,#mc/mtl_p8_col_conveyor_unit_metal
material,#mc/mtl_wpn_t8_lmg_titan_decals
material,#hash_c24a38f540897261
material,#hash_c24ca4a5edbb86ed
material,#hash_424e862f8dc89865
material,#hash_42504e2539f70fa5
material,#mc/mtl_wpn_t8_smg_mp9_bolt_sig
material,#mc/mtl_p7_lamp_floor_01_backlit
material,#mc/mtl_p7_foliage_weeds_dead
material,#mc/t8_decal_tech_detail_line_trim_02_metal
material,#hash_c2644bc57551b27e
material,#mc/mtl_wpn_t8_smg_capacity_mag_base_mk2
material,#hash_4272746d0c75142f
material,#mc/mtl_veh_t8_decal_panel_line_01
material,#mc/mtl_attach_t8_optic_acog_rail_mount
material,#hash_c279e30ca66fcee3
material,#mc/mtl_p8_wz_foliage_leymus_grass_01_c_dry
material,#mc/mtl_p7_zm_tra_stove_kitchen_screw
material,#mc/mtl_attach_t8_sniper_vanguard_handguard_01_alt
material,#mc/mtl_p7_foliage_plant_aloe_dwala
material,#hash_428b85963afafbf6
material,#mc/mtl_p8_spray_paint_can_camo_decal_02
material,#mc/mtl_p8_spray_paint_can_camo_decal_01
material,#hash_428d091db373c9ad
material,#mc/mtl_wpn_t8_smg_handling_barrel_mk2
material,#hash_428dee53ad43272c
material,#hash_c29009f8546b7827
material,#hash_c291bcf558631776
material,#mc/mtl_p7_fir_light_industrial_nail
material,#mc/mtl_p7_zm_ctl_typewriter_vintage
material,#hash_c2993807572ab06e
material,#mc/mtl_p8_backpack_military_part
material,#mc/mtl_attach_t8_pistol_standard_ext_mag
material,#hash_429cb407572db8f9
material,#hash_c29dd78e43232be5
material,#mc/mtl_wpn_t8_ar_stealth_stock
material,#hash_42a40666165bb890
material,#hash_42a79edfaf790195
material,#hash_42ab0cc941b38dea
material,#mc/t8_decal_damage_dent_metal_thin_01
material,#hash_c2ac592c5fadc2d4
material,#mc/mtl_wpn_t8_ar_accurate_fire_sig_03
material,#hash_42b842a83a0b3b32
material,#mc/mtl_p7_zm_ctl_gondola_machine_metal_3
material,#hash_42bd022a595297b4
material,#hash_c2c293a398cf75f2
material,#mc/mtl_p8_zm_esc_crane_wood_decal_dmg
material,#mc/mtl_wpn_t8_ar_accurate_stock_base
material,#mc/mtl_p7_slu_chair_sofa_dmg_cloth04
material,#mc/mtl_p7_slu_chair_sofa_dmg_cloth02
material,#mc/mtl_p7_slu_chair_sofa_dmg_cloth03
material,#mc/mtl_p7_slu_chair_sofa_dmg_cloth01
material,#hash_42cf85272bab6b1e
material,#mc/mtl_wpn_t7_zmb_perk_bottle_glass
material,#hash_42d5f3ff7c617365
material,#hash_42d6a72df2e6fccd
material,#hash_42d8d98b7687cffc
material,#mc/mtl_wpn_t8_loot_ar_double_tap_body_alt_mk2
material,#hash_42df116adeaee19d
material,#hash_c2df8dc1e8631d2d
material,#mc/mtl_wpn_t8_wz_ar_accurate_mag_base
material,#hash_42e4167fa6881159
material,#vd/t7_decal_grunge_burnt_stain_02
material,#vd/t7_decal_grunge_burnt_stain_01
material,#mc/mtl_p8_wz_ep_fishing_pole_foam
material,#hash_c2f8bc2b24b3be03
material,#hash_42fc0b0710243316
material,#mc/mtl_attach_t8_ar_stealth_silencer_long
material,#hash_42fddbe4a960b322
material,#mc/mtl_wpn_t8_ar_heavy_rails_base
material,#hash_43019e1872e8141b
material,#mc/mtl_wpn_t8_loot_sniper_mini14_scope_front
material,#hash_c306a30dfe6aa272
material,#hash_c3072f35136bff09
material,#hash_4307e7d51551d009
material,#hash_430e2ab38af08ec6
material,#ei/gfx_elec_arc_shock_em_i512
material,#mc/t8_wood_sugi_01_planks
material,#hash_43159c7df787c74d
material,#hash_431721e61bcca5be
material,#mc/mtl_attach_t8_optic_holo_reticle
material,#hash_c3270800491d8411
material,#mc/mtl_wpn_t8_eqp_turret_mini_gun_barrels
material,#hash_c328bfb3b352d64a
material,#mc/mtl_wpn_t8_eqp_tripwire_slingshot_bands
material,#mc/t7_wood_lath_plaster_01
material,#mc/mtl_attach_t8_lmg_titan_bolts
material,#hash_c33355944b3496e3
material,#mc/mtl_wz_t8_mp_spe_buffer_body1_syringe_pouch
material,#hash_c337dadd2f330d32
material,#hash_c33f77bf23296a1b
material,#hash_4344f5e1a122fc4a
material,#mc/mtl_wpn_t8_launcher_standard_stock_alt
material,#mc/mtl_veh_t8_mil_boat_tactical_raft_details_metal_dead
material,#mc/mtl_p8_afr_bicycle_decal_screw
material,#mc/mtl_attach_t8_loot_tr_flechette_quickdraw_alt
material,#mc/mtl_wpn_t8_loot_tac_rifle_damageburst_handguard_alt
material,#ei/gfx_water_splash_spec
material,#mc/mtl_wpn_t8_loot_shotgun_fullauto_rings_alt_mk2
material,#hash_4363d2cf2a88dc2b
material,#hash_c3697746bc7f56ff
material,#mc/mtl_wpn_t8_sniper_vanguard_decals
material,#mc/mtl_t8_wpn_smg_accurate_bullets
material,#hash_436c6e33b324c9f4
material,#mc/mtl_wpn_t8_loot_pistol_auto_ticket_sig_static
material,#mc/mtl_wpn_t8_loot_smg_burst_sights
material,#mc/mtl_wpn_t8_ar_heavy_decal_navy
material,#mc/t7_wood_beam_worn_oak_splintered
material,#hash_43715b787b06d7cb
material,#mc/mtl_p8_vent_roof_01_decal_14_01
material,#mc/mtl_wpn_t8_gradient_glow_org
material,#mc/mtl_wpn_t8_ar_modular_bolt_sig_01
material,#mc/mtl_wpn_t8_ar_modular_bolt_sig_03
material,#mc/mtl_p8_office_papers_manilla_folder_beige
material,#mc/mtl_c_t8_zmb_mob_brutus_pads_igc
material,#mc/mtl_t8_attach_optic_reflex_lock
material,#hash_c38a641eb6d8fa00
material,#mc/mtl_wpn_t8_tac_rifle_surgeon_stock_alt
material,#mc/t7_decal_damage_plaster_tile_01
material,#hash_c39f71a28db2062f
material,#mc/t7_wood_wall_panel_04_oak_flat
material,#mc/t8_concrete_painted_stains_01_grey_lt
material,#hash_c3aba577d48e8870
material,#mc/mtl_wpn_t8_sniper_vanguard_sig_02_stock_back
material,#hash_43c254aa14839e1e
material,#mc/t7_concrete_floor_broken_02_blend
material,#hash_c3c6365b3f69d81d
material,#mc/mtl_p7_slu_plank_wood_set_decal
material,#mc/mtl_wpn_t8_loot_lmg_mk48_rail
material,#ei/gfx_shockwave_elec_anim_em_i2048
material,#hash_43cbf5f01630d8a2
material,#mc/mtl_wpn_t8_loot_lmg_mk48_sight_alt_mk2
material,#hash_c3d17928ac4293b3
material,#hash_43d3efe019af75fb
material,#mc/t7_brick_worn_dirty_tan
material,#hash_c3d7e1df46bfcbb3
material,#mc/mtl_p7_cai_mobile_shops_civ_01_metal_08
material,#mc/mtl_p7_cai_mobile_shops_civ_01_metal_09
material,#mc/mtl_wpn_t8_ar_accurate_sig_02_stock
material,#hash_43df9cb82ab2b2cd
material,#mc/mtl_p7_fir_wire_spool_wood_roll
material,#mc/mtl_p7_cai_mobile_shops_civ_01_metal_15
material,#mc/mtl_p7_cai_mobile_shops_civ_01_metal_13
material,#mc/mtl_p7_zm_ctl_tool_fireplace_plastic
material,#hash_43e4713b725f8b35
material,#hash_43e50280cbf14431
material,#mc/mtl_wpn_t8_ar_stealth_screws
material,#mc/mtl_wpn_t7_shotty_tc12_barrel
material,#mc/mtl_p8_ice_kit_gutters_01
material,#hash_c3ec790ea1159bc5
material,#hash_43ec7a7cfbbf8acb
material,#mc/t7_cloth_canvas_01
material,#mc/t7_decal_metal_vent_01
material,#mc/mtl_wpn_t8_eqp_turret_mini_case_panel_01_interior
material,#mc/mtl_p8_zm_esc_chemistry_kit_water
material,#mc/mtl_attach_t8_loot_sniper_semiauto_grip
material,#hash_c3fa2885ab1de69d
material,#hash_c3fd8b1a13b347b6
material,#hash_4400cd15f80a9f4c
material,#mc/mtl_t8_wpn_pistol_auto_body
material,#mc/mtl_attach_t8_smg_capacity_ext_mag_01_transparent
material,#hash_c40ba72f639be990
material,#mc/mtl_wpn_t8_zm_spork
material,#mc/mtl_wpn_t8_loot_shotgun_fullauto_bolt_mk2
material,#mc/t8_wood_painted
material,#mc/mtl_wpn_t8_smg_capacity_decals_sights
material,#mc/t8_micro_foam_eggshell_01
material,#hash_441ec7c198d67f53
material,#hash_441ecac198d6846c
material,#hash_441eccc198d687d2
material,#hash_441ecdc198d68985
material,#hash_44293036dda486c0
material,#hash_442adc5229cef451
material,#mc/mtl_p8_zm_esc_book_04_cover
material,#mc/mtl_wpn_t8_loot_melee_coinbag_cloth_alt
material,#mc/mtl_wpn_t8_smg_mp9_stock_alt
material,#hash_444005e730c5b661
material,#hash_4442747f92cfc214
material,#mc/mtl_attach_t8_smg_capacity_ext_mag_01_uber
material,#hash_4443180a768b462e
material,#mc/mtl_t8_loot_wpn_smg_folding_shroud_mk2
material,#mc/mtl_attach_t8_lmg_titan_stock_alt
material,#hash_444b085c3d0186bf
material,#hash_44501f2f55a2882e
material,#mc/mtl_wpn_t8_smg_capacity_grip_bolts_base
material,#mc/mtl_p8_zm_esc_chemistry_kit_dirt
material,#hash_4458375f16e2d6df
material,#hash_4459c2d4c2ed4a1e
material,#mc/mtl_p8_stairs_stone_set_05
material,#mc/mtl_p8_stairs_stone_set_04
material,#mc/mtl_p8_stairs_stone_set_03
material,#mc/mtl_p8_stairs_stone_set_02
material,#mc/mtl_p8_stairs_stone_set_01
material,#mc/mtl_p7_box_cardboard
material,#mc/mtl_wpn_t8_sniper_vanguard_sig_01_stock
material,#mc/mtl_wpn_t8_ar_kn57_grip_alt_mk2
material,#mc/mtl_wpn_t8_sig_flamethrower_middle_base
material,#mc/mtl_p8_wep_cargo_container_military_main
material,#mc/mtl_p8_zm_esc_box_electric_screw
material,#hash_c46a503c43c4c02d
material,#mc/mtl_p8_col_generator_garage_set_decal_metal
material,#hash_c46e91619073a014
material,#mc/mtl_p7_curtain_hanging_36x72_break
material,#hash_44730a05a1634f30
material,#hash_44748667e1e768fe
material,#mc/mtl_c_t8_mp_spe_prophet_body1_leg_strap
material,#mc/mtl_wpn_t8_loot_sniper_locus_stock
material,#hash_447a61b8c1a7f1b1
material,#hash_c47ddeeb576c2f2c
material,#hash_c47de1eb576c3445
material,#mc/mtl_wpn_t8_sniper_vanguard_bolt_v2
material,#mc/mtl_attach_t8_tac_rifle_surgeon_hical_02_alt
material,#hash_448707705db6a030
material,#mc/mtl_wpn_t8_lmg_titan_sig_01_stock_alt
material,#mc/mtl_veh_t8_drone_rcxd_body_upper_metal
material,#hash_c49639b5e4ad8cdb
material,#hash_c4996b54603cd075
material,#hash_c49988746d50d363
material,#hash_c49a6ac9f8f0d064
material,#mc/mtl_p8_light_bulb_filament
material,#ei/gfx_smk_tendril_1_high_dark_lit
material,#mc/mtl_p7_zm_mob_crate_wood_lrg_metal
material,#hash_44a778f942c9cf15
material,#mc/mtl_p7_zm_ctl_book_vintage_cover_01
material,#mc/mtl_p7_gate_metal_scissor_01_metal
material,#hash_44a9848b4fc7fe99
material,#hash_c4b1790ba95c9a0d
material,#mc/mtl_p7_rebar_cap_01_rusty
material,#hash_c4b754b117def6b9
material,#hash_44b7c2c37597aaca
material,#mc/mtl_p7_cash_register_vintage_glass
material,#hash_44b8d4a9571fc2ab
material,#hash_44b9f31d7791eb0b
material,#mc/mtl_wpn_t8_shotgun_pump_slide_base
material,#ei/gfx_smk_billow_thick_anim_lit_full_lite
material,#compass_turret_white
material,#hash_44c522a89530c1f2
material,#hash_c4c9b7be60e8b17f
material,#hash_c4cd3f4a227b5958
material,#mc/mtl_p7_zm_asc_chemistry_bottle_white
material,#hash_44d5a77398a76b49
material,#hash_44d7e3f8744cd359
material,#mc/mtl_p8_hangar_scaffolding_decal_nail_03
material,#mc/mtl_p8_hangar_scaffolding_decal_nail_02
material,#hash_c4e2e9c12713fed6
material,#mc/mtl_wpn_t8_lmg_titan_sig_01_iron_sights
material,#hash_c4eff183f3286a86
material,#mc/t8_stone_fort_wall_plastered_01_blend
material,#mc/t8_metal_painted_red
material,#mc/mtl_p8_col_conveyor_unit_vents
material,#hash_45029f052112210f
material,#hash_4502a005211222c2
material,#hash_45050fa598e9dc4f
material,#mc/mtl_p8_zm_esc_dock_post_metal
material,#hash_c514df2de98acf47
material,#mc/mtl_t8_wpn_smg_accurate_handguard_alt
material,#mc/mtl_p8_wz_cu_hat_tanker
material,#mc/mtl_c_t8_zmb_mob_zombie_body2_arms
material,#mc/mtl_wpn_t8_loot_sniper_locus_grip_alt
material,#mc/t8_decal_tech_detail_indent_04_normal
material,#mc/mtl_p8_col_conveyor_unit_panel_box_key
material,#hash_4528ae3824fda04b
material,#mc/mtl_c_t8_zmb_mob_brutus_grenade_igc
material,#mc/mtl_p8_zm_zod_mail_bag_set_sack_paper
material,#mc/mtl_p7_barrier_block_concrete_long_decal01_wet
material,#mc/t7_ban_metal_rust_painted_02_yellow
material,#mc/mtl_attach_t8_ar_heavy_hical_02
material,#mc/mtl_attach_t8_ar_heavy_hical_01
material,#hash_c53a26b6cec2dff4
material,#hash_453ab8c1de7afa6c
material,#mc/mtl_p7_zm_asc_machinery_industrial_rust02
material,#hash_c53cda141b375081
material,#mc/mtl_p7_zm_asc_battery_auto_set_logo
material,#ei/gfx_light_ray_wide_soft_em
material,#mc/t8_decal_tech_detail_low_tech_14_normal
material,#mc/mtl_veh_t8_mil_heli_light_body_front_pnt_blk_02
material,#hash_c545f131861064f7
material,#hash_c545f231861066aa
material,#hash_c545f3318610685d
material,#hash_4547186701716f43
material,#hash_c54a1d93fdff271a
material,#hash_c550a9d5a0c3d4d1
material,#mc/mtl_wpn_t8_loot_ar_standard_handguard_sig_02
material,#mc/mtl_c_t8_zmb_mob_zombie_body2_torso
material,#mc/mtl_p7_zm_ctl_light_cage_wall_decal
material,#ei/gfx_smk_puff_volume_high_dark_lit
material,#hash_4560c65342230cc2
material,#hash_456176b808066591
material,#mc/t7_decal_fixture_drain
material,#mc/mtl_p8_zm_gla_stake_tower_wood_01_wood
material,#hash_456bf5bcbc03cc0e
material,#hash_456c7f69740fe882
material,#mc/mtl_attach_t8_loot_sniper_mini14_foregrip02
material,#hash_456e91c35921f27c
material,#hash_456f0dfb71dc96f3
material,#hash_c56f1e3f73fb3120
material,#hash_c572b03f73fe5f0d
material,#mc/mtl_wpn_t8_smg_capacity_handguard_metal_mk2
material,#hash_457657d1ba9f37f8
material,#hash_457658d1ba9f39ab
material,#hash_45765ad1ba9f3d11
material,#hash_45765dd1ba9f422a
material,#hash_45765ed1ba9f43dd
material,#mc/mtl_attach_t8_tac_rifle_surgeon_handguard
material,#mc/mtl_wpn_t8_crossbow_grip_alt
material,#hash_457ebac732c83338
material,#ei/gfx_water_ripple_anim_lit_nocull
material,#mc/mtl_p7_pipe_metal_hp_12_support_white
material,#mc/t8_decal_tech_detail_bolt_11_normal_alpha
material,#mc/mtl_p7_light_glass_bulb_dirty_on
material,#mc/mtl_p8_light_bulb_vintage_01
material,#mc/mtl_p7_slu_wire_plastic
material,#hash_4593a59a709a32b7
material,#mc/mtl_p8_zm_esc_pipe_holder
material,#mc/mtl_wpn_t8_lmg_hades_rail_base
material,#hash_45a09af9f7ab5a5b
material,#mc/mtl_veh_t8_decal_hinge_09
material,#hash_c5a775bb430c2b62
material,#mc/t8_metal_rebar_rust_01_cap
material,#hash_45aae76d082420fe
material,#hash_45b29addd6a29850
material,#hash_45b29cddd6a29bb6
material,#hash_45b29dddd6a29d69
material,#hash_45b45c9eba6471b8
material,#hash_45b74e398dd9e803
material,#hash_45bd3be3d62324bc
material,#ei/gfx_gib_concrete_01_em
material,#mc/mtl_wpn_t8_loot_melee_zombie_arm_suit
material,#mc/t7_fiberglass_painted_wood_pattern_drk
material,#hash_45ca7b4cc6f40301
material,#hash_45ca9f3b4ca859d8
material,#hash_c5cdcfd8a343d747
material,#mc/mtl_wpn_t8_loot_lmg_mk48_sight_mk2
material,#mc/mtl_wpn_t8_sniper_vanguard_sig_02_grip
material,#hash_45d8db3964fbb3bc
material,#hash_45dc2c67bd5b8e51
material,#hash_c5e4a800d27bd2ce
material,#hash_45e6ce117cf2b7b8
material,#hash_45e6d0117cf2bb1e
material,#mc/mtl_wpn_t7_zmb_perk_bottle_water_ds
material,#hash_45ea3a117cf5a513
material,#mc/t7_zm_isl_concrete_wall_weathered_01
material,#hash_c5ed3b7afcc02991
material,#hash_45f0dbcedc8a023e
material,#mc/mtl_p8_wz_foliage_bush_coyote_d
material,#mc/mtl_p7_zm_shi_dock_post_wood_01
material,#hash_45f8980446907e31
material,#hash_45f928b5d21deabf
material,#mc/mtl_wpn_t8_shotgun_pump_grip_base_mk2
material,#hash_45fdd64560ab5502
material,#hash_c603c75be2104fb8
material,#mc/mtl_wpn_t8_sniper_koshka_mid_cylinder_01_alt_mk2
material,#hash_460656c640209b19
material,#mc/mtl_p8_col_generator_garage_set_decal_nail
material,#mc/mtl_p8_zm_esc_water_tower_01_detail_01
material,#hash_c616b996a6811573
material,#hash_c617886753226e92
material,#mc/bullet_collision_glass
material,#mc/mtl_p8_zm_esc_cell_bed_decal_weld
material,#mc/t8_zm_esc_rocky_dirt_cliff
material,#mc/mtl_p7_light_metal_recessed_led_lit
material,#mc/mtl_p7_medical_sanitation_towels02_dirty
material,#hash_464142afc65a770b
material,#hash_c643003295198190
material,#hash_46466d268884b0e4
material,#hash_46466e268884b297
material,#hash_464670268884b5fd
material,#hash_464a6c64eac5a463
material,#hash_464a6e64eac5a7c9
material,#hash_464a6f64eac5a97c
material,#hash_464a7064eac5ab2f
material,#hash_464a7164eac5ace2
material,#hash_464a7264eac5ae95
material,#hash_464a7564eac5b3ae
material,#hash_464a7664eac5b561
material,#hash_c64b950d0d3fb1c5
material,#hash_464df264eac8bdec
material,#hash_464df364eac8bf9f
material,#hash_c65379cd44bd32b5
material,#mc/mtl_wpn_t8_loot_shotgun_fullauto_rails_alt_mk2
material,#mc/mtl_attach_t8_ar_accurate_stock
material,#hash_4660ad2df7859250
material,#hash_4663ca53d515cec0
material,#hash_466745ee475fef31
material,#hash_c66ab2164b38641f
material,#mc/mtl_p8_zm_esc_cell_shower_head_decal
material,#mc/mtl_veh_t8_mil_boat_tactical_raft_hull_b_gry
material,#mc/mtl_veh_t8_decal_button_06
material,#hash_4677c7ee28192090
material,#hash_c67817ce7422ffd7
material,#hash_467e13b0c0f30788
material,#mc/mtl_p7_zm_tra_billiard_vintage_cover_lines
material,#hash_c6830d2bf67f194a
material,#hash_c6836e6422084766
material,#hash_c683e3950c2e111b
material,#mc/mtl_wpn_t8_ar_fastfire_grip_alt
material,#mc/mtl_wpn_t8_loot_ar_double_barrel_body
material,#hash_c68bb1727591e5da
material,#hash_c68d37a8f2af8a6b
material,#mc/mtl_wpn_t8_loot_pistol_auto_grip_sig
material,#hash_4690b0cd55669442
material,#hash_4697875b5e0b6234
material,#hash_4697d3c7683fbb4c
material,#mc/mtl_wpn_t8_shotgun_semi_decal01_sig_02
material,#mc/mtl_wpn_t8_ar_stealth_stock_mk2
material,#mc/mtl_wpn_t8_loot_ar_double_barrel_bolt
material,#hash_c6a498396d07f49f
material,#hash_c6a874043e876728
material,#hash_c6a879043e876fa7
material,#hash_c6a87a043e87715a
material,#hash_c6a87b043e87730d
material,#hash_46a8d37c66d113d2
material,#mc/mtl_wpn_t8_lmg_titan_sig_01_upper_mid
material,#mc/mtl_wpn_t8_ar_heavy_fmj_base
material,#vd/gfx_decal_bullet_glass_02
material,#vd/gfx_decal_bullet_glass_03
material,#vd/gfx_decal_bullet_glass_01
material,#mc/mtl_p8_zm_esc_jumbled_electrical_wire_tape_01
material,#mc/mtl_wpn_t8_ar_accurate_sig_01_mag
material,#hash_c6c4077315e53b39
material,#hash_46c454fbae7b56c5
material,#hash_46c9c23b92b59406
material,#hash_46ca5f57225a4282
material,#hash_46cfb38a5c9781db
material,#hash_46d32242e6cce38b
material,#hash_46dc52fb36ee1341
material,#wc/t7_decal_line_horizontal_black_thin
material,#hash_46e151a4eda03ab1
material,#hash_46e20adc5bfd1c8c
material,#hash_46e2e05c0d78013c
material,#mc/mtl_wpn_t8_shotgun_pump_shell_base
material,#ei/gfx_water_ring_em
material,#mc/mtl_attach_t8_optic_ironsights_sniper_decals
material,#mc/mtl_attach_t8_optic_mms_body
material,#mc/mtl_p8_wz_foliage_leymus_grass_01_a_dry
material,#mc/mtl_p8_debris_glass_shards
material,#hash_c6f1aeb346b91306
material,#hash_46f29d361f08e0d5
material,#hash_46f4e46b0dd85d37
material,#hash_c709582b104d4686
material,#hash_c7095a2b104d49ec
material,#hash_c7095b2b104d4b9f
material,#mc/mtl_wpn_t8_shotgun_pump_sig_01_grip
material,#mc/mtl_p7_zm_kin_bed_antique_frame_wood
material,#hash_470cc7107bfb179d
material,#mc/mtl_wpn_t8_loot_ar_double_tap_bolt_mk2
material,#mc/mtl_p8_zm_esc_power_station_panel_set_rust
material,#mc/mtl_p8_wep_ceiling_structure_beam_base
material,#hash_c71e4bc257451520
material,#hash_c71e4fc257451bec
material,#hash_c71e52c257452105
material,#hash_c72a2e4a22d8d744
material,#hash_c72a2f4a22d8d8f7
material,#hash_c72a314a22d8dc5d
material,#mc/mtl_p8_zm_esc_table_wood_lrg_section
material,#mc/mtl_wpn_t8_loot_sniper_mini14_scope_back
material,#mc/mtl_attach_t8_loot_tr_flechette_foregrip
material,#hash_c734fd3947e44e84
material,#mc/mtl_p8_spa_picture_frame_wood_lrg_02
material,#mc/mtl_p8_spa_picture_frame_wood_lrg_01
material,#hash_c73ef7cd3c90fa75
material,#hash_c745f61e8278396b
material,#hash_47461dc98706be14
material,#mc/mtl_p7_book_vintage_page_01_burn
material,#mc/mtl_p8_usa_submarine_interior_periscope_rubber
material,#wc/t7_decal_foliage_ivy_vine_dense
material,#mc/mtl_p7_zm_kin_bed_antique_boxspring
material,#mc/t8_decal_damage_concrete_cracks_02_wet
material,#mc/mtl_wpn_t8_eqp_turret_mini_tripod_leg_01
material,#mc/mtl_wpn_t8_eqp_turret_mini_tripod_leg_02
material,#hash_476690df5ce9c741
material,#mc/t7_wallpaper_solid_01
material,#hash_c768032a23acdd6c
material,#hash_4769a5b4f62e5472
material,#hash_476c4dfcd400ea0c
material,#hash_c76caf62b84b87bc
material,#hash_476f5e8a4109a683
material,#hash_476f5f8a4109a836
material,#mc/mtl_p8_zm_esc_chemistry_kit_metal_01
material,#hash_c77079bae433584c
material,#hash_47722d19e75fae0c
material,#hash_477353b1fc5b0281
material,#mc/t7_metal_trim_rivets_01
material,#hash_c77ce9ff8fd3efaf
material,#hash_c77f771b4eec3b16
material,#mc/t8_metal_paint_scratched_01_rust_drk_darker
material,#mc/mtl_c_t8_blockout_copper
material,#hash_c78dd708a0c486bf
material,#hash_478f8ee7d07fb8ef
material,#mc/mtl_p8_wz_frack_metal_plate_thin_01
material,#hash_4793dbb54e47884f
material,#hash_4793dcb54e478a02
material,#hash_c7973e537117af97
material,#hash_479d976801c1acc8
material,#mc/mtl_wpn_t8_loot_ar_peacekeeper_mag_base
material,#mc/mtl_p8_wz_door_01_steel
material,#wc/t7_decal_grunge_moss_grime
material,#mc/t7_decal_blood_smear_02
material,#mc/mtl_p7_ibeam_bracket_dark
material,#wc/t7_decal_grunge_leaking_01
material,#mc/mtl_wpn_t8_loot_sniper_mini14_barrel_stand
material,#mc/t7_metal_paint_rust_brown
material,#hash_47adf61dbf05211c
material,#hash_47b02c364a74f9e2
material,#hash_c7b3c73a1d76db71
material,#hash_47b79b64c93e1d28
material,#mc/mtl_p7_zm_tra_billiard_vintage_table_wood_decal_03
material,#hash_47bb1fe1be1388ec
material,#mc/t8_decal_grunge_stain_noise
material,#hash_c7c32d764f0c1d7e
material,#hash_c7c5ffaffed398e6
material,#mc/mtl_wpn_t8_smg_capacity_sig_02_barrel_mount
material,#hash_47cb888047596daa
material,#mc/mtl_p7_zm_kin_chair_club_wood_decal
material,#mc/mtl_p7_bookcase_wood_3_shelves
material,#mc/mtl_wpn_t8_loot_smg_burst_barrel_mk2
material,#mc/mtl_veh_t8_drone_rcxd_flashlight_screw
material,#hash_47d76f0fa672f91e
material,#mc/mtl_p8_fire_extinguisher_01_metal
material,#mc/mtl_p8_zm_esc_chemistry_kit_frost
material,#mc/mtl_p8_foliage_grass_long_skinny_branch_01_dry
material,#hash_c7dd301f0f3167a4
material,#hash_47df38bebb4aaf6b
material,#hash_47e27ed36903f72b
material,#mc/mtl_p8_usa_light_fluorescent_hanging_glass01
material,#hash_c7e49b4bc80d90f0
material,#mc/mtl_wpn_t8_eqp_heal_aid
material,#hash_47e86cb80deceb48
material,#hash_c7fae13dd961c95f
material,#mc/mtl_p7_tank_nitrogen_metal
material,#mc/mtl_p7_wes_table_drawer_wood_vintage_sml_decal
material,#mc/mtl_p8_zm_zod_shelf_locker_provisions_wood
material,#hash_c81620a7f0ad9827
material,#hash_4816d82b6ac0951b
material,#mc/mtl_t8_wpn_pistol_auto_trigger_guard
material,#mc/mtl_p8_zm_esc_pipe_metal_dark_bolt
material,#mc/mtl_wpn_t8_zm_monkey_plastic
material,#hash_48219c9f8bfe506f
material,#mc/mtl_p7_zm_ctl_gondola_bolts_01
material,#mc/mtl_p8_zm_esc_fence_wood_set_dirt
material,#hash_4829d74e87d48fbd
material,#mc/mtl_p7_pallet_plastic_01_tan
material,#mc/mtl_p8_door_wood_arch_heavy_02_metal
material,#hash_48351d443c3fb1f5
material,#mc/mtl_attach_t8_ar_galil_barrel_alt
material,#mc/mtl_p7_ladder_metal_secured_yellow
material,#mc/mtl_p7_zm_isl_bed_infirmary_mattress_stripe
material,#hash_483dbc9f551efa90
material,#hash_484144ffd3ae00c5
material,#mc/mtl_p7_zm_ctl_table_metal_vintage_set_metal02
material,#mc/mtl_p7_zm_ctl_table_metal_vintage_set_metal01
material,#mc/mtl_attach_t8_ar_galil_upper_alt
material,#hash_c847bfe5f661f4fc
material,#mc/mtl_veh_t7_decal_greeble_10
material,#mc/mtl_wpn_t8_ar_stealth_handguard
material,#mc/t7_wood_trim_brown_01
material,#mc/t8_wood_plank_painted_01
material,#mc/t8_metal_painted_blue_dark
material,#hash_484afe83314b45eb
material,#hash_c84df02e3ce255ac
material,#mc/mtl_wpn_t8_lmg_titan_sig_02_base_front_e
material,#mc/mtl_wpn_t8_eqp_smartcover_dmg_decals03
material,#hash_48573e2e720dcab1
material,#hash_485956d66eb48394
material,#mc/mtl_p8_usa_sub_vent_01
material,#hash_485cab6cc3592b50
material,#mc/mtl_wpn_t8_tac_rifle_swordfish_scope_mk2
material,#mc/t7_decal_grunge_calcium_drip_01_drk
material,#mc/mtl_p8_chi_beam_roof_metal_rust
material,#mc/mtl_p7_pipe_metal_water_set
material,#hash_486a71034ae5da88
material,#mc/mtl_wpn_t8_smg_capacity_mag_plastic_mk2
material,#mc/mtl_veh_t8_mil_boat_tactical_raft_details_yellow
material,#mc/mtl_p7_pipe_metal_hp_12_straight_bare_dmg
material,#hash_487633213613bbae
material,#mc/mtl_attach_t8_ar_fastfire_grip_01
material,#mc/mtl_attach_t8_ar_fastfire_grip_02
material,#hash_c8768ac7dca98b52
material,#hash_c87a0cc7dcac9e0f
material,#mc/mtl_wpn_t8_shotgun_semi_decals_sig_01
material,#hash_487dcce7b8aca560
material,#hash_487e8dfeb572aa4f
material,#mc/t8_decal_tech_detail_screw_02_worn
material,#mc/t8_decal_graphics_box_labels
material,#mc/t7_concrete_bunker_layered_02
material,#hash_c88f3b8a00b2b964
material,#mc/mtl_p8_zm_esc_rug_01_decals
material,#hash_489341568e759b11
material,#mc/mtl_p8_wep_warehouse_crane_decal_rust
material,#mc/mtl_p8_zm_esc_table_wood_lrg_wood
material,#mc/mtl_wpn_t8_hero_war_machine_accessories
material,#hash_48a02cdf47bd55d3
material,#hash_48a2f9d77c7cc3d2
material,#hash_48a3236ca91fa67d
material,#hash_48a39b7460bcb9a1
material,#hash_48ab22960471b936
material,#mc/mtl_p7_pipe_metal_sprinkler_straight
material,#mc/mtl_p8_col_cabinet_lab_wood_top_glass
material,#mc/mtl_attach_t8_ar_galil_stock
material,#mc/mtl_wpn_t8_shotgun_pump_sig_02_handguard_01
material,#mc/mtl_p7_board_circuit_set
material,#mc/t8_decal_tech_detail_bolt_11_metal
material,#mc/mtl_wpn_t8_loot_melee_action_figure_body
material,#mc/mtl_p8_zm_esc_decal_paint_grey
material,#mc/mtl_veh_t8_decal_bolt_10_dark
material,#mc/mtl_wpn_t8_loot_ar_peacekeeper_decals_base
material,#mc/mtl_p7_wes_card_deck
material,#mc/mtl_p7_medical_cot
material,#mc/t8_decal_tech_detail_high_tech_10_normal
material,#mc/mtl_p8_col_military_ship_hull_panel
material,#mc/mtl_wpn_t8_eqp_datapad_knobs
material,#ei/gfx_spark_rndhit_core_em
material,#mc/mtl_p7_inf_pav_window_01_frame
material,#mc/mtl_attach_t8_ar_kn57_stock_02_alt
material,#mc/mtl_wpn_t8_ar_heavy_decal_01_fullspec
material,#hash_48f2e111c3a3b81f
material,#mc/mtl_attach_t8_smg_accurate_mag_attach
material,#mc/mtl_p7_fir_targetdummy_rail_wood_01_side
material,#mc/mtl_p7_light_lamp_desk_vintage_01_bulb_broken
material,#mc/mtl_veh_t8_decal_inset_01_vent
material,#hash_c8ff293a3670461d
material,#mc/mtl_t8_wpn_pistol_revolver_grip_mk2
material,#mc/mtl_p7_light_emergency_a
material,#hash_4901fb6df0807c18
material,#mc/mtl_wpn_t8_sniper_vanguard_handle_v2_mk2
material,#mc/mtl_p8_zm_esc_book_pile_character
material,#mc/mtl_wpn_t8_smg_capacity_sights_cradle_base
material,#hash_490936ddbebcbce3
material,#mc/mtl_c_t8_blockout_brass01
material,#hash_490ca58432a44136
material,#mc/t8_decal_grunge_rust_offset_01
material,#hash_490fc0a27d9ec367
material,#mc/mtl_p8_vent_roof_01_decal_10_01
material,#mc/mtl_p7_wes_table_drawer_wood_vintage_sml_metal
material,#mc/mtl_p7_mou_clock_wall_glass
material,#hash_4914c8cd4725ce6a
material,#mc/mtl_p7_fir_wire_spool_wood_nail_rust
material,#mc/mtl_t8_attach_optic_reflex_hood
material,#hash_c91beea6c65dcdf8
material,#hash_c91befa6c65dcfab
material,#hash_c91bf1a6c65dd311
material,#mc/mtl_p8_zm_esc_security_console_decal_line
material,#hash_c920c79839a01bf3
material,#mc/mtl_wpn_t8_shotgun_pump_muzzle_base_alt
material,#mc/mtl_p8_zm_esc_bed_infirmary_mattress_03_cloth
material,#hash_c9350176f278e5f3
material,#mc/t7_plastic_cable_sgen_black_white
material,#mc/mtl_attach_t8_ar_accurate_compensator
material,#hash_c9451e27db2ea413
material,#mc/mtl_p7_pipe_metal_water_set_blue
material,#mc/mtl_t8_wpn_lmg_heavy_lever_handle_mk2
material,#hash_4949c1826ab37df5
material,#mc/mtl_attach_t8_tac_rifle_swordfish_sig02_windows
material,#mc/mtl_p7_file_cab_metal_02_drawer_rusty
material,#hash_4950d926bf65ec1d
material,#mc/mtl_wpn_t8_lmg_titan_grip_alt
material,#hash_4951df701646ad7b
material,#mc/mtl_wpn_t8_ar_galil_handguard_base
material,#hash_c953ab3b9633a079
material,#mc/mtl_wpn_t8_sniper_koshka_mag_alt
material,#hash_c958c34a561d0f70
material,#hash_c95a075fb67d06b4
material,#mc/mtl_wpn_t8_loot_shotgun_fullauto_sights_sig
material,#mc/mtl_wpn_t8_eqp_trophy_system_panels_outer
material,#mc/mtl_wpn_t8_loot_melee_amulet_cloth_transparent
material,#hash_496349b5be5ee6ae
material,#mc/mtl_p8_zm_esc_light_hallway_bulb_on
material,#hash_4964ae229266a7a2
material,#mc/mtl_veh_t8_mil_heli_fan_int
material,#hash_4965a69bb0647c11
material,#mc/p8_zm_esc_concrete_destroyed_base
material,#mc/t7_glass_dirty_dome_opaque_02
material,#hash_497ce2d0dccff5b2
material,#hash_c97d596f07c1643e
material,#mc/mtl_p7_box_copy_paper_nocull
material,#mc/mtl_wpn_t8_ar_accurate_handguard_base
material,#mc/mtl_p8_zm_esc_gondola_chain
material,#hash_c9854428aaac6edb
material,#hash_49869aa794f9af21
material,#mc/mtl_t8_loot_wpn_smg_folding_charging_handle
material,#hash_498ce6502ea2e2de
material,#mc/mtl_p8_vent_roof_01_decal_08
material,#mc/mtl_p8_vent_roof_01_decal_02
material,#mc/mtl_p8_vent_roof_01_decal_03
material,#mc/mtl_p8_vent_roof_01_decal_06
material,#mc/mtl_p8_vent_roof_01_decal_07
material,#mc/mtl_p8_vent_roof_01_decal_04
material,#mc/mtl_p8_vent_roof_01_decal_05
material,#wc/t7_metal_planter_top_trim
material,#hash_c98fab76bb132a7e
material,#mc/mtl_wpn_t8_smg_fastfire_stock_alt_mk2
material,#mc/mtl_p8_zm_chaos_mount_01
material,#mc/mtl_p8_zm_chaos_mount_02
material,#vdd/gfx_decal_bullet_glass_01
material,#vdd/gfx_decal_bullet_glass_02
material,#vdd/gfx_decal_bullet_glass_03
material,#hash_c996cb494b626e68
material,#hash_4997e36702738f29
material,#mc/t7_glass_window_warehouse
material,#hash_499dded4c89087ff
material,#hash_49a1373feafb347b
material,#mc/mtl_p7_ris_paint_roller_stick_set_paper_02
material,#hash_c9aa90e003c5e454
material,#hash_49aaaa6bcb133ca0
material,#mc/mtl_wpn_t8_sig_annihilator_barrel
material,#mc/t7_rubber_trim_roof_granular
material,#hash_c9bad9da2f5ade4f
material,#mc/mtl_wpn_t8_smg_fastfire_charging_jandle_mk2
material,#mc/t7_wes_plaster_wallpaper_pattern_01
material,#mc/mtl_t8_wpn_smg_accurate_handguard_sig_02
material,#mc/mtl_t8_wpn_smg_accurate_handguard_sig_01
material,#mc/t8_rubber_tread_01
material,#hash_c9cbe19c911a104e
material,#ei/gfx_dust_clump_lit
material,#mc/mtl_p8_whiteboard_metal_trim
material,#hash_49dae483f382504d
material,#hash_c9e02a656fa63f44
material,#hash_c9e040a434da544b
material,#mc/bullet_collision_metalthin
material,#hash_c9e33be408d5e9ef
material,#mc/mtl_wpn_t8_loot_smg_burst_handguard
material,#mc/mtl_wpn_t8_sig_flamethrower_misc_chrome
material,#hash_c9e6ba0177fc6a3a
material,#hash_49ead383ffeeead6
material,#hash_c9eadf3ae1241f92
material,#mc/mtl_p7_zm_ver_box_electric_panel_plastic
material,#hash_c9edcd2f266e83dd
material,#mc/mtl_p8_zm_esc_power_station_panel_set_pointer
material,#hash_49f49342ef119d0e
material,#hash_c9fb92f5d7c4c4f6
material,#hash_4a02869f9ac6468d
material,#hash_4a036834cf2c25fa
material,#hash_4a099b6b77f3473b
material,#mc/mtl_p8_wz_ammo_pickup_decal_graphic
material,#mc/mtl_p7_debris_concrete_rubble_lg_01
material,#mc/mtl_p7_debris_concrete_rubble_lg_02
material,#mc/mtl_wpn_t8_smg_fastfire_body_01_mk2
material,#hash_ca1ca41b97cd480d
material,#hash_4a1f49e1e8950051
material,#hash_4a1fb0f9901ebd70
material,#mc/mtl_wpn_t8_lmg_hades_snake_body
material,#mc/mtl_wpn_t8_eqp_heal_aid_decal
material,#mc/mtl_p8_zm_esc_gun_gallery_metal_beam_02_dock
material,#mc/mtl_p8_zm_esc_cell_bed_cushion
material,#hash_ca2b07a8d61f8a0c
material,#mc/mtl_veh_t8_mil_boat_tactical_raft_body_straight_01_b_blk
material,#hash_ca31c73077a2492f
material,#hash_4a33e4cd1c55067b
material,#hash_ca3c143c21fc9a74
material,#hash_ca3c173c21fc9f8d
material,#mc/mtl_p7_zm_tra_stove_kitchen_wood
material,#mc/mtl_p7_furniture_refrigerator_dirty
material,#hash_4a43705c35018a30
material,#mc/mtl_p8_usa_submarine_mess_hall_furniture_cushion
material,#hash_4a4cb193c3a26864
material,#mc/mtl_wpn_t8_lmg_titan_bullet
material,#mc/mtl_wpn_t8_loot_pistol_auto_ticket_sig_nodraw
material,#mc/t7_glass_edge_trim_black_nocull
material,#mc/mtl_p8_usa_submarine_interior_consoles_details_button
material,#hash_4a5f188b9f048b48
material,#hash_4a6021381b9d4eb7
material,#mc/mtl_p8_wz_door_garage_rubber
material,#hash_4a6af79f09fe3278
material,#mc/mtl_wpn_t8_lmg_titan_sig_02_bolt
material,#hash_ca6e1af03743b908
material,#mc/mtl_wpn_t8_sniper_koshka_mid_cylinder_01_mk2
material,#compass_vtol
material,#hash_4a877f28cdb80614
material,#hash_ca887df8b411e00a
material,#mc/mtl_p7_zm_mob_medical_cabinet_glass
material,#mc/mtl_p7_mou_snow_chunk_snow_decal
material,#hash_ca8eeb94f5f217c4
material,#hash_4a8f84e33c1140f0
material,#hash_4a8f85e33c1142a3
material,#hash_4a8f86e33c114456
material,#hash_4a8f87e33c114609
material,#hash_4a8f88e33c1147bc
material,#hash_4a8f89e33c11496f
material,#hash_4a8f8ae33c114b22
material,#hash_4a8f92e33c1158ba
material,#hash_4a8f93e33c115a6d
material,#mc/mtl_wpn_t8_shotgun_semi_bolt
material,#mc/mtl_p7_foliage_vines_leaves_dry_indoor
material,#hash_4a9ed1e6a78e3740
material,#mc/mtl_p7_slu_fuse_box_electric_set_wire
material,#hash_caa9946b44656f89
material,#mc/t7_decal_damage_concrete_tile_01
material,#hash_4aabd0193cf9f531
material,#hash_caad88d35dc0c13e
material,#mc/mtl_wpn_t8_zm_akud_cylinder_alphas
material,#mc/mtl_wpn_t8_wz_tac_rifle_swordfish_mag
material,#hash_4ab0b6ff3442f0b5
material,#ei/gfx_spark_grind_anim_em
material,#hash_cab4c6f0e4212653
material,#hash_cab4c7f0e4212806
material,#hash_cab551978fcf32f0
material,#mc/mtl_p7_zm_tra_billiard_vintage_table_green
material,#mc/mtl_wpn_t8_sniper_powersemi_barrel_sig_02
material,#hash_4acaa8f3bd0cbae8
material,#mc/mtl_wpn_t8_lmg_titan_muzzle
material,#mc/mtl_p8_zm_esc_cell_shelf_01_decal
material,#hash_cacc4b427df848a8
material,#hash_cacd646d12a94154
material,#hash_cacd676d12a9466d
material,#hash_4ace62c43f0074c3
material,#mc/mtl_p8_zm_esc_bed_infirmary_mattress_01_dirty
material,#hash_4acfa36062e61c0f
material,#hash_4acfa46062e61dc2
material,#mc/mtl_p7_mou_electrical_panel_set_metal_02
material,#mc/mtl_p7_mou_electrical_panel_set_metal_01
material,#mc/t7_con_decal_grunge_ash_grey
material,#hash_4ad7ef6187f90fd5
material,#hash_4adb1a7013d7ddbf
material,#hash_4adb1b7013d7df72
material,#mc/mtl_p8_box_cardboard_fruit_01
material,#hash_4ade789c60019dc9
material,#mc/mtl_wpn_t8_ar_accurate_clip_sig_03_alt
material,#hash_cae7d5f412dd2204
material,#hash_4ae8a3304dc99757
material,#mc/mtl_c_t8_mp_spe_gear_medic
material,#hash_caeb57f412e034c1
material,#hash_4af090bee7eeb12a
material,#hash_4af091bee7eeb2dd
material,#hash_4af3bb146849c3f9
material,#hash_4af42a7ac961743b
material,#hash_caf53122c26936cb
material,#hash_4af5904fbdee283a
material,#hash_caf8c9e90052baed
material,#mc/mtl_p8_kit_spa_spanish_roof_tile_orange_worn_02
material,#mc/mtl_p8_kit_spa_spanish_roof_tile_orange_worn_03
material,#mc/mtl_p7_zm_ver_bathtub
material,#mc/mtl_p8_wz_spray_can_metal_01
material,#mc/mtl_veh_t8_drone_rcxd_camera_inside
material,#hash_cb036ef48318a1e3
material,#mc/mtl_wpn_t8_smg_handling_sights_alt_mk2
material,#hash_4b04c4052efa4914
material,#hash_4b078de26b6a46e9
material,#hash_4b08d93f47477222
material,#mc/mtl_p8_zm_esc_box_electric_leaks
material,#mc/mtl_p8_pipe_metal_hp_4_03_painted
material,#hash_4b0e1ac4f90bdec1
material,#hash_4b0e379ba58e66cf
material,#mc/attach_t8_pistol_burst_slide
material,#hash_cb106534402ec147
material,#hash_4b142a9c6ccad175
material,#mc/mtl_p7_light_hanging_half_globe_metal
material,#hash_4b188289baa960ef
material,#wc/t7_decal_grunge_wall_stain_01_blend
material,#hash_4b1cb760286463c8
material,#mc/mtl_wpn_t8_loot_smg_vmp_decals
material,#hash_4b201f54c71b0b4d
material,#mc/mtl_veh_t8_drone_rcxd_body_lower_metal_dirty
material,#hash_4b289fc63717099f
material,#hash_4b28a0c637170b52
material,#hash_cb2d0189babae1c6
material,#hash_cb2d0489babae6df
material,#mc/mtl_wpn_t8_eqp_turret_mini_case_panel_top
material,#mc/mtl_attach_t8_ar_galil_stock_alt
material,#hash_cb2f2a32613884d0
material,#mc/mtl_p8_col_mobile_generator_mod_01_black
material,#hash_4b3a1c2c1c10dd6c
material,#hash_4b3b4d8911837bb1
material,#hash_4b3e5da04754c164
material,#mc/mtl_wpn_t8_smg_capacity_bolt_alt
material,#mc/mtl_attach_t8_smg_mp9_rapid_fire
material,#mc/mtl_wpn_t8_loot_shotgun_fullauto_stockpad_alt
material,#mc/mtl_p7_foliage_grass_dry
material,#mc/mtl_p7_plank_wood_damaged_2x4x64
material,#hash_cb546b598c7f4a8f
material,#hash_4b55ba595c012e50
material,#hash_4b5d823c678582c8
material,#hash_4b5d833c6785847b
material,#hash_4b5d843c6785862e
material,#mc/mtl_attach_t8_ar_kn57_upper_01_alt
material,#hash_cb66fc2ba9c4116f
material,#mc/mtl_wpn_t8_sniper_powersemi_misc_sig_02
material,#mc/t7_decal_damage_concrete_blast
material,#hash_4b83e9fcb848b495
material,#mc/mtl_p8_office_papers_manilla_folder_decals_sticker
material,#mc/mtl_veh_t8_mil_boat_tactical_raft_hull_decal
material,#mc/mtl_p8_zm_esc_warden_dresser_metal_01
material,#mc/mtl_p8_zm_esc_warden_dresser_metal_02
material,#mc/mtl_wpn_t8_eqp_datapad_screen
material,#hash_4b9dbcb09163f1d4
material,#hash_4b9dbdb09163f387
material,#ei/gfx_gel_splat_string_spec
material,#mc/mtl_wpn_t8_loot_ar_an94_barrel_base
material,#mc/mtl_p8_col_mobile_generator_main
material,#hash_cbafe3bb5c3e0c1e
material,#ei/gfx_gib_glass_02_em
material,#hash_cbb9d583d466559e
material,#mc/mtl_wpn_t8_loot_smg_minigun_logo
material,#mc/mtl_p7_spool_wire_metal_01
material,#hash_cbd0215e4cabc686
material,#hash_cbd0225e4cabc839
material,#hash_4bd1bdb22c856bc3
material,#mc/mtl_wpn_t8_eqp_datapad_screws
material,#mc/mtl_p7_sweep_wood
material,#hash_4bd405e007caca5d
material,#hash_4bd4c419035f788b
material,#hash_4bd4c619035f7bf1
material,#hash_4bd4c719035f7da4
material,#hash_4bd4c919035f810a
material,#hash_4bd4ca19035f82bd
material,#mc/mtl_p8_zm_esc_light_hallway_cover_outside
material,#hash_4bd94a81b88d6812
material,#mc/mtl_wpn_t8_loot_ar_double_tap_barrel_mk2
material,#mc/t8_decal_tech_detail_bolt_06_metal
material,#hash_cbe7f5d7551fc861
material,#mc/mtl_p7_zm_asc_light_cage_warning_weld
material,#hash_4bec468e0398b217
material,#hash_4becfaa9a161c50b
material,#mc/mtl_p8_zm_esc_light_hallway_cord_long_dirt
material,#mc/mtl_attach_t8_loot_smg_burst_foregrip
material,#mc/t7_decal_tech_details_03_metal
material,#mc/mtl_p7_water_container_plastic_large_cap
material,#mc/mtl_p8_zm_esc_crane_decal_bolt
material,#mc/mtl_wpn_t8_smg_burst_foregrip_sig
material,#hash_4c06c7d7cf98c97d
material,#mc/mtl_p7_wes_table_drawer_wood_vintage_sml_black
material,#mc/mtl_p8_wep_cargo_container_military_hole
material,#mc/mtl_p7_zm_kin_dumpster_wheel_black
material,#hash_cc11a911b05c63f6
material,#mc/mtl_veh_t8_mil_heli_light_engine_titanium
material,#mc/mtl_wpn_t8_zm_mp40_weapon_alt2
material,#hash_cc1a6c1805be9491
material,#mc/mtl_p7_zm_ori_pump_tank_metal_03
material,#mc/mtl_p7_zm_ori_pump_tank_metal_02
material,#mc/mtl_p7_zm_ori_pump_tank_metal_04
material,#hash_cc227096bd524131
material,#mc/mtl_p7_electrical_box_set_inside
material,#mc/mtl_attach_t8_loot_tac_rifle_damageburst_stock_alt
material,#mc/mtl_attach_t8_loot_sniper_mini14_grip
material,#mc/mtl_t8_wpn_lmg_heavy_frame_mk2
material,#mc/mtl_attach_t8_shotgun_pump_loader
material,#hash_4c2db1994ef60399
material,#mc/t7_plastic_cable_sgen_black_blue
material,#hash_cc36ef31d75c81b6
material,#hash_cc36faa11a7cef07
material,#mc/mtl_p7_slu_wire_plastic_02
material,#mc/mtl_p7_slu_wire_plastic_01
material,#hash_4c3a87eb2565e41e
material,#mc/mtl_p8_crate_wood_decal_03_bolt
material,#mc/mtl_wpn_t8_loot_ar_double_tap_stock_alt_mk2
material,#mc/mtl_wpn_t8_sniper_koshka_mag_alt_mk2
material,#hash_4c4b713a91095564
material,#hash_4c4fe39eb39070ff
material,#mc/mtl_p8_col_storage_chem_lab_metal
material,#hash_4c54b31c8f8fa7ec
material,#hash_cc55449c71d97b29
material,#mc/mtl_attach_t8_lmg_titan_hipfire_handguard
material,#hash_4c5996081d167a72
material,#mc/mtl_wpn_t8_shotgun_pump_sights_base
material,#hash_4c69437c3704ddde
material,#mc/mtl_p8_zm_zod_broom_galley_decal_dust
material,#mc/mtl_attach_t8_loot_ar_peacekeeper_barrel
material,#hash_4c72dabfa3055a69
material,#hash_cc7aa8d859a5480c
material,#hash_cc7aa9d859a549bf
material,#hash_cc7aabd859a54d25
material,#hash_4c7c0823e26d6a85
material,#mc/mtl_wpn_t8_ar_accurate_sig_01_sights
material,#hash_cc82bff1b1e5931c
material,#hash_4c839426f9b70c98
material,#mc/mtl_wpn_t8_crossbow_base
material,#mc/mtl_p8_box_electric_commercial_lrg_01_dmg_metal
material,#hash_cc929eb38653d405
material,#mc/mtl_wpn_t8_eqp_tripwire_slingshot_sling_mid
material,#hash_4c95ee08fdcc9c2c
material,#mc/mtl_p8_zm_esc_chemistry_kit_glass_dirt
material,#hash_cc98fd3bbd513ffe
material,#hash_cc9a6fe139d44206
material,#hash_4c9b5dcd29b00bc2
material,#mc/mtl_wpn_t8_wz_shotgun_semi_mag
material,#hash_4ca7eb19aa3ac560
material,#hash_4ca7ec19aa3ac713
material,#hash_4ca7ed19aa3ac8c6
material,#hash_cca98bd25f243a7a
material,#mc/t8_decal_tech_detail_indent_02_normal
material,#mc/mtl_p8_vent_roof_01_decal_12_01
material,#mc/t7_out_plastic_floor_epoxy_red
material,#mc/mtl_wpn_t8_eqp_tripwire_slingshot_arms_hinge
material,#hash_cccb0f5fd1b80766
material,#hash_cccb115fd1b80acc
material,#hash_cccb125fd1b80c7f
material,#hash_cccb145fd1b80fe5
material,#vd/gfx_decal_exp_blast_03
material,#vd/gfx_decal_exp_blast_02
material,#vd/gfx_decal_exp_blast_01
material,#hash_4ccf2696492babfb
material,#hash_ccd43631c88bed5c
material,#mc/mtl_t8_loot_wpn_smg_folding_grip
material,#mc/mtl_wpn_t7_paint_top
material,#mc/mtl_attach_t8_shotgun_semi_ext_mag_02
material,#mc/mtl_attach_t8_shotgun_semi_ext_mag_01
material,#hash_4ce13c97a1eb5a20
material,#hash_4ce13f97a1eb5f39
material,#hash_4ce14397a1eb6605
material,#hash_4ce37c5cd2f5b827
material,#hash_4ce37d5cd2f5b9da
material,#hash_4ce40a80f59c581a
material,#hash_4ce5a35d91e0ebc2
material,#hash_4ce71970594602ea
material,#hash_cce80dff7d2fb610
material,#hash_4ce8db9ff3d77903
material,#hash_4cea8c8b7788218f
material,#hash_4cedd3f098d0c9ee
material,#mc/mtl_veh_t8_mil_helicopter_transport_decal_open_dirty
material,#hash_4cfab91b01e61482
material,#mc/mtl_wpn_t8_wz_ar_fastfire_mag
material,#hash_4d05dd7b022dbb89
material,#mc/mtl_attach_t8_ar_galil_ext_mag
material,#hash_4d09c31643eca90a
material,#hash_4d0b9f05835667e2
material,#mc/mtl_attach_t8_sniper_koshka_mag
material,#mc/mtl_wpn_t8_smg_fastfire_barrel
material,#mc/mtl_p7_zm_mob_rubble_trim
material,#hash_cd1befb7d04b5f1a
material,#mc/mtl_t8_loot_wpn_smg_folding_dbal
material,#hash_cd23027a22a356be
material,#ei/gfx_light_incandescent_hot_em_i128
material,#mc/mtl_p7_zm_mob_crate_wood_sml_wood
material,#mc/mtl_wpn_t8_smg_capacity_stock_base_mk2
material,#mc/mtl_wpn_t8_launcher_standard_lower
material,#mc/mtl_wpn_t8_loot_ar_double_tap_decals
material,#hash_4d351bf4a40ed2b8
material,#mc/mtl_c_t8_zmb_mob_zombie_body1_sleeves
material,#mc/mtl_t8_wpn_pistol_auto_hical_extras
material,#mc/mtl_p8_crane_suspended_01_metal_10
material,#mc/mtl_p8_zm_esc_nixie_tubes_plastic
material,#mc/t8_decal_tech_detail_screw_02_black
material,#mc/t7_metal_trim_weld_01_normal
material,#mc/mtl_p8_zm_esc_security_console_hinge
material,#hash_4d5677957d81c13e
material,#mc/mtl_t8_wpn_smg_accurate_body
material,#mc/mtl_attach_t8_sniper_vanguard_bipod_01_alt
material,#hash_cd579e9f68efc3ae
material,#hash_4d598edb0fa835f1
material,#hash_cd5b1a9f68f2cc39
material,#mc/mtl_wpn_t8_tac_rifle_swordfish_reticle
material,#mc/mtl_wpn_t8_loot_shotgun_fullauto_decals
material,#hash_cd60e66de38e223c
material,#hash_cd647a57aafc8692
material,#hash_4d672c069b69da4c
material,#hash_4d672f069b69df65
material,#mc/t7_kfu_wood_painted_wall_green_white
material,#ei/gfx_dust_fall_lg_anim_em
material,#mc/mtl_wpn_t8_loot_pistol_auto_body_sig
material,#hash_4d792e905cdf7e56
material,#hash_4d7e238212b60085
material,#mc/t8_metal_roll_up_door_rough_01
material,#mc/mtl_p8_usa_submarine_interior_periscope
material,#hash_4d8a78f951fbb4a7
material,#hash_cd8ba54e918e7829
material,#mc/mtl_wpn_t8_ar_heavy_mag_base_alt
material,#hash_cd8f2fb6ec95501a
material,#hash_cd93ba16f9b0b8a7
material,#hash_4d941f3887b340ea
material,#hash_4d9573328766fb97
material,#mc/mtl_attach_t8_tac_rifle_swordfish_barrel
material,#mc/mtl_wpn_t8_tac_rifle_swordfish_decals
material,#hash_cd97b6af5dbc1b98
material,#hash_cd97b7af5dbc1d4b
material,#mc/mtl_wpn_t8_crossbow_string_base
material,#mc/mtl_wpn_t8_zm_mp40_sights_alt
material,#mc/mtl_wpn_t8_lmg_titan_sig_02_grip
material,#mc/mtl_wpn_t8_ar_kn57_receiver_lower_mk2
material,#hash_4da2948d66e51b40
material,#mc/mtl_p8_wep_cargo_container_military_decal_rust
material,#hash_cda8199870f28e08
material,#mc/mtl_attach_t8_optic_hybrid_decals
material,#mc/mtl_wpn_t8_ar_fastfire_magwell
material,#hash_4db09d4405aa425e
material,#mc/mtl_attach_t8_sniper_powersemi_dbal
material,#hash_4db23bcb9a860308
material,#hash_cdb24aaa1018b5fc
material,#hash_4db301e1605bd5b9
material,#mc/mtl_p8_kit_ice_gen_03_door_01_right_white_wood_01
material,#hash_4db55124e9e2ab91
material,#hash_4db9004d744ea574
material,#hash_4db9034d744eaa8d
material,#mc/mtl_veh_t8_mil_boat_tactical_raft_details_rope
material,#hash_4dc38e68a11a9945
material,#hash_cdc409d5111bddf2
material,#mc/t7_decal_damage_concrete_edge_02_mid
material,#mc/mtl_t8_wpn_lmg_heavy_alt
material,#hash_4dd8973db077a45c
material,#hash_4ddd234e7851fcb1
material,#mc/mtl_p7_dumpster_construction_large_dirt_01
material,#mc/mtl_p7_dumpster_construction_large_dirt_02
material,#mc/mtl_veh_t8_mil_helicopter_transport_glass_dirty
material,#hash_4de0e7fe81feb415
material,#mc/mtl_attach_t8_tac_rifle_swordfish_grip
material,#hash_4de2fc3ad87929f6
material,#hash_4de3a26bce58620d
material,#mc/mtl_p7_furnishings_cairo_chest_sm
material,#mc/mtl_p8_wz_ep_fishing_pole_plasticdark
material,#mc/t7_decal_signage_whiteboard_writing_01
material,#mc/mtl_wpn_t8_smg_accurate_bolts_sig_03
material,#mc/mtl_p8_wz_cu_keychain
material,#mc/mtl_p8_zm_esc_cell_door_set_hole
material,#hash_cdf40cd7d8d3aab4
material,#hash_4df8d97c3bd06b7c
material,#hash_4dfacf8d065350ac
material,#mc/mtl_p7_fire_extinguisher_digital_metal
material,#mc/mtl_wpn_t8_loot_sniper_mini14_handguard_mk2
material,#mc/mtl_p8_ice_electrical_cabinet_01_on
material,#mc/mtl_wpn_t8_tac_rifle_swordfish_sig02_forend
material,#mc/mtl_wpn_t8_sniper_koshka_handguard_mk2
material,#hash_ce0e46fbbcd55c07
material,#hash_4e0e6333269c970c
material,#mc/mtl_p8_spa_fireplace_log_side
material,#hash_4e123a84eee4b93e
material,#mc/mtl_p7_foliage_plant_aloe_dwala_leaves_dry
material,#hash_4e1361210c2cc964
material,#mc/mtl_p8_col_generator_garage_set_decal_logo_yellow
material,#mc/t7_decal_grunge_ceiling_water_stain_drk
material,#mc/mtl_wpn_t8_loot_melee_polynesian_club_rope
material,#hash_4e1738fe28ede412
material,#mc/mtl_p7_bookcase_wood_3_shelves_brown
material,#mc/t7_ra2_stone_tile_floor_01
material,#mc/mtl_attach_t8_loot_ar_double_barrel_fmj
material,#mc/mtl_wpn_t8_zm_towers_scorpion_body_front
material,#mc/mtl_p7_rus_insulator_electrical_snow_weld
material,#hash_ce28d8967ffba8e8
material,#mc/mtl_p7_wes_chair_wood_set_dirt_02
material,#mc/mtl_attach_t8_loot_sniper_locus_bolt_01
material,#mc/mtl_attach_t8_ar_fastfire_bolt
material,#hash_ce2f57944250af30
material,#mc/mtl_p7_pipe_metal_hp_4_02_white
material,#hash_4e318489b3b766f8
material,#mc/mtl_p7_zm_der_magic_box_qmark_trim
material,#mc/mtl_p8_air_conditioner_plastic_wall_sml_01
material,#hash_4e3efa478318f167
material,#mc/mtl_wpn_t7_zmb_perk_bottle_water_stimup
material,#mc/mtl_p7_pipe_metal_hp_12_flange_white
material,#mc/mtl_p8_zm_esc_box_cardboard_b_open01_damaged_01_tape
material,#hash_ce491de66114ceda
material,#hash_4e516baea3e96355
material,#hash_4e541280887631e3
material,#mc/mtl_wpn_t8_sniper_vanguard_sig_02_scope_front_v2
material,#mc/mtl_wpn_t8_ar_heavy_receiver_rear_mk2
material,#hash_ce5b95fa597c8576
material,#mc/mtl_p8_gutter_01
material,#hash_4e5e33372ec0c453
material,#mc/mtl_wpn_t8_tac_rifle_surgeon_bullet
material,#mc/mtl_wpn_t8_lmg_hades_stock_sig_02
material,#mc/mtl_wpn_t8_lmg_hades_stock_sig_01
material,#hash_4e65ca61014624e0
material,#hash_4e68819a7788fdac
material,#mc/t7_metal_chain
material,#hash_ce6b2860b64b62ea
material,#mc/mtl_attach_t8_lmg_hades_barrel_alt
material,#mc/mtl_p7_dumpster_construction_large_decal_01
material,#hash_4e70dce81d4e3a50
material,#hash_4e74e80a7c0943bb
material,#hash_4e74e90a7c09456e
material,#mc/mtl_wpn_t8_shotgun_prec_hinge_base
material,#mc/mtl_eqp_t8_grenade_smoke_top
material,#mc/mtl_wpn_t8_lmg_titan_sig_01_rails
material,#mc/mtl_attach_t8_ar_stealth_stock_01
material,#mc/mtl_attach_t8_ar_stealth_stock_02
material,#hash_4e7a6cdef120e3d3
material,#hash_4e7a6ddef120e586
material,#hash_4e821d376dfb3c5a
material,#hash_ce86266774335568
material,#hash_ce897be66470ed7d
material,#mc/mtl_p8_kit_zod_eng_01_set_metal_dark
material,#ei/gfx_water_droplet_em
material,#hash_4e91beba60292840
material,#hash_4e91bfba602929f3
material,#hash_4e91c0ba60292ba6
material,#hash_ce933da23ee5f804
material,#hash_ce933ea23ee5f9b7
material,#hash_ce933fa23ee5fb6a
material,#hash_4e94ccc7f0a7c1ac
material,#mc/mtl_wpn_t8_sniper_koshka_cheek_rest_mk2
material,#mc/mtl_p8_zm_esc_gondola_lift_roof_decal_03
material,#mc/mtl_p8_zm_esc_gondola_lift_roof_decal_02
material,#mc/mtl_p8_zm_esc_gondola_lift_roof_decal_04
material,#hash_4ea2bdba603799c0
material,#hash_4ea2beba60379b73
material,#hash_4ea2c0ba60379ed9
material,#hash_4ea2c3ba6037a3f2
material,#hash_4ea5e4ba603a11dc
material,#hash_4ea5e6ba603a1542
material,#hash_4ea5e7ba603a16f5
material,#hash_4ea714f042debc69
material,#hash_4ea9f979d76f1820
material,#hash_4eb0d49070216776
material,#mc/mtl_t8_wpn_smg_accurate_stock_sig_02
material,#mc/mtl_t8_wpn_smg_accurate_stock_sig_01
material,#mc/mtl_wpn_t8_loot_ar_double_tap_receiver
material,#mc/mtl_p7_street_curb_concrete_chunk_03
material,#mc/mtl_attach_t8_tac_rifle_surgeon_hical_02_screws
material,#hash_4ec54e9109083e8e
material,#hash_cec59838e1e46af8
material,#hash_cec59938e1e46cab
material,#hash_cec59a38e1e46e5e
material,#hash_cec59b38e1e47011
material,#hash_cec59c38e1e471c4
material,#hash_cec59d38e1e47377
material,#hash_cec59e38e1e4752a
material,#hash_4ec5f687bebf40e0
material,#hash_4ec5f787bebf4293
material,#hash_4ec934ba824f3cfd
material,#hash_4ec972740e3f38ab
material,#hash_4ecdba8ab1de61c0
material,#hash_4ecdbc8ab1de6526
material,#hash_ced436d37f796748
material,#mc/mtl_veh_t8_mil_heli_light_body_rear_pnt_body_blk
material,#hash_ced4836b5464931d
material,#hash_4ed5d6d9e4f84e23
material,#hash_4edceb8ade0440d0
material,#hash_cedd3537ff41b903
material,#hash_cedd3637ff41bab6
material,#hash_cedd791ad5e24036
material,#mc/mtl_wpn_t8_zm_blundergat_armor_ember
material,#hash_4ee45abbe6c13bdb
material,#hash_4ee5f3fac1434553
material,#hash_4ee6437d33ffbf9a
material,#hash_4ee8f3b8ab90ee15
material,#hash_ceea193064c510bb
material,#hash_ceeb316479eacdde
material,#hash_ceec60a23359d29c
material,#hash_ceed60e8cdf98fb9
material,#mc/mtl_wpn_t8_loot_shotgun_fullauto_decals02
material,#hash_cef688a479c2fa03
material,#mc/mtl_p8_metal_tank_water_metal_tiling
material,#ei/gfx_smk_billow_sm_anim_high_dark_lit
material,#mc/mtl_p8_zm_esc_box_electric_part
material,#hash_4f03457e1e11c9b3
material,#hash_cf056cb40f8e0172
material,#mc/mtl_p7_debris_wood_splinter_small
material,#mc/mtl_p8_spray_paint_can_camo_plastic
material,#hash_cf0afc71bea50566
material,#mc/mtl_p8_zm_esc_pipe_metal_04
material,#mc/mtl_wpn_t8_sniper_koshka_base_lower_sig_02
material,#hash_4f0f084f146b62ab
material,#mc/mtl_wpn_t8_sniper_vanguard_handguard_v2
material,#hash_4f0f2f650f163470
material,#hash_4f0fcc7068ada6fb
material,#mc/mtl_veh_t8_mil_heli_attack_rockets_pnt_blk
material,#hash_cf178bcfde23272b
material,#mc/t7_cloth_carpet_solid_brown
material,#hash_4f278b303267d8d7
material,#mc/mtl_p8_zm_esc_hallway_railing_bar
material,#mc/mtl_wpn_t8_eqp_turret_mini_gun
material,#hash_cf2fe931c15ae619
material,#mc/mtl_p7_wes_bank_books_pages
material,#hash_cf320f4b7cc2d348
material,#mc/mtl_wpn_t8_loot_ar_peacekeeper_sights_base_mk2
material,#hash_cf35cfcbe781050b
material,#hash_cf439bb91e076671
material,#hash_cf43bd85f1b7730b
material,#mc/mtl_p7_zm_isl_plank_metal_set_metal_01
material,#mc/mtl_p8_zm_gla_drawbridge_01_decal_wood_peg_01
material,#hash_4f4c497b915c3667
material,#mc/mtl_p8_col_cabinet_lab_wood_btm_plastic
material,#ei/gfx_smk_tendril_2_lit
material,#mc/t7_decal_grunge_calcium_drip_02_blend_drk
material,#hash_cf5170af30abac33
material,#hash_cf5171af30abade6
material,#hash_4f55fb0d567a6501
material,#mc/mtl_p7_zm_asc_machinery_industrial_rust
material,#mc/mtl_p7_container_cardboard_box_02_wet
material,#hash_4f5a94608153a63e
material,#mc/mtl_attach_t8_ar_fastfire_stock
material,#mc/mtl_wpn_t8_lmg_titan_sig_02_base
material,#mc/mtl_veh_t8_mil_helicopter_transport_attach_04_rubber_dirty
material,#hash_4f64e98831627265
material,#mc/mtl_p8_jnt_light_strip_hanging_modular_01
material,#hash_cf67b3678e85f969
material,#mc/mtl_p7_zm_ver_box_electric_panel_glass
material,#mc/mtl_p8_col_fishingboat_shipwrecked_beam
material,#hash_4f721a5ad7d1d04a
material,#mc/t7_wood_planks_rustic
material,#hash_cf7c39bbbe0db3c9
material,#hash_cf85674b252153d8
material,#hash_4f85d7565b7fa278
material,#hash_4f8b23dee0af2433
material,#mc/mtl_veh_t8_decal_leak_15
material,#mc/mtl_p7_wes_poker_set_top_green
material,#hash_4f955b1e507b866c
material,#hash_cf959eb214ec361d
material,#hash_cf95c0ffdd6a47bb
material,#mc/mtl_wpn_t8_sniper_power_semi_body_decals
material,#hash_4f96829bd7ca376c
material,#mc/mtl_p8_crate_metal_military_medium_decals
material,#hash_cfa0d4fbdc630ef0
material,#hash_cfa75d4725344583
material,#mc/mtl_p8_zm_esc_barbed_wire_barbs_rust
material,#mc/t7_metal_planter_top_trim
material,#mc/t7_decal_asphalt_damaged_crack
material,#hash_cfbcf35dadd19d41
material,#hash_cfbe9709ab1ea120
material,#mc/t8_dirt_rocky_03_orange_blend
material,#mc/mtl_attach_t8_smg_capacity_ext_mag_01
material,#mc/mtl_attach_t8_smg_capacity_ext_mag_02
material,#mc/mtl_attach_t8_smg_capacity_ext_mag_03
material,#mc/mtl_p7_zm_tra_billiard_vintage_cover_damaged_01
material,#mc/t7_decal_grunge_leaking_01
material,#mc/t7_decal_grunge_leaking_03
material,#wc/t7_concrete_floor_trim_01
material,#mc/mtl_p7_fir_bathroom_mirror_decals
material,#mc/t7_ra2_decal_grunge_plaster_stains_lt
material,#hash_4fd6c010b16186e2
material,#hash_4fd6c110b1618895
material,#hash_cfe436cd3d07b7f1
material,#mc/mtl_p7_water_container_plastic_small_yellow
material,#mc/mtl_veh_t8_mil_heli_attack_rotor_titanium
material,#hash_cfed8abb8f5ff861
material,#mc/mtl_veh_t8_mil_heli_light_body_front_pnt_body
material,#hash_4fef12a980af835e
material,#mc/mtl_attach_t8_ar_stealth_decals
material,#mc/mtl_p7_chalkboard_vintage_metal
material,#mc/t8_metal_paint_scratched_01_rust_drk
material,#hash_d00b0e5984bde0b6
material,#mc/mtl_t8_wpn_pistol_revolver_screen_overlay_02b_sig_02
material,#mc/mtl_wpn_t8_smg_capacity_rail_alt
material,#hash_501317cfa37fce9c
material,#mc/mtl_p7_bathtub_clawfoot_01_leg
material,#mc/mtl_eqp_t8_grenade_smoke_lever
material,#hash_501c1b60c84508d0
material,#hash_501c2060c845114f
material,#mc/mtl_wpn_t8_loot_lmg_mk48_sight
material,#hash_501d0391b3052144
material,#mc/mtl_wpn_t8_loot_lmg_mk48_bodytop_alt
material,#mc/mtl_p7_zm_asc_machinery_industrial_black_watch
material,#mc/mtl_wpn_t8_melee_hatchet_head
material,#mc/mtl_wpn_t8_loot_tac_rifle_damageburst_sights
material,#mc/mtl_p7_bottle_glass_wine_generic_white
material,#mc/mtl_veh_t8_mil_boat_tactical_raft_body_curve_02_blk
material,#hash_502c8f14bb7e77e8
material,#hash_502c9214bb7e7d01
material,#mc/mtl_attach_t8_ar_kn57_stock_01_mk2
material,#hash_502d34208ed639d4
material,#hash_502d37208ed63eed
material,#mc/t7_concrete_tiles_2x2_dirty_01
material,#hash_50349851251f47eb
material,#mc/mtl_p7_fir_targetdummy_rail_metal
material,#mc/mtl_wpn_t8_smg_fastfire_sights_alt
material,#mc/t7_ra2_stone_tile_floor
material,#mc/mtl_wpn_t8_ar_accurate_sig_01_handguard_wood
material,#mc/mtl_p8_col_oven_kitchen_02_glass
material,#mc/mtl_wpn_t8_ar_stealth_sig_01_front_handguard
material,#mc/mtl_attach_t8_smg_fastfire_barrel
material,#hash_d0494521f40ac553
material,#hash_d0494e21f40ad49e
material,#hash_d0495321f40add1d
material,#hash_5050297023bf2a75
material,#mc/mtl_wpn_t8_sig_flamethrower_lower_cloth
material,#mc/mtl_wpn_t8_tac_rifle_surgeon_upper_alt
material,#mc/mtl_p8_wz_door_01_frame_white
material,#mc/mtl_p7_medical_surgical_cart_metal_rubber_weathered
material,#mc/mtl_wpn_t8_ar_stealth_sig_02_talisman_blood
material,#mc/mtl_wpn_t8_loot_ar_standard_beam_sig_02
material,#hash_50673bef4c774d6a
material,#hash_d0679c7e5acfbb2f
material,#hash_d06f65a2536f7f94
material,#hash_5073b9b90b9a419a
material,#hash_507529fcb4728590
material,#hash_5078425337eb85d9
material,#hash_50784407872e19ed
material,#mc/mtl_wpn_t8_shotgun_pump_slide_base_mk2
material,#mc/mtl_p7_blinds_wide_clean
material,#hash_5082f0def4849b81
material,#hash_5083db4b882bd128
material,#hash_d084e02db06ed3e8
material,#mc/mtl_p8_col_ship_interior_fire_control_console_glass
material,#hash_5086c87911fce8ec
material,#hash_50881973a19d6a20
material,#hash_5089a1eab1cd9ead
material,#hash_5089f2133a840c43
material,#hash_508afd48c792a9c7
material,#mc/mtl_p7_jun_foliage_bush_bark
material,#hash_5099fc222ece9f44
material,#hash_5099ff222ecea45d
material,#mc/mtl_attach_t8_smg_fastfire_dbal_02
material,#mc/mtl_attach_t8_smg_fastfire_dbal_01
material,#mc/mtl_p7_wes_container_vintage_cup_dirt
material,#hash_50a0f5d2961fcd09
material,#hash_d0a723b02772060b
material,#hash_d0ae248705b449db
material,#hash_d0ae258705b44b8e
material,#mc/mtl_p8_zm_esc_table_wood_lrg_wood_change
material,#hash_d0b1757466ee6b82
material,#mc/t7_metal_gunmetal_02_grey_med
material,#hash_50b2d295b965c8a2
material,#mc/bullet_collision_paintedmetal
material,#hash_50be2a9d017c1755
material,#hash_d0c06088bebd732b
material,#hash_d0c065ba77581fe0
material,#hash_50c3ff1bef88c279
material,#hash_d0c52c4225558edb
material,#hash_d0c5a7b64c355664
material,#hash_50c7494a9dd8db45
material,#mc/mtl_wpn_t8_loot_sniper_mini14_scope_base_stand_alt
material,#hash_50d587e03cd10bb3
material,#mc/mtl_p8_wz_foliage_bush_coyote_a_dry
material,#hash_d0dbc43a47864e90
material,#hash_d0dbc73a478653a9
material,#hash_d0e1eccd6272b5f5
material,#hash_d0e3c1dd0250e054
material,#hash_50e61c242c44b106
material,#mc/mtl_wpn_t8_sniper_koshka_screen
material,#hash_50ef5849b7d79794
material,#hash_50ef5b49b7d79cad
material,#mc/mtl_wpn_t8_ar_galil_bolt_base
material,#mc/mtl_p8_wz_supply_stash_ammo
material,#hash_d105678f3560f023
material,#hash_510ecaeb61868721
material,#hash_511009efaa3cfa31
material,#hash_51100aefaa3cfbe4
material,#hash_51100befaa3cfd97
material,#hash_51100cefaa3cff4a
material,#mc/mtl_p7_foliage_flower_bougainvillea_stem
material,#mc/mtl_p8_generator_open_01_decal_impact
material,#hash_512c904d41baca28
material,#hash_d12ca89abaa08721
material,#hash_51336b210cb182ab
material,#hash_51336c210cb1845e
material,#hash_51336d210cb18611
material,#hash_51336e210cb187c4
material,#hash_51336f210cb18977
material,#hash_513370210cb18b2a
material,#hash_513d5c49047c9359
material,#hash_5141f2138f473c7b
material,#hash_5146a974db31f19d
material,#mc/mtl_wpn_t8_lmg_titan_sig_02_mag
material,#hash_d15474ea787b3391
material,#hash_d16097c90cf56867
material,#hash_516665c88b35b584
material,#mc/mtl_p7_wes_hanging_lantern
material,#mc/mtl_wpn_t8_lmg_titan_iron_sights_front_alt
material,#mc/t8_decal_tech_detail_line_trim_03
material,#mc/mtl_p7_slu_light_switch_plastic_decal
material,#mc/mtl_p8_col_oven_kitchen_02_light
material,#hash_516e11d275962564
material,#mc/t8_decal_tech_detail_panel_01_drk
material,#mc/mtl_p7_inf_toilet_vintage_metal
material,#mc/mtl_wpn_t8_ar_kn57_bullet
material,#mc/mtl_t8_wpn_smg_accurate_stock_sig_01_alt
material,#hash_d18741635af666a2
material,#mc/mtl_t8_loot_wpn_smg_folding_charging_handle_mk2
material,#hash_518cc5c69732e7d5
material,#mc/t7_ban_metal_rust_corrosion
material,#mc/mtl_attach_t8_ar_galil_handle_alt
material,#mc/mtl_p8_pipe_metal_hp_4_01_metal
material,#mc/mtl_wpn_t8_pistol_burst_hammer
material,#hash_51945d9838d55b39
material,#hash_5195fa28c5324cd4
material,#hash_51994988ea7a5786
material,#mc/mtl_p7_slu_light_switch_plastic_dmg
material,#mc/mtl_p8_stage_podium_wood_01
material,#hash_519b5927f430a313
material,#hash_519e81d3a2c14ae0
material,#hash_d1a0c35b95f9805f
material,#mc/mtl_wpn_t8_tac_rifle_surgeon_decals
material,#hash_d1aa7a0e738316c6
material,#mc/t7_metal_beam_trim_01_gray
material,#mc/mtl_wpn_t8_sniper_powersemi_blood_sig_02_nodraw
material,#hash_51b2d1aca30b82b5
material,#mc/mtl_p8_wz_supply_stash_decal_medical
material,#mc/mtl_wpn_t8_eqp_smartcover_wall_lrg_frnt
material,#mc/mtl_p8_wep_cargo_container_military_rubber
material,#hash_51b9c0a0b4bb02ee
material,#mc/mtl_wpn_t8_loot_shotgun_fullauto_stockframe_sig
material,#hash_51bd2ae6fd863b59
material,#hash_51c01d6543896386
material,#mc/mtl_p8_crate_metal_military_medium_decals_yellow
material,#mc/mtl_veh_t8_drone_rcxd_radio_smooth
material,#mc/mtl_p8_zm_esc_power_station_panel_set_decal
material,#mc/mtl_p8_zm_esc_rubble_pile_bricks_01
material,#mc/mtl_wpn_t8_ar_fastfire_base_alt
material,#mc/mtl_p8_zm_esc_box_cardboard_c_open02_damaged
material,#mc/mtl_p8_col_military_ship_hull_panel_rusted
material,#mc/mtl_p7_barrier_block_concrete_rusty
material,#hash_51d7a452beb4c00d
material,#mc/mtl_wpn_t8_ar_accurate_handguard_alt
material,#mc/mtl_p8_zm_esc_pipe_metal_dark_03
material,#mc/mtl_p8_zm_esc_pipe_metal_dark_02
material,#hash_d1f5ad477f47b127
material,#hash_51f8ede72decd847
material,#mc/mtl_wpn_t8_zm_monkey_light
material,#hash_52032b9e4888e66c
material,#mc/t8_decal_tech_detail_low_tech_15_normal
material,#mc/mtl_wpn_t8_loot_shotgun_fullauto_sights_alt
material,#mc/mtl_veh_t8_mil_heli_light_body_rear_pnt_body_02
material,#hash_d20d2e7108b4f816
material,#mc/mtl_p7_zm_kin_table_wood_dining_oval_wood_01
material,#mc/t7_decal_grunge_water_puddle_blend
material,#hash_52146424caed4552
material,#mc/mtl_wpn_t8_tac_rifle_surgeon_lower_alt
material,#hash_d2157670fe9cc858
material,#mc/mtl_p7_zm_ctl_typewriter_vintage_decal01
material,#mc/mtl_p7_zm_ctl_typewriter_vintage_decal02
material,#mc/mtl_p7_stepladder
material,#hash_521ea9586ef4e00c
material,#hash_52227a32d236f86b
material,#mc/mtl_p8_col_generator_garage_set_decal_logo_red
material,#mc/mtl_p7_vent_metal_dampers
material,#hash_52317f13a025073f
material,#mc/mtl_p7_door_handle_chrome_01
material,#hash_52381d9396d52f28
material,#mc/mtl_p8_zm_esc_security_console_decal_button_number
material,#hash_523d42d50f4dab5d
material,#mc/mtl_veh_t8_mil_heli_attack_rotor_steel
material,#hash_524396a3e5472efc
material,#hash_5248433035163b9b
material,#hash_524c271ca33b5978
material,#hash_524c2a1ca33b5e91
material,#mc/mtl_p7_tent_military_straps_01
material,#hash_d24fa54ad3b210c6
material,#hash_d259178ef4354d6b
material,#hash_d262413908353064
material,#hash_d262d3d5ffe29040
material,#mc/mtl_p8_zm_esc_cloth_pile_01_decal
material,#mc/mtl_p7_conduit_metal_outlets
material,#mc/mtl_p7_mou_light_cage_set_glass
material,#mc/mtl_wpn_t8_pistol_standard_sights_base
material,#hash_d275156e1e60bb33
material,#mc/t7_metal_trim_rivets_01_copper
material,#mc/t7_decal_grunge_wall_stain_01
material,#mc/mtl_wpn_t8_loot_shotgun_fullauto_stock_alt_sig
material,#hash_5286bf204f5b0422
material,#hash_5288a23f44401776
material,#hash_d28a7b41214c4a32
material,#mc/mtl_p6_ver_janitor_bucketmop
material,#mc/mtl_wpn_t8_loot_melee_coinbag_coins
material,#hash_d293fc671967b1cd
material,#mc/mtl_p8_foliage_grass_blades_tall_set_b_dry
material,#mc/mtl_wpn_t8_loot_ar_double_tap_handguard
material,#hash_d2a184cbfbcc8ff2
material,#mc/mtl_p8_zm_zod_glass_third_class_berths_set_decal
material,#hash_d2a475e3c0619b71
material,#hash_d2a47b36e82ce483
material,#hash_d2a47c36e82ce636
material,#hash_52a86df5b0dc689b
material,#hash_d2a8ce4921530426
material,#hash_52ab567fc927bf41
material,#hash_52ae343e8eb851e2
material,#mc/t7_decal_damage_paint_peeling_thick_dirty_blue
material,#mc/mtl_p7_roof_vents_02_paper_grey_dk
material,#mc/t8_decal_tech_detail_low_tech_09_normal
material,#hash_d2b7c7caa72b6ab4
material,#ei/gfx_light_laser_trophy_em
material,#mc/mtl_veh_t8_mil_heli_light_int_steel
material,#hash_52bf9abade9c5dde
material,#mc/mtl_p7_corrugated_sheet_metal_rust_dmg
material,#mc/mtl_p7_pipe_metal_hp_12_valve_01_red
material,#hash_d2cb301e5012dc42
material,#mc/mtl_t8_wpn_pistol_auto_body_mk2
material,#hash_52cfbd36ab765041
material,#mc/mtl_attach_t8_smg_mp9_bolt
material,#mc/mtl_wpn_t8_tac_rifle_swordfish_sig02_stock
material,#hash_52e0799783ec882c
material,#hash_52e07b9783ec8b92
material,#hash_52e07c9783ec8d45
material,#mc/mtl_wpn_t8_sniper_vanguard_scope_back_v2_alt
material,#mc/bullet_collision_glasscar
material,#mc/mtl_p8_lab_tech_rack_metal_02
material,#hash_52e705c7a2e447c2
material,#hash_52e7da220a29422c
material,#hash_d2ed73f3d04ae902
material,#hash_52ee35d05a1a595f
material,#hash_d2f66f33526fb9fb
material,#mc/mtl_wpn_t8_ar_heavy_barrel_base
material,#hash_52fa86f6ade2b6e4
material,#hash_d2fcadbe96b938c9
material,#hash_d302f43b2e22a52c
material,#mc/mtl_p8_zm_esc_jumbled_electrical_wire_line
material,#hash_5308de3e49ae5d9b
material,#hash_d3093ac4a06a1219
material,#mc/mtl_p7_wes_table_endtable_wood_01_decal
material,#hash_d30ecb6094ec1b59
material,#hash_d3107931ff6b5033
material,#hash_53123fa1558e6d89
material,#mc/mtl_veh_t8_mil_boat_tactical_raft_engine_details_metal
material,#mc/mtl_p7_barrier_block_concrete_long_decal01
material,#hash_531b052cc54f4bc6
material,#mc/mtl_t8_wpn_loot_smg_folding_quickdraw_01
material,#mc/mtl_t8_wpn_loot_smg_folding_quickdraw_02
material,#hash_d31caffcbf82bfc9
material,#hash_5322be85645a6f18
material,#mc/mtl_p7_debris_wood_lath_splinters
material,#hash_d326f4b10ed42f9b
material,#wc/t7_decal_damage_plaster_tile_01
material,#hash_532d7ec83f2ac903
material,#hash_532ec609becc25a0
material,#hash_532ec909becc2ab9
material,#mc/t8_plywood_particleboard_01
material,#hash_d32ef5c1c3cd3c20
material,#hash_d32f55c3ba4b93cb
material,#hash_d33073c397cad20c
material,#hash_d3317a6f3f43e2ef
material,#hash_5332dfe5012c756f
material,#mc/mtl_wpn_t8_loot_smg_vmp_base
material,#hash_533d7c4d370f54b6
material,#hash_533d7d4d370f5669
material,#hash_533d7e4d370f581c
material,#hash_533d7f4d370f59cf
material,#hash_533d804d370f5b82
material,#hash_53438d4f0f15ee92
material,#hash_534775e48b40adf7
material,#hash_d34a84e99557827b
material,#hash_d34a85e99557842e
material,#hash_534ae73a7ceddfa3
material,#mc/t8_decal_graphics_signage_ice_warning_shock_01
material,#mc/mtl_p8_col_sprinkler_metal_glass
material,#hash_d3540c3ac54e795b
material,#mc/mtl_attach_t8_optic_mms_hood
material,#mc/t8_graphics_nitrogen_cylinder_labels_05
material,#mc/t8_graphics_nitrogen_cylinder_labels_04
material,#mc/t8_graphics_nitrogen_cylinder_labels_06
material,#mc/t8_graphics_nitrogen_cylinder_labels_01
material,#mc/t8_graphics_nitrogen_cylinder_labels_03
material,#mc/t8_graphics_nitrogen_cylinder_labels_02
material,#hash_5372ecec86a72634
material,#hash_537592888be600ac
material,#hash_d381f2a4f35c73cb
material,#hash_5384545d7490821c
material,#hash_d385e5b946c6d84d
material,#mc/mtl_wpn_t8_tac_rifle_surgeon_lower_1
material,#mc/t8_decal_tech_detail_line_trim_04_normal
material,#mc/mtl_p7_electrical_box_set2_boxes
material,#hash_5395ae346f9f08e9
material,#mc/t7_wood_plywood_trim_dirty
material,#mc/mtl_t8_wpn_lmg_heavy_stock
material,#mc/t8_metal_weld_painted_01_normal
material,#hash_d39b4f1043f77e67
material,#hash_d39b7e2d6536687e
material,#hash_d39bfe791cf7a3cc
material,#hash_d39c01791cf7a8e5
material,#mc/mtl_p8_usa_submarine_interior_periscope_glass
material,#mc/mtl_veh_t8_mil_boat_tactical_raft_hull_gry
material,#hash_d3a5877b17ddbca3
material,#hash_d3a5887b17ddbe56
material,#hash_d3a5a518d54568d4
material,#mc/mtl_p7_mou_electrical_panel_set_parts
material,#mc/mtl_attach_wpn_t8_loot_pistol_auto_stock_alt
material,#mc/mtl_wpn_t8_shotgun_semi_strap_sig_02
material,#hash_d3b0d6c6f8910604
material,#mc/mtl_p8_zm_esc_power_house_tank_valve
material,#hash_d3b5794873b6f3c7
material,#hash_53b5cf0ba1f7d327
material,#mc/mtl_p7_pipe_metal_hp_4_01_yellow
material,#mc/mtl_wpn_t8_sniper_koshka_muzzle
material,#mc/mtl_wpn_t8_lmg_hades_snake_decals
material,#mc/mtl_wpn_t8_loot_lmg_mk48_decal
material,#hash_53c4c34ee44e1317
material,#mc/mtl_wpn_t8_ar_accurate_sig_01_stock
material,#hash_53c4e2cc7e568b23
material,#mc/t7_brick_irregular_worn_02_light
material,#hash_d3c74b54efb85786
material,#mc/mtl_wpn_t8_eqp_datapad_screen_backing
material,#hash_53c8772ce3e052b0
material,#hash_53c8792ce3e05616
material,#hash_53c87a2ce3e057c9
material,#hash_53c87b2ce3e0597c
material,#hash_53c87c2ce3e05b2f
material,#hash_53c87e2ce3e05e95
material,#mc/mtl_c_t8_mp_spe_armor_medium2
material,#vd/gfx_decal_blood_nonfatal_02
material,#vd/gfx_decal_blood_nonfatal_01
material,#hash_53cdc3c7fce914b0
material,#hash_d3d3b55a821eb560
material,#hash_d3d3ff5992fbb947
material,#mc/mtl_wpn_t8_loot_lmg_mk48_handguard
material,#mc/t8_decal_graphics_signage_usa_sub_hazard_danger_01
material,#mc/t8_decal_graphics_signage_usa_sub_hazard_danger_02
material,#mc/mtl_t8_wpn_smg_accurate_sling_loop_sig_01
material,#mc/mtl_t8_wpn_smg_accurate_sling_loop_sig_02
material,#hash_d3de367fad677191
material,#mc/mtl_wpn_t8_launcher_standard_canvas_body_secure
material,#hash_53e46069671e15dc
material,#hash_d3e7511524d54814
material,#mc/mtl_p7_dock_wood_rustic_set_decal_03
material,#mc/mtl_p7_dock_wood_rustic_set_decal_06
material,#mc/mtl_p7_dock_wood_rustic_set_decal_05
material,#hash_53f344eb1f9c7b45
material,#hash_d3f372da6c877780
material,#hash_d3f373da6c877933
material,#mc/mtl_p8_chi_rooftop_generator_box_base_04
material,#mc/mtl_p8_chi_rooftop_generator_box_base_01
material,#mc/mtl_p8_chi_rooftop_generator_box_base_02
material,#mc/mtl_p8_chi_rooftop_generator_box_base_03
material,#hash_53f9e5db877479bf
material,#hash_53fb4aa57ac4137b
material,#hash_53ff11c039c48522
material,#hash_54024e0941067341
material,#hash_5407e56ca31070b6
material,#ei/gfx_spark_omni_em
material,#mc/mtl_wpn_t8_smg_capacity_entry_burn_sig_02_nodraw
material,#hash_5417845b0d6ef536
material,#hash_541852e9085364c3
material,#mc/mtl_wpn_t8_ar_stealth_handguard_mk2
material,#mc/mtl_attach_t8_smg_capacity_grip_alt
material,#mc/mtl_p7_signage_metal_exit
material,#mc/mtl_wpn_t8_sniper_koshka_bolt
material,#mc/mtl_veh_t8_drone_rcxd_camera_dirty
material,#hash_d421744917089445
material,#hash_5423515b1da88c19
material,#hash_54262672203fc88a
material,#hash_5428cae73987c106
material,#hash_542ae26759aeed3e
material,#hash_542ca9e2c1df0a9e
material,#mc/mtl_p8_col_table_cafeteria_folding_set_metal
material,#mc/mtl_fx_char_gib_chunks
material,#hash_d434ce170647529c
material,#hash_d434d117064757b5
material,#mc/mtl_p7_hazmat_suit
material,#hash_d43ff84c2d0459be
material,#mc/mtl_p7_zm_tra_tank_chemical_mian
material,#mc/mtl_wpn_t8_smg_capacity_sights_base
material,#hash_d44c537f5736e37a
material,#hash_d44d82ab59ea3293
material,#mc/mtl_p7_fxanim_gp_tarp_blue_striped_01_s3
material,#mc/mtl_p8_printer_machine_back_decal_grunge_04
material,#mc/mtl_p8_zm_esc_gondola_bolt
material,#mc/mtl_p7_slu_sofa_dmg_sponge
material,#mc/mtl_wpn_t8_ar_damage_lower_handguard_sig_01
material,#hash_5452b9252466f14a
material,#mc/mtl_p8_zm_zod_shelf_locker_provisions_iron
material,#hash_d4580ce303ad13de
material,#hash_545b9c7d73b61a18
material,#hash_d45d08ba243a0aaf
material,#mc/mtl_p8_zm_esc_cell_door_set_01_rust
material,#hash_d45fba7744e91c9c
material,#mc/t7_aqu_decal_signage_floor_marking_01
material,#hash_5466f06414723874
material,#hash_5466f36414723d8d
material,#hash_54670fa7eb29cfee
material,#hash_546713a7eb29d6ba
material,#mc/mtl_attach_t8_loot_sniper_semiauto_foregrip
material,#hash_546a87b85fe0115f
material,#mc/mtl_p8_cable_wires_01_blue
material,#hash_d46c5ff3e6a6922d
material,#mc/mtl_p8_zm_esc_security_console_decal_bolt
material,#hash_d46ef7df9ab1a67e
material,#hash_d4710bafa57b1438
material,#hash_5471ccb2f5eff8b2
material,#hash_d47455b001b7d608
material,#mc/mtl_wpn_t8_launcher_standard_body_front_alt
material,#hash_d4790eba475c69f1
material,#mc/mtl_p7_zm_kin_bed_antique_pattern
material,#mc/mtl_wpn_t8_loot_lmg_mk48_decal_display
material,#mc/t8_concrete_trim_slab_side_01
material,#mc/mtl_p8_wz_foliage_bush_creosote_02_dry_proxy_tiled
material,#hash_54803a2a52c007fa
material,#hash_5482f0387675a0e3
material,#hash_d486112761315aa9
material,#mc/mtl_wpn_t8_lmg_titan_handle
material,#mc/bullet_collision_riotshield
material,#hash_54895057868da98b
material,#hash_d4896328ec00d6cd
material,#mc/mtl_wpn_t8_ar_modular_stock_connector_sig_01
material,#mc/mtl_wpn_t8_ar_modular_stock_connector_sig_03
material,#hash_d48a7be4902847da
material,#hash_548a9a1e7c74f596
material,#hash_548d2b5ba4fac303
material,#mc/mtl_p8_kit_zt8_gal_02_table_narl
material,#mc/t7_decal_foliage_ivy_vine_dense
material,#mc/t7_decal_grunge_calcium_drip_02_blend_rust
material,#mc/mtl_veh_t8_mil_heli_light_body_front_pnt_blk
material,#hash_d4a77e991c4ae99d
material,#hash_d4ab5a8af0bcd730
material,#hash_d4abcb671249022b
material,#mc/mtl_p7_zm_mob_window_bars
material,#hash_d4b3094fae3bb603
material,#mc/mtl_p7_door_frame_metal_industrial_02_white
material,#mc/mtl_wpn_t8_sniper_vanguard_handle_v2_red_mk2
material,#mc/mtl_veh_t8_decal_caution_new_yellow
material,#mc/t8_decal_tech_detail_line_00
material,#mc/mtl_attach_t8_loot_ar_peacekeeper_ext_mag_alt
material,#mc/mtl_c_t8_zmb_mob_zombie_body1_rightleg_patch
material,#mc/mtl_wpn_t8_shotgun_pump_receiver_base_mk2
material,#hash_d4cc35cdf3962e4e
material,#mc/mtl_p8_box_cardboard_b_closed_wet
material,#mc/t7_wes_wood_wall_siding_01_white
material,#mc/mtl_p8_col_conveyor_unit_metal_scratch
material,#hash_54d43f1547c92b58
material,#mc/mtl_attach_t8_loot_sniper_semiauto_fast_mag
material,#mc/mtl_t8_wpn_pistol_auto_fmj
material,#mc/mtl_p8_zm_esc_medical_surgical_tools_knife
material,#mc/mtl_p7_monitor_rugged_military_screen_dmg
material,#hash_54ea7b4db6034f64
material,#mc/mtl_p7_zm_ctl_light_cage_wall_metal
material,#mc/mtl_wpn_t8_eqp_datapad_decals
material,#hash_d4ed14cb02076617
material,#hash_d4ed9d2d568f448a
material,#mc/mtl_t8_wpn_pistol_revolver_fluorescent_sig_02
material,#hash_d4fa1a9bef855f25
material,#hash_54fe301b39f584af
material,#hash_5505bebf7c6ad796
material,#mc/mtl_wpn_t8_eqp_smartcover_decals10
material,#mc/mtl_wpn_t8_eqp_smartcover_decals11
material,#mc/mtl_wpn_t8_eqp_smartcover_decals09
material,#mc/mtl_wpn_t8_eqp_smartcover_decals08
material,#mc/mtl_wpn_t8_eqp_smartcover_decals03
material,#mc/mtl_wpn_t8_eqp_smartcover_decals02
material,#mc/mtl_wpn_t8_eqp_smartcover_decals05
material,#mc/mtl_wpn_t8_eqp_smartcover_decals04
material,#mc/mtl_wpn_t8_eqp_smartcover_decals07
material,#mc/mtl_wpn_t8_eqp_smartcover_decals06
material,#hash_d50d42abcd05cba9
material,#mc/mtl_p7_food_shop_item_metal
material,#mc/mtl_wpn_t8_loot_shotgun_fullauto_mag_alt
material,#hash_551524413d062364
material,#mc/mtl_veh_t8_drone_rcxd_suspension_brass
material,#mc/mtl_wpn_t8_shotgun_semi_screws
material,#mc/mtl_wpn_t8_shotgun_pump_sig_01_decal
material,#mc/mtl_p7_mou_electric_switch_decal_metal_01
material,#hash_d522efb97d0dae8f
material,#hash_d522f0b97d0db042
material,#mc/mtl_p8_zm_esc_windows_glass_01_bloody_02
material,#mc/mtl_p8_zm_esc_windows_glass_01_bloody_01
material,#hash_552970d0f2aad5c2
material,#hash_5529f55ff4b0a8bd
material,#mc/mtl_p7_light_fixture_led_ceiling_01_dmg
material,#mc/mtl_attach_t8_pistol_standard_suppressor
material,#mc/mtl_wpn_t8_crossbow_arms_base
material,#hash_d530da0f55d86a61
material,#mc/mtl_t8_wpn_lmg_heavy_clip_alt
material,#vd/gfx_decal_blood_fatal_01
material,#vd/gfx_decal_blood_fatal_02
material,#mc/mtl_skybox_default_black
material,#mc/mtl_veh_t8_mil_heli_light_belt_polyester
material,#hash_d54f4a3ae3b96f55
material,#mc/mtl_p7_pipe_metal_hp_12_support_bare
material,#hash_55522a61c26c303a
material,#mc/mtl_wpn_t8_zm_eqp_acid_bomb_button
material,#hash_d55af7d61d22f89c
material,#hash_d55afad61d22fdb5
material,#mc/mtl_p7_zm_sta_newspaper_folded
material,#hash_d56233d6551c1c28
material,#hash_5562aeaa472d86b9
material,#hash_556718255a4baf39
material,#hash_556c7193e345fa7b
material,#mc/mtl_p7_debris_plaster_rubble_med_01
material,#mc/mtl_p7_debris_plaster_rubble_med_02
material,#mc/mtl_p7_debris_plaster_rubble_med_03
material,#hash_55748c2e1cd51841
material,#mc/mtl_p8_zm_zod_mail_sorting_metal_green
material,#mc/mtl_wpn_t8_shotgun_pump_sig_02_decal
material,#mc/mtl_fx_dest_atlas
material,#mc/mtl_p7_coffee_table_wood_02_decals
material,#mc/mtl_p8_col_radar_dirty_med_grey_baseplastic
material,#mc/mtl_p8_zm_esc_electrical_wire_torn_dirt
material,#mc/t8_zm_esc_ground_plate_metal_01_decal
material,#hash_d595c94430266a30
material,#mc/mtl_p7_zm_mob_door_frame_security
material,#mc/mtl_p8_zm_esc_power_house_door_metal_rolling_black
material,#hash_d59e14c967faa844
material,#hash_d5a02801ec04cde4
material,#hash_55a26372ebb92ea1
material,#hash_d5a591ca6ee613c5
material,#mc/mtl_wpn_t8_smg_capacity_barrel_base
material,#mc/mtl_wpn_t8_smg_capacity_handguard_base
material,#mcs/t7_metal_bare_iron_brushed_2
material,#hash_d5b31360bf76261d
material,#ei/gfx_light_blink_anim_em
material,#mc/mtl_p7_cai_ceiling_fan_metal
material,#mc/mtl_t8_loot_wpn_smg_folding_shroud
material,#hash_d5c14199cac3bf01
material,#mc/mtl_attach_t7_shotty_prec_barrel_01
material,#hash_55c4589cf4084a1b
material,#mc/mtl_p7_medical_surgical_tools_syringe
material,#hash_55c87f5f16de4d77
material,#mc/mtl_attach_t8_optic_holo_decal_1
material,#hash_d5d1b3ebf88cf823
material,#hash_55d7652f4cf2a15a
material,#mc/mtl_attach_t8_ar_heavy_rail
material,#hash_55e07563d12c4864
material,#hash_d5e14f88d6f6f1ea
material,#hash_d5e65987685c7bb1
material,#hash_55e6eed698bb06d4
material,#mc/bullet_collision_metal
material,#mc/mtl_wpn_t8_ar_accurate_sig_02_barrel
material,#hash_55f0351481eb04a4
material,#hash_55f54fe683f1abe4
material,#mc/mtl_t8_wpn_lmg_heavy_frame
material,#mc/mtl_wpn_t8_lmg_heavy_grip_sig_02
material,#mc/mtl_wpn_t8_loot_ar_peacekeeper_handstop_base
material,#mc/mtl_wpn_t8_sniper_power_semi_stock_mount
material,#hash_d60dab011620cfae
material,#hash_560ec616e65acdc3
material,#mc/mtl_wpn_t8_loot_smg_burst_grip_mk2
material,#hash_56140dca432fef1f
material,#hash_561c09effa2b1d92
material,#vdd/gfx_decal_bullet_metal_03
material,#vdd/gfx_decal_bullet_metal_02
material,#vdd/gfx_decal_bullet_metal_01
material,#mc/mtl_p8_zm_esc_crate_wood_sml_tear
material,#hash_d62ff3c5534c2e39
material,#hash_56320c4007fc930f
material,#hash_d633c1e3324091d1
material,#mc/mtl_c_zom_der_zombie_hound_body
material,#hash_563db21c4997cd20
material,#hash_d644f7bf1fd371dc
material,#hash_d644f9bf1fd37542
material,#hash_d644fabf1fd376f5
material,#mc/mtl_wpn_t8_smg_fastfire_handguard_02_mk2
material,#hash_d64a10572604a0ed
material,#hash_d64a79456b1d083e
material,#hash_d64ba4554b4b6501
material,#mc/mtl_c_t8_mp_spe_armor_rivets
material,#mc/mtl_p7_slu_trash_bag_standing_plastic01_yellow
material,#vd/gfx_decal_bullet_dirt_01
material,#hash_565b1a9bc2bfddd3
material,#mc/mtl_veh_t8_drone_rcxd_body_lower_paint
material,#mc/mtl_wpn_t8_ar_accurate_sig_01_mag_alt
material,#mc/mtl_p8_zm_zod_toilet_first_class_bathroom_paper
material,#hash_565d4a835fd50d35
material,#mc/mtl_wpn_t8_loot_ar_an94_base01
material,#mc/mtl_wpn_t8_loot_ar_an94_base02
material,#mc/t8_decal_tech_detail_panel_03_drk
material,#hash_566be772a20769bb
material,#hash_566ee64fa8ec5dff
material,#mc/mtl_wpn_t8_sniper_vanguard_cheekrest_v2
material,#mc/mtl_wpn_t8_eqp_semtex_cluster_bombs
material,#hash_567adcae0d8e7c4f
material,#mc/t7_zm_shi_wood_planks_rustic_worn
material,#hash_56826ffaa0249851
material,#mc/mtl_p8_military_electronics_case_handle_locks_01_metal
material,#hash_568d156f4123dbdd
material,#mc/mtl_p7_wes_desk_wood_vintage_handle
material,#mc/mtl_t8_camo_dlc3_assassin
material,#mc/mtl_eqp_t8_grenade_frag_lever
material,#mc/mtl_wpn_t8_crossbow_decals
material,#mc/mtl_attach_t8_lmg_heavy_barrel
material,#mc/mtl_veh_t8_mil_heli_light_body_rear_pnt_body
material,#hash_56a7058b803c45bb
material,#hash_56a73c2b488f6384
material,#mc/mtl_wpn_t8_loot_ar_an94_stock_base
material,#hash_56a886c15f7d2c2a
material,#hash_56a95aae22b27193
material,#hash_d6a988685a9d47d6
material,#hash_56addaad44e590ed
material,#hash_56ae8171cf0c19fa
material,#mc/mtl_p8_chi_beam_roof_metal_rust_02
material,#mc/mtl_p8_usa_submarine_interior_consoles_details_gauge_03
material,#mc/mtl_p8_usa_submarine_interior_consoles_details_gauge_02
material,#mc/mtl_p8_usa_submarine_interior_consoles_details_gauge_01
material,#mc/mtl_p8_usa_submarine_interior_consoles_details_gauge_05
material,#mc/mtl_p8_usa_submarine_interior_consoles_details_gauge_04
material,#mc/mtl_p7_fishing_nets_set
material,#hash_56b4e428591f4082
material,#hash_d6b7d2bed3f8a3a0
material,#hash_56ba0c636fc9d5ca
material,#hash_56ba22d722c19278
material,#hash_d6bb3d71894e9005
material,#mc/mtl_p8_zm_zod_toilet_first_class_bathroom_paper_decal_02
material,#hash_56bc38f70e7359a5
material,#hash_56bdf4e8d91dad03
material,#hash_56be38704de3902d
material,#hash_56c0c508f68a8934
material,#hash_56c10d529ad09744
material,#hash_d6c2e991bb9aded8
material,#mc/t8_decal_tech_detail_low_tech_11_normal
material,#mc/mtl_p7_debris_concrete_rubble_med_01_warm
material,#ei/gfx_exp_alpha_anim_em
material,#mc/mtl_wpn_t8_zm_raygun_metal
material,#mc/t7_decal_grunge_ceiling_water_stain
material,#hash_d6d0bdc512afc148
material,#mc/mtl_wpn_t8_ar_stealth_sig_02_upper_receiver_right
material,#hash_56d7a16664660d82
material,#hash_56df920f528c5a1c
material,#hash_56e21336607588a7
material,#hash_56e28ac17014d4b4
material,#hash_56e28dc17014d9cd
material,#mc/mtl_attach_wpn_t8_loot_pistol_auto_fmj
material,#mc/mtl_wpn_t8_lmg_titan_sig_01_grip
material,#hash_56e6fd37481ba986
material,#mc/mtl_p7_foliage_flower_bouquet_glass_dead
material,#hash_56eaf7a98d0618a4
material,#hash_56eafaa98d061dbd
material,#hash_56ec69a6abd36347
material,#hash_d6efa5e0e90ea78b
material,#hash_d6f260c658807971
material,#hash_56f2d97979fd4c44
material,#hash_56f45660e07f3d13
material,#hash_d6f764d2c658f3c1
material,#hash_56f8837a4ade79f1
material,#mc/mtl_attach_t8_smg_fastfire_ext_fast_mag_alt
material,#mc/mtl_wpn_t8_loot_ar_an94_mount_base
material,#mc/mtl_wpn_t8_ar_stealth_sig_02_barrel
material,#hash_570ced6197673cdd
material,#hash_570daaded8778958
material,#hash_570dacded8778cbe
material,#hash_570dadded8778e71
material,#mc/mtl_p7_zm_kin_chair_club_wood
material,#mc/t8_zm_esc_wire_fence_metal
material,#mc/mtl_p8_towels_folded_rack
material,#hash_571a3c9d5ba9f2e7
material,#hash_d71e4ca9f073ac86
material,#hash_572053a870054e24
material,#hash_5723a73b8ff15fab
material,#mc/mtl_p8_ladder_metal_secured_01_painted_blend
material,#hash_d72cad1f52e9d550
material,#mc/mtl_wpn_t8_smg_fastfire_sights
material,#hash_5733e14f727ce5fb
material,#hash_573450f1b1906cb2
material,#hash_5735fa7e95e0acd2
material,#hash_57376dd0c0aa1bf4
material,#vdd/gfx_decal_default_01
material,#hash_57383c293019c376
material,#mc/mtl_attach_t8_loot_sniper_mini14_stock_alt
material,#hash_57473812a59f08e8
material,#mc/mtl_wpn_t8_sniper_vanguard_magwell_v2
material,#mc/mtl_wpn_t8_ar_heavy_fmj_base_mk2
material,#mc/mtl_p7_electrical_box_tall_trim_bare
material,#mc/mtl_attach_t8_loot_sniper_locus_bolt_01_alt
material,#mc/mtl_p7_zm_ctl_light_cage_wall_glass
material,#mc/t8_metal_bare_brushed_copper
material,#mc/mtl_veh_t8_mil_boat_tactical_raft_engine_details_metal_decal
material,#mc/mtl_wpn_t8_crossbow_stock_base
material,#mc/mtl_p8_zm_esc_tools_pliers
material,#mc/mtl_p8_zm_esc_light_cord
material,#mc/mtl_wpn_t8_smg_capacity_bolt_base
material,#mc/mtl_p7_signage_caution_back_01
material,#el/gfx_distort_trail_tracer
material,#mc/mtl_wpn_t8_loot_ar_peacekeeper_handguard_base
material,#hash_57740c0016cd39d5
material,#mc/mtl_p8_zm_esc_candle_small_melt_on
material,#hash_d77a585e1a74892d
material,#mc/mtl_veh_t8_mil_air_gunship_interior
material,#mc/mtl_wpn_t7_shotty_prec_sights_front_base
material,#mc/mtl_veh_t8_mil_boat_tactical_raft_body_curve_01_b_blk
material,#mc/mtl_attach_t8_smg_handling_fastmag
material,#mc/mtl_veh_t8_drone_rcxd_flashlight_dirty
material,#mc/mtl_wpn_t8_tac_rifle_swordfish_carry_handle_alt_mk2
material,#mc/t8_micro_wood_ply_03_drk
material,#mc/mtl_wpn_t8_loot_sniper_locus_mag_alt
material,#hash_d79015ca037f25e9
material,#hash_d79214497ee5ef64
material,#hash_d79279ae2cbd9fa9
material,#hash_d793edb5d98c54dc
material,#hash_579706b6a7a476ba
material,#mc/mtl_p7_fir_light_industrial_metal_black
material,#hash_57a3aba74b8c1316
material,#hash_57ac68700fe87aea
material,#hash_57acc56803bfcc03
material,#mc/mtl_wpn_t8_ar_kn57_sights_alt_mk2
material,#mc/mtl_p7_cash_register_vintage_paster
material,#hash_57b3821c70f9a67a
material,#mc/mtl_p8_debris_concrete_rubble_01_scatter_wet
material,#hash_57b8cf51ff34f663
material,#hash_57b8ef7e3f2a9a8a
material,#hash_57bd14832f42bdda
material,#mc/mtl_wpn_t8_shotgun_pump_reciever_rail_base_mk2
material,#hash_57bdbda2744b386f
material,#hash_d7bf9498ec257a20
material,#hash_d7bfdaf477acd357
material,#mc/mtl_p7_debris_paint_peeling
material,#hash_57c662e0b87e7eac
material,#mc/mtl_c_t8_zmb_mob_zombie_body1_rightleg
material,#mc/mtl_p7_barrier_block_concrete_long_clean01
material,#mc/mtl_p8_chi_comm_antenna_roof_base_metal_06
material,#mc/mtl_p8_chi_comm_antenna_roof_base_metal_04
material,#mc/mtl_p8_chi_comm_antenna_roof_base_metal_05
material,#mc/mtl_p8_chi_comm_antenna_roof_base_metal_02
material,#mc/mtl_p8_chi_comm_antenna_roof_base_metal_03
material,#mc/mtl_p8_chi_comm_antenna_roof_base_metal_01
material,#hash_d7dc4c30a672178b
material,#hash_d7dff026b593e76d
material,#hash_d7e331d561d27711
material,#hash_d7e4b87e4fc1644c
material,#hash_57e5e0299cc771e4
material,#hash_d7ecf95245f5a4e6
material,#hash_57f068e75dd50157
material,#mc/mtl_p7_fir_light_industrial_metal_light_black
material,#hash_d7f5ac02564c2a6b
material,#hash_57f864a0d343fef2
material,#hash_57fbc4487591e83d
material,#mc/mtl_wpn_t8_ar_kn57_grip_alt
material,#mc/mtl_t8_wpn_pistol_auto_mk2_mag_ext
material,#hash_58003f66e0d34724
material,#hash_58027c9e5b6f2d7c
material,#mc/mtl_veh_t7_decal_bolt_03
material,#mc/mtl_veh_t7_decal_bolt_09
material,#mc/mtl_p8_zm_esc_bed_infirmary_mattress_01_damage
material,#hash_d809d3fdf4e76329
material,#mc/mtl_wpn_t8_ar_stealth_screws_mk2
material,#mc/mtl_p7_shelf_metal_warehouse_bolt
material,#mc/t7_decal_grunge_rust_orange_drips_dark
material,#mc/mtl_veh_t8_decal_panel_raised_normal
material,#mc/bullet_collision_metalcatwalk
material,#mc/mtl_wpn_t8_tac_rifle_swordfish_handguard_mk2
material,#hash_d828d3a3ed66572c
material,#hash_d828d6a3ed665c45
material,#wc/infinite_blackness
material,#mc/mtl_wpn_t8_sig_blade_hilt_metal
material,#mc/mtl_wpn_t8_smg_capacity_mag_spring
material,#mc/t8_micro_wood_cork_01
material,#mc/mtl_attach_t8_tac_rifle_swordfish_foregrip_02
material,#mc/mtl_attach_t8_tac_rifle_swordfish_foregrip_01
material,#hash_d83c2bc969ca3e87
material,#mc/mtl_wpn_t8_sig_grapple_gun_decals
material,#mc/mtl_wpn_t8_smg_mp9_sights_alt
material,#mc/t8_metal_painted_dirty_black
material,#hash_584011b3d9a7227c
material,#hash_584014b3d9a72795
material,#mc/mtl_p8_zm_esc_table_drafting_vintage_wood
material,#hash_d847fbc943595c54
material,#hash_d847fcc943595e07
material,#hash_5849f3dc064bbf2f
material,#mc/mtl_p8_usa_submarine_interior_consoles_details_handle
material,#hash_d851bced8d13bf6b
material,#hash_d8548edec29310ba
material,#hash_58558ae3807eb99f
material,#mc/mtl_attach_t8_smg_mp9_silencer_02_alt
material,#mc/mtl_p8_zm_esc_light_hallway_screw
material,#hash_5867d52f7a86b003
material,#mc/mtl_p7_mirror_dressing_vintage_01_dirty
material,#mc/mtl_p7_zm_mob_door_security_window_micro_green
material,#mc/mtl_wpn_t8_sniper_koshka_trigger_mk2
material,#mc/mtl_p7_zm_der_door_buy_trim_01
material,#hash_d87239ca28a32e04
material,#mc/mtl_p8_col_ship_door_frame
material,#hash_58769728eaec63cc
material,#mc/mtl_p8_cable_wire_bundle_01_coated
material,#hash_d878c028a29ed5a1
material,#mc/t8_decal_grunge_rust_03_darker_02
material,#hash_587b5e6b1fd8588e
material,#el/gfx_smk_trail_wispy_lit
material,#hash_d87f796b9df7b16a
material,#hash_5885a5f92c78cf64
material,#hash_5886bfb48fc20f1b
material,#hash_588bf702839f5cba
material,#hash_588d2b20034e39c8
material,#mc/mtl_wpn_t8_ar_heavy_ranger_guards_base_mk2
material,#ei/gfx_smk_billow_sm_anim_lit
material,#hash_589c659af910ebb2
material,#hash_d89c6fa950c8a43d
material,#hash_d8a1f6d9a4f5695d
material,#hash_d8a684cc66d24121
material,#mc/mtl_p7_bucket_plastic_small_white_dirty
material,#hash_58b704517c016ac7
material,#hash_58bd847df65339c1
material,#mc/mtl_wpn_t8_ar_kn57_stock_alt
material,#hash_58c301f21dd913d8
material,#hash_58c302f21dd9158b
material,#hash_58c303f21dd9173e
material,#mc/mtl_wpn_t8_lmg_titan_sig_01_grip_alt
material,#hash_58cd32e8d2ac7e25
material,#hash_d8cf2bc831f00b0b
material,#mc/mtl_p7_sink_ceramic_old_01_pipes
material,#mc/mtl_wpn_t8_shotgun_pump_sights_base_mk2
material,#mc/mtl_wpn_t8_tac_rifle_swordfish_stock_alt_mk2
material,#mc/mtl_wpn_t8_sniper_koshka_scope_03_alt
material,#mc/mtl_c_t8_zmb_mob_zombie_head2_helmet
material,#hash_d8da3e29023620e5
material,#mc/t7_street_concrete_curb_01a
material,#mc/mtl_c_t8_zmb_mob_brutus_helmet_igc
material,#mc/mtl_p7_sin_bio_monument_boat_hull_decal
material,#mc/mtl_wpn_t8_smg_capacity_sig_02_magwell
material,#mc/t8_decal_grunge_leak_01
material,#hash_58e6e38d7e2ae15b
material,#hash_58e7167c12f494bc
material,#hash_d8eb30286345fc1e
material,#hash_58edab5efc9b6090
material,#mc/mtl_p7_fire_extinguisher_digital_glass
material,#hash_58f663d5cddb83d6
material,#mc/mtl_wpn_t8_sniper_power_semi_bullet
material,#hash_590052b5c40fc47b
material,#hash_5904b69c3d494f78
material,#mc/mtl_eqp_t8_grenade_smoke_body
material,#mc/mtl_p8_zm_esc_shelf_industrial_vintage_96_screw
material,#hash_d90f554edf0c68a5
material,#mc/mtl_p8_zm_esc_table_kitchen_rust
material,#mc/mtl_wpn_t8_tac_rifle_swordfish_sig02_decals_right
material,#mc/mtl_p8_wz_ep_fishing_pole_wood
material,#mc/t7_stone_slate_roof_tile_01
material,#mc/mtl_c_t8_zmb_mob_brutus_torso
material,#mc/mtl_c_t8_mp_spe_swat_body1_fray
material,#mc/mtl_p8_pipes_electrical_fittings_white
material,#mc/mtl_p7_mou_electrical_panel_set_dirt_03
material,#mc/mtl_p7_mou_electrical_panel_set_dirt_02
material,#hash_5925bc17d85fe6b6
material,#mc/mtl_p8_zm_crafting_table_alchemy_jar_02_cloth
material,#mc/mtl_c_t8_zmb_mob_zombie_body1_hands
material,#hash_59327ef35b9dc57c
material,#mc/mtl_p7_debris_glass_shards_edge
material,#hash_593b64080c9bd521
material,#hash_d93c8fed05369ae4
material,#mc/mtl_p8_zm_esc_crane_decal_bolt_02
material,#mc/mtl_wpn_t8_loot_tac_rifle_damageburst_card
material,#hash_5942c36c6bbb68cb
material,#hash_594cdf6226588c87
material,#hash_d94e491b37a8582b
material,#mc/mtl_p8_box_electric_commercial_sml_01_glass
material,#mc/mtl_t8_loot_wpn_smg_folding_barrel
material,#hash_d9577dd5a11fdfe8
material,#hash_5957f2769982082a
material,#hash_59659c553f610ef5
material,#hash_596811fdda520ce0
material,#hash_596819ffaee897b8
material,#mc/mtl_p8_zm_esc_gondola_lift_light_01
material,#hash_596bbb39eb23533e
material,#ei/gfx_fog_slow_lg_anim_em
material,#mc/mtl_t8_loot_wpn_smg_folding_mag_01
material,#mc/mtl_p8_zm_esc_barbed_wire_wire
material,#hash_d97836fdfb79ffd5
material,#mc/mtl_wpn_t8_lmg_heavy_stock_sig_02
material,#mc/mtl_p8_zm_esc_cell_support_concrete
material,#hash_d97b5f2ba38742a3
material,#hash_597be43b1d1d39b5
material,#mc/mtl_p7_metal_bolt_bracket
material,#hash_d987f1ee15be4e73
material,#hash_d987f2ee15be5026
material,#hash_598a6894c6f92f84
material,#mc/mtl_p8_zm_esc_gondola_frame_metal_01
material,#mc/mtl_p7_zm_der_magic_box_lid_wood
material,#mc/mtl_p7_zm_isl_medical_stool_plastic
material,#mc/mtl_wpn_t8_loot_ar_peacekeeper_bolt_base_mk2
material,#hash_599703c7d20ba07f
material,#hash_59a29bab8c97af3d
material,#mc/mtl_wpn_t8_shotgun_pump_receiver_base_camo_alt_mk2
material,#mc/mtl_p7_zm_ori_pump_tank_nail
material,#mc/mtl_veh_t8_mil_heli_light_engine_griptape
material,#hash_d9a7e4bac0c48387
material,#hash_59accceb2e195e04
material,#el/gfx_laser_dust_em
material,#hash_d9b3647d8ee753be
material,#mc/mtl_p7_can_metal_open_beans
material,#hash_d9b8afe4040408f6
material,#mc/mtl_p7_electrical_box_1
material,#mc/mtl_p7_electrical_box_2
material,#mc/mtl_wpn_t8_shotgun_pump_sig_01_slide
material,#hash_59c2137984bed884
material,#mc/mtl_attach_t8_sniper_vanguard_handguard_02_alt
material,#hash_59caa155fd535924
material,#hash_d9cef535afa335c0
material,#mc/mtl_p7_medical_surgical_cart_metal_dirty
material,#mc/mtl_p7_wes_washstand_vintage_towel
material,#hash_59d71ba7e3d626dd
material,#hash_59e0c6245c2620eb
material,#mc/mtl_wpn_t8_ar_heavy_sights_alt_mk2
material,#hash_59ec616dcc8e74e8
material,#hash_59ecace28f8bfa23
material,#mc/mtl_p8_zm_esc_table_wood_lrg_wood_damage
material,#hash_59f5609e18aaae24
material,#hash_59f5b1fc47f14be5
material,#hash_59f5e687e3cd07ee
material,#hash_59f9392ac715b3e2
material,#hash_59fc696b2824d680
material,#hash_d9fd38ea6487fd22
material,#mc/mtl_wpn_t8_loot_lmg_mk48_clip_stick_alt_mk2
material,#hash_5a0489d83f403c21
material,#mc/t7_shr_wood_wall_weathered_dark_blend
material,#hash_5a0955a0c998ebcd
material,#mc/mtl_wpn_t7_global_decal_set_04
material,#mc/mtl_wpn_t8_loot_ar_peacekeeper_bolt_base
material,#mc/t7_glass_dirty_grimes_02
material,#mc/mtl_p8_col_ship_door_exterior
material,#mc/mtl_p8_zm_esc_gondola_lift_floor
material,#hash_5a138fc30a5ec03c
material,#hash_5a14642f68ff7c25
material,#hash_da146b364538fb3b
material,#mc/mtl_veh_t8_mil_boat_tactical_raft_body_cone_b_gry
material,#mc/mtl_wpn_t8_loot_ar_peacekeeper_base_alt
material,#hash_5a15b4ed4f78769d
material,#hash_5a19c3ab0a9b0b01
material,#hash_da1ac6380dda43d4
material,#mc/mtl_p7_curtain_hanging_36x72_worn_bld
material,#hash_5a1f031b7cece088
material,#mc/t8_decal_tech_detail_bolt_01_drk
material,#hash_5a290df2ab449515
material,#hash_5a2bc29e2f339edf
material,#hash_5a308e0dc187f08a
material,#hash_da368c0e465a561c
material,#ei/gfx_smk_tendril_1_distort
material,#mc/mtl_p8_kit_zod_hal_02_railing_decal_03
material,#mc/mtl_p8_kit_zod_hal_02_railing_decal_04
material,#hash_5a3c69408b866c45
material,#hash_5a3d1e488f48a825
material,#hash_5a3d753f920e0ad0
material,#hash_5a452562d648983b
material,#hash_5a47fb095c4816d5
material,#mc/mtl_attach_t8_ar_fastfire_grip_02_alt
material,#hash_5a5516d33f2c7acc
material,#hash_5a5519d33f2c7fe5
material,#mc/mtl_wpn_t8_smg_capacity_stock_base
material,#mc/mtl_wpn_t8_ar_accurate_sig_01_decals
material,#hash_5a623ef0c0e755a3
material,#hash_5a65b702e70fe1f0
material,#hash_5a661950a298e8b3
material,#hash_5a687b18f67cda8b
material,#hash_5a687c18f67cdc3e
material,#hash_5a689ab17384a9db
material,#mc/mtl_wpn_t8_ar_stealth_sig_01_front_barrel
material,#mc/mtl_wpn_t8_tac_rifle_surgeon_scope_glass
material,#mc/mtl_wpn_t8_loot_ar_standard_vines_sig_02
material,#hash_da779247d8f3b4f7
material,#hash_da779347d8f3b6aa
material,#hash_5a7a2dbee88a3ae6
material,#mc/mtl_t8_loot_wpn_smg_folding_mag_01_mk2
material,#mc/mtl_p8_usa_fire_extinguisher_case_metal_red
material,#mc/mtl_p7_zm_ver_sink_vanity_set_wood_03
material,#mc/mtl_p7_zm_ver_sink_vanity_set_wood_02
material,#mc/mtl_p7_zm_ver_sink_vanity_set_wood_01
material,#hash_5a7c2c5b6ccb1ee3
material,#hash_5a7d8926120d4994
material,#hash_5a7dc5b1574c7567
material,#mc/mtl_p8_zm_esc_power_house_door_metal_rolling_handle
material,#hash_da8294e843e1ac08
material,#hash_da848a0fdffa509c
material,#mc/mtl_wpn_t8_launcher_standard_tube_alt
material,#mc/mtl_attach_t8_shotgun_semi_dbal_01
material,#mc/mtl_attach_t8_shotgun_semi_dbal_02
material,#mc/mtl_wpn_t8_loot_smg_burst_sling_mk2
material,#hash_5a8e963d43d10501
material,#hash_da91143da5cacf30
material,#hash_da91163da5cad296
material,#hash_da91173da5cad449
material,#hash_da91193da5cad7af
material,#hash_5a920d2b70ecf8de
material,#ei/gfx_web_strands_02_lit
material,#mc/mtl_wpn_t8_ar_galil_mag_base
material,#hash_5aab1026191efd2a
material,#hash_5aab15ceb48f285d
material,#hash_daab2e5326772b0b
material,#mc/mtl_wpn_t8_wz_sniper_power_semi_barrel
material,#hash_5abc3db844c3d308
material,#mc/t8_decal_grunge_rust_01_blend
material,#hash_5abf2805818a06ac
material,#hash_dac6945c00d3b20c
material,#hash_5ac72b991df0ac0b
material,#mc/mtl_wpn_t8_smg_handling_sights_alt
material,#hash_5acb5ae99ee0c737
material,#hash_5ad03bf4aa0e8e16
material,#hash_dad60e6f2b9c3356
material,#mc/mtl_p7_slu_wire_rubber
material,#hash_5ae4f774959648f8
material,#mc/mtl_wpn_t8_ar_stealth_sig_01_tacsac
material,#hash_5ae711343dbfae6b
material,#hash_5ae7fee72f22f566
material,#mc/t8_metal_cable_housing_01
material,#hash_5ae9cc556f6cc56c
material,#hash_5ae9cd556f6cc71f
material,#hash_5ae9cf556f6cca85
material,#hash_5aefdb556f714a97
material,#hash_5aefdc556f714c4a
material,#hash_5aefdd556f714dfd
material,#hash_5af3fc556f756b81
material,#hash_5af3fd556f756d34
material,#hash_5af3fe556f756ee7
material,#hash_5af3ff556f75709a
material,#mc/mtl_veh_t8_decal_inset_01_normal
material,#hash_5af79a3fbd16d71c
material,#hash_5afa10967fd68c15
material,#hash_5afc4c64fb7d51ac
material,#mc/mtl_veh_t8_mil_boat_tactical_raft_body_curve_02_b
material,#mc/mtl_p8_cable_wires_01
material,#hash_5b08d2c0332e77a0
material,#hash_db09359eb3152e8a
material,#mc/mtl_wpn_t8_smg_mp9_spike_base
material,#mc/mtl_p7_consumer_grade_monitor_screen
material,#hash_db119406ce3a6f04
material,#hash_5b139138ce14c271
material,#hash_db13a9b062dc85b4
material,#hash_db150c06ce3d70c3
material,#hash_db17e86322e09851
material,#hash_5b1ccd5f49922602
material,#mc/mtl_p8_wood_beam_generic_01
material,#mc/mtl_p8_wood_beam_generic_02
material,#mc/t8_decal_graphics_signage_usa_sub_hazard_check_in
material,#hash_db20696f85f5e660
material,#hash_db206f6f85f5f092
material,#mc/mtl_p8_lab_tech_rack_label_decal_05
material,#mc/mtl_p8_lab_tech_rack_label_decal_03
material,#mc/mtl_p8_lab_tech_rack_label_decal_01
material,#hash_5b238ff593dbcbd0
material,#hash_5b2390f593dbcd83
material,#hash_5b2391f593dbcf36
material,#hash_5b2393f593dbd29c
material,#hash_5b2394f593dbd44f
material,#hash_5b2395f593dbd602
material,#hash_5b2396f593dbd7b5
material,#hash_5b239af593dbde81
material,#hash_db23fb6f85f9144d
material,#mc/t8_concrete_floor_sealed_grey_01
material,#mc/mtl_p8_zm_esc_rubble_piles_stones
material,#hash_5b2beff8daa7d00d
material,#mc/mtl_p7_zm_tra_stove_kitchen_plastic
material,#hash_5b2fc878fbddd07c
material,#hash_5b368829a2a9c0ef
material,#hash_5b37b6f9bd1cc889
material,#mc/mtl_p7_rug_cloth_rolled_lrg_03
material,#hash_db3beb59c09bf6f2
material,#hash_5b3bfff50929a357
material,#hash_db3f5f59c09ef1e5
material,#mc/mtl_wpn_t8_tac_rifle_surgeon_scope_reticle
material,#hash_5b45c0448b54117c
material,#hash_db476162f85881c8
material,#mc/mtl_wpn_t8_eqp_tripwire_slingshot_sling
material,#mc/mtl_p7_pipe_metal_sprinkler_holder
material,#hash_5b59c0ebb31267a7
material,#mc/mtl_wpn_t8_loot_shotgun_fullauto_bolt_alt
material,#mc/mtl_p8_hangar_scaffolding_metalfloor_01
material,#mc/mtl_wpn_t8_sig_annihilator_frame
material,#hash_5b62cc1e30104de4
material,#hash_5b62cd1e30104f97
material,#hash_db65600bf2b948ab
material,#mc/mtl_p8_col_rock_smooth_set_01_lrg_01
material,#mc/mtl_p7_water_container_plastic_large_metal
material,#mc/mtl_wpn_t8_smg_accurate_barrel_sig_03
material,#hash_db74d774cff9b4eb
material,#hash_db7e1f2bd4d61454
material,#mc/mtl_p8_zm_esc_power_station_panel_set_box_ventilation_rust
material,#hash_5b80ff83bf43abc6
material,#hash_db82d6a6ab3ab6a5
material,#mc/mtl_p8_zm_crafting_table_alchemy_jar_02_paper
material,#hash_db90df0ebddb0666
material,#mc/mtl_p8_col_generator_garage_set_decal_screw
material,#hash_5b970674632445df
material,#mc/mtl_p7_jun_foliage_bush_branches_02
material,#mc/mtl_p7_jun_foliage_bush_branches_01
material,#hash_5b9d8f49431be493
material,#hash_5ba49d62efb0d1cc
material,#mc/mtl_t8_wpn_lmg_heavy_bullet_attach
material,#hash_5bb2a50fa6ce5f01
material,#hash_dbb7a9de67800501
material,#hash_5bb91be0d9575da7
material,#mc/mtl_attach_t8_smg_capacity_ext_mag_03_zipper
material,#mc/mtl_attach_t8_loot_sniper_mini14_ext_mag_01
material,#mc/attach_t8_pistol_burst_clip_01
material,#mc/attach_t8_pistol_burst_clip_02
material,#mc/mtl_attach_t8_smg_handling_grip
material,#hash_5bc017f0da860f88
material,#hash_dbc2e08ab4e6d0ca
material,#hash_5bc4974cc81b4a0b
material,#mc/mtl_wpn_t8_loot_melee_action_figure_cape
material,#hash_5bcaf9f3e7acb7af
material,#mc/mtl_attach_t8_shotgun_semi_strobe
material,#hash_5bd08a8507f7f1b7
material,#mc/mtl_p7_shelf_modern_02_a_cherry
material,#mc/mtl_p7_shelf_industrial_vintage_metal
material,#mc/mtl_p8_zm_zod_wall_box_electrical_set_lrg_metal
material,#hash_dbd4383d615e6dff
material,#mc/t8_concrete_floor_rough_01_macro
material,#mc/t7_decal_blood_footprints
material,#hash_dbdd24d84e131c74
material,#hash_dbe231f48812c869
material,#hash_dbe570d8cd597af5
material,#mc/mtl_p7_panels_metal_wall_exterior_vent_01
material,#mc/mtl_p7_panels_metal_wall_exterior_vent_03
material,#hash_dbe9a4ca06ca60ab
material,#hash_dbe9a5ca06ca625e
material,#hash_dbe9a6ca06ca6411
material,#mc/mtl_p7_wes_washstand_vintage_wood
material,#mc/mtl_p8_wep_cargo_container_military_decal_04
material,#mc/mtl_p8_wep_cargo_container_military_decal_01
material,#mc/mtl_p8_wep_cargo_container_military_decal_03
material,#mc/mtl_p8_wep_cargo_container_military_decal_02
material,#mc/t8_concrete_damaged_norebar_01
material,#hash_dbeea594bba6db22
material,#wc/t7_plastic_wire_black
material,#hash_dbf59a7c840803a7
material,#mc/mtl_p8_zm_esc_power_station_panel_set_box_02
material,#hash_dbf83d597dee781d
material,#hash_dbf856a2f6d22754
material,#mc/mtl_attach_t8_lmg_titan_grip
material,#mc/mtl_p7_gate_metal_scissor_01
material,#hash_5c00e2f9b4c3b2d8
material,#mc/mtl_p7_zm_tra_billiard_vintage_cover_blot
material,#hash_dc0b477b299c0403
material,#hash_dc0b487b299c05b6
material,#hash_5c0d730f2d466e03
material,#hash_5c0f6319013eeaff
material,#mc/mtl_wpn_t8_ar_accurate_sig_01_grip
material,#hash_5c1529b435e47e32
material,#mc/mtl_t8_wpn_lmg_heavy_frontgrip_sig_01
material,#hash_5c1838770ce18ab2
material,#mc/mtl_attach_t8_loot_sniper_locus_ext_mag_01
material,#hash_5c18d8736522cda9
material,#mc/mtl_wpn_t8_ar_accurate_handguard_sig_03
material,#hash_dc1abf3e93dbf97d
material,#mc/mtl_p8_zm_esc_power_house_door_metal_rolling_railing
material,#hash_dc25db50f55f653e
material,#mc/mtl_c_t8_zmb_concentrated_catalyst_hand
material,#hash_dc2a96ebf9fa1dca
material,#hash_5c2ec01a7998f98c
material,#mc/mtl_attach_t8_smg_fastfire_handguard_02
material,#mc/mtl_wpn_t8_tac_rifle_swordfish_lens
material,#hash_dc3405073d0362f9
material,#hash_dc34a0612b453790
material,#hash_dc36766208f5edb5
material,#mc/mtl_p7_slu_box_electric_set_rubber
material,#mc/mtl_wpn_t8_sniper_koshka_bolt_mk2
material,#mc/mtl_wpn_t8_shotgun_pump_barrel_base
material,#mc/mtl_attach_t8_sniper_koshka_loader
material,#mc/mtl_c_t8_zmb_mob_zombie_body2_torso_lod
material,#mc/mtl_wpn_t8_pistol_burst_weapon
material,#mc/mtl_attach_t8_ar_kn57_grip_mk2
material,#hash_5c4d40891f3cd31c
material,#hash_dc4d96f070a6316b
material,#mc/mtl_attach_t8_sniper_powersemi_foregrip
material,#mc/mtl_wpn_t8_ar_stealth_base_weapon_02_mk2
material,#hash_5c586b89e2dc996f
material,#hash_dc5959758c8744f0
material,#hash_5c5ade77abe3eeba
material,#mc/mtl_wpn_t8_lmg_titan_sig_01_muzzle
material,#hash_dc5d8844d54e4e3b
material,#hash_dc628d6ee9d4cb9f
material,#mc/mtl_wpn_t8_smg_handling_handguard
material,#hash_dc66568c092319c9
material,#mc/mtl_wpn_t8_loot_melee_slay_bell
material,#hash_dc72554a443497a4
material,#hash_dc74aa8bbd4f8b08
material,#mc/mtl_p8_zm_esc_box_cardboard_damaged_set_dirt
material,#hash_dc78745b7172e838
material,#hash_dc7ccbff86cbdb5e
material,#hash_5c869ad71cf5bbc3
material,#hash_5c86d8535ce3230c
material,#mc/mtl_p7_winch_mooring_cables_natural
material,#hash_5c8b1ef6a976bfef
material,#hash_dc8e625689fdd769
material,#hash_dc8f9707fd70cda4
material,#mc/mtl_wpn_t8_loot_ar_double_tap_handguard_mk2_rail
material,#mc/mtl_attach_t8_smg_capacity_ext_mag_01_uber_transparent
material,#hash_5ca22696a69f3cd3
material,#hash_5ca35b82dc36858a
material,#mc/mtl_wpn_t8_eqp_datapad_wire
material,#mc/mtl_veh_t8_decal_bolt_14_normal
material,#hash_5cafd69c1cc082e4
material,#mc/mtl_p7_slu_outlet_electrical_02
material,#mc/mtl_p7_slu_outlet_electrical_01
material,#mc/mtl_wpn_t8_ar_accurate_receiver_sig_03_alt
material,#mc/mtl_wpn_t8_lmg_hades_ring_sig_01
material,#hash_5cbc47d36de206e0
material,#hash_5cc4711c3b63e6d7
material,#hash_dcc6901d87f336c5
material,#hash_5cc7dacb3e33cf3c
material,#hash_5ccac88993c77885
material,#hash_5ccaff7fedbad405
material,#hash_dccb65b7800c919b
material,#mc/mtl_p8_col_chair_school_blue_rivet
material,#mc/mtl_attach_t8_sniper_koshka_stock
material,#hash_dcd3609ef4028bb2
material,#hash_dcd4a4cbdefbd20c
material,#mc/mtl_wpn_t8_sniper_koshka_base_alt_mk2
material,#hash_5cd7432c687a18c3
material,#mc/t7_decal_grunge_wall_stain_01_blend
material,#mc/mtl_wpn_t8_loot_shotgun_fullauto_mag_release_alt_sig
material,#mc/mtl_p7_wes_container_vintage_crate_end
material,#hash_dcdda218bf2eb9d9
material,#hash_5cde0c2d015cc03f
material,#hash_dcdffcba47046e8a
material,#mc/mtl_p7_duct_metal_rectangle_straight_128_dark
material,#hash_5ce55588685f0821
material,#hash_5ceac678131aed9b
material,#wc/t7_decal_grunge_water_puddle_blend
material,#mc/mtl_wpn_t8_sniper_koshka_base_alt
material,#mc/mtl_p8_kit_zt8_gal_02_beam_01_basic_painted_metal
material,#mc/mtl_wpn_t8_eqp_smartcover_decals
material,#mc/mtl_p8_box_electric_commercial_metal_01
material,#mc/mtl_p8_box_electric_commercial_metal_04
material,#mc/mtl_wpn_t8_sig_flamethrower_upper_plastic
material,#mc/mtl_p8_ice_gas_console_box_02
material,#mc/mtl_p8_ice_gas_console_box_01
material,#hash_dd04570dc19d8435
material,#mc/t8_stone_fort_wall_plastered_01
material,#mc/mtl_attach_t8_loot_ar_peacekeeper_stock_alt
material,#hash_5d0e382b797b449c
material,#hash_5d0f80667279ae05
material,#hash_dd10ec1f318b5f8a
material,#hash_dd14f43966ff1669
material,#hash_5d155803e6a4596e
material,#mc/mtl_wpn_t8_ar_stealth_base_weapon_01_alt
material,#hash_dd16cc69f13a2bfc
material,#mc/mtl_p7_zm_isl_plank_metal_set_decal_03
material,#mc/mtl_p7_zm_isl_plank_metal_set_decal_02
material,#mc/mtl_p7_zm_isl_plank_metal_set_decal_01
material,#mc/mtl_wpn_t8_eqp_turret_mini_decal
material,#hash_5d205e9693784703
material,#hash_5d205f96937848b6
material,#hash_dd2d5e571b81e478
material,#hash_dd2d5f571b81e62b
material,#hash_dd2d63571b81ecf7
material,#hash_dd2d64571b81eeaa
material,#hash_dd2d65571b81f05d
material,#hash_5d2e879accf7077d
material,#mc/mtl_wpn_t8_loot_ar_peacekeeper_barrel_base
material,#hash_5d3aa948b4b67b34
material,#hash_5d4043c67fbc11e0
material,#mc/mtl_p7_sin_bio_monument_boat_cabin
material,#hash_5d43b92d41649ebd
material,#hash_dd4df26898bb144f
material,#mc/mtl_p7_rooftop_hvac_metal
material,#hash_5d61390511891983
material,#mc/mtl_wpn_t8_eqp_turret_mini_case_latches
material,#mc/mtl_attach_t8_pistol_revolver_stabilizer
material,#mc/mtl_attach_t8_ar_galil_upper
material,#mc/mtl_wpn_t8_ar_stealth_decals
material,#hash_dd6ead6b5a91d24b
material,#hash_5d6f908bd549676f
material,#mc/mtl_c_t8_zmb_homunculus_armor
material,#hash_dd78620f02e54a8f
material,#mc/mtl_p8_wz_spray_can_camo_01
material,#hash_dd7ace41c9a3cfbd
material,#mc/mtl_p8_zm_esc_book_03_cover
material,#hash_5d7eb68ff002c236
material,#mc/mtl_p8_zm_esc_crane_rope
material,#hash_dd832b1004737a0e
material,#hash_dd832c1004737bc1
material,#hash_dd832e1004737f27
material,#mc/mtl_p8_zm_esc_table_drafting_vintage_metal_paint
material,#mc/mtl_veh_t8_mil_boat_tactical_raft_body_straight_02_gry
material,#hash_dd85ce47520ae36b
material,#hash_dd8b2a87fe7af538
material,#hash_5d8b662ed4aa34f3
material,#hash_dd95dee963385b88
material,#mc/mtl_wpn_t8_loot_melee_stop_sign_sign_alt
material,#hash_dd9d0e3ff0a88198
material,#mc/mtl_p7_mou_storage_cabinet_dust
material,#mc/mtl_wpn_t8_shotgun_pump_handguard_base_mk2
material,#hash_5dae1e615dc4181a
material,#hash_5db2d56ec38335d4
material,#hash_5db2d66ec3833787
material,#hash_5db2d86ec3833aed
material,#hash_ddb551c82668610c
material,#hash_5db5bc6ec3854130
material,#hash_5db5be6ec3854496
material,#hash_5db5bf6ec3854649
material,#hash_5db5c16ec38549af
material,#mc/t7_graphic_display_medical_14
material,#hash_ddbb411f5b398c1c
material,#hash_ddbeb9ae8d2f4913
material,#mc/mtl_p8_wz_supply_stash_chest_decal_02
material,#hash_ddc487c2b48597a6
material,#hash_5dc6ca203cbcd476
material,#mc/mtl_attach_t8_shotgun_pump_sling
material,#hash_ddd05c7bc50a360b
material,#mc/mtl_p7_zm_ver_stove_vintage_01_iron
material,#mc/t7_decal_damage_metal_dent_02
material,#hash_ddd961f7602fce9a
material,#mc/mtl_wpn_t8_ar_stealth_stock_alt
material,#mc/mtl_wpn_t8_zm_crossbow_impaler_base
material,#mc/mtl_c_zom_der_zombie_hound_fur_tail
material,#hash_5de5cf13a188c80e
material,#hash_5deaf129eedf3486
material,#mc/mtl_p8_wz_door_01_metal_trim
material,#mc/mtl_p8_usa_locker_metal_door_plastic_decal
material,#hash_ddef21a5ec54464b
material,#mc/mtl_wpn_t8_lmg_titan_sig_01_upper_alt
material,#hash_5df7edc23e6622e3
material,#mc/mtl_p8_food_dinnerware_dmg
material,#mc/t7_glass_smoked_dark_dmg
material,#mc/mtl_p8_zm_esc_bldg_64_grate_2
material,#mc/mtl_wpn_t8_ar_accurate_stock_alt
material,#mc/mtl_wpn_t8_sig_annihilator_pins
material,#hash_5e0afd6d807cf072
material,#hash_5e0c111a05fb2c5a
material,#mc/mtl_p7_zm_ctl_tool_fireplace_brush
material,#hash_5e0d30f365d78de0
material,#hash_5e0dd43277674285
material,#mc/t7_dlc1_plastic_hose_ribbed_orange
material,#hash_5e1345693bde24df
material,#hash_5e1346693bde2692
material,#mc/mtl_p8_wz_supply_stash_chest_decal_dirt_01
material,#mc/mtl_p8_wz_supply_stash_chest_decal_dirt_02
material,#mc/mtl_p7_zm_ori_wood_planks_dmg_set_wood_02
material,#hash_5e1a09351318dc18
material,#hash_de1d39de343ec3b7
material,#mc/mtl_t8_loot_wpn_smg_folding_mag_01_alt_mk2
material,#mc/mtl_attach_t8_smg_mp9_ext_mag
material,#mc/mtl_p7_file_cab_metal_02_rusty
material,#mc/mtl_wpn_t7_zmb_perk_bottle_metal_ds
material,#hash_5e351d1210b3fa64
material,#mc/mtl_wpn_t8_smg_fastfire_clip_alt_mk2
material,#ei/gfx_light_orb_hot_em
material,#mc/t8_decal_grunge_rust_stain_drain
material,#hash_de3cfdd9f90f9606
material,#mc/mtl_wpn_t8_tac_rifle_swordfish_sig02_mag_case
material,#hash_5e406e57295a1eed
material,#wc/t7_decal_water_ground_running_dirt
material,#hash_5e4acd2998addc6a
material,#hash_5e500af89b2f6e15
material,#hash_5e564da81e46a4b5
material,#hash_5e58ba450d6a3157
material,#hash_5e66e57c09bbbd37
material,#mc/mtl_wpn_t8_crossbow_rail_base
material,#hash_5e6f6fc5a99619b2
material,#hash_5e715e88df642b09
material,#hash_5e732b598d3fb345
material,#mc/mtl_wpn_t8_zm_raygun_mk2_5_orange
material,#mc/mtl_p7_debris_concrete_rubble_lg_01_drk
material,#mc/mtl_p7_zm_ctl_desk_wood_vintage_handle
material,#mc/mtl_p7_wes_desk_hutch_wood_vintage
material,#hash_de8a32b1b537d3e7
material,#hash_de8a33b1b537d59a
material,#mc/t7_zm_ctl_metal_diamond_plate_worn
material,#mc/mtl_wpn_t8_tac_rifle_swordfish_sig02_barrel_rail
material,#mc/mtl_attach_t8_sniper_vanguard_barrel_01_a
material,#mc/mtl_p8_box_electric_commercial_metal_chain_01
material,#mc/mtl_p8_box_electric_commercial_metal_chain_02
material,#hash_de956db0280dfe1f
material,#mc/mtl_wpn_t8_ar_accurate_scope_sig_03
material,#mc/mtl_wpn_t7_global_decal_set_02_1024
material,#hash_5e9e807aeee60bf2
material,#hash_5e9ebee5d0394760
material,#hash_5ea7a26661c1b340
material,#hash_dea7ef5f5c1c3b60
material,#hash_deaa585875d79b27
material,#mc/mtl_p7_sgen_gen_lab_sink_02
material,#hash_5eabd25b65afc250
material,#hash_5eabdf7893888b6f
material,#mc/mtl_p8_wz_spray_can_decal_02
material,#hash_deb3b4fc5f7169e1
material,#hash_5eb580a295bb4dfa
material,#mc/mtl_p8_wz_supply_stash_chest_decal_tag_02
material,#mc/mtl_p8_wz_supply_stash_chest_decal_tag_01
material,#mc/mtl_p7_jars_glass
material,#mc/mtl_wpn_t8_eqp_smartcover_wall_outer
material,#hash_5ec44dceb03fd581
material,#hash_5ec672380ca8324d
material,#hash_5ec9019050d7e8df
material,#hash_5ec9ce1b8621c970
material,#hash_5ec9d11b8621ce89
material,#mc/mtl_p7_wes_table_endtable_wood_01_decal_dirty
material,#mc/mtl_p8_zm_esc_pipe_metal_dark
material,#mc/mtl_wpn_t8_smg_capacity_grip_switches_base_mk2
material,#hash_5eda198c629ce7b0
material,#mc/mtl_p7_suspension_bridge_bolt_01_rusty
material,#mc/mtl_p7_fir_shelf_wood_01
material,#hash_dee3017a608c3cd5
material,#mc/mtl_wpn_t8_ar_kn57_emissive_decal_01
material,#mc/mtl_attach_t8_loot_tac_rifle_damageburst_handguard
material,#mc/mtl_p7_zm_kin_dresser_wood_metal
material,#hash_deea5d9ee7ce4145
material,#mc/mtl_wpn_t8_smg_handling_decals_mk2
material,#hash_deedda2539424a47
material,#hash_5ef0580ad9eb62c5
material,#mc/mtl_c_t8_zmb_mob_zombie_body1_leftleg
material,#hash_def2e220533e59f8
material,#mc/mtl_p7_door_mat_coir_01
material,#mc/mtl_p7_corrugated_sheet_metal_rust
material,#hash_defe119b768846ed
material,#hash_deff52850a12a75c
material,#mc/mtl_p8_box_electric_commercial_metal_tiling_01
material,#mc/mtl_p8_box_electric_commercial_metal_tiling_06
material,#mc/mtl_p7_electrical_box_set2_meterbox
material,#mc/mtl_p8_wz_cu_hat_tanker_lens
material,#mc/mtl_p7_crate_wood_01_dark
material,#hash_5f0d677711faae25
material,#hash_5f10f78d771a5361
material,#hash_df114fe2bc963695
material,#mc/mtl_p8_zm_esc_gondola_lift_roof_decal
material,#mc/mtl_attach_t8_tac_rifle_surgeon_railcover
material,#ei/gfx_light_incandescent_hot_em_i2048
material,#hash_df1c1a1901ea8436
material,#mc/mtl_c_t8_blockout_transparent
material,#mc/mtl_p7_barrel_metal_55gal_blue
material,#mc/mtl_p8_zm_esc_gondola_frame_light_red_metal
material,#mc/mtl_eqp_t8_grenade_frag_pin
material,#hash_df2b0a1fcf7206a2
material,#hash_5f2c28ed734cd8f7
material,#mc/mtl_c_t8_mp_spe_reaper_light
material,#mc/mtl_wpn_t8_loot_shotgun_fullauto_stockframe
material,#hash_5f386f04abb0e3dc
material,#hash_5f44e3fdacfac97c
material,#hash_5f44e6fdacface95
material,#mc/mtl_wpn_t8_loot_sniper_mini14_under
material,#hash_5f4bc883129bcf23
material,#mc/mtl_p8_zm_esc_power_house_stair_metal_corner
material,#hash_5f4e96a7be2914ae
material,#mc/t8_rubber_tread_01_yellow
material,#mc/mtl_attach_t8_tac_rifle_surgeon_bipod
material,#hash_5f5ea8cd8edd58b9
material,#hash_df688b65db7a6ff3
material,#hash_5f6e403c8e7b69f0
material,#hash_5f6e413c8e7b6ba3
material,#hash_5f6e423c8e7b6d56
material,#hash_5f6e463c8e7b7422
material,#hash_5f6e473c8e7b75d5
material,#mc/mtl_p8_wz_door_01_wood_worn
material,#hash_5f71e34ea7ed9ff9
material,#mc/mtl_p7_zm_ori_pump_tank_pipe
material,#hash_5f74d8d9064ce4f2
material,#hash_5f7b04a74386b930
material,#hash_5f7b05a74386bae3
material,#hash_5f7b07a74386be49
material,#mc/mtl_p7_debris_junkyard_scrap
material,#hash_5f8129429096bdbf
material,#hash_5f83c7a6887e0065
material,#hash_df84038dabba875a
material,#hash_df855c5f79841734
material,#mc/mtl_attach_t8_loot_shotgun_fullauto_foregrip
material,#mc/mtl_wpn_t8_loot_sniper_locus_stock_alt
material,#hash_df8b3c1d87f34ef0
material,#hash_df8b3f1d87f35409
material,#mc/mtl_wpn_t8_shotgun_pump_sig_02_badge
material,#mc/t7_zm_isl_metal_trim_riveted_01_bare
material,#hash_5f8e4a95fbec3eb9
material,#mc/mtl_c_t8_zmb_mob_zombie_body1_shirt
material,#mc/mtl_wpn_t8_tac_rifle_swordfish_scope_ads
material,#wc/t7_glass_reinforced
material,#hash_df9350a8fac0031b
material,#hash_df93fcab4171413c
material,#hash_5f94e1adab8d92f9
material,#hash_df95ac8fd532b3f1
material,#mc/mtl_p7_foliage_distictis_hanging_ledge_64_long
material,#hash_5f971615eebf7e87
material,#hash_dfa6d524e63337d4
material,#mc/mtl_p7_zm_ctl_table_metal_vintage_set_dirty
material,#hash_5fabffee07ed46f3
material,#hash_dfad24ed1eb35c59
material,#hash_dfaea2fe37f7d587
material,#hash_5faf72aaa314ed46
material,#hash_5fb0a3d19c2f004a
material,#mc/mtl_p8_col_generator_garage_set_decal_stream
material,#mc/mtl_p8_zm_esc_power_station_panel_set_gauges_02_matelpainted
material,#hash_5fbae2d0699b4c28
material,#mc/infinite_blackness_nogloss
material,#mc/t8_micro_cloth_carpet_backing_01_blend
material,#mc/mtl_p8_zm_esc_skull_sgl
material,#mc/mtl_p8_zm_esc_table_wood_lrg_tablecloth_wear
material,#hash_dfcf578dfd814895
material,#mc/mtl_p7_tent_military_modular_tubes
material,#hash_5fd535ac08d2ee3e
material,#mc/mtl_t8_camo_dlc3_assassin_alt
material,#hash_5fdc533cfc4f726a
material,#hash_5fdfe8e405409aad
material,#mc/mtl_wpn_t8_ar_stealth_sights
material,#hash_dfe18891a871734b
material,#hash_5fe43a929fa41f60
material,#mc/mtl_wpn_t8_smg_fastfire_grip_alt
material,#mc/mtl_p7_light_lamp_desk_vintage_01_metal
material,#mc/mtl_veh_t8_mil_boat_tactical_raft_floor_blk
material,#hash_5feff5c8e420220d
material,#hash_dff157801b51c9f3
material,#mc/mtl_p8_zm_zod_toilet_first_class_bathroom_paper_holder_bar
material,#mc/mtl_wpn_t8_loot_pistol_auto_mag_sig
material,#mc/mtl_p8_foliage_grass_blades_tall_sml_dry_proxy_tiled
material,#hash_e00477a8d0e778aa
material,#hash_e007dff118a0f423
material,#hash_600da1e0e3e69d7a
material,#hash_e00dd418539c82f1
material,#hash_e0100b30cfd87887
material,#mc/mtl_p8_kit_zt8_gal_02_decal_baremetal
material,#mc/mtl_p7_zm_ctl_book_vintage_cover_01_burn
material,#hash_e016875525afc5ef
material,#hash_6019370c1e3f08c7
material,#hash_601954ee79766d61
material,#hash_e01d3a500315b5f8
material,#mc/mtl_p8_zm_esc_book_01_character
material,#mc/mtl_wpn_t8_lmg_heavy_handle_sig_02
material,#mc/mtl_wpn_t8_shotgun_pump_reciever_rail_base
material,#hash_601f752d356b7a88
material,#hash_e021c7c2c2796f6b
material,#hash_6022b779bc4b2f21
material,#mc/mtl_wpn_t8_lmg_titan_handguard_alt
material,#hash_602cbd762f457be6
material,#hash_602ed5cc8707adf8
material,#mc/mtl_p8_kit_zt8_gal_02_beam_01_basic_painted_metal_02
material,#hash_60383a5acf37e5f0
material,#mc/t8_decal_nails_wood
material,#mc/mtl_p7_cai_door_wood_rustic_metal
material,#mc/mtl_p7_mou_electrical_panel_set_rust
material,#hash_e0462a1a928bcf37
material,#hash_e0462b1a928bd0ea
material,#hash_604c6e01787abcd9
material,#mc/mtl_p8_zm_esc_crane_metal
material,#hash_604de232d164e68f
material,#hash_e04deb23122cc964
material,#ei/gfx_light_ray_wide_soft_em_i1024
material,#hash_e064ca4a9d0174ee
material,#mc/mtl_p8_zm_zod_mail_sorting_metal
material,#mc/mtl_attach_t8_smg_mp9_dbal
material,#hash_6077256d4ded4d08
material,#hash_6079980107ce3e85
material,#mc/p7_vld_wood_rustic_white
material,#mc/mtl_wpn_t8_loot_shotgun_fullauto_mag_release_alt_mk2
material,#hash_608e5adf27ca417c
material,#mc/t8_brick_worn_dirty_painted_white_blend
material,#mc/mtl_wpn_t8_shotgun_semi_railcover_glass_sig_02
material,#hash_e09faec211c4fe9c
material,#hash_60a44a5372bf632e
material,#vdd/gfx_decal_exp_blast_01
material,#vdd/gfx_decal_exp_blast_03
material,#vdd/gfx_decal_exp_blast_02
material,#hash_e0ad09dc2a6902f0
material,#mc/mtl_wpn_t8_launcher_standard_tube
material,#mc/mtl_wpn_t8_tac_rifle_surgeon_stock
material,#hash_e0b80331310ec147
material,#hash_e0b87a3247909061
material,#hash_e0be1bc1858dce4e
material,#mc/mtl_wpn_t8_ar_kn57_handguard_alt_mk2
material,#hash_e0c84a27f980958b
material,#mc/mtl_attach_t8_smg_accurate_stock_attach
material,#mc/mtl_p8_zm_esc_box_cardboard_d_closed_damaged_tape
material,#hash_e0d47f25b879f704
material,#hash_e0d48225b879fc1d
material,#hash_60da48754760d9d8
material,#mc/mtl_wpn_t8_sniper_vanguard_sig_02_dragon
material,#mc/mtl_p7_plank_wood_damaged_2x4x64_v2
material,#mc/mtl_p8_col_military_ship_accessories
material,#hash_60e19105b22fe11b
material,#hash_60e1a18f8e900167
material,#hash_60e5bf6658d64d0e
material,#mc/mtl_wpn_t8_ar_accurate_stock_sig_03
material,#mc/mtl_p8_spray_paint_can_camo_decal_clean
material,#mc/mtl_p8_zm_esc_box_cardboard_damaged_set_waterlogging
material,#hash_60ed062daca3ed92
material,#hash_60edd574a3134656
material,#hash_e0f18a0289b63b5a
material,#hash_60f4980e153e8dff
material,#mc/mtl_wpn_t8_ar_accurate_pouch_screen
material,#hash_60f65afd64076230
material,#mc/mtl_p8_zm_esc_bldg_64_metal_plate_bolt_top
material,#hash_e103d5aa2354f595
material,#hash_6108e89402b67cb2
material,#mc/mtl_wpn_t8_sig_flamethrower_front_cloth
material,#mc/mtl_attach_t8_sniper_vanguard_bolt_02
material,#mc/mtl_attach_t8_sniper_vanguard_bolt_01
material,#mc/mtl_wpn_t8_crossbow_alt
material,#mc/t7_plastic_wire_black
material,#mc/mtl_attach_t8_ar_fastfire_grip_01_alt
material,#mc/mtl_p7_zm_asc_machinery_industrial_lamp
material,#hash_612ba5c98c445d19
material,#mc/t7_jun_moss_wood_cedar_worn_blend
material,#hash_613157a630c310f9
material,#hash_613330999c4c9821
material,#mc/mtl_p8_wep_cargo_container_military_decal_bolt
material,#mc/mtl_wpn_t8_smg_capacity_receiver_base
material,#mc/mtl_p7_zm_tra_stove_kitchen_metal_10
material,#hash_613c5e6276eac91a
material,#mc/mtl_p7_zm_tra_stove_kitchen_metal_09
material,#mc/mtl_p7_zm_tra_stove_kitchen_metal_08
material,#mc/mtl_p7_zm_tra_stove_kitchen_metal_05
material,#mc/mtl_p7_zm_tra_stove_kitchen_metal_04
material,#mc/mtl_p7_zm_tra_stove_kitchen_metal_07
material,#mc/mtl_p7_zm_tra_stove_kitchen_metal_06
material,#mc/mtl_p7_zm_tra_stove_kitchen_metal_01
material,#mc/mtl_p7_zm_tra_stove_kitchen_metal_03
material,#mc/mtl_p7_zm_tra_stove_kitchen_metal_02
material,#mc/mtl_wpn_t8_hero_war_machine_bolts
material,#hash_e1422f6f205e77b8
material,#mc/mtl_p7_zm_mob_cabinet_steel_glass_01
material,#hash_6146030c81d318c2
material,#mc/mtl_p7_debris_drywall_chunks
material,#hash_614ad2b33d81b929
material,#hash_e14d12eb57e0cec0
material,#hash_614d3586028116c8
material,#mc/mtl_wpn_t8_ar_heavy_receiver_rear
material,#mc/mtl_p8_zm_esc_box_electric_screw_decal
material,#mc/mtl_p7_fir_wire_spool_wood
material,#mc/t7_metal_grate_flooring
material,#hash_6164a629ef7f6f7b
material,#mc/mtl_attach_t8_loot_tac_rifle_damageburst_foregrip_02_alt
material,#mc/mtl_p8_zm_zod_toilet_first_class_bathroom_paper_holder
material,#hash_61662d169135818b
material,#mc/mtl_attach_t8_loot_ar_peacekeeper_dbal
material,#mc/mtl_p8_col_chair_school_blue_rubber
material,#mc/mtl_veh_t8_mil_heli_light_rotor_steel
material,#hash_e187310d3583916e
material,#mc/mtl_p7_water_container_plastic_decal
material,#mc/mtl_wpn_t8_ar_fastfire_stock
material,#mc/mtl_p7_crate_ammo_metal_decal
material,#mc/mtl_p8_box_electric_commercial_sml_01_rubber_blue
material,#hash_61993c2fa388396a
material,#mc/mtl_p8_box_electric_commercial_decal_sign
material,#hash_619cb6c8d680b5b6
material,#mc/mtl_p8_usa_submarine_interior_consoles_details_screen
material,#hash_e19fe7b8d834c18c
material,#hash_61aa60910ecf47c8
material,#mc/mtl_p7_mou_snow_chunk_snow
material,#hash_61acdcb55f1a3542
material,#hash_61ae0e542895c93c
material,#hash_61ae50d1135ca781
material,#mc/mtl_wpn_t8_zm_eqp_acid_bomb_steel
material,#hash_61b89230a79575d6
material,#hash_e1ba6a80ad8a4496
material,#hash_61baae2820c66bc6
material,#hash_61bcd5e6ac577c73
material,#hash_61be2b12a96175b3
material,#hash_61be2c12a9617766
material,#hash_61be2d12a9617919
material,#mc/t8_decal_tech_shipping_container_bolt_05_normal
material,#mc/mtl_wpn_t8_shotgun_semi_mag_alt
material,#mc/mtl_wpn_t8_launcher_standard_foregrip
material,#mc/mtl_wpn_t8_loot_ar_peacekeeper_handstop_base_mk2
material,#mc/mtl_p8_pipes_electrical_fittings_metal
material,#hash_e1d43a1b7e583571
material,#hash_61d5bea955df76f2
material,#mc/mtl_wpn_t8_zm_eqp_acid_bomb_worn_brass
material,#mc/mtl_wpn_t8_smg_handling_bolt_mk2
material,#mc/t8_stone_marble_tile_polished_2x4_01
material,#hash_61db0bd267a8555b
material,#mc/mtl_c_t8_zmb_mob_brutus_sleeves_igc
material,#hash_61de98b2457dd003
material,#hash_61dff785c1edd577
material,#hash_61e8bb3a159adc13
material,#mc/mtl_wpn_t8_loot_lmg_mk48_stock_mk2
material,#mc/mtl_attach_t8_loot_tac_rifle_damageburst_upper
material,#mc/t7_decal_grunge_moss_grime
material,#hash_61ecb09b97d89f04
material,#mc/mtl_wpn_t8_ar_accurate_sig_02_decals
material,#mc/t8_decal_graphics_signage_chi_warning_high_volt_01
material,#hash_61fe365ee2b28a12
material,#mc/mtl_t8_loot_wpn_smg_folding_stock_02
material,#mc/mtl_t8_loot_wpn_smg_folding_stock_01
material,#mc/mtl_p8_zm_esc_shelf_industrial_vintage_96_metal
material,#hash_62062750e3cdbd50
material,#mc/mtl_p7_curtain_hanging_36x122_floral
material,#mc/mtl_wpn_t8_sig_flamethrower_front_buckle
material,#mc/mtl_attach_t8_shotgun_pump_foregrip
material,#hash_e20b681d84215458
material,#hash_620b90e6c15368d2
material,#mc/mtl_p7_light_sconce_vintage_01_glass
material,#mc/mtl_p8_chi_rooftop_generator_line
material,#mc/mtl_wpn_t8_eqp_semtex_cluster_cap
material,#hash_621c1faa68cfccbb
material,#hash_6223c73c184c6b78
material,#hash_6223c93c184c6ede
material,#hash_6223ca3c184c7091
material,#hash_6223cb3c184c7244
material,#hash_6223cc3c184c73f7
material,#hash_6223ce3c184c775d
material,#mc/t8_decal_grunge_wall_lg_01
material,#hash_e226a1f90348dc1b
material,#mc/mtl_p7_mou_clock_wall_back
material,#hash_e228bd965d776717
material,#hash_e22959301949a2a7
material,#mc/mtl_p8_zm_esc_laundry_bag_rope
material,#mc/mtl_p8_zm_esc_crate_wood_lrg_dust
material,#mc/mtl_wpn_t8_smg_capacity_sig_02_grip
material,#mc/mtl_p8_col_generator_garage_set_decal_logo_white
material,#hash_e245b21e3660c16f
material,#hash_6254c5f04ac58d1a
material,#hash_62552a1fc32e5e40
material,#hash_6255476ee2563e41
material,#hash_625748c02063aceb
material,#mc/mtl_p8_col_chair_school_blue_metal
material,#mc/mtl_wpn_t8_launcher_standard_screws
material,#ei/gfx_fog_slow_md_anim_lit
material,#hash_e25c15a50b26bc60
material,#hash_e25c54c458fe9393
material,#mc/mtl_p8_box_cardboard_b_open_01_wet
material,#mc/mtl_wpn_t8_loot_lmg_mk48_clip_stick
material,#mc/mtl_p7_zm_isl_light_operating_vintage_glass
material,#mc/mtl_p7_door_frame_metal_industrial_02_bare
material,#mc/mtl_p8_zm_zod_chair_victorian_decal_01
material,#hash_e2754909fef08b50
material,#hash_6277e5bf9c6370ab
material,#hash_e27cf79492aeac25
material,#mc/mtl_p8_zm_esc_box_cardboard_b_open01_damaged_02_tape
material,#hash_62889da2b6122cde
material,#mc/mtl_p8_zm_esc_cell_bed_screw
material,#mc/mtl_p8_zm_esc_bldg_64_grate_welds
material,#mc/mtl_p8_wz_foliage_poppy_01_flowers
material,#vd/gfx_decal_bullet_concrete_03
material,#vd/gfx_decal_bullet_concrete_02
material,#vd/gfx_decal_bullet_concrete_01
material,#hash_e29a502c1b53501b
material,#mc/mtl_wpn_t8_smg_capacity_receiver_rear_metal
material,#mc/mtl_wpn_t8_loot_tac_rifle_damageburst_bolt
material,#mc/mtl_wpn_t8_shotgun_pump_sig_01_barrel
material,#hash_e2b036bc9615e17b
material,#mc/t7_metal_beam_trim_01_gray_lt
material,#hash_e2b9587016e27c74
material,#mc/mtl_wpn_t8_sig_flamethrower_lower_plastic
material,#hash_62bc44c507a14b54
material,#hash_e2bcf73997e252be
material,#mc/t7_fir_fence_wire_metal
material,#mc/mtl_p7_wes_bottle_whiskey_01_label
material,#mc/mtl_p7_rus_bookshelf_metal
material,#hash_62d5d4653aaa79b3
material,#mc/mtl_wpn_t8_ar_kn57_mag_alt
material,#mc/mtl_wpn_t8_lmg_titan_mag
material,#mc/mtl_t8_wpn_smg_accurate_decals
material,#hash_e2e4456f1ecc9392
material,#hash_62e6276977605987
material,#hash_e2e6d6b8973db9f3
material,#mc/mtl_p8_tank_fuel_01_set_decal_01
material,#mc/mtl_p8_zm_esc_tools_hammer_wood_decal
material,#mc/mtl_p7_bottle_glass_wine_generic
material,#mc/mtl_p7_eth_light_wall_03_decal3
material,#mc/mtl_p7_eth_light_wall_03_decal2
material,#hash_e2f33d25d94b017a
material,#mc/mtl_wpn_t8_zm_eqp_acid_bomb_steel_painted
material,#hash_e2f7d2b290982d47
material,#hash_e2fbd5be533aee3b
material,#hash_e2fc0fd24a6176a3
material,#mc/mtl_p7_zm_kin_dumpster_02_metal
material,#hash_e30482f8c83b8bc9
material,#hash_e3085fe9ae70e556
material,#hash_630cad4c47dc2ddb
material,#hash_e30dc18c44d47f44
material,#hash_63141e59cadaec2f
material,#hash_63194d82878b803c
material,#hash_63194e82878b81ef
material,#hash_63195082878b8555
material,#mc/mtl_p8_box_electric_commercial_sml_01_rubber
material,#hash_631df5950d2e6959
material,#mc/mtl_p7_jars_glass_contents
material,#mc/mtl_wpn_t8_loot_tac_rifle_damageburst_mag
material,#hash_e32157a3f9e760f5
material,#hash_e32d36fbb26c3e50
material,#hash_e32d37fbb26c4003
material,#hash_e32d38fbb26c41b6
material,#hash_e32d3cfbb26c4882
material,#hash_e32d3dfbb26c4a35
material,#hash_632d97cccb99c243
material,#hash_6330f1580ac98ef7
material,#hash_6330f2580ac990aa
material,#mc/mtl_p7_slu_barrel_metal_transparency
material,#hash_63343978b998e494
material,#hash_6335d194ab924e6e
material,#hash_e336f485fea8bfbf
material,#mc/mtl_wpn_t8_loot_shotgun_fullauto_stockframe_mk2
material,#mc/mtl_wpn_t8_ar_kn57_barrel
material,#hash_6343455de3fd9bc7
material,#mc/mtl_wpn_t8_loot_ar_double_barrel_mag_glass
material,#mc/mtl_eqp_t8_grenade_emp_pin
material,#hash_e34d15f6e49ce5a3
material,#hash_63509f5c42ca134e
material,#mc/mtl_wpn_t8_shotgun_pump_receiver_base
material,#hash_635d2ec55ee8a091
material,#mc/t7_brick_trim_worn_dirty_red
material,#hash_e362db934d7d24d0
material,#hash_e362dc934d7d2683
material,#hash_e362e1934d7d2f02
material,#hash_e362e2934d7d30b5
material,#mc/attach_t8_pistol_burst_suppressor
material,#hash_6367f6a8c590ad9a
material,#hash_e36897d86ef3dbf6
material,#mc/mtl_attach_t8_loot_ar_double_barrel_grip
material,#mc/mtl_veh_t8_decal_latch_01
material,#mc/mtl_p7_skulls_bones_set
material,#mc/t8_rubber_coated_tread_grate_01
material,#mc/t7_decal_grunge_snow_scorching_01
material,#mc/t7_plaster_wallpaper_pattern_06_red
material,#hash_6377e952c198d3fc
material,#hash_e378455bea8f1e01
material,#hash_6378c6a250151ab4
material,#mc/mtl_wpn_t8_loot_sniper_mini14_base
material,#hash_637b4dd1d0f48d63
material,#hash_637d94b681437e51
material,#hash_6382eb9f8782c61a
material,#mc/mtl_wpn_t8_sniper_vanguard_sig_01_rail
material,#mc/mtl_p8_zm_gla_wall_arena_wood_01_set_post_01
material,#mc/mtl_wpn_t8_lmg_heavy_decals_sig_02
material,#mc/t8_decal_tech_detail_high_tech_35_normal
material,#mc/t7_decal_grunge_rust_04a
material,#mc/mtl_p7_wes_clock_wall_vintage_wood
material,#mc/mtl_wpn_t8_smg_handling_bolt
material,#hash_638d86a869a16b59
material,#hash_e394164d286f1d8e
material,#hash_6395a1d18cf8c06d
material,#mc/mtl_p8_zm_esc_power_station_panel_set_screw
material,#hash_639ead328c9fad3b
material,#mc/mtl_wpn_t8_ar_stealth_sac_mount
material,#mc/mtl_c_t8_zmb_mob_zombie_body2_belts
material,#mc/mtl_wpn_t8_eqp_tripwire_slingshot_arms1
material,#mc/mtl_p7_debris_cardboard_flat_03
material,#mc/mtl_p7_debris_cardboard_flat_02
material,#mc/mtl_p7_debris_cardboard_flat_06
material,#hash_63b6cf49c12e248e
material,#hash_63baf96e0902d980
material,#mc/mtl_wpn_t8_zm_akud_cylinder_lvl1
material,#mc/mtl_wpn_t8_ar_heavy_bullet_base_mk2
material,#hash_e3c20f3f3b6115ef
material,#hash_63c613c93f585be4
material,#hash_63c614c93f585d97
material,#mc/mtl_p7_zm_tra_billiard_vintage_table_wood_01
material,#mc/mtl_p7_wes_table_drawer_wood_vintage_sml_dmg
material,#hash_63ce16d300f23485
material,#hash_63d5a2dced4bee4b
material,#mc/mtl_p8_col_cabinet_lab_wood_top_metal
material,#mc/mtl_p7_pipe_metal_hp_12_flange_bare
material,#mc/mtl_wpn_t8_loot_sniper_mini14_bullet
material,#mc/mtl_wpn_t8_lmg_hades_barrel_sig_01
material,#mc/mtl_wpn_t8_lmg_hades_barrel_sig_02
material,#mc/t7_wood_beam_worn_oak_bleached_tint_wht
material,#mc/mtl_veh_t8_decal_caution_stripe
material,#mc/t7_graphic_display_military_10_cyan
material,#hash_63fb91cb7f572126
material,#mc/mtl_p8_zm_chaos_mound_base
material,#hash_63fbbfa9e4144947
material,#mc/mtl_veh_t8_drone_rcxd_radio_dirty
material,#mc/mtl_c_t8_zmb_mob_zombie_body1_belts
material,#mc/mtl_wpn_t8_pistol_burst_clip
material,#hash_e4123d84ab2ecb24
material,#mc/mtl_p7_medical_surgical_tools_tray
material,#mc/mtl_veh_t8_mil_air_gunship_glass_light
material,#mc/mtl_wpn_t8_ar_stealth_sig_01_sac_mount
material,#hash_e41a5db6c4cea2fb
material,#mc/mtl_p7_dumpster_construction_large_paint
material,#mc/mtl_veh_t8_decal_panel_raised_color
material,#hash_e422b8fd64a2a56c
material,#hash_e426bf83121f4ad2
material,#mc/mtl_p7_box_cardboard_wet
material,#hash_64301069c87c36ab
material,#mc/mtl_p8_zm_esc_warden_dresser_wear
material,#hash_64334cedd31300bb
material,#hash_643351edd313093a
material,#mc/mtl_p7_wes_wood_plank_old_ends
material,#mc/mtl_wpn_t8_zm_crossbow_cylinder
material,#hash_643c40a49de2d118
material,#hash_6440f2846a914a7b
material,#mc/mtl_attach_t8_lmg_heavy_bolt_handle
material,#mc/mtl_p8_zm_esc_keybox_dirt
material,#mc/mtl_wpn_t8_loot_lmg_mk48_clip_stick_alt
material,#hash_644c89a0cc55386e
material,#hash_644cd62aaab2ef94
material,#mc/mtl_wpn_t8_loot_shotgun_fullauto_screws_alt_mk2
material,#hash_64560c78e2328ac9
material,#mc/mtl_p8_wz_supply_stash_decal_strap
material,#mc/mtl_attach_t8_ar_galil_handle
material,#mc/mtl_veh_t8_drone_rcxd_explosive_dark
material,#hash_64673c9b2ddcf340
material,#mc/mtl_p7_zm_kin_dresser_wood_02
material,#mc/mtl_p7_zm_kin_dresser_wood_03
material,#mc/mtl_p7_zm_kin_dresser_wood_01
material,#hash_e46fb96173c1ead2
material,#mc/mtl_p8_zm_esc_radiator_vintage_decal_02
material,#mc/mtl_p8_zm_esc_radiator_vintage_decal_01
material,#hash_64716430fd989ffc
material,#hash_64716730fd98a515
material,#hash_64770b04eb40c3b6
material,#hash_64777c093494d09d
material,#hash_6477877bc2158aee
material,#hash_64782f2372c81003
material,#hash_64796da86f6a3067
material,#mc/mtl_p7_mou_pallet_wood_wood_01
material,#mc/mtl_wpn_t8_ar_stealth_sig_02_stock
material,#mc/mtl_p8_crate_wood_01_set
material,#mc/mtl_p8_chi_comm_antenna_roof_grunge
material,#hash_647cfcf9fd58a9a4
material,#mc/mtl_wpn_t8_loot_ar_peacekeeper_stock_base_alt_mk2
material,#hash_e488e9de4ecf7138
material,#hash_e488ecde4ecf7651
material,#mc/mtl_wpn_t8_tritium_green_revolver
material,#mc/mtl_p8_zm_esc_crate_wood_lrg_drape
material,#hash_6495bbc5b6ab88d1
material,#hash_64963981c6bcc5f2
material,#hash_e49b32c066893258
material,#hash_e49b35c066893771
material,#mc/mtl_p7_table_endtable_wood_bld
material,#hash_e4afc8a2bfb20f2f
material,#mc/mtl_veh_t8_decal_sign_laser_01
material,#hash_64b55333324138c4
material,#mc/mtl_wpn_t8_smg_capacity_grip_switches_base
material,#mc/mtl_p8_col_table_cafeteria_folding_set_weld
material,#hash_e4bf8a9fe7b532e6
material,#hash_64c632e7bc949a93
material,#hash_64c635e7bc949fac
material,#hash_64c637e7bc94a312
material,#hash_64c638e7bc94a4c5
material,#hash_64c87c663d42c490
material,#mc/mtl_p7_eth_light_wall_03_glass
material,#hash_64cf8bd62b1cea53
material,#hash_64d3511bf7bfa2ed
material,#hash_64d36f9faec1fc09
material,#mc/mtl_p7_zm_kin_dresser_wood_01_dmg
material,#mc/mtl_wpn_t8_smg_fastfire_body_01_alt
material,#hash_64d9b1efdb15c0dc
material,#hash_64d9b4efdb15c5f5
material,#mc/mtl_wpn_t8_loot_ar_double_barrel_stock
material,#mc/mtl_p8_zm_esc_nixie_tubes_paintedmetal
material,#hash_64e280219c91fd04
material,#mc/mtl_p8_zm_esc_gondola_damage
material,#hash_64e66c2e22100264
material,#mc/mtl_p8_fire_extinguisher_01_dmg_decal_01
material,#mc/mtl_p8_fire_extinguisher_01_dmg_decal_03
material,#mc/mtl_p8_fire_extinguisher_01_dmg_decal_02
material,#mc/mtl_wpn_t8_sig_flamethrower_glass
material,#ei/gfx_light_incandescent_hot_em
material,#mc/t8_decal_tech_detail_screw_02_normal
material,#mc/mtl_wpn_t8_sig_flamethrower_decals
material,#mc/mtl_wpn_t8_ar_kn57_receiver_lower_alt
material,#mc/mtl_p8_wz_foliage_sycamore_wood_01
material,#hash_e50405ba651b5c81
material,#ei/gfx_gel_drops_em_i512
material,#hash_e5069e9b8007b7de
material,#hash_e506fe8c6004e52f
material,#mc/mtl_wpn_t8_ar_modular_rails_sig_03
material,#mc/mtl_p7_box_copy_paper
material,#hash_650f908a5c02cbee
material,#mc/mtl_attach_t8_pistol_revolver_stock
material,#mc/mtl_wpn_t8_tritium_green
material,#hash_6516f78f3445e02b
material,#mc/mtl_eqp_t8_grenade_emp_cap
material,#hash_e51afa9e79f591c3
material,#hash_651b40f29188697b
material,#hash_651bfc1053662be4
material,#hash_651d7c5dcdd9ca64
material,#hash_651d7f5dcdd9cf7d
material,#mc/mtl_p7_zm_der_magic_box_qmark_bg
material,#mc/mtl_p8_zm_esc_power_station_panel_set_gauges_01_matelpainted
material,#mc/mtl_attach_t8_launcher_standard_ammo_secondary
material,#hash_652bde3074555d09
material,#hash_6532e404ecba9db0
material,#hash_6532e604ecbaa116
material,#hash_6532e704ecbaa2c9
material,#mc/mtl_p8_debris_concrete_rubble_01_scatter
material,#mc/mtl_wpn_t8_zm_blundergat_acid
material,#mc/mtl_p7_duct_metal_rectangle_support_dark
material,#hash_653ca341aadc9cda
material,#mc/mtl_veh_t8_drone_rcxd_body_lower_metal
material,#mc/t8_zm_decal_frost_reveal
material,#mc/mtl_wpn_t8_ar_modular_weapon_sig_03
material,#mc/mtl_wpn_t8_ar_modular_weapon_sig_02
material,#mc/mtl_wpn_t8_ar_modular_weapon_sig_01
material,#mc/mtl_p7_slu_wire_decal_spalling
material,#mc/p7_vld_wood_roof_base
material,#mc/mtl_c_t8_zmb_homunculus_necklace
material,#mc/mtl_veh_t8_decal_battery_02
material,#hash_6551a0336997d203
material,#hash_6551a1336997d3b6
material,#mc/mtl_p8_zm_esc_power_house_door_metal_rolling_weld
material,#hash_655665f2679243c7
material,#mc/t8_concrete_plain_dirty_01
material,#hash_655b8da4a25e9e87
material,#hash_e55f56f5481d705b
material,#mc/mtl_p8_zm_esc_cloth_pile_02_button
material,#mc/mtl_p8_chi_pipe_support_04
material,#hash_65636a7ae0dedcce
material,#hash_6568b196e1fc0fb9
material,#hash_656cc538a609be40
material,#hash_656cc638a609bff3
material,#hash_e57044cf8027a058
material,#hash_e57047cf8027a571
material,#hash_6579d9a089708f88
material,#hash_6579dba0897092ee
material,#hash_6579dca0897094a1
material,#hash_6579dea089709807
material,#hash_6579e0a089709b6d
material,#hash_657aeaecee4eb801
material,#mc/t7_metal_bare_aluminum_matte
material,#mc/mtl_wpn_t8_loot_smg_burst_foregrip
material,#mc/mtl_p7_coffee_table_wood_02_worn_metal
material,#hash_e584e0438a9b5465
material,#hash_6586759cd5586c45
material,#mc/mtl_p7_can_metal_01
material,#mc/mtl_p7_ris_hose_coupling_metal
material,#mc/t7_decal_grunge_water_stain_01_rvl
material,#mc/mtl_wpn_t8_ar_stealth_sig_02_screws
material,#hash_e59aa38a19ffdb4f
material,#hash_65a0911b129d1d6e
material,#hash_65a144735fe14a26
material,#mc/mtl_p8_wep_cargo_container_military_decal_scratch
material,#hash_65a97a6b2c140ae2
material,#mc/mtl_p7_wall_mobile_dep_decal_numbers_black
material,#mc/mtl_p8_col_conveyor_unit_main
material,#hash_65abd97a28e966e5
material,#hash_65b19cd158b6b9d5
material,#hash_65b3a0b63cad9a90
material,#mc/mtl_wpn_t8_loot_melee_slay_wire
material,#hash_65b6d3e64f4f49ca
material,#hash_65b87efed8f8330d
material,#mc/mtl_p8_kit_col_gen_02_steps_decal01
material,#hash_65d396197c1b9760
material,#hash_65d399197c1b9c79
material,#hash_65d39eee48b726c1
material,#hash_65d493a6479e4cfa
material,#mc/mtl_wpn_t8_smg_capacity_sig_02_barrel
material,#mc/mtl_attach_t8_loot_shotgun_fullauto_foregrip_alt
material,#hash_65d993f051dede5d
material,#hash_e5dd13b745c3a576
material,#hash_e5dd5ceccc99e596
material,#hash_e5dd5feccc99eaaf
material,#hash_e5e0deeccc9cf853
material,#hash_65e6af5fb6c036b3
material,#hash_65e71d6eaf3630df
material,#mc/mtl_p8_foliage_grass_long_skinny_page_03_dry
material,#hash_65e8eac2368b8861
material,#hash_e5ea33daede11f9b
material,#mc/mtl_p7_zm_asc_barrel_metal_lid
material,#mc/mtl_p7_crate_wood_02_lid_metal_blend
material,#hash_e5f2bbe00080bd2b
material,#mc/mtl_wpn_t8_eqp_turret_mini_gun_decal
material,#hash_65f385c2200aa00d
material,#mc/mtl_p7_rooftop_hvac_metal_steel
material,#hash_65ff04afc90f5909
material,#mc/mtl_p7_pipe_metal_hp_12_straight_red
material,#ei/gfx_light_phosphorous_em
material,#mc/mtl_attach_t8_optic_reflex_lens
material,#mc/mtl_p8_zm_zod_boiler_fastners
material,#mc/mtl_attach_t8_ar_kn57_suppressor
material,#hash_661839cdfd8f8ed7
material,#hash_e618ca460e6b6eb7
material,#hash_e61c459e8006cde0
material,#hash_e61ff2efd1a47cb3
material,#hash_66258a978ade39d6
material,#hash_66258c978ade3d3c
material,#hash_66258d978ade3eef
material,#hash_66258f978ade4255
material,#hash_6629ed8d287c807a
material,#hash_662d2fc7f7066e5f
material,#hash_662e88e720a4ebaf
material,#mc/mtl_p8_usa_submarine_torpedo_railing
material,#mc/mtl_p7_light_panel_lrg_backlit
material,#hash_6638254d1358ccf8
material,#hash_66389137a5ac4e94
material,#hash_66389437a5ac53ad
material,#mc/mtl_p8_zm_esc_pipe_bundle_strap
material,#mc/mtl_p7_zm_mob_crate_wood_sml_wood02
material,#mc/mtl_t8_wpn_lmg_heavy_grip_mk2
material,#hash_e64f2f17f51d65af
material,#hash_e64f3017f51d6762
material,#hash_e652113a385b420e
material,#mc/mtl_p7_debris_glass_shards_dark
material,#hash_e654800dd41b7ff7
material,#mc/mtl_attach_t8_loot_ar_double_barrel_foregrip
material,#hash_66585472ba6a60a4
material,#hash_66596aa1c4a1a849
material,#hash_665a1411ddf559e8
material,#hash_e66630b89db3532f
material,#hash_e66631b89db354e2
material,#mc/mtl_wpn_t8_ar_accurate_receiver_sig_03
material,#ei/gfx_light_phosphorous_em_i1024
material,#hash_e670fc6611217597
material,#hash_e670fd661121774a
material,#hash_6672a05f43e110d8
material,#mc/t7_ntx_metal_trim_chrome
material,#hash_6675d6c1e7deb9ff
material,#mc/mtl_p7_boat_life_preserver_decal_dirty
material,#mc/mtl_wpn_t8_smg_capacity_receiver_black_metal_mk2
material,#mc/mtl_p8_box_electric_commercial_rust_decal_01
material,#mc/mtl_p8_zm_esc_table_wood_lrg_tablecloth
material,#mc/mtl_wpn_t8_loot_ar_peacekeeper_sights_base_alt
material,#mc/mtl_p7_mirror_dressing_vintage_01_glass
material,#hash_e6827790574224ef
material,#hash_6683a7dc907a0911
material,#mc/mtl_wpn_t8_loot_ar_peacekeeper_stock_base_alt
material,#mc/mtl_wpn_t8_eqp_smartcover_solar_decal
material,#mc/t8_decal_grunge_rust_offset_01_blend
material,#hash_66958a1049f0f571
material,#hash_e696dc3cfe11d846
material,#hash_669ecae811720f41
material,#hash_66a4dac8bf7927b8
material,#mc/mtl_p7_wires_electrical_rubber
material,#hash_e6aed13bb0231182
material,#hash_66b5813f07440006
material,#hash_e6b74ee473b426fe
material,#mc/mtl_p8_zm_esc_power_house_door_metal_rolling_details
material,#hash_66b8367f0df08530
material,#hash_66b8397f0df08a49
material,#mc/t8_zm_esc_heavy_rust_01_rvl
material,#hash_66bd18f80d0f45d9
material,#hash_66c1f6963b1e72e5
material,#mc/t7_glass_reinforced
material,#hash_66d3023f2e5d30c8
material,#mc/mtl_p8_wz_foliage_bush_creosote_02_dry_proxy_simple
material,#hash_66d5d103afd920ec
material,#hash_66d80f9e8aed265c
material,#mc/bullet_collision_water
material,#hash_66ddf9272a18624c
material,#hash_e6e381a1b87658e8
material,#mc/mtl_attach_t8_pistol_revolver_stock_alt_mk2
material,#hash_66e873160fdfe36a
material,#hash_66eaffebb0ec62a2
material,#hash_66ed5b74f5878427
material,#hash_66ed5c74f58785da
material,#mc/mtl_wpn_t8_tr_midburst_propeller_bomb_sig_02
material,#hash_e6f7ced0b4b80d05
material,#hash_66ff0a56fbf20740
material,#mc/mtl_p8_wz_supply_stash_decal_clip
material,#hash_6705bf29bf1e982a
material,#hash_e709e6ffbc26b35d
material,#mc/mtl_attach_t8_sniper_powersemi_stabilizer
material,#mc/mtl_p8_col_storage_chem_lab_wood_decal
material,#mc/mtl_p8_usa_control_panel_02
material,#mc/mtl_p8_box_electric_commercial_sml_01_glass_01
material,#mc/mtl_p8_box_electric_commercial_sml_01_glass_02
material,#hash_e7120b60980426e9
material,#hash_67157889675369c4
material,#mc/mtl_attach_t8_shotgun_semi_foregrip
material,#mc/mtl_veh_t8_mil_boat_tactical_raft_engine_b
material,#hash_67190ca6ec848b4d
material,#hash_e7199614be5118c3
material,#hash_671b2e5825738185
material,#mc/mtl_p7_wes_chair_wood_set_decal_nail
material,#hash_672419e077c962f2
material,#mc/mtl_wpn_t8_ar_stealth_sig_02_skull_eyes
material,#mc/mtl_p7_aqu_railings_set_metal_worn
material,#hash_e726b0a801e288a0
material,#hash_672c9c6432ab33b8
material,#hash_67312523d496d126
material,#mc/mtl_p8_jpn_bank_money_stack_packed
material,#hash_673397990b08b4ec
material,#mc/mtl_wpn_t8_sniper_power_semi_mag
material,#hash_e735e61201420247
material,#mc/mtl_wpn_t8_loot_smg_folding_decals_02_mk2
material,#hash_e7393e40d58c241f
material,#mc/mtl_p7_mou_clock_wall_body
material,#hash_673e610f4e3b2107
material,#hash_6740b03aec392d7c
material,#hash_6740b13aec392f2f
material,#mc/mtl_p7_slu_plank_wood_board
material,#hash_e753f7a46a644d3e
material,#mc/global_invisible
material,#hash_e763840580e7f0eb
material,#hash_6763a625872d2d9c
material,#hash_6764e33d0183c7f9
material,#hash_e7696395a77d17fc
material,#mc/mtl_wpn_t8_camo_requiem_alt
material,#hash_676f3e3d8000917e
material,#ei/gfx_gib_metal_01_lit
material,#mc/mtl_wpn_t8_loot_smg_minigun_rail
material,#mc/mtl_p8_zm_esc_medical_surgical_tools_tray_main_02
material,#mc/mtl_p8_zm_esc_medical_surgical_tools_tray_main_01
material,#mc/mtl_attach_t8_ar_fastfire_grip_base_alt
material,#mc/mtl_attach_t8_smg_fastfire_grip
material,#mc/mtl_p7_sink_ceramic_old_01
material,#mc/mtl_p8_zm_esc_gondola_lift_roof
material,#mc/mtl_p8_zm_esc_tools_pliers_change
material,#mc/mtl_t8_wpn_pistol_revolver_lights_ph_sig_02
material,#hash_6787c747b5f8d403
material,#hash_67884a2c523e688c
material,#hash_67884b2c523e6a3f
material,#mc/mtl_wpn_t8_tac_rifle_swordfish_carry_handle
material,#hash_e7897804572fbd47
material,#mc/mtl_p8_zm_zod_broom_galley_wood
material,#mc/t7_decal_damage_concrete_edge_02
material,#mc/t7_decal_damage_concrete_edge_03
material,#mc/t7_decal_damage_concrete_edge_01
material,#hash_679115cd135b65b0
material,#mc/t8_decal_tech_detail_line_trim_14_drk
material,#mc/mtl_wpn_t8_loot_lmg_mk48_rail_mk2
material,#mc/mtl_attach_t8_bullet
material,#mc/mtl_eqp_t8_grenade_smoke_decals
material,#mc/mtl_wpn_t8_ar_kn57_receiver_upper_alt
material,#mc/mtl_wpn_t8_shotgun_semi_screws02_sig_01
material,#mc/mtl_wpn_t8_shotgun_semi_screws02_sig_02
material,#mc/mtl_t8_wpn_pistol_revolver_screen_overlay_02_sig_02
material,#hash_e7ad065fb1bec4bd
material,#hash_67b28b6d039e6213
material,#mc/mtl_attach_t7_ar_dbal_03
material,#mc/mtl_p7_light_metal_recessed_led
material,#hash_67bfa823769fc56b
material,#hash_67c55065e9cf8071
material,#mc/mtl_wpn_t8_eqp_trophy_system_panels
material,#mc/mtl_wpn_t8_sig_flamethrower_misc_base
material,#mc/mtl_wpn_t8_tac_rifle_surgeon_level_bubble
material,#mc/mtl_attach_t8_lmg_titan_grip_alt
material,#hash_e7d19e32c0bd2c22
material,#mc/t7_ceramic_tile_trim_egyptian_03
material,#hash_67d512e78457d8f9
material,#mc/mtl_wpn_t8_lmg_titan_sig_01_handguard
material,#hash_67da6166112bd38e
material,#hash_67df10fe018b5295
material,#hash_67e18449f14d9b0c
material,#mc/mtl_attach_t8_shotgun_semi_grip
material,#hash_67e1e2b629aa1bc8
material,#ei/gfx_distort_heat_md
material,#mc/mtl_p8_col_sprinkler_metal
material,#ei/gfx_distort_heat_lg
material,#hash_67ebf48f18fff81b
material,#mc/mtl_wpn_t8_eqp_turret_mini_device_frame_02
material,#mc/mtl_wpn_t8_eqp_turret_mini_device_frame_03
material,#mc/mtl_wpn_t8_eqp_turret_mini_device_frame_01
material,#mc/mtl_p7_zm_ctl_book_vintage_cover_01_detail
material,#hash_e7f1ab435dd796ec
material,#hash_e7f1ae435dd79c05
material,#mc/mtl_wpn_t8_ar_accurate_sig_01_receiver_alt
material,#mc/mtl_attach_t8_smg_fastfire_grip_alt
material,#hash_67f82e5b48be7460
material,#mc/mtl_p7_zm_der_light_set_bulb_small
material,#hash_67ff9569418357dc
material,#hash_e804a9d7b3e79481
material,#mc/mtl_p8_zm_esc_chemistry_kit_yellow
material,#mc/mtl_attach_t8_ar_kn57_foregrip_alt
material,#mc/t7_cry_metal_floor_tech_trim
material,#hash_68137450493eb2b1
material,#hash_6816fda7fe384c2b
material,#hash_681b38cd9d47190b
material,#mc/mtl_t8_wpn_loot_smg_folding_stabilizer_02
material,#mc/mtl_wpn_t8_sniper_koshka_scope_01
material,#mc/mtl_wpn_t8_sniper_koshka_scope_02
material,#hash_681dc0c9b2185905
material,#hash_e82176216be18bab
material,#mc/mtl_p7_zm_tra_billiard_vintage_cover_damaged
material,#hash_6826c76223a6f2e3
material,#mc/t7_metal_chainlink
material,#mc/mtl_p8_zm_esc_pipe_metal_dark_03_decal
material,#hash_682a73937a56f83e
material,#hash_e82fc3797b5fa5a2
material,#hash_e831c2fcf46cd60f
material,#mc/mtl_p7_box_cardboard_open02
material,#mc/mtl_p7_mou_clock_wall_dial
material,#mc/mtl_p8_zm_esc_chemistry_kit_01_metal
material,#hash_684428f97f47143d
material,#mc/t7_ra2_stone_wall_limestone
material,#mc/mtl_p7_dumpster_construction_large_base_01
material,#mc/mtl_p7_dumpster_construction_large_base_03
material,#mc/mtl_p7_dumpster_construction_large_base_02
material,#mc/mtl_p7_dumpster_construction_large_base_04
material,#mc/mtl_p7_whiteboard_frame_metal
material,#hash_e84ce6ecafbe1769
material,#mc/mtl_p8_zm_esc_book_01_cover
material,#mc/mtl_wpn_t8_camo_geo_gem_diamond
material,#mc/mtl_attach_t8_ar_kn57_ext_mag
material,#mc/mtl_p8_usa_submarine_interior_chair_cushion
material,#hash_e8587e3eaa9fa0c1
material,#hash_e85f6e143d3336fa
material,#mc/mtl_p7_wes_chair_wood_set_decal_wood
material,#hash_e8675212bc3df138
material,#mc/t7_wood_clean_painted_offwhite
material,#hash_e874afa44fffad7f
material,#hash_687ae299293ca9fe
material,#mc/mtl_wpn_t8_shotgun_pump_sig_02_pump
material,#ei/gfx_water_bubbledeath_group1_anim_spec
material,#ei/gfx_dust_fall_lg_anim_lit
material,#hash_e88d38f9bc0340af
material,#mc/mtl_p8_col_table_cafeteria_folding_set_paintmetal
material,#mc/mtl_wpn_t8_ar_modular_decal_sig_03
material,#mc/mtl_p7_debris_paper_sheet_01
material,#hash_68991275fdf1332e
material,#mc/mtl_t8_camo_gold_white
material,#hash_68a02bc258e6bcf7
material,#hash_68a13e658cb52844
material,#hash_e8a23845dc8f5de2
material,#hash_e8a705b021ae0638
material,#hash_e8a7b6f77bb86767
material,#mc/mtl_wpn_t8_ar_accurate_barrel_sig_03
material,#hash_e8b529fe8522cc72
material,#mc/mtl_p8_light_hanging_billiard_chain
material,#ei/gfx_fog_slow_wide_lg_anim_lit
material,#hash_68ba798b5625444f
material,#hash_68bcdd5cab80b581
material,#mc/p8_zm_esc_concrete_destroyed_slabs
material,#mc/mtl_wpn_t7_arak_mag
material,#hash_e8c0170361aeb305
material,#mc/mtl_p8_box_cardboard_wet
material,#mc/mtl_p7_zm_tra_billiard_vintage_table_wood_decal
material,#hash_68c407d7b298833e
material,#hash_e8ca9a57ab0edf65
material,#hash_68cf4e6a2e72a91b
material,#hash_68d801f559fc38fb
material,#mc/mtl_wpn_t8_sniper_koshka_range_finder
material,#hash_e8dfc122ea7744fd
material,#mc/mtl_wpn_t8_loot_shotgun_fullauto_mag_alt_mk2
material,#mc/mtl_wpn_t8_smg_capacity_grip_base_alt_mk2
material,#mc/mtl_wpn_t8_sniper_koshka_stock_mk2
material,#mc/mtl_wpn_t8_loot_melee_zombie_arm_sleeve
material,#ei/gfx_distort_ring_ripple
material,#mc/mtl_p8_zm_esc_dryer_industrial_dirt
material,#mc/mtl_wpn_t8_smg_capacity_sig_02_handguard
material,#hash_68f5e91edd29b197
material,#hash_68f60cbb9138ace7
material,#hash_e8fa95be3070af8e
material,#hash_68fc408d51df1029
material,#hash_68fea417a94d0154
material,#mc/mtl_wpn_t8_crossbow_muzzle_base
material,#mc/mtl_t8_loot_wpn_smg_folding_carry_handle
material,#hash_e90baac479d01ff4
material,#hash_e90badc479d0250d
material,#mc/mtl_attach_t8_smg_capacity_ext_mag_02_alt
material,#hash_e90e049bff65327a
material,#mc/mtl_wpn_t8_sig_bow_reticle
material,#mc/mtl_wpn_t8_pistol_burst_slide
material,#mc/mtl_veh_t7_drone_attack_body_dead
material,#hash_691b28ad9e971778
material,#hash_691e5e3ac94f87f8
material,#hash_6920f0a9295d83c0
material,#mc/mtl_wpn_t8_loot_melee_slay_bell_light
material,#hash_6927e1fb120ec6aa
material,#mc/mtl_attach_t8_sniper_vanguard_handguard_02_magwell
material,#hash_6934406d5a57b4f0
material,#hash_6934426d5a57b856
material,#hash_6934446d5a57bbbc
material,#hash_6934476d5a57c0d5
material,#hash_69344b6d5a57c7a1
material,#mc/mtl_attach_t8_lmg_heavy_fastmag_alt
material,#hash_6937fb94dded2f77
material,#hash_e9383b4c88c21a90
material,#hash_6939e716bf9f284c
material,#hash_e93c300624593a27
material,#hash_6942054421dd22fc
material,#mc/mtl_wpn_t8_loot_ar_standard_stock_sig_02
material,#hash_694774f99979f1ed
material,#mc/mtl_p8_zm_wall_buy_symbol
material,#hash_e958b1721048cf5a
material,#mc/mtl_t8_wpn_pistol_revolver_body_alt
material,#mc/mtl_wpn_t8_tac_rifle_surgeon_handguard_alt
material,#hash_69615719626bea59
material,#mc/mtl_wpn_t8_loot_melee_action_figure_decal
material,#mc/mtl_wpn_t8_tac_rifle_surgeon_handguard
material,#mc/mtl_p8_spray_paint_can_camo_metal
material,#hash_696e8545d6e87b5c
material,#hash_696e8645d6e87d0f
material,#hash_69763054180c8b23
material,#mc/mtl_wpn_t8_ar_stealth_sig_02_front_barrel
material,#mc/mtl_wpn_t8_ar_galil_barrel_base_alt
material,#mc/mtl_p8_zm_esc_cloth_pile_02_blot
material,#mc/mtl_p7_fir_bathroom_mirror_frame
material,#hash_69874df05caf89a7
material,#hash_69874ef05caf8b5a
material,#mc/mtl_p8_zm_zod_glass_third_class_berths_set_glass
material,#hash_6991c8fb7cf730e3
material,#hash_e994c086f150e395
material,#hash_6995e4da6dece8a0
material,#mc/mtl_p8_zm_esc_sheet_metal_4x4_white
material,#mc/mtl_wpn_t8_lmg_hades_base
material,#hash_69ae122d18648f97
material,#hash_e9aea1837cce4a50
material,#mc/mtl_attach_t8_loot_ar_peacekeeper_upper
material,#mc/mtl_p7_fir_light_industrial_decal_dirt
material,#hash_e9b95654ac4f9715
material,#hash_69b97b91cae2abe4
material,#mc/mtl_p7_zm_zod_igc_ashtray
material,#hash_69bea37ec47a8ee9
material,#mc/mtl_attach_t8_loot_lmg_mk48_mag_bullet
material,#mc/t7_metal_bare_aluminum_matte_trim
material,#hash_e9c93572ae29e51e
material,#mc/t8_zm_esc_roof_shingles_asphalt_01
material,#mc/mtl_p8_col_cabinet_lab_wood_btm_metal
material,#mc/mtl_p8_zm_esc_table_kitchen_metal
material,#hash_69d2622d19515c7b
material,#hash_69d4da71142e52ae
material,#hash_69d636946c0c7619
material,#hash_69da3b1a8000bc7f
material,#mc/mtl_veh_t8_decal_screw_head_metallic
material,#hash_69e1230dbb38371d
material,#mc/mtl_veh_t7_decal_latch_03
material,#mc/mtl_p8_wz_tarp_large_01_blue
material,#mc/mtl_attach_t8_sniper_koshka_grip_01
material,#mc/mtl_attach_t8_sniper_koshka_grip_02
material,#hash_69ebe1c1d414a29b
material,#mc/mtl_wpn_t8_sniper_vanguard_magwell_v2_alt_mk2
material,#hash_e9f3684a3b426095
material,#hash_e9f460f409e30e00
material,#mc/mtl_wpn_t8_shotgun_pump_sig_02_rail
material,#hash_69f6bdf1d04d29f4
material,#mc/mtl_wpn_t8_loot_tac_rifle_damageburst_base_alt
material,#hash_e9fa80aa7a5f0129
material,#hash_e9fbecb72d58f7ad
material,#mc/mtl_p7_slu_fuse_box_electric_set_text
material,#hash_e9fec172f283cf6a
material,#mc/mtl_p7_fir_targetdummy_rail_decal_10
material,#mc/mtl_p7_fir_targetdummy_rail_decal_09
material,#mc/mtl_p7_fir_targetdummy_rail_decal_08
material,#mc/mtl_p7_fir_targetdummy_rail_decal_07
material,#mc/mtl_p7_fir_targetdummy_rail_decal_06
material,#mc/mtl_p7_fir_targetdummy_rail_decal_05
material,#mc/mtl_p7_fir_targetdummy_rail_decal_04
material,#mc/mtl_p7_fir_targetdummy_rail_decal_03
material,#mc/mtl_p7_fir_targetdummy_rail_decal_02
material,#mc/mtl_p7_fir_targetdummy_rail_decal_01
material,#mc/mtl_p8_zm_zod_chair_victorian_wood
material,#hash_6a0ca35f0de1f0bd
material,#generic_filter_sprite_rain
material,#hash_ea0f7bb577f90443
material,#hash_6a114e9587d48616
material,#hash_6a11509587d4897c
material,#hash_6a11519587d48b2f
material,#hash_6a11529587d48ce2
material,#hash_6a1397b61a2a71d1
material,#hash_6a13f5091968255a
material,#hash_6a14224f9b757bbd
material,#hash_ea1ac87caea581ab
material,#hash_ea1bd9e981aa6c15
material,#mc/mtl_p7_zm_ver_sink_vanity_set_decal_05
material,#mc/mtl_p7_zm_ver_sink_vanity_set_decal_04
material,#mc/mtl_p7_zm_ver_sink_vanity_set_decal_01
material,#mc/mtl_p7_zm_ver_sink_vanity_set_decal_03
material,#mc/mtl_p7_zm_ver_sink_vanity_set_decal_02
material,#mc/t7_wood_plywood_painted_white
material,#hash_6a238855be5a637f
material,#hash_6a24c5f693f63cbb
material,#mc/mtl_p8_chi_monitor_01
material,#hash_ea260af0852e0d8f
material,#hash_ea29b04e806018fc
material,#hash_ea29b34e80601e15
material,#mc/mtl_p8_usa_locker_metal_door_plastic_01
material,#mc/mtl_wpn_t8_sniper_koshka_decals_sig_02
material,#mc/mtl_wpn_t8_loot_lmg_mk48_sight_alt
material,#mc/mtl_t8_wpn_loot_smg_folding_bolt_02
material,#mc/mtl_t8_wpn_loot_smg_folding_bolt_01
material,#hash_6a3ce8ba0153b5b6
material,#mc/mtl_wpn_t8_sniper_power_semi_bolt
material,#hash_ea401a9172e662da
material,#hash_6a41e79af0cc893a
material,#mc/mtl_wpn_t8_shotgun_prec_upper_base
material,#hash_ea4c7246cc02464b
material,#mc/mtl_wpn_t8_ar_accurate_sig_01_receiver
material,#mc/mtl_wpn_t8_ar_accurate_handguard_sig_03_alt
material,#mc/mtl_wpn_t8_loot_lmg_mk48_handguard_alt_mk2
material,#ei/gfx_smk_whisp_anim_lit
material,#hash_6a55d9df472072e7
material,#mc/mtl_p7_ac_unit_extra
material,#mc/mtl_p7_cai_door_wood_rustic_02_metal
material,#mc/mtl_c_zom_der_zombie_hound_fur_body
material,#mc/mtl_attach_t8_loot_sniper_mini14_fastmag
material,#mc/mtl_wpn_t8_ar_damage_receiver_sig_01
material,#mc/mtl_c_t8_zmb_homunculus_eyes
material,#mc/mtl_p8_foliage_grass_blades_tall_set_d_dry
material,#hash_ea8464ded450f103
material,#hash_ea8467ded450f61c
material,#hash_ea8469ded450f982
material,#hash_ea846aded450fb35
material,#hash_ea991286f009440f
material,#mc/t8_plaster_old_dirty_01_white
material,#hash_eaaf29d40bd9b10b
material,#hash_6ab165c1bad6e53c
material,#hash_6ab168c1bad6ea55
material,#mc/mtl_wpn_t8_loot_lmg_mk48_bodytop
material,#hash_eab3dea127912aaf
material,#hash_eab43cd3383e5827
material,#hash_eacc8c4cb6424236
material,#hash_ead086a1b92911d3
material,#hash_ead087a1b9291386
material,#mc/mtl_attach_t8_loot_shotgun_fullauto_foregrip02_alt
material,#mc/mtl_t8_wpn_lmg_heavy_lever
material,#mc/mtl_p7_barrier_block_concrete
material,#mc/mtl_p8_zm_zod_engine_cylinder_support_columns_conduit_fitting
material,#hash_ead9220918575153
material,#ei/gfx_fol_leaves_vine_lit
material,#mc/t8_metal_painted_dirty_orange
material,#mc/bullet_collision_wood
material,#mc/mtl_wpn_t8_tac_rifle_swordfish_upper_mk2
material,#hash_eae6a8b89c9a5b45
material,#hash_6ae6abb89c9a605e
material,#hash_eae95f94c4322410
material,#hash_6aebb7b8c1d6b1cd
material,#hash_eaee1fee5d7f8408
material,#hash_eaee22ee5d7f8921
material,#hash_6af18b1a8a781c02
material,#mc/t7_wes_wood_trim_01_white
material,#hash_6af3fead2e8a0520
material,#hash_6af400ad2e8a0886
material,#hash_6af401ad2e8a0a39
material,#mc/mtl_p8_wz_cu_hat_tanker_strap
material,#hash_6af7a01bb2bd4293
material,#hash_eafdf3e0e3472c1f
material,#mc/mtl_p8_col_storage_chem_lab_wood
material,#mc/mtl_wpn_t8_zm_towers_scorpion_claw_arm_top
material,#mc/mtl_wpn_t8_launcher_standard_stock
material,#mc/mtl_attach_t8_shotgun_semi_barrel
material,#mc/mtl_wpn_t8_ar_modular_pearl_sig_03
material,#hash_6b032b96ca1d6d0f
material,#mc/mtl_t8_wpn_loot_smg_folding_foregrip_02
material,#hash_6b13f2e0cebae766
material,#mc/mtl_p7_wall_radiator_vintage
material,#mc/mtl_veh_t8_drone_rcxd_explosive_plastic
material,#hash_6b19faa91670cefd
material,#hash_6b1def050f865ceb
material,#mc/mtl_attach_t8_ar_galil_stock_strap
material,#mc/mtl_p7_pallet_wood_splinters_dark
material,#hash_6b2156460f4d9e0f
material,#hash_6b24d147e4e725e9
material,#hash_6b25e6f21c915f60
material,#hash_6b25e9f21c916479
material,#hash_6b2a9a98cc2cf9e5
material,#hash_6b2e4ae87212b6ea
material,#mc/mtl_wpn_t8_ar_modular_02_stock_connector_sig_01
material,#hash_6b328094717ecd27
material,#hash_6b37e37cae322173
material,#mc/mtl_attach_t8_loot_smg_vmp_silencer_01
material,#hash_6b3f5401a1e3e752
material,#mc/mtl_wpn_t8_ar_modular_02_handguard_sig_01
material,#hash_6b42a97580f16acc
material,#mc/mtl_p7_mou_storage_cabinet_leaks
material,#hash_eb45a9964267c218
material,#hash_eb4a5cd0abd6740d
material,#mc/mtl_wpn_t8_loot_shotgun_fullauto_rings_mk2
material,#mc/mtl_p8_chi_beam_roof_metal_support
material,#mc/mtl_p7_fir_wire_spool_wood_nail2
material,#mc/mtl_p8_col_oven_kitchen_02_metal
material,#mc/mtl_attach_t8_ar_kn57_grip_alt_mk2
material,#hash_eb62111e491dfd8b
material,#hash_eb62897f727a30b7
material,#hash_eb6d710027fbe7e8
material,#ei/gfx_smk_billow_whisp_anim_high_gray_lit
material,#hash_eb6df5653b8435f8
material,#hash_eb6df8653b843b11
material,#hash_6b701a50a216f7a3
material,#hash_eb742d46550de12f
material,#mc/t8_zm_esc_rocky_dirt_01
material,#hash_6b7cd9f4035b19a4
material,#hash_6b7cdcf4035b1ebd
material,#hash_eb80f3a4a4fc9d00
material,#hash_eb80f6a4a4fca219
material,#mc/mtl_p7_mou_storage_cabinet_dirt
material,#hash_eb8b2fed6cee4356
material,#hash_eb8f6bc95350c824
material,#hash_eb8fd1f0b3013b4d
material,#mc/t7_decal_grunge_wood_scratches
material,#hash_eb91e9e37970085a
material,#mc/mtl_p8_gutter_01_painted
material,#hash_6b995df84d81e93b
material,#hash_6ba0c4b56ca4f1d3
material,#mc/mtl_p7_zm_ori_pump_tank_connector
material,#hash_6ba2b6ace9a43616
material,#mc/mtl_p8_zm_esc_laundry_bag_decal
material,#hash_6ba49d5fae444641
material,#hash_eba57aba9facf280
material,#mc/mtl_p8_zm_esc_table_kitchen_holder
material,#hash_eba7fc780c8e3b81
material,#mc/mtl_p7_zm_gen_concrete_pillar_damage
material,#mc/mtl_wpn_t8_pistol_burst_decals
material,#mc/mtl_attach_t8_ar_kn57_foregrip
material,#mc/mtl_p8_zm_esc_dryer_industrial_nameplate
material,#hash_6bc0434e1d90d189
material,#mcs/mtl_p7_fxanim_gp_trash_newspaper_01_s3
material,#mc/mtl_wpn_t8_shotgun_pump_sig_01_lower
material,#hash_6bc60b79546579ab
material,#mc/mtl_p8_zm_esc_book_04_paper
material,#hash_6bd32d5284fb081a
material,#mc/mtl_p8_wz_cu_respirator
material,#mc/mtl_p8_zm_esc_chemistry_kit_decal
material,#mc/mtl_wpn_t8_loot_smg_burst_decals
material,#mc/mtl_p8_zm_esc_dryer_industrial_c
material,#mc/mtl_p8_zm_zod_broom_galley_decal_brush
material,#hash_6bd970b168ce7fa1
material,#mc/mtl_p7_zm_isl_medical_stool_leather
material,#mc/mtl_attach_t8_ar_galil_foregrip_alt
material,#mc/t8_decal_tech_detail_high_tech_67_normal
material,#hash_6bfba13652cb2c4e
material,#hash_6c0137adbeffabe5
material,#hash_6c05d9f44f931b31
material,#vdd/gfx_decal_bullet_thin_metal_01
material,#mc/mtl_p8_zm_zod_bathtub_first_class_bathroom_paintedmetal
material,#mc/mtl_wpn_t8_eqp_datapad_screen_overlay
material,#hash_ec09bcb55bc89a8d
material,#hash_6c0a57f958bc963a
material,#hash_6c0ce2b9aba889bc
material,#hash_6c0ce5b9aba88ed5
material,#ec/gfx_dirt_pcloud_01_lit
material,#hash_ec13c5a7cf7a70ef
material,#mc/mtl_t8_wpn_lmg_heavy
material,#hash_6c17fd58073ce4c3
material,#hash_6c1d7deaf9da1016
material,#hash_6c1dc486eb2e3d35
material,#hash_ec227e32be509bb5
material,#mc/mtl_attach_t8_optic_hybrid_scope_front
material,#mc/mtl_wpn_t8_shotgun_pump_receiver_base_alt
material,#hash_ec2e713fbadc41b0
material,#mc/mtl_wpn_t8_zm_blundergat_receiver
material,#mc/mtl_p7_wes_washstand_vintage_towel_01
material,#hash_6c3804225c31c2b8
material,#mc/mtl_p7_light_floodlight_light
material,#hash_6c3a9a8c2da1a232
material,#hash_6c3cec1b4d6af631
material,#ei/gfx_fog_slow_wide_md_anim_lit
material,#mc/mtl_wpn_t8_ar_kn57_bolt_alt
material,#hash_6c43c8da0c837896
material,#mc/bullet_collision_wood_nomarks
material,#mc/mtl_p7_ammo_resupply_02_box
material,#mc/mtl_wpn_t8_micro_metal_weld_01
material,#hash_6c5064728048f597
material,#hash_6c537fb86e35f2ce
material,#mc/mtl_wpn_t8_ar_fastfire_sights
material,#hash_6c5c0c827fe09fdb
material,#hash_ec5fff851931c535
material,#mc/mtl_veh_t8_mil_heli_light_body_mid_pnt_body_blk
material,#hash_ec64ad3448911169
material,#hash_6c6581fa995cde5b
material,#hash_ec66815d760c8f89
material,#mc/mtl_p7_fan_electric_metal
material,#hash_ec6afb4bfea60999
material,#hash_6c7559c600a806cc
material,#hash_6c79d318c638b91c
material,#mc/mtl_attach_t8_loot_smg_vmp_foregrip_01
material,#hash_6c83680ef0856477
material,#hash_6c83690ef085662a
material,#hash_6c886e1b5da1349f
material,#hash_6c886f1b5da13652
material,#hash_6c88701b5da13805
material,#hash_ec8c0fbad7300e0d
material,#hash_6c8ca58597635bf5
material,#hash_ec8d7db39f339bc5
material,#hash_6c96366e17766a5b
material,#hash_6c96376e17766c0e
material,#wc/t7_decal_grunge_wall_grime_01
material,#hash_6c9a42db9a857f86
material,#hash_6c9ee022016a7865
material,#mc/mtl_p7_debris_concrete_rubble_bolt_clean
material,#hash_6ca3fca36ac75e32
material,#hash_6caaa1677505c69b
material,#hash_6caaa2677505c84e
material,#hash_6caaa3677505ca01
material,#hash_6caaa4677505cbb4
material,#mc/mtl_wpn_t8_loot_melee_hammer_demo_receiver
material,#mc/t8_metal_diamond_plate_worn_bare
material,#hash_6cb4b2c68849c880
material,#hash_6cb901c5a69fd8cb
material,#hash_6cb9ff4fddf256af
material,#hash_6cba137a475456bc
material,#mc/mtl_attach_t8_ar_stealth_silencer
material,#mc/mtl_attach_t8_ar_accurate_compensator_01
material,#mc/mtl_attach_t8_ar_accurate_compensator_02
material,#mc/mtl_t8_camo_gold_scroll
material,#hash_6cc315b303a78338
material,#hash_6cc316b303a784eb
material,#hash_6cc318b303a78851
material,#hash_ecc34cad4c0f3e82
material,#hash_6cc542e87598031b
material,#hash_ecc7c603b5d66c41
material,#mc/mtl_p8_zm_esc_metal_hatch_main
material,#hash_eccaf5f28fff5149
material,#hash_6cce31dd6dcc2c9f
material,#hash_ecce605eb198cc7c
material,#mc/mtl_p7_pallet_plastic_01_detail_tan
material,#hash_6cd4447b2ed7ea23
material,#mc/mtl_wpn_t8_ar_accurate_sig_01_handguard
material,#hash_6ce326aaeb617673
material,#hash_6ce91a0ec9719408
material,#mc/mtl_wpn_t7_paint_right
material,#hash_ececc98aaed2ca75
material,#hash_6cee2f8b2dbb1302
material,#mc/mtl_p7_zm_asc_barrel_metal_blue
material,#mc/mtl_wpn_t8_loot_ar_standard_gem_sig_02
material,#hash_6cf7b487f2698b81
material,#hash_ecf84cbc3253e548
material,#mc/mtl_wpn_t8_smg_capacity_handguard_plastic
material,#mc/t8_metal_bare_steel_01
material,#hash_6d01b5613188f237
material,#mc/mtl_veh_t8_mil_boat_tactical_raft_body_straight_02_b
material,#hash_ed061164a3f26220
material,#hash_ed061764a3f26c52
material,#hash_6d075fc6a51c420b
material,#hash_ed08fca54a710238
material,#hash_ed08ffa54a710751
material,#mc/t7_metal_worn_painted_graphite
material,#hash_ed097c486d03079c
material,#mc/mtl_p8_zm_esc_candle_tall_off
material,#hash_6d0b92bae8e61d5b
material,#hash_6d0b94bae8e620c1
material,#mc/mtl_wpn_t8_smg_handling_base_mk2
material,#mc/mtl_p7_zm_asc_light_cage_warning_metal02
material,#mc/mtl_p7_zm_asc_light_cage_warning_metal01
material,#hash_6d1474e852ab739b
material,#mc/mtl_p7_bottle_milk_cap
material,#mc/mtl_wpn_t8_sig_grapple_gun_rope
material,#hash_ed1c10ea6b68f6a3
material,#hash_6d20eefb1fb58e0d
material,#mc/mtl_p7_jars_glass_inside
material,#hash_6d23005d97abc770
material,#mc/mtl_t8_wpn_lmg_heavy_lever_sig_01
material,#mc/mtl_p8_zm_esc_rebar_group
material,#mc/mtl_p7_fxanim_market_stand_tarp_red_s3
material,#mc/mtl_wpn_t8_loot_lmg_mk48_grip_mk2
material,#hash_ed3c7d6de5d1891e
material,#mc/mtl_wpn_t8_loot_ar_double_barrel_handguard
material,#mc/mtl_p7_zm_mob_table_mess_hall_set_wood_01
material,#mc/mtl_p7_zm_mob_table_mess_hall_set_wood_02
material,#mc/mtl_p7_zm_mob_table_mess_hall_set_wood_03
material,#mc/mtl_wpn_t8_eqp_tripwire_slingshot_ziptie
material,#hash_ed44ccc1e374a963
material,#hash_ed44cdc1e374ab16
material,#hash_6d45247b164068f4
material,#hash_ed47639bedda264d
material,#mc/mtl_p7_crate_ammo_metal
material,#mc/t7_wood_beam_worn_oak_bleached_tint_grn
material,#hash_6d5cb0e028a83238
material,#mc/t8_metal_bare_steel_worn_01_drk
material,#hash_6d5d061c5c31ed3d
material,#hash_6d5e9dc1e1f1fa38
material,#hash_6d601e714a5624e2
material,#hash_6d615607b4f148c5
material,#mc/mtl_p7_furniture_bedroom_vintage_01_dirty
material,#hash_ed67a35e5e434cb8
material,#hash_ed6903d62ef54b2e
material,#hash_ed691edefbd5637c
material,#hash_ed69cc916fceab70
material,#hash_6d6a282d4559cf21
material,#mc/t7_barrel_vintage_metal_bolts
material,#mc/mtl_wpn_t8_loot_shotgun_fullauto_sights_alt_mk2
material,#hash_6d7fd75a3c69a3aa
material,#mc/mtl_wpn_t8_lmg_titan_sig_01_bullet
material,#hash_ed82e926afd63b4b
material,#hash_ed82ee26afd643ca
material,#hash_ed82ef26afd6457d
material,#mc/mtl_wpn_t8_tac_rifle_swordfish_decals_mk2
material,#mc/mtl_p8_zm_esc_window_bars
material,#mc/mtl_wpn_t8_pistol_standard_grip_plastic_base
material,#ei/gfx_smk_puff_light_varied
material,#hash_ed8dcf7a8f91ec4c
material,#hash_ed8dd27a8f91f165
material,#mc/t7_decal_damage_paint_peeling_thick_dirty_green
material,#hash_ed8fdd4f99a37e8f
material,#hash_ed904a466c34f025
material,#hash_6d92ba83c5073315
material,#mc/mtl_wpn_t8_lmg_titan_sig_02_upper_mid
material,#mc/mtl_wpn_t8_smg_capacity_decals_base_mk2
material,#hash_6da34997ed2760a6
material,#mc/mtl_wpn_t8_hero_war_machine_body
material,#mc/mtl_p8_box_cardboard_trim
material,#hash_6da5cb10381b88ce
material,#mc/mtl_p8_zm_esc_tools_hammer_wood
material,#hash_eda8b380fe5ff1ae
material,#mc/mtl_p7_zm_ver_box_electric_panel_metal_02
material,#hash_6db1c1de24b22dec
material,#mc/mtl_attach_t8_ar_galil_dbal_alt
material,#hash_edb515bcf706b28a
material,#mc/mtl_attach_t8_loot_tr_flechette_dbal
material,#hash_edb8e5597e3cd1e1
material,#hash_6dba3ad6bbaa03b2
material,#mc/mtl_attach_t8_tac_rifle_surgeon_dbal
material,#mc/mtl_p7_bed_pillow_barrack
material,#mc/mtl_p7_zm_kin_stool_wood
material,#hash_edcff8064a21fe58
material,#mc/mtl_wpn_t8_loot_melee_hammer_demo_parts
material,#hash_6dd43dd5ec9c99ab
material,#hash_6dd43ed5ec9c9b5e
material,#hash_6dd443d5ec9ca3dd
material,#hash_edd480e1044fe494
material,#hash_6dd5ab2b1c85dfc9
material,#mc/mtl_p7_rolled_tarp
material,#mc/mtl_p7_slu_wire_metal_01
material,#mc/mtl_p7_slu_wire_metal_03
material,#mc/mtl_p7_ban_chainlink_alphatest
material,#mc/mtl_wpn_t8_lmg_titan_sig_02_barrel
material,#hash_edf655b90801434e
material,#mc/mtl_veh_t8_mil_boat_tactical_raft_details_gauge
material,#hash_6df94a88d61e4a5a
material,#hash_6df9731f4196eaab
material,#mc/mtl_p8_light_lamp_desk_vintage_01_glass
material,#hash_edfc979547d24512
material,#hash_6dfd13a597ce4580
material,#mc/mtl_p7_zm_ctl_desk_wood_vintage_drawer_1
material,#mc/mtl_p7_zm_ctl_toolbox_vintage_metal_green
material,#mc/mtl_p7_bottle_lable_wine_01
material,#ei/gfx_gib_concrete_02_em
material,#hash_ee0b9d1948873012
material,#mc/mtl_veh_t8_mil_boat_tactical_raft_engine_dead
material,#hash_6e0e23a5ee83be60
material,#mc/t8_rubber_tread_01_drk_shiny
material,#mc/t8_rock_ground_smooth_02
material,#mc/mtl_wpn_t8_loot_ar_an94_handguard_base
material,#mc/mtl_wpn_t7_ar_mnwr_tritium_red
material,#hash_6e1a95a3d59e3fd1
material,#hash_6e1d7b8af76a6f9c
material,#hash_6e1d7d8af76a7302
material,#hash_6e1d7e8af76a74b5
material,#mc/mtl_p8_foliage_weeds_bunch_02_drk
material,#mc/t7_zm_isl_concrete_poured_01
material,#mc/mtl_t8_wpn_pistol_auto_rear_mk2
material,#hash_6e3468eae0f2b886
material,#mc/mtl_p8_zm_esc_box_electric_main
material,#mc/mtl_p7_wes_picture_frame_image_10
material,#mc/mtl_p7_wes_picture_frame_image_11
material,#mc/mtl_wpn_t8_sniper_vanguard_screw_v2
material,#hash_ee3dce5d94c4d4c2
material,#mc/mtl_p7_mou_wirebundle_plastic_04
material,#mc/mtl_p7_zm_asc_battery_auto_set_wire
material,#mc/mtl_p7_mou_wirebundle_plastic_01
material,#mc/mtl_p7_mou_wirebundle_plastic_03
material,#mc/mtl_p7_mou_wirebundle_plastic_02
material,#mc/mtl_p8_zm_esc_crane_decal
material,#mc/t8_decal_tech_detail_low_tech_16_normal
material,#hash_6e44e9dd943c1c65
material,#mc/t7_wes_wood_wall_siding_01
material,#mc/t7_decal_signage_street_lines_yellow
material,#mc/mtl_t8_wpn_lmg_heavy_rearsight_sig_01
material,#hash_6e59a6d32f25a05c
material,#hash_ee5bb5657f0eb7a0
material,#hash_ee5bb6657f0eb953
material,#hash_ee5f40657f11d9a8
material,#hash_ee5f41657f11db5b
material,#mc/mtl_wpn_t8_smg_handling_bullets
material,#hash_ee61e902ca377228
material,#hash_6e65092535791589
material,#hash_ee65853af9ba6bce
material,#hash_6e6710cc1f8a0924
material,#hash_ee6a5fabf811fe39
material,#hash_6e6a7de16dcb303c
material,#hash_6e6a80e16dcb3555
material,#mc/mtl_wpn_t8_loot_tac_rifle_damageburst_decals
material,#mc/mtl_wpn_t8_sig_flamethrower_front_tube
material,#hash_ee6d56e2832a712d
material,#mc/mtl_wpn_t8_eqp_sensor_dart_gun_decals_black
material,#hash_6e72ecf9c988cb85
material,#hash_6e769daf3ef5f491
material,#hash_6e76a7b04ac24a02
material,#mc/mtl_p8_box_electric_commercial_decal_vent_01_drk
material,#hash_6e78753856dc80ce
material,#ec/gfx_spark_01_pcloud_em
material,#mc/mtl_p7_medicine_bottle_01
material,#mc/mtl_attach_t8_ar_heavy_fmj_mag_02
material,#mc/mtl_wpn_t8_zm_towers_scorpion_claw
material,#mc/mtl_attach_t8_ar_heavy_fmj_mag_01
material,#hash_6e881c1df4908a7f
material,#mc/mtl_p7_debris_clothing_dress_02
material,#mc/mtl_p8_crate_wood_milk_01
material,#mc/mtl_t8_camo_dlc3_afterlife_alt
material,#hash_6e97cb1f4cefbe30
material,#mc/mtl_wpn_t8_eqp_tripwire_slingshot_sling_bands
material,#hash_ee99d6782e6ed811
material,#mc/t7_decal_grunge_concrete_stain_01_rvl
material,#hash_6ea8446e8c68868a
material,#mc/mtl_p8_col_radar_dirty_med_grey_weld
material,#hash_6eabf03e62e32843
material,#mc/mtl_p7_proto_fence_barbwire
material,#hash_6eb0d8daf8e68f54
material,#mc/mtl_p7_debris_clothing_pants_02_tan
material,#mc/mtl_wpn_t8_launcher_standard_receiver_alt
material,#hash_eeb957f2d99789c5
material,#mc/mtl_p7_wes_poker_set_top_blue
material,#hash_eebb1f8252a66bbc
material,#vdd/gfx_decal_blood_splatter_03
material,#vdd/gfx_decal_blood_splatter_02
material,#ei/gfx_debris_clump_lit
material,#hash_eec5cb28d1c24416
material,#mc/bullet_collision_plaster
material,#mc/mtl_p8_zm_esc_cell_skylight_frame_end
material,#mc/mtl_p8_col_table_cafeteria_folding_set_rubber
material,#hash_6edc00cd8d2710b9
material,#hash_eede520d23bbcd40
material,#mc/mtl_p8_wz_rock_pile_small_cluster_01
material,#mc/mtl_p8_wz_rock_pile_small_cluster_03
material,#mc/mtl_p8_wz_rock_pile_small_cluster_02
material,#hash_eee0d0808cc09a84
material,#hash_6ee1d72ef6c76baa
material,#mc/t8_dirt_rocky_03_orange_lgt
material,#mc/t8_zm_esc_roof_shingles_asphalt_red_01
material,#mc/bullet_collision_plastic
material,#mc/t8_concrete_painted_stains_01_grey_blend
material,#mc/mtl_p7_boxing_dirty
material,#mc/mtl_p8_cable_wire_bundle_01
material,#mc/mtl_p7_pipe_metal_hp_4_01_bare
material,#mc/mtl_attach_t8_loot_smg_minigun_ext_mag_02
material,#hash_ef00284d40286e53
material,#hash_ef002d4d402876d2
material,#hash_ef03af4d402b898f
material,#hash_ef0466f2d9d78ebc
material,#ei/gfx_shockwave_anim_em
material,#mc/mtl_attach_t8_ar_galil_mount_base
material,#hash_ef090de41e86262a
material,#hash_ef0b0be8a8d5ce34
material,#mc/mtl_wpn_t8_ar_heavy_mag_base
material,#hash_ef0eebf37d6fbc70
material,#mc/mtl_p8_wz_ammo_pickup_9mm_decal_01
material,#ei/gfx_gas_blur_core_thick_em
material,#mc/mtl_veh_t8_decal_hole_02_inset
material,#hash_6f226997b5338e45
material,#hash_ef2409a8a913e762
material,#mc/mtl_t8_wpn_smg_accurate_receiver_sig_01
material,#hash_6f2b520238948333
material,#hash_6f3220d9ec1473b0
material,#mc/mtl_attach_t8_loot_ar_peacekeeper_silencer_alt
material,#mc/mtl_attach_t8_ar_heavy_foregrip
material,#mc/t7_shr_wood_wall_worn
material,#mc/mtl_p8_zm_esc_gondola_lift_wood_side
material,#hash_6f52cbe6f91b76f0
material,#hash_6f52cce6f91b78a3
material,#hash_6f52cde6f91b7a56
material,#hash_6f52d2e6f91b82d5
material,#mc/mtl_p7_zm_ctl_toolbox_vintage_metal_white
material,#mc/mtl_wpn_t8_shotgun_prec_handguard_base
material,#mc/mtl_p8_ladder_metal_secured_01_painted
material,#hash_6f61d5dbbc4ea6eb
material,#hash_6f61d6dbbc4ea89e
material,#hash_6f61d7dbbc4eaa51
material,#mc/t7_glass_window_warehouse_transparent
material,#mc/mtl_p8_zm_esc_jumbled_electrical_wire_tape
material,#mc/mtl_wpn_t8_loot_melee_action_figure_star_inside
material,#hash_6f674e6df23832c9
material,#hash_ef6cefa9db6714db
material,#mc/t8_rubber_coated_wire_black
material,#mc/mtl_p7_wes_bottle_whiskey_01_label_back
material,#mc/mtl_wpn_t8_ar_kn57_mag
material,#hash_6f7bf2cefb3aa884
material,#hash_ef7c8d98e448936f
material,#mc/mtl_attach_t8_loot_shotgun_fullauto_barrel_alt
material,#hash_6f810429cd58b77d
material,#hash_6f84ab13bee899ac
material,#hash_ef87ac8952b7d5c0
material,#mc/mtl_wpn_t8_shotgun_semi_mag
material,#ei/gfx_light_orb_hot_em_i512
material,#mc/mtl_wpn_t8_loot_sniper_locus_bits
material,#mc/mtl_attach_t8_smg_fastfire_stock
material,#mc/mtl_p7_mou_light_lamp_desk_plastic
material,#mc/mtl_wpn_t8_sig_flamethrower_front_base
material,#mc/mtl_p7_foliage_grass_tussock_dry
material,#hash_6f9c05da99ed6d46
material,#hash_6f9c06da99ed6ef9
material,#hash_6f9c07da99ed70ac
material,#hash_6f9c08da99ed725f
material,#hash_6fa288c19ce3ddc0
material,#hash_6fa51c7053a47a02
material,#mc/mtl_wpn_t8_lmg_hades_grip_base
material,#hash_efad9d53d539474f
material,#mc/mtl_wpn_t8_loot_sniper_mini14_receiver_alt
material,#hash_6fb5ae4fcc7bf76b
material,#mc/mtl_wpn_t8_loot_smg_burst_bolt
material,#hash_6fc241f68d33553e
material,#mc/mtl_wpn_t8_ar_heavy_receiver_lower
material,#mc/mtl_p8_crane_suspended_01_decal_05
material,#hash_6fca333adca06b02
material,#hash_6fccbb2de24aec7b
material,#hash_6fcf5e45b619d062
material,#mc/mtl_wpn_t8_loot_ar_peacekeeper_upper_base
material,#hash_6fdbdfb124f4e91c
material,#hash_6fdbe1b124f4ec82
material,#hash_6fdbe2b124f4ee35
material,#hash_6fdd53641ca914ed
material,#hash_6fdf09e354121346
material,#hash_6fef37fae2d31d3a
material,#hash_6ff052c21facacd7
material,#mc/mtl_p7_mou_electrical_panel_set_parts_03
material,#mc/mtl_p7_mou_electrical_panel_set_parts_04
material,#hash_eff3149f90ee0057
material,#hash_6ff4b34f26b689d3
material,#hash_6ff4b84f26b69252
material,#mc/mtl_wpn_t8_loot_melee_amulet_cloth
material,#mc/mtl_wpn_t8_loot_shotgun_fullauto_mag_sig
material,#hash_6ffae1b389c73f8f
material,#hash_7001638df7feb8cf
material,#hash_7001648df7feba82
material,#mc/mtl_wpn_t8_ar_heavy_decal_danger
material,#mc/mtl_mtl_p7_cai_foliage_flower_penstemon_leaves_dry
material,#mc/mtl_wpn_t8_ar_modular_02_bolt_sig_01
material,#hash_700eae2fdc4c3e73
material,#hash_700fed3f54189a6c
material,#hash_7015b524b07c1b69
material,#mc/mtl_attach_t8_loot_smg_burst_suppressor
material,#hash_701b2976f6bebfa5
material,#hash_701ffaa5f5950397
material,#mc/mtl_p8_zm_esc_pipe_metal_dark_weld_02
material,#mc/mtl_wpn_t8_ar_modular_02_weapon_sig_01
material,#mc/mtl_wpn_t8_ar_modular_02_weapon_sig_02
material,#mc/mtl_wpn_t8_ar_modular_02_weapon_sig_03
material,#mc/mtl_p8_spa_tiger_gate_key_hole_01
material,#mc/mtl_attach_t8_smg_capacity_grip
material,#hash_f02bef825c8d8a0c
material,#mc/mtl_veh_t8_mil_boat_tactical_raft_engine_details
material,#hash_702eab374ea24497
material,#hash_f031cfb69539869a
material,#mc/material_chrome
material,#hash_7042f1f4238d2e0e
material,#mc/mtl_p7_medical_sanitation_towels01
material,#hash_704b93d4c17b79a6
material,#hash_f04da4f3697df09e
material,#mc/bullet_collision_paper
material,#hash_70574a25e02e15e9
material,#hash_70589e0d860d1545
material,#mc/mtl_p7_debris_bath_towels_01
material,#mc/mtl_p8_zm_zod_mail_sorting_hinge
material,#hash_705f480ad32b9d05
material,#mc/mtl_attach_t8_ar_heavy_hical_02_alt
material,#mc/mtl_wpn_t8_sig_flamethrower_middle_cloth
material,#hash_f069842456807123
material,#mc/t8_decal_tech_detail_line_trim_03_normal
material,#mc/mtl_p7_zm_asc_machinery_industrial_weld
material,#mc/mtl_wpn_t8_lmg_titan_sig_01_alt
material,#mc/mtl_p8_zm_esc_medical_poster
material,#mc/t8_zm_esc_rubble_piles_junk
material,#hash_707c115924b79f9e
material,#mc/mtl_wpn_t8_loot_smg_minigun_sights
material,#hash_708ca391716e8d70
material,#mc/mtl_attach_t8_ar_kn57_adv_mag
material,#hash_f09b4ca67002fcf5
material,#mc/mtl_wpn_t8_loot_ar_double_tap_receiver_alt
material,#mc/mtl_p8_vent_roof_01_decal_16_01
material,#mc/mtl_wpn_t8_loot_shotgun_fullauto_bolt
material,#mc/mtl_p7_foliage_flower_bouquet_leaf
material,#hash_f0a15eff5e90c0bc
material,#hash_70ab171d60349f8d
material,#mc/mtl_wpn_t8_tac_rifle_swordfish_carry_handle_mk2
material,#hash_70ae8db33cf28744
material,#mc/mtl_p7_zm_ver_freezer_morgue_decal
material,#mc/mtl_wpn_t8_ar_galil_stock_base
material,#hash_70b1eecfc665b77b
material,#mc/mtl_wpn_t8_launcher_standard_receiver
material,#mc/mtl_p8_zm_esc_pipe_metal_decal_normal_01
material,#mc/mtl_p8_zm_esc_pipe_metal_decal_normal_02
material,#mc/mtl_p8_zm_esc_pipe_metal_decal_normal_03
material,#mc/mtl_t8_camo_115_alt
material,#hash_70b9e0dc64db0367
material,#hash_70c2bef8ad75eb6c
material,#mc/mtl_wpn_t8_lmg_titan_sig_01_decals
material,#mc/mtl_wpn_t8_crossbow_motor_base
material,#mc/mtl_p7_crate_wood_02_nail
material,#mc/mtl_wpn_t8_lmg_titan_sig_02_iron_sights
material,#mc/mtl_p7_fxanim_gp_cobweb_triangle_02
material,#hash_70ccfb90671c7f60
material,#mc/mtl_p8_zm_esc_cell_skylight_frame_top
material,#mc/mtl_wpn_t8_ar_stealth_dbal_mk2
material,#hash_f0cfd95261549d51
material,#hash_70d318ecbf55767d
material,#hash_f0d802c3089821b3
material,#hash_f0db8ec3089b456e
material,#hash_f0db92c3089b4c3a
material,#mc/mtl_wpn_t8_hero_war_machine_rail
material,#hash_70e0c39a2504acf3
material,#mc/mtl_p8_zm_esc_rebar_group_metal
material,#hash_f0e2d5412341978a
material,#hash_70e35cdf224af1e7
material,#mc/mtl_attach_t8_pistol_revolver_hical
material,#mc/mtl_p7_zm_isl_light_wall_vintage_glass
material,#hash_f0ef6189c0ed5215
material,#mc/mtl_wpn_t8_eqp_turret_mini_gun1
material,#mc/mtl_wpn_t8_ar_galil_bolt_base_alt
material,#mc/mtl_p7_debris_concrete_rubble_med_04_warm
material,#hash_70f8a24541bfc610
material,#mc/mtl_veh_t8_drone_rcxd_explosive_metal
material,#mc/mtl_wpn_t8_tac_rifle_surgeon_strap
material,#hash_f1004ca77d2799eb
material,#hash_71023fd2f6513492
material,#mc/mtl_wpn_t8_ar_accurate_sig_02_receiver_star
material,#hash_f10ae919e082eb2a
material,#hash_f10bce80555da4f3
material,#hash_f10e27dfcc44febc
material,#mc/mtl_p8_zm_esc_tools_pliers_rust
material,#hash_f11784902da9701c
material,#mc/mtl_wpn_t7_zmb_perk_bottle_paper_2tap
material,#hash_711d36ccea679aad
material,#mc/mtl_p7_debris_metal_scrap_02
material,#mc/mtl_p7_debris_metal_scrap_01
material,#hash_712aed452a5f0234
material,#hash_712aee452a5f03e7
material,#hash_713003a806343509
material,#hash_713173adcd1d028c
material,#mc/mtl_wpn_t8_loot_melee_stop_sign_handle
material,#hash_f133391bf947942f
material,#hash_f1333a1bf94795e2
material,#mc/mtl_p8_zm_esc_power_house_door_metal_rolling_construction
material,#mc/mtl_wpn_t8_loot_shotgun_fullauto_foregrip_alt_mk2
material,#mc/t8_zm_decal_carpet_worn_through_seam_reveal
material,#hash_7138685e6183e57c
material,#mc/mtl_wpn_t8_shotgun_semi_tape_sig_02
material,#hash_f13ee09a97c299da
material,#mc/mtl_wpn_t8_ar_accurate_bolts_sig_03
material,#mc/mtl_p8_ice_generator_metal_lrg_10
material,#mc/mtl_p8_ice_generator_metal_lrg_11
material,#mc/mtl_p8_ice_generator_metal_lrg_12
material,#mc/mtl_p8_ice_generator_metal_lrg_13
material,#mc/mtl_p8_zm_esc_candle_small_on
material,#hash_f142fddb458739ef
material,#mc/mtl_p8_ice_generator_metal_lrg_09
material,#mc/mtl_p8_ice_generator_metal_lrg_07
material,#mc/mtl_p8_ice_generator_metal_lrg_06
material,#mc/mtl_p8_ice_generator_metal_lrg_05
material,#mc/mtl_p8_ice_generator_metal_lrg_04
material,#mc/mtl_p8_ice_generator_metal_lrg_03
material,#mc/mtl_p8_ice_generator_metal_lrg_02
material,#mc/mtl_p8_ice_generator_metal_lrg_01
material,#mc/mtl_wpn_t8_sniper_koshka_grip_mk2
material,#hash_714b2172f729b409
material,#hash_f14f222be2e340e4
material,#hash_714f44117288dbfb
material,#mc/mtl_t7_veh_decal_bolt_01
material,#mc/mtl_p7_spl_first_aid_box
material,#hash_715bb2e680b021e4
material,#hash_715fcb5f3fe18feb
material,#hash_f15ff510a0be684d
material,#mc/mtl_p8_zm_esc_crate_wood_lrg_dirty
material,#hash_f164175075427c4a
material,#mc/mtl_p8_col_storage_chem_lab_metal_decal_02
material,#hash_7168569956a6d4d2
material,#hash_716b07341a32e58c
material,#hash_716bdb4bb548d570
material,#hash_717122bfcc9b6142
material,#hash_f1757bb9ed5c2819
material,#hash_f1860b9f299bb91d
material,#mc/mtl_p7_ladder_metal_secured_bare
material,#hash_71903ff83add9110
material,#mc/mtl_wpn_t8_ar_stealth_hical_mk2
material,#hash_71a440cb5a85f902
material,#hash_71a46037c04e8fb9
material,#mc/mtl_veh_t8_drone_rcxd_body_lower_paint_handle
material,#mc/mtl_c_t8_mp_spe_ruin_body1_mag_pouch_dual_detail
material,#hash_f1b02f3db7e57d6d
material,#mc/mtl_wpn_t8_ar_modular_02_clip_sig_01
material,#hash_71b1fb1c0c77aff8
material,#mc/t7_decal_grunge_charred_stain_01
material,#hash_71c55d7a038572ea
material,#mc/mtl_wpn_t8_sig_flamethrower_lower_base
material,#hash_71d41b7d16bdd98a
material,#hash_71d5b84eb02dcf15
material,#mc/mtl_wpn_t8_lmg_titan_sig_02_handle
material,#mc/mtl_p8_office_papers_manilla_folder_decals_lines
material,#hash_71e06f2f0f30efba
material,#mc/mtl_attach_t8_ar_heavy_fast_mag
material,#hash_71e44e1d0068fec0
material,#hash_71e4501d00690226
material,#hash_71e4511d006903d9
material,#mc/mtl_t8_wpn_smg_accurate_decals_sig_01
material,#hash_f1e595ddfe906a72
material,#hash_f1ea84850b1319d8
material,#mc/mtl_wpn_t7_zmb_perk_bottle_metal_stimup
material,#mc/mtl_wpn_t8_ar_heavy_grip_base
material,#hash_f1f4f3e35a8a6da4
material,#mc/mtl_wpn_t8_sniper_vanguard_sig_02_grip_2
material,#hash_71fbad9a0a1fce29
material,#mc/mtl_p7_chalkboard_vintage_wood
material,#hash_f2014ed4375458c5
material,#mc/mtl_wpn_t8_tac_rifle_surgeon_bolt
material,#hash_7208615a8cbe3aaa
material,#hash_7208632364ab415e
material,#hash_720a9fc10a4b0c8e
material,#mc/mtl_attach_t8_tac_rifle_swordfish_hical
material,#hash_720fcd27ce4efff2
material,#mc/mtl_attach_t8_tac_rifle_mid_burst_uber_digital
material,#mc/mtl_p7_file_cab_metal_02_brushed_metal_rusty
material,#hash_721c5b384a49af9c
material,#hash_721c5e384a49b4b5
material,#mc/mtl_wpn_t8_sig_bow_decal_02
material,#mc/mtl_wpn_t8_ar_galil_sights_base
material,#hash_f2284c0204c35502
material,#mc/mtl_p7_pipe_metal_hp_12_straight_bare
material,#hash_722ee925eea18685
material,#mc/mtl_p7_wes_container_vintage_cup_glass_02
material,#mc/mtl_p7_wes_container_vintage_cup_glass_01
material,#hash_f234bdcac1d500fb
material,#hash_723b0047b06436ba
material,#mc/mtl_wpn_t8_loot_ar_double_barrel_sights
material,#hash_f23f5e734966894c
material,#ei/gfx_spark_blink_anim_em
material,#mc/mtl_p8_wood_balcony_01
material,#hash_f24a6a13ee9ed75a
material,#hash_f24d6a13eea10d31
material,#hash_f24d6c13eea11097
material,#hash_724dd3006f304fbe
material,#mc/t7_metal_wall_circles_03
material,#mc/mtl_wpn_t8_loot_lmg_mk48_stock_alt_mk2
material,#hash_7252ee6b825fc6a8
material,#mc/mtl_wpn_t8_lmg_titan_sig_02_rails
material,#hash_f2559b8e1f4b35a4
material,#hash_f2559e8e1f4b3abd
material,#hash_7256e05fb25069f7
material,#mc/mtl_wpn_t8_sniper_koshka_charm_mk2
material,#mc/mtl_p8_col_generator_garage_set_decal_logo_black
material,#hash_725b284a5502e578
material,#mc/mtl_veh_t8_mil_boat_tactical_raft_body_straight_01_blk
material,#mc/mtl_p8_col_mobile_generator_fan_painted
material,#hash_72609e6266ea79ec
material,#mc/mtl_wpn_t8_ar_stealth_dbal
material,#mc/mtl_wpn_t8_eqp_tripwire_slingshot_sling_ring
material,#hash_7272d05997ffa7fb
material,#mc/mtl_p8_zm_esc_cell_bed_decal_scratch
material,#mc/mtl_t8_wpn_smg_accurate_grip_sig_01
material,#mc/mtl_t8_wpn_smg_accurate_grip_sig_02
material,#hash_7285d61c9ffc5e5e
material,#mc/mtl_p8_zm_esc_candle_med_on
material,#mc/mtl_wpn_t8_crossbow_mag_base
material,#mc/t8_metal_painted_dirty_grey
material,#hash_f290d330feb560dd
material,#mc/mtl_p7_slu_trash_bin_sml
material,#hash_f29a628ce139698e
material,#hash_f29b35a534f5ced1
material,#mc/mtl_attach_t8_loot_tac_rifle_damageburst_stock
material,#mc/mtl_attach_t8_smg_capacity_trigger
material,#hash_729e84b7603ed144
material,#mc/mtl_p7_zm_kin_desk_wood_01
material,#mc/mtl_t8_camo_null
material,#mc/mtl_wpn_t8_eqp_tripwire_slingshot_decals
material,#mc/mtl_wpn_t8_loot_shotgun_fullauto_sights_mk2
material,#mc/mtl_wpn_t8_zm_mp40_weapon_alt
material,#hash_72bb3e3c25f4e98e
material,#hash_72bedaef013e018e
material,#hash_f2c2cb30fdfbb91e
material,#hash_f2c668a0a0fdf5ef
material,#mc/mtl_p7_signage_metal_exit_screen
material,#hash_72d2981b339f0b2b
material,#hash_f2d3484cb87210b0
material,#hash_72d433ff6e0e6236
material,#hash_f2d6d84cb8753b37
material,#hash_72d972e4d7e0c698
material,#mc/mtl_wpn_t8_smg_capacity_sig_02_decals
material,#hash_72e6d49308a2235a
material,#mc/mtl_attach_t8_loot_tr_flechette_ext_mag
material,#ei/gfx_water_splash_low_anim_lit
material,#mc/mtl_t8_wpn_smg_accurate_stock
material,#hash_72f0b475c8e7ceb4
material,#mc/mtl_wpn_t8_zm_mp40_weapon
material,#mc/mtl_wpn_t8_sniper_koshka_muzzle_mk2
material,#hash_f2f8c2bdac4b83bf
material,#hash_72fc1d0ee99c93ae
material,#hash_72fcdb5b6f374dac
material,#hash_72fcde5b6f3752c5
material,#mc/t7_water_variant_opacity_90
material,#hash_73047eb0bdcce830
material,#mc/mtl_wpn_t8_ar_accurate_sight_reticle
material,#mc/mtl_wpn_t8_hero_war_machine_stock
material,#hash_73136a261475a082
material,#mc/mtl_attach_t8_loot_lmg_mk48_mag_top
material,#mc/mtl_wpn_t8_sniper_koshka_grip_sig_02
material,#hash_731aabfa3b0c8d5f
material,#hash_731aacfa3b0c8f12
material,#mc/mtl_veh_t8_mil_boat_tactical_raft_body_straight_02_b_gry
material,#mc/mtl_wpn_t8_loot_melee_coinbag_cloth_frays
material,#mc/mtl_wpn_t8_loot_lmg_mk48_bipod
material,#hash_f32ebb5e90051f50
material,#mc/mtl_wpn_t8_lmg_hades_ring_base
material,#mc/mtl_t8_camo_115
material,#hash_733448607ac5f16e
material,#hash_733980f5e1e48e23
material,#hash_733a7c38b993687a
material,#hash_733d1c173fcc121d
material,#mc/mtl_wpn_t8_lmg_hades_mag_cloth_dark
material,#mc/mtl_p8_col_ship_interior_fire_control_console_drk
material,#mc/mtl_p8_zm_esc_gun_gallery_metal_beam_02_white
material,#mc/mtl_attach_t8_smg_mp9_ext_mag_alt
material,#mc/mtl_wpn_t8_loot_melee_zombie_arm_bracelet
material,#hash_73536d86b513492b
material,#hash_7354817a81a23557
material,#ei/gfx_water_splash_lit
material,#mc/mtl_wpn_t8_shotgun_pump_sig_01_muzzle
material,#mc/mtl_attach_t8_smg_handling_silencer
material,#hash_f3594f884f3325d4
material,#mc/mtl_veh_t8_mil_boat_tactical_raft_details_bag_dead
material,#hash_735c1133dce5d112
material,#hash_735c1d56ae02394b
material,#mc/t7_wood_trim_dark_brown
material,#mc/t8_decal_tech_detail_vent_01_drk
material,#hash_f3613cc84cc3f4cb
material,#hash_f3613dc84cc3f67e
material,#hash_f3613ec84cc3f831
material,#hash_7362f18a4147f31c
material,#mc/t8_decal_tech_detail_indent_02_normal_dk
material,#hash_736640f3d62576c8
material,#mc/mtl_p7_slu_light_switch_plastic_flow
material,#mc/mtl_wpn_t8_smg_accurate_handguard_sig_03
material,#hash_f36d7c578b4b6a9c
material,#hash_737065b604ad1769
material,#mc/mtl_attach_t8_optic_float_dot_decal
material,#hash_7373d3aa32ff7281
material,#hash_7373d5aa32ff75e7
material,#hash_7374a3e04e153ee5
material,#hash_737673b65eec55e2
material,#hash_f379d29f84f889a5
material,#mc/mtl_attach_t8_loot_smg_burst_dbal_side
material,#mc/mtl_wpn_t8_lmg_hades_mag_sig_02
material,#mc/mtl_p7_zm_kin_bed_antique_frame_gold
material,#hash_737f5ac2c1dcf008
material,#hash_7383219dc13826b9
material,#mc/mtl_p7_table_endtable_wood_dirty
material,#mc/t8_metal_painted_white
material,#hash_738ddd077f6a113d
material,#hash_f38efa172e587861
material,#hash_f390779d740f507f
material,#mc/mtl_p7_fir_targetdummy_rail_metal_04
material,#mc/mtl_p7_fir_targetdummy_rail_metal_01
material,#ei/gfx_spark_rndhit_em
material,#mc/mtl_wpn_t8_loot_sniper_locus_scope_alt
material,#hash_739b9c0803bce670
material,#hash_73a19559f1281559
material,#hash_f3abd3b45932d873
material,#hash_73abefb66908430b
material,#hash_73ae2344d23e70b5
material,#hash_73af107e71f1bdff
material,#hash_f3b66ae1fe5e62e4
material,#hash_73b6e8bd6b9521d8
material,#hash_f3bbf9ad07b74738
material,#hash_f3bd38ca8c3653ba
material,#mc/mtl_p8_zm_whi_bed_wood_queen_02_frame
material,#mc/mtl_p8_wz_ammo_pickup_02_metal_02
material,#mc/mtl_p8_wz_ammo_pickup_02_metal_03
material,#mc/mtl_p8_wz_ammo_pickup_02_metal_01
material,#hash_73c2d0701bea38a7
material,#mc/mtl_p8_col_rail_tower_decal_dirt_003
material,#mc/mtl_p8_col_rail_tower_decal_dirt_002
material,#hash_73c4b214df2cbe2a
material,#mc/mtl_p8_col_military_ship_gun
material,#mc/mtl_veh_t7_drone_attack_gun_nrc_blue
material,#hash_73d4b61ecc8c1710
material,#hash_f3d5178f3c0aa073
material,#mc/mtl_wpn_t8_crossbow_arms_alt
material,#mc/mtl_wpn_t8_eqp_turret_mini_belt
material,#hash_73d7648b7424767e
material,#hash_73dc31990ca45440
material,#hash_73dc582523172894
material,#mc/mtl_p7_zm_tra_tv_vintage_plastic1
material,#hash_f3e284fd5b22d980
material,#hash_f3e287fd5b22de99
material,#mc/mtl_p7_zm_ver_box_electric_panel_lable
material,#hash_73e5eed96bbe8f46
material,#ei/gfx_spark_blink_anim_em_i12000
material,#mc/mtl_p7_bottle_plastic_soap_blue_clean
material,#mc/mtl_wpn_t8_sniper_vanguard_sig_02_barrel_back
material,#hash_73f28461ad608f00
material,#hash_73f39690f9429ddf
material,#mc/t8_zm_esc_ground_plate_metal_01
material,#mc/mtl_veh_t8_mil_heli_light_rotor_blade_pnt_blk
material,#hash_7406adf4463e372e
material,#hash_7409ab7046d9d275
material,#mc/mtl_wpn_t8_shotgun_pump_sig_02_grip
material,#hash_741014b4c4751269
material,#hash_f411791983610222
material,#mc/mtl_wpn_t8_smg_capacity_bolt_base_mk2
material,#hash_f41450e360ff1f3b
material,#mc/mtl_clan_tag
material,#mc/collision
material,#mc/mtl_p7_rus_desk_metal_vintage_set_black
material,#mc/t8_stone_block_pavers_4x4_rustic_01_drk
material,#hash_f423f24cbd964517
material,#hash_742481c6a86ea0ba
material,#mc/mtl_p7_pipe_metal_hp_4_02_bare
material,#mc/mtl_wpn_t8_tritium_pink
material,#hash_7425e6332f54517c
material,#mc/mtl_p7_zm_tra_tv_vintage_dirt
material,#hash_f42c605b18558bd3
material,#mc/mtl_attach_t8_optic_acog_body
material,#hash_f431348640378fe0
material,#hash_f434bf86403ab1e8
material,#hash_f434c386403ab8b4
material,#hash_f434c486403aba67
material,#mc/t7_metal_bare_aluminum_brushed_2_dark
material,#mc/mtl_p8_wz_ep_fishing_pole_metalwire
material,#hash_f437c086403ce972
material,#hash_f437c286403cecd8
material,#hash_f437c486403cf03e
material,#hash_f437c786403cf557
material,#hash_743a659419b91aac
material,#mc/mtl_p8_chi_monitor_01_glass
material,#mc/mtl_wpn_t8_sniper_koshka_base_mk2
material,#hash_743b2e86403fda33
material,#hash_f43b3686403fe7cb
material,#hash_f43eb6864042f722
material,#hash_74414aa53ee50a5f
material,#hash_7441a47cb4dba5c1
material,#hash_7442348640460313
material,#hash_f4423886404609df
material,#hash_74431717677ce928
material,#mc/mtl_p7_tent_military_modular_frame_01
material,#mc/mtl_p7_tent_military_modular_frame_03
material,#mc/mtl_p7_tent_military_modular_frame_02
material,#hash_7445c18640492881
material,#hash_744e8e8f57e76044
material,#mc/mtl_t6_attach_optic_acog_lens
material,#mc/mtl_p7_wes_rope_hook
material,#hash_7453b64317dae05c
material,#mc/mtl_veh_t8_mil_boat_tactical_raft_body_curve_01_b
material,#hash_f456804335572821
material,#mc/mtl_attach_t8_shotgun_pump_loader_mk2
material,#ei/gfx_water_splash_spread_anim_lit
material,#hash_f4686efc3046c5ef
material,#hash_f46910975878162d
material,#hash_f46e601a2b124553
material,#mc/mtl_p8_zm_esc_cell_bed_wood
material,#mc/mtl_p8_wep_cargo_container_military_decal_grunge_01
material,#mc/mtl_c_zom_der_zombie_hound_head
material,#mc/mtl_p8_zm_esc_barbed_wire_wire_rust
material,#mc/mtl_veh_t8_mil_heli_light_engine_steel
material,#mc/mtl_wpn_t8_eqp_smartcover_module
material,#mc/mtl_p8_zm_esc_barbed_wire_barbs
material,#mc/mtl_veh_t8_drone_rcxd_radio_smooth_dirty
material,#hash_74893bfe148b14b4
material,#hash_748a660d202e27dc
material,#mc/mtl_wpn_t8_zm_mp40_sights_alt2
material,#mc/mtl_wpn_t8_loot_tac_rifle_damageburst_upper_alt
material,#hash_74932680f2e880ca
material,#mc/mtl_wpn_t8_ar_accurate_sig_01_rail
material,#hash_f49af1adf73e4cff
material,#hash_749cdc310027e98c
material,#hash_749d7b0c67f34793
material,#mc/mtl_wpn_t8_eqp_semtex_cluster_light
material,#hash_74a2c83b773efdc4
material,#mc/mtl_wpn_t8_pistol_standard_hammer_base
material,#mc/mtl_c_t8_zmb_homunculus_spikes
material,#mc/mtl_p8_zm_esc_book_02_cover
material,#hash_74b37a09a0b79554
material,#mc/t7_concrete_trim_edge_damaged_01
material,#mc/t8_decal_signage_col_fracking_site_tank_number_01
material,#mc/mtl_p8_zm_esc_nixie_tubes_plastic_red
material,#mc/mtl_wpn_t8_loot_shotgun_fullauto_mag_release_alt
material,#hash_f4c567ecc37068d2
material,#hash_f4d3870f9a45d848
material,#mc/mtl_p8_lab_tech_rack_decal_07
material,#mc/mtl_p8_lab_tech_rack_decal_04
material,#mc/mtl_p8_lab_tech_rack_decal_02
material,#mc/mtl_p8_lab_tech_rack_decal_03
material,#mc/mtl_p8_lab_tech_rack_decal_01
material,#mc/mtl_wpn_t8_eqp_sensor_dart_gun_decals
material,#mc/mtl_p8_lab_tech_rack_decal_11
material,#hash_74da72a02144a18c
material,#hash_74da73a02144a33f
material,#hash_74da74a02144a4f2
material,#mc/t7_metal_chainlink_worn
material,#hash_74df0cc0d2687b63
material,#mc/mtl_p7_shelf_metal_warehouse_hole
material,#hash_f4e404570df3d6f2
material,#hash_74eb75174c2edc1f
material,#mc/mtl_wpn_t8_shotgun_pump_handguard_base_alt
material,#hash_74f17c4fcb3087c8
material,#mc/mtl_wpn_t8_loot_tac_rifle_damageburst_base
material,#hash_74f8c8b07a4112de
material,#hash_74faf68630b41127
material,#hash_74fd3b7f286be052
material,#hash_74ff0488f670e061
material,#mc/mtl_p8_usa_submarine_interior_periscope_gray
material,#hash_7508d3922646d60c
material,#hash_f5091d31c4b45fdf
material,#hash_750a7b33ee85bec0
material,#ei/gfx_water_ripple_anim_distort
material,#mc/mtl_attach_t8_pistol_standard_sights
material,#mc/mtl_t8_wpn_smg_accurate_body_alt
material,#hash_7514475fc2e2e7b5
material,#hash_7514cd87fff23352
material,#hash_f515dfa0dc4662d4
material,#hash_f522d33272acd223
material,#mc/mtl_attach_t8_tac_rifle_surgeon_barrel
material,#mc/mtl_p8_zm_esc_nixie_tubes_on
material,#hash_75315710a60dc59e
material,#hash_f53a464d923ab670
material,#hash_753e09f890c9b246
material,#hash_7540509e3c4d4d91
material,#hash_f542c5aa32b7777d
material,#mc/mtl_c_t8_zmb_mob_zombie_body1_shirt_patch
material,#wc/t7_concrete_tiles_2x2_dirty_01
material,#mc/mtl_veh_t8_mil_heli_light_body_mid_pnt_body
material,#mc/mtl_p8_wz_foliage_bush_erigonum_stem_02_autumn
material,#hash_f5514aa4e86a4942
material,#hash_f5514da4e86a4e5b
material,#hash_75528eefd2523ee5
material,#hash_f55449a4e86c7d66
material,#hash_7558720d456f20f9
material,#hash_755da83e739982e4
material,#hash_755da93e73998497
material,#hash_755dab3e739987fd
material,#mc/mtl_wpn_t8_sniper_powersemi_stock_sig_02
material,#mc/mtl_wpn_t8_eqp_trophy_system_tubes
material,#hash_756694b2714d9445
material,#hash_f568bbc869ef80ff
material,#hash_7569870a013628de
material,#mc/mtl_attach_t8_lmg_titan_grip_upper
material,#mc/mtl_p7_gate_metal_scissor_01_decal
material,#hash_f56d030a01393169
material,#mc/mtl_wpn_t8_tr_midburst_wings_sig_02_trail_e
material,#vdd/gfx_decal_bullet_dirt_01
material,#mc/t8_zm_zod_metal_painted_wall_trim_black
material,#mc/mtl_wpn_t8_ar_kn57_receiver_upper
material,#mc/mtl_p8_wz_foliage_leymus_grass_01_b_dry
material,#hash_758270afb287ed75
material,#mc/mtl_p7_debris_wood_splinter_med
material,#mc/mtl_wpn_t8_ar_kn57_handguard_mk2
material,#hash_f593e326f8aee43b
material,#el/gfx_smk_trail_billow_distort
material,#hash_759678b05dab029c
material,#mc/mtl_p8_foliage_weeds_flower_drk
material,#hash_75982a4467722325
material,#mc/mtl_wpn_t8_shotgun_semi_sights
material,#hash_75991e6f858340a4
material,#hash_759a7cb2cf3a871b
material,#hash_759b0fd9c5f8b361
material,#hash_759d793b9301f39c
material,#hash_75a482cf13e1a381
material,#mc/mtl_wpn_t8_loot_lmg_mk48_decals_mk2
material,#hash_75a95a4736cf9176
material,#mc/mtl_attach_t8_smg_fastfire_stock_alt
material,#mc/mtl_p8_zm_esc_power_station_panel_set_box_02_ventilation
material,#hash_f5aea099cbcba2c4
material,#hash_75b1e9e496750d22
material,#mc/mtl_wpn_t8_loot_sniper_locus_bipod_alt
material,#mc/mtl_p7_rus_bookshelf_metal_02
material,#mc/mtl_c_t8_mp_spe_ruin_body1_mag_pouch_dual
material,#hash_75c1d493f81f1784
material,#hash_75c66bd8976d8507
material,#mc/mtl_attach_t8_loot_ar_peacekeeper_upper_alt
material,#hash_75c9acd0765754e5
material,#mc/mtl_attach_t8_sniper_koshka_loader_welds
material,#mc/mtl_attach_t8_shotgun_pump_mag
material,#hash_75d3e136d60fd335
material,#mc/mtl_p7_wes_bookshelf_wood_vintage
material,#mc/mtl_wpn_t8_lmg_titan_sig_01_base
material,#hash_75d86b6fa88a4f0e
material,#mc/mtl_wpn_t8_sig_bow_scope
material,#hash_75e6847895d766e4
material,#hash_75e6877895d76bfd
material,#hash_75e8f0711f63cd47
material,#hash_f5e96c8b24d32151
material,#hash_75ed2bc841afe6b7
material,#hash_75ed5f707e2bc717
material,#mc/mtl_wpn_t8_eqp_turret_mini_case_panel_02
material,#mc/mtl_wpn_t8_eqp_turret_mini_case_panel_01
material,#hash_f5f2f6d660b6ac37
material,#hash_f5f73735ad5ff74c
material,#hash_f5f762a019c4312b
material,#mc/t8_decal_graphics_signage_usa_sub_label_electrical
material,#hash_f5ff8260f9374b10
material,#hash_f5ff8560f9375029
material,#hash_76000829afcdbb34
material,#hash_f6014f041244502b
material,#mc/mtl_p7_zm_sta_couch_destroyed_set_decal_01
material,#mc/mtl_p7_zm_sta_couch_destroyed_set_decal_07
material,#mc/mtl_p7_zm_sta_couch_destroyed_set_decal_06
material,#mc/mtl_p7_zm_sta_couch_destroyed_set_decal_05
material,#hash_f605b70ffa92ec20
material,#mc/mtl_wpn_t8_ar_accurate_sight_glass
material,#mc/mtl_wpn_t8_smg_fastfire_decals
material,#hash_7607b563778114d4
material,#hash_f60ac6759aff4eab
material,#hash_760eeeba0bb4bff1
material,#hash_f610dcf0d90ad81c
material,#hash_7615dc6c2675b550
material,#hash_7617ff65bcbeedcc
material,#hash_f618c6e936337934
material,#mc/mtl_p8_box_electric_commercial_metal_tiling
material,#mc/t8_metal_bare_brushed
material,#hash_f61e5b04a4546d90
material,#hash_761e9e2a109d81f3
material,#mc/mtl_wpn_t8_sniper_koshka_charm
material,#mc/t8_cloth_rope_02_dirt
material,#mc/t7_glass_dirty_streaks_02
material,#hash_7633fd9c852a5e8e
material,#hash_f634c164ac7af606
material,#mc/mtl_wpn_t8_eqp_tripwire_slingshot_arms_bolts
material,#mc/mtl_wpn_t8_ar_heavy_decal_caution
material,#hash_76396b7833276362
material,#mc/mtl_p7_spl_table_dining_vintage_set_decal_01
material,#mc/mtl_wpn_t8_eqp_smartcover_solar_upper
material,#hash_f64071cbb186ee89
material,#mc/mtl_wpn_t8_sniper_vanguard_cheekrest_v2_mk2
material,#hash_764616f9ca5502e1
material,#vd/gfx_decal_foam
material,#mc/mtl_wpn_t8_loot_lmg_mk48_body_alt_mk2
material,#mc/t7_ban_metal_heavy_rust_blend
material,#hash_764887db66dc5724
material,#hash_764b5ba916b3b486
material,#hash_f64c892033f0abb6
material,#mc/mtl_p7_zm_tra_billiard_vintage_table_wood
material,#hash_76510d4fa17cbb10
material,#hash_76577d5596ee1137
material,#hash_f65793ed361a5c33
material,#ei/gfx_ring_thin
material,#hash_76670fa12bae3bd5
material,#hash_766bb44496df23c4
material,#hash_7670525be751375d
material,#hash_767257becb175e5b
material,#mc/mtl_p8_box_electric_commercial_decal_grunge_01
material,#mc/mtl_p8_box_electric_commercial_decal_grunge_02
material,#mc/mtl_p8_col_rail_tower_decal_dirt_03
material,#hash_767f4dcf9bec0e5d
material,#hash_768320eb5640d9fe
material,#hash_f684ffd19a5a8416
material,#hash_768b864913045dae
material,#hash_768c32f11ab51e43
material,#hash_f691ee49d23ce862
material,#mc/t7_graphic_detail_wave_data_01_flip
material,#mc/mtl_t8_wpn_lmg_heavy_stock_sig_01
material,#mc/t8_decal_graphics_signage_usa_extinguisher_01
material,#mc/mtl_veh_t8_mil_boat_tactical_raft_body_cone_blk
material,#hash_76a6501672b84937
material,#mc/mtl_p7_zm_mob_acid_trap_set_decal_01
material,#mc/mtl_p7_zm_mob_acid_trap_set_decal_02
material,#mc/mtl_p7_zm_mob_acid_trap_set_decal_03
material,#mc/mtl_p7_zm_mob_acid_trap_set_decal_04
material,#mc/mtl_p7_zm_mob_acid_trap_set_decal_05
material,#mc/mtl_p8_fence_rustic_wood_plank_decal_dirt
material,#mc/t7_rubber_roof_granular
material,#mc/mtl_attach_t8_loot_ar_peacekeeper_silencer
material,#mc/mtl_p7_zm_bgb_icon_alchemical_antithesis
material,#hash_76c015d59a0c57ff
material,#mc/mtl_p7_toolbox_handheld_small_red
material,#hash_f6c4f15d9f4403a4
material,#hash_f6c4f45d9f4408bd
material,#hash_f6c561a4d640146e
material,#mc/mtl_attach_t8_sniper_powersemi_grip
material,#mc/mtl_t8_wpn_pistol_auto_decals
material,#hash_76cd05b89e9ec3a7
material,#mc/mtl_p8_zm_esc_rubble_piles_stones_trim
material,#hash_f6df44912ea21134
material,#hash_76e1019806e18b1c
material,#hash_76e1edc5b0feaab5
material,#mc/t8_metal_panel_trim_01b
material,#mc/mtl_p7_zm_asc_machinery_industrial_nail
material,#mc/mtl_wpn_t8_ar_heavy_stock_sig_02
material,#mc/mtl_p7_fir_light_industrial_light
material,#hash_76f0115f1e15fe21
material,#hash_f6f54a810367cb5f
material,#hash_76f753384cdbffd4
material,#mc/mtl_wpn_t8_loot_shotgun_fullauto_rails_alt
material,#mc/mtl_wpn_t8_lmg_hades_grip_trigger
material,#mc/mtl_p8_foliage_weeds_short_grass_03_drk
material,#mc/mtl_veh_t8_mil_boat_tactical_raft_body_straight_02_blk
material,#hash_f7004d293f20b794
material,#mc/mtl_p8_ice_generator_metal_lrg_text_decal_01
material,#mc/mtl_wpn_t8_eqp_tripwire_slingshot_ammo
material,#mc/mtl_wpn_t8_lmg_heavy_body_sig_02
material,#hash_f7062a145555d825
material,#mc/mtl_wpn_t8_sniper_power_semi_shroud
material,#hash_f7113ddfda1be8f8
material,#hash_77139b7afc2e0f48
material,#mc/mtl_wpn_t8_sniper_power_semi_barrel
material,#hash_7714361429485045
material,#mc/t7_decal_damage_metal_dent
material,#hash_771a8354e7e2e803
material,#hash_771cdeedb5ba4e47
material,#hash_7720b92fec2bbc83
material,#mc/mtl_p7_bracket_support_metal
material,#mc/mtl_p8_col_barrel_metal_01_brown
material,#mc/mtl_wpn_t8_tac_rifle_swordfish_sig02_scope
material,#mc/mtl_wpn_t8_ar_fastfire_handguard
material,#hash_f72d95c053875fd4
material,#mc/mtl_wpn_t8_ar_accurate_pouch
material,#mc/mtl_p7_zm_isl_medical_stool_wood
material,#mc/mtl_wpn_t8_sniper_power_semi_scope_mount
material,#mc/mtl_wpn_t8_ar_kn57_barrel_alt_mk2
material,#hash_773ffc97a1a468f2
material,#mc/mtl_p7_fir_shelf_set_wood
material,#mc/mtl_p8_zm_esc_sheet_metal_4x8_white
material,#hash_774b7d8822b7cfba
material,#hash_f74e39ecebdb172e
material,#hash_f74e8b54953b134a
material,#mc/mtl_veh_t8_mil_boat_tactical_raft_details_body
material,#mc/mtl_p8_wep_warehouse_crane_decal_dirt_04
material,#mc/mtl_p8_wep_warehouse_crane_decal_dirt_02
material,#mc/mtl_p8_wep_cargo_container_military_main_03
material,#mc/mtl_p8_wep_cargo_container_military_main_02
material,#hash_775492bed1cd9e3e
material,#hash_77570b21ebd34067
material,#hash_7757412d8f9d2264
material,#mc/mtl_p8_zm_whi_hose_01_grime
material,#mc/mtl_wpn_t8_ar_stealth_rapidfire
material,#hash_77654da1656e2d8e
material,#hash_f765b251ece9ddc2
material,#hash_f76bc999c1d045c1
material,#mc/mtl_wpn_t8_ar_stealth_front_hical_mk2
material,#mc/p7_fir_bathroom_mop_rope
material,#mc/t8_decal_metal_trim_rivets
material,#mc/mtl_attach_t8_smg_handling_fastmag_2_plastic
material,#hash_7786a71597923748
material,#hash_7787a4c829afaecc
material,#mc/mtl_p8_col_generator_garage_set_decal_water
material,#mc/mtl_p8_col_storage_chem_lab_wood_dirt_decal
material,#hash_f78e1d62b7ce9d03
material,#hash_f79345c17f99a72e
material,#hash_f79347c17f99aa94
material,#hash_f79348c17f99ac47
material,#hash_f7934ac17f99afad
material,#hash_779ec3f41c2799c7
material,#mc/mtl_wpn_t8_ar_stealth_handguard_alt
material,#mc/mtl_wpn_t8_sniper_vanguard_mag_v2
material,#hash_77a790b4c3a1119f
material,#hash_f7a7c5d6ba86a16e
material,#mc/mtl_wpn_t8_shotgun_prec_mag_base
material,#hash_f7b33e63d5559072
material,#hash_f7b578d3ff97996d
material,#mc/mtl_veh_t8_mil_boat_tactical_raft_body_straight_01_b
material,#mc/mtl_wpn_t8_zm_akud_clip_glow
material,#mc/mtl_p7_zm_ctl_tool_fireplace_set_metal_01
material,#mc/mtl_t8_wpn_smg_accurate_mag_sig_02
material,#mc/mtl_t8_wpn_smg_accurate_mag_sig_01
material,#hash_f7bd794a1cd03ac3
material,#mc/t8_metal_bare_polished
material,#mc/mtl_attach_t8_optic_red_dot_lens
material,#hash_77c49ac2a1fe0d4d
material,#hash_77c7baf9b126a22d
material,#mc/mtl_p7_wes_container_vintage_decanter_glass_02
material,#mc/mtl_p7_wes_container_vintage_decanter_glass_01
material,#hash_77cfc86790d4f376
material,#hash_77d500e3841f15c3
material,#mc/mtl_p8_foliage_flower_lavender_plant_02_spring
material,#mc/t8_concrete_damaged_rebar_01
material,#hash_f7e08a242a09b8f0
material,#mc/mtl_p7_pipe_metal_hp_12_flange_red
material,#mc/mtl_wpn_t8_shotgun_prec_foregrip_base
material,#hash_77f889da8da45ade
material,#mc/mtl_p7_zm_asc_fire_bell_metal01
material,#mc/mtl_p7_zm_asc_fire_bell_metal02
material,#mc/mtl_p7_zm_asc_fire_bell_metal03
material,#mc/mtl_p8_zm_esc_crate_wood_sml_02_black
material,#mc/mtl_veh_t8_mil_heli_light_chrome_blk
material,#mc/mtl_attach_t8_optic_red_dot_lens_opaque
material,#hash_780ca4f26bd4cdea
material,#mc/mtl_wpn_t8_eqp_smartcover_handle_n_track
material,#mc/mtl_p7_pipe_metal_hp_12_valve_01_bare
material,#hash_78209af3118430fe
material,#mc/mtl_wpn_t8_loot_shotgun_fullauto_receiver_parts_alt_mk2
material,#hash_f8245baa5cb7f6d4
material,#mc/mtl_p7_spl_rubber_floor_mat
material,#mc/t8_decal_grunge_burn_01
material,#mc/mtl_wpn_t8_smg_capacity_barrel_base_mk2
material,#hash_f831bd07cf8141bf
material,#hash_f833ebad1ea1ca49
material,#hash_f834cc36d0b0d212
material,#hash_7836404ce96c5ca2
material,#mc/mtl_attach_t8_loot_tr_flechette_dbal_alt
material,#mc/mtl_p8_zm_esc_book_03_paper
material,#hash_7843d3c9a6b3a061
material,#mc/mtl_p8_col_conveyor_unit_bolt
material,#hash_f8488557131f3e62
material,#hash_7854c4833fe59c97
material,#ei/gfx_smk_billow_thick_anim_lit
material,#mc/mtl_wpn_t8_lmg_titan_sig_02_clamp
material,#mc/bullet_collision_snow
material,#hash_f859e4d90d79ae8e
material,#mc/mtl_p7_zm_ver_box_electric_panel_additional
material,#mc/mtl_p8_wz_ammo_pickup_decal_bullets_338
material,#mc/mtl_p7_mou_electric_switch_decal_word_01
material,#hash_7866b7cee6f88d6a
material,#hash_f866f84e745a6c28
material,#mc/mtl_p7_foliage_plant_aloe_dwala_red
material,#hash_786d43ddb787d24a
material,#mc/mtl_wpn_t8_loot_smg_burst_barrel
material,#hash_f8715fdcfd4bcec5
material,#hash_7878ec849f294dce
material,#hash_f87b141e22f8ef8c
material,#mc/mtl_wpn_t8_smg_capacity_sig_02_mag_03
material,#mc/mtl_wpn_t8_smg_capacity_sig_02_mag_02
material,#mc/mtl_p8_usa_submarine_torpedo_railing_white
material,#mc/mtl_wpn_t8_sniper_koshka_grip
material,#mc/mtl_wpn_t8_smg_handling_bullets_mk2
material,#mc/mtl_veh_t8_mil_heli_attack_rockets_pnt_tan
material,#hash_787ed789d2b6eea8
material,#hash_787f9ebfda96c746
material,#hash_787fa0bfda96caac
material,#hash_787fa1bfda96cc5f
material,#hash_787fa3bfda96cfc5
material,#mc/mtl_p8_zm_esc_citadel_metal_beam_01
material,#hash_788154c56f5ee7e0
material,#hash_7882c7bfda9942c8
material,#hash_7882c9bfda99462e
material,#hash_7882cabfda9947e1
material,#mc/mtl_p7_zm_asc_switch_electric_02_metal02
material,#mc/mtl_p7_zm_asc_switch_electric_02_metal01
material,#hash_78845030957080bb
material,#hash_788576ecc1d6ceba
material,#hash_78861b03462f2a71
material,#hash_7887e40e79a656eb
material,#hash_7889d1bfda9f7274
material,#hash_7889d2bfda9f7427
material,#hash_7889d3bfda9f75da
material,#mc/mtl_p7_foliage_plant_meskel_flower_dead
material,#hash_f8909878abd87744
material,#hash_f8909b78abd87c5d
material,#mc/mtl_p7_zm_ver_mannequin_metal
material,#mc/t8_concrete_sidewalk_paver_01
material,#mc/mtl_p7_light_lamp_desk_vintage_01_bulb
material,#hash_f89c623974b25390
material,#hash_78a0f24c1582c540
material,#hash_78a269bf924ba938
material,#hash_78a61eaf9dab2dc9
material,#hash_f8a61f3c303b4f9a
material,#hash_f8a72aa238560f11
material,#mc/mtl_t8_wpn_lmg_heavy_frame_sig_01
material,#mc/mtl_attach_t8_tac_rifle_surgeon_fmj_02
material,#mc/mtl_attach_t8_tac_rifle_surgeon_fmj_01
material,#hash_f8ac6736d42d2466
material,#mc/mtl_wpn_t8_smg_capacity_rail_metal
material,#mc/mtl_wpn_t8_sniper_vanguard_sig_01_tape
material,#hash_78b047e135d47ff2
material,#mc/mtl_wpn_t8_ar_accurate_decals_tape
material,#mc/mtl_p8_usa_locker_metal_door_metal_03
material,#mc/mtl_p8_usa_locker_metal_door_metal_02
material,#mc/mtl_p8_usa_locker_metal_door_metal_01
material,#mc/mtl_p8_usa_locker_metal_door_metal_04
material,#mc/mtl_p8_pipe_metal_hp_4_02_painted
material,#mc/mtl_attach_t8_ar_galil_handguard_alt
material,#hash_78b8be5155268c22
material,#hash_78b8ca4bbccc5dcf
material,#mc/mtl_wpn_t8_ar_kn57_barrel_alt
material,#hash_78c06e1c52377f09
material,#mc/mtl_p8_spa_fireplace_grunge
material,#hash_78c3fbefdecf0461
material,#hash_78c56dfa770288b1
material,#hash_78c6e906dec131ab
material,#mc/mtl_t8_wpn_lmg_heavy_rearsight
material,#hash_f8cdb0f97fa58762
material,#hash_78d810fb85b5ffff
material,#ei/gfx_smk_whisp_anim_02_lit
material,#hash_78e02d62effb3202
material,#hash_78e111f10adadf1e
material,#mc/mtl_attach_t8_loot_smg_minigun_fmj_02
material,#hash_f8e1ed5dd8479b41
material,#mc/mtl_wpn_t8_lmg_titan_sig_02_handguard_e
material,#mc/mtl_p8_wz_door_01_steel_dark
material,#hash_f8e6fd6fb19a38ea
material,#mc/mtl_p7_duct_metal_rectangle_straight_64_rust
material,#mc/mtl_t8_wpn_pistol_auto_trigger_guard_mk2
material,#vdd/gfx_decal_bullet_concrete_01
material,#vdd/gfx_decal_bullet_concrete_03
material,#vdd/gfx_decal_bullet_concrete_02
material,#mc/mtl_p8_wz_door_01_wood_aged
material,#mc/mtl_p8_wz_supply_stash_chest_metal_011
material,#mc/mtl_wpn_t8_loot_sniper_locus_grip
material,#hash_78f9fbbbe6946d6d
material,#hash_78ff8c4f59024276
material,#mc/mtl_wpn_t8_loot_ar_standard_beam_sig_02_nodraw
material,#hash_790297e1f9a37b8d
material,#mc/mtl_p8_wz_supply_stash_chest_metal_052
material,#mc/mtl_p8_wz_supply_stash_chest_metal_053
material,#mc/mtl_p8_wz_supply_stash_chest_metal_051
material,#mc/mtl_p8_wz_supply_stash_chest_metal_054
material,#hash_f90592dd52b14489
material,#mc/mtl_p8_wz_supply_stash_chest_metal_041
material,#mc/mtl_p8_wz_supply_stash_chest_metal_043
material,#mc/mtl_p8_wz_supply_stash_chest_metal_042
material,#hash_f90d17893b4d1546
material,#mc/mtl_wpn_t8_smg_capacity_handguard_metal
material,#mc/mtl_veh_t8_drone_rcxd_wheel_rubber_dirty
material,#mc/mtl_p8_usa_submarine_interior_consoles_details_hinge
material,#hash_7924862e3254574f
material,#hash_792779128652543f
material,#hash_792e16798b34aeac
material,#hash_792f261fd69309a5
material,#hash_f93302776ed327dc
material,#hash_f93305776ed32cf5
material,#hash_f934fe8f3fb3a3a2
material,#hash_f935afcbffe1f835
material,#mc/mtl_wpn_t8_sniper_powersemi_eye_02_sig_02
material,#mc/mtl_p7_zm_tra_tv_vintage_black
material,#hash_793cf156c2dbf68c
material,#mc/mtl_wpn_t8_sig_flamethrower_front_rubber
material,#ei/gfx_fire_flame_base_2_anim_em
material,#mc/t7_metal_dark
material,#hash_f9508d8d8de9d4d2
material,#hash_f951cff12f81fa5e
material,#mc/mtl_attach_t7_optic_acog_inner
material,#hash_f95533cc503a80a7
material,#hash_f9564e077d5980d7
material,#hash_7956870ebda89892
material,#mc/mtl_veh_t8_decal_sign_moving_parts_01
material,#mc/mtl_veh_t8_decal_sign_moving_parts_02
material,#hash_795bef07bc73ade8
material,#mc/mtl_p7_zm_ver_wheelchair_wood_01
material,#hash_795f026cfd5a0c2f
material,#hash_f9626b30aedd5539
material,#mc/mtl_wpn_t8_tritium_blue
material,#hash_f96c46c48a758124
material,#wc/t7_decal_grunge_ceiling_water_stain_drk
material,#mc/mtl_attach_t8_ar_fastfire_flashlight
material,#hash_f970c252d8c79e52
material,#mc/mtl_wpn_t8_tac_rifle_swordfish_stock_mk2
material,#mc/mtl_wpn_t8_lmg_titan_sig_02_handguard
material,#hash_f97f1575226fde5c
material,#mc/mtl_p7_hose_01_rubber
material,#hash_f982177522721799
material,#hash_f982217522722897
material,#mc/mtl_p8_zm_gla_cel_pillar_stone_01
material,#hash_7989d55f378e7e79
material,#mc/mtl_attach_t8_ar_stealth_hi_cal
material,#mc/mtl_wpn_t8_loot_shotgun_fullauto_bolt_sig
material,#hash_79980fe322763409
material,#hash_7999bcbf58e1740b
material,#mc/mtl_p7_fir_bench_wood_decal_03
material,#hash_799b092c401e5379
material,#mc/mtl_fx_shell
material,#mc/mtl_wpn_t8_lmg_titan_sig_02_stock
material,#hash_f9a04ee04c62af81
material,#hash_79a27792ef3de0b7
material,#mc/mtl_wpn_t8_loot_ar_standard_body_sig_02_alt
material,#mc/mtl_p7_knob_metal_hose_decontamination
material,#hash_79ad82eb98b276e7
material,#mc/mtl_wpn_t8_ar_accurate_sig_02_embers
material,#mc/t7_plaster_wallpaper_pattern_06
material,#mc/t7_plaster_wallpaper_pattern_07
material,#hash_79b82737af390dfe
material,#mc/mtl_attach_t8_loot_tac_rifle_damageburst_upper_alt
material,#mc/mtl_attach_t8_smg_mp9_rapid_fire_alt
material,#mc/mtl_wpn_t8_ar_galil_base_alt
material,#mc/mtl_p7_zm_ver_generator_decal
material,#hash_f9bfc140e1f1011c
material,#hash_79c27ada891fce7a
material,#hash_f9c2cd90812a848d
material,#mc/mtl_wpn_t8_ar_heavy_decal_fabric
material,#mc/t8_rubber_tread_01_gray
material,#hash_f9ddc693002e074f
material,#mc/mtl_p7_zm_ctl_desk_wood_vintage_dirty
material,#hash_f9e1689d75dd14f8
material,#hash_f9e16a9d75dd185e
material,#hash_f9e16b9d75dd1a11
material,#hash_79e298bf946aaf65
material,#hash_79e2ba9a84a29315
material,#mc/mtl_p8_zm_esc_radiator_vintage_metal
material,#hash_79e88141356a0ffc
material,#hash_f9eb157c9fa35c44
material,#hash_79ec47976cd40d8f
material,#hash_f9f38666f369f838
material,#hash_7a00d0b14894d4f2
material,#mc/mtl_wpn_t8_tac_rifle_swordfish_sig02_scope_rail
material,#mc/mtl_p7_fxanim_gp_trash_paper_floor_german_01_s4
material,#mc/mtl_p7_fxanim_gp_trash_paper_floor_german_01_s3
material,#hash_7a07239ace8a6708
material,#mc/mtl_attach_t8_pistol_revolver_uber_screws
material,#hash_7a0d222580112365
material,#hash_7a140107fc70e6e6
material,#hash_7a16258311333856
material,#hash_7a183b03008518b0
material,#hash_7a18578ccb232aac
material,#mc/t7_metal_worn_steel_plate_base
material,#mc/mtl_p8_zm_esc_gondola_rust
material,#hash_fa2838c15c7fc2b1
material,#mc/mtl_wpn_t8_ar_kn57_mag_mk2
material,#hash_7a2a8523a4b88002
material,#mc/mtl_wpn_t8_ar_kn57_stock_connector_alt
material,#mc/t8_zm_zod_metal_painted_wall_heavy_trim_black
material,#mc/mtl_wpn_t8_smg_folding_decals
material,#hash_fa390387361384a7
material,#hash_fa3904873613865a
material,#mc/mtl_p7_fire_extinguisher_digital_plastic
material,#hash_fa486e64c63f82fd
material,#mc/mtl_p7_cai_foliage_flower_penstemon_leaves
material,#mc/t7_spa_stone_granite_floor_01
material,#hash_7a5a5e7cb413281c
material,#mc/mtl_wpn_t8_smg_capacity_grip_alt
material,#mc/mtl_wpn_t8_smg_burst_bolt_sig
material,#mc/mtl_p7_cabinet_wood_old_01
material,#mc/mtl_p7_cabinet_wood_old_02
material,#hash_7a6c52a0aa2ce074
material,#hash_7a6e7eb64f070751
material,#hash_fa7077af33f57003
material,#mc/mtl_wpn_t8_loot_ar_peacekeeper_upper_base_mk2
material,#mc/mtl_p8_col_chair_school_blue_plastic
material,#hash_7a7f87cdd51f442a
material,#hash_7a822126d9f38631
material,#mc/t8_concrete_damaged_rebar_01_rvl
material,#hash_7a848d48da5aa7fb
material,#hash_7a8981dffd2c4abd
material,#hash_7a8a190e42f738f1
material,#mc/mtl_p7_pipe_metal_hp_4_01_red
material,#mc/mtl_wpn_t8_knife_bowie_metal
material,#hash_7a8d22f7ad0291d8
material,#mc/mtl_wpn_t8_loot_melee_action_figure_star
material,#mc/mtl_wpn_t8_shotgun_pump_sights_base_alt_mk2
material,#mc/mtl_t8_wpn_lmg_heavy_muzzle_sig_01
material,#hash_7a9945157eae2a00
material,#hash_7a9a5960d4dd5c72
material,#hash_7a9ae4a8150aa7b5
material,#mc/mtl_p8_ice_gas_console_handle
material,#mc/mtl_p8_wz_foliage_bush_erigonum_flower_02
material,#mc/mtl_p8_wz_foliage_bush_erigonum_flower_01
material,#mc/mtl_attach_t8_ar_stealth_bayonet
material,#mc/mtl_wpn_t8_ar_heavy_mag_base_alt_mk2
material,#hash_7aa7d153ac5664d5
material,#mc/mtl_wpn_t8_ar_fastfire_bullet
material,#hash_7aaa23ae1b25fdd7
material,#hash_7aaa24ae1b25ff8a
material,#mc/mtl_p8_chi_camera_security_bubble_lens
material,#hash_fab103cbc8f28a6a
material,#mc/mtl_wpn_t8_loot_ar_an94_mag_base
material,#hash_7ab8ae0b8a36fcf4
material,#hash_7ab8b10b8a37020d
material,#hash_7abba9f7dbc2f2cc
material,#hash_7abbb451f429c810
material,#hash_7ac5e027e7a79edb
material,#hash_7ac97a470501bb0e
material,#hash_7acad0dbf594fd1f
material,#hash_facc4c51e117d34b
material,#hash_7acd24fa22df3aba
material,#hash_7aced2208d42e18f
material,#mc/mtl_wpn_t8_zm_crossbow_glass
material,#mc/mtl_p8_usa_submarine_interior_consoles_details_control_stick
material,#hash_7ad3898c3dc228ce
material,#hash_7ad54805c4dfe0f4
material,#hash_fadebd51b19e0929
material,#mc/mtl_attach_t8_optic_hybrid_body
material,#hash_7ae1f32f0c43c5cf
material,#hash_7ae40fe46cced7ab
material,#hash_7ae410e46cced95e
material,#hash_7ae4a15a4a2ffa8a
material,#hash_7ae86d8278bcf67f
material,#hash_7ae9c50c37b4419b
material,#hash_7aea498c01509213
material,#hash_7aee267789c2e7ac
material,#mc/t7_metal_bare_stainless_steel_brushed
material,#hash_7af41037eac400fe
material,#hash_7af64f7a19f84168
material,#hash_7af6527a19f84681
material,#mc/mtl_p8_zm_esc_dryer_industrial_rubber
material,#hash_7afa17924a5ec298
material,#mc/mtl_p7_ris_hose_coupling_metal_brass
material,#mc/mtl_p8_wz_supply_stash_health_canvas
material,#mc/mtl_p7_wes_poker_set_side_green
material,#mc/t8_concrete_poured_old
material,#mc/t8_zm_zod_metal_painted_wall_heavy_trim
material,#mc/mtl_wpn_t8_tac_rifle_swordfish_sig02_bolt
material,#mc/mtl_p7_zm_isl_bed_infirmary_mattress
material,#hash_7b17797a88925af2
material,#mc/mtl_attach_t8_tac_rifle_swordfish_bolt_02
material,#hash_7b216b03a33aeb58
material,#hash_fb2b7122b3b18f50
material,#mc/mtl_wpn_t8_tac_rifle_swordfish_sig02_body
material,#hash_fb2f531966a0eb65
material,#mc/mtl_p8_lab_tech_rack_metal_painted_08
material,#mc/mtl_p8_lab_tech_rack_metal_painted_09
material,#mc/mtl_p8_lab_tech_rack_metal_painted_03
material,#mc/mtl_p8_lab_tech_rack_metal_painted_06
material,#mc/mtl_p8_lab_tech_rack_metal_painted_07
material,#mc/mtl_p8_lab_tech_rack_metal_painted_04
material,#mc/mtl_p8_lab_tech_rack_metal_painted_05
material,#hash_fb32bfbe450cedfc
material,#hash_fb32c2be450cf315
material,#mc/mtl_p8_lab_tech_rack_metal_painted_11
material,#hash_7b3d1ea44ee04cb3
material,#mc/mtl_wpn_t8_shotgun_pump_reciever_rail_base_alt
material,#mc/mtl_p7_pipe_metal_hp_4_01_grey_dk
material,#hash_7b4be1ae1c2eae46
material,#hash_fb4eda21f5fd9b86
material,#hash_7b5403a916258828
material,#hash_7b5404a9162589db
material,#hash_7b5409a91625925a
material,#hash_fb5420921e7526f0
material,#hash_fb5b162a89e0459d
material,#mc/mtl_wpn_t8_tac_rifle_swordfish_shroud_mk2
material,#mc/mtl_wpn_t8_smg_handling_upper
material,#hash_7b627c9d0964fd80
material,#mc/mtl_p7_mou_light_cage_set_metal_01
material,#mc/mtl_p8_zm_esc_chemistry_kit_metal
material,#mc/mtl_wpn_t8_smg_handling_decals
material,#mc/mtl_wpn_t8_sniper_vanguard_sig_01_stock_back
material,#hash_7b6d04e750e1cca0
material,#mc/mtl_t8_wpn_pistol_auto_bolts_mk2
material,#hash_7b7274f685b2a2b3
material,#hash_7b7275f685b2a466
material,#hash_7b727af685b2ace5
material,#mc/mtl_p7_zm_ver_bookshelf_wood_02
material,#mc/mtl_p7_zm_ver_bookshelf_wood_03
material,#mc/mtl_p7_zm_ver_bookshelf_wood_01
material,#mc/mtl_p7_zm_ver_bookshelf_wood_04
material,#mc/mtl_t8_wpn_pistol_revolver_fluorescent_02_sig_02
material,#mc/mtl_attach_t8_smg_capacity_ext_mag_03_strap
material,#mc/t7_cloth_tent_military_panel_01
material,#mc/t7_cloth_tent_military_panel_02
material,#hash_fb83998ae20915c2
material,#mc/mtl_attach_wpn_t8_loot_pistol_auto_suppressor
material,#mc/mtl_p7_zm_sta_cabinet_antique_metal
material,#hash_7b881a8a96cbef25
material,#mc/mtl_wpn_t8_ar_kn57_grip
material,#mc/mtl_attach_t8_ar_fastfire_magwell
material,#mc/mtl_p7_pipe_metal_hp_12_straight_white
material,#mc/mtl_wpn_t8_sniper_vanguard_body_v2
material,#hash_fb98678c68cfb749
material,#mc/mtl_wpn_t8_loot_melee_stop_sign_fabric
material,#hash_7b9afc82debee6e6
material,#wc/t7_concrete_trim_beveled_01
material,#hash_fba11f797cba2b52
material,#mc/mtl_attach_t8_loot_tac_rifle_damageburst_barrel
material,#hash_7ba91b50a74aa27f
material,#hash_7baf8ef9b4581940
material,#hash_7bb7689d551d9012
material,#hash_fbb7fb8b3b151849
material,#hash_7bb928a6e616a3c1
material,#hash_7bba186b113bb143
material,#mc/mtl_wpn_t8_loot_smg_minigun_bodytop
material,#mc/mtl_p8_wz_ammo_pickup_9mm_paper
material,#mc/mtl_p8_zm_zod_bathtub_first_class_bathroom_dust
material,#hash_7bc5ceaf7aaff662
material,#hash_fbc75c40363b1277
material,#hash_7bd07c1240c58ddc
material,#hash_7bd75ed4ac358dab
material,#mc/mtl_attach_t8_pistol_revolver_stabilizer_alt_mk2
material,#mc/mtl_p8_zm_esc_box_cardboard_c_open02_damaged_tape
material,#mc/mtl_wpn_t8_loot_smg_burst_sights_mk2
material,#mc/mtl_p7_curtain_hanging_36x72_bld_red
material,#hash_7be317004b4a8ccd
material,#hash_7beb97b188769333
material,#hash_7beeaa383d1f82ab
material,#mc/mtl_attach_t8_ar_heavy_handguard_01
material,#mc/mtl_attach_t8_ar_heavy_handguard_02
material,#mc/mtl_attach_t8_launcher_standard_extra_ammo
material,#mc/mtl_p7_zm_kin_dumpster_01_blue
material,#hash_fbffad2ee64c4f25
material,#mc/mtl_wpn_t8_tac_rifle_surgeon_mag
material,#hash_fc006b6ba28108ab
material,#mc/t8_wood_teak_decking_trim_dark_512_wz
material,#mc/t7_decal_damage_plywood_edge_dirty
material,#hash_7c0539ba8d394eb6
material,#mc/mtl_p7_zm_mob_medical_cabinet_metal_01
material,#mc/mtl_p7_zm_mob_medical_cabinet_metal_02
material,#mc/mtl_p7_zm_mob_medical_cabinet_metal_03
material,#mc/mtl_p8_zm_esc_cell_bridge_set_grating
material,#hash_7c0ec5db39c625bb
material,#mc/mtl_wpn_t8_sniper_vanguard_sig_02_body_top
material,#mc/mtl_p7_rooftop_hvac_metal_vent
material,#mc/mtl_p7_duct_metal_rectangle_s_joint_dark
material,#hash_fc1c75f5b0b884ed
material,#hash_fc1f8d601934d9e8
material,#hash_fc1f90601934df01
material,#mc/mtl_wpn_t8_smg_fastfire_stock
material,#hash_fc2ce00637b8f133
material,#mc/mtl_wpn_t8_launcher_standard_screens
material,#hash_fc308b7c95469173
material,#hash_7c34641af57aa05e
material,#hash_fc34ac86a5d26827
material,#hash_7c3ab3eb0342d36c
material,#mc/mtl_p7_foliage_plant_massangeana_bark_dry
material,#hash_7c42c151e06ceb0b
material,#mc/mtl_wpn_t8_ar_kn57_receiver_lower_alt_mk2
material,#hash_fc4a71e98350d1d2
material,#hash_7c4bca54c15be2b9
material,#hash_7c4d7c32f0300dae
material,#mc/mtl_p7_jun_water_river
material,#hash_fc544795ab963fb3
material,#hash_fc5478e367c98468
material,#mc/mtl_wpn_t8_ar_heavy_barrel_base_mk2
material,#hash_7c5db513a6a5428e
material,#mc/mtl_p8_wz_brd_dart_board
material,#mc/mtl_p8_wz_ammo_pickup_decal_graphic_red
material,#mc/mtl_wpn_t8_loot_smg_burst_grip
material,#mc/mtl_p8_box_electric_commercial_decal_burn_01
material,#mc/mtl_wpn_t8_loot_ar_double_barrel_mag
material,#hash_fc748b6852c13600
material,#hash_fc748bd4378a7169
material,#hash_fc748c6852c137b3
material,#hash_fc74916852c14032
material,#mc/mtl_wpn_t8_ar_fastfire_grip
material,#mc/mtl_p7_wes_wood_plank_old_single
material,#mc/mtl_p7_barrel_plastic_blue
material,#hash_fc8e5a1756bdb981
material,#mc/mtl_attach_t8_loot_sniper_locus_stock_01_alt
material,#mc/mtl_p8_zm_esc_cell_bed_decal_net
material,#mc/t7_decal_damage_concrete_tile_01_light
material,#hash_7c9b384cd9b6ca46
material,#mc/mtl_p7_spl_clothes_hanger_metal
material,#mc/mtl_attach_t8_optic_mms_back
material,#hash_fca5309f2676b70c
material,#mc/mtl_attach_t8_loot_smg_vmp_stock_01
material,#mc/mtl_p8_zm_zod_pipe_set_cap_metal
material,#mc/mtl_wpn_t8_zm_akud_bulb_filaments
material,#mc/mtl_t8_wpn_smg_accurate_sights_sig_02
material,#mc/mtl_t8_wpn_smg_accurate_sights_sig_01
material,#mc/mtl_wpn_t8_crossbow_mag_lock_base
material,#mc/t7_rubber_trim_strip
material,#mc/mtl_p8_zm_esc_dock_post
material,#mc/mtl_wpn_t8_lmg_hades_grip_sig_01
material,#mc/mtl_wpn_t8_lmg_hades_grip_sig_02
material,#mc/mtl_p7_zm_ver_bathtub_metal
material,#mc/mtl_wpn_t8_sniper_vanguard_handguard_v2_alt
material,#hash_7cd3521b176f690f
material,#hash_fcd5f99eb5066a88
material,#mc/mtl_p8_wz_supply_stash_health_metal
material,#hash_7cd8e3cacd750885
material,#hash_7cdea19a0dfee309
material,#mc/mtl_wpn_t8_sniper_powersemi_wraps_front_02_sig_02
material,#hash_fce081b11555114d
material,#hash_fce179cbca76a36c
material,#mc/mtl_attach_t8_ar_accurate_grip_alt
material,#hash_7ce1e8d14f28a28e
material,#mc/mtl_p8_gutter_01_brackets_painted
material,#mc/mtl_wpn_t8_sniper_koshka_mid_cylinder_02_mk2
material,#hash_7ce40e35600f5727
material,#hash_fcea8de28cb36c8c
material,#hash_fcee0fe28cb67f49
material,#hash_fcee11e28cb682af
material,#mc/mtl_p8_kit_zod_hal_02_railing_01
material,#mc/t8_rubber_floor_mat_interlock_01
material,#hash_fcfc4111346d6184
material,#hash_fcfc4411346d669d
material,#wc/t7_decal_damage_concrete_edge_01
material,#wc/t7_decal_damage_concrete_edge_02
material,#hash_fcfc9695002ecf51
material,#mc/mtl_wpn_t8_zm_raygun_mk2_5_purple
material,#mc/t8_concrete_floor_rough_01_blend
material,#mc/mtl_c_t8_zmb_mob_brutus_leftleg
material,#hash_7d097b9da4d5ca24
material,#mc/mtl_attach_t8_pistol_standard_barrel
material,#hash_7d0da81f5fc8124b
material,#hash_fd0e92a449d967fa
material,#hash_7d148b60606d4fe4
material,#hash_7d179529edc78695
material,#mc/t7_decal_grunge_wall_grime_01
material,#hash_7d245220ed1fd680
material,#mc/mtl_p8_zm_esc_nixie_tubes_black
material,#hash_fd29574a52510ec5
material,#mc/mtl_attach_t8_loot_sniper_locus_upper_01
material,#mc/mtl_attach_t8_smg_capacity_handguard_01_alt
material,#mc/mtl_veh_t8_mil_boat_tactical_raft_details_rubber_blk
material,#hash_7d2fe438994b9a5b
material,#hash_7d31a4ff2b5c4ce4
material,#mc/mtl_p8_wz_supply_stash_decal_health_patch
material,#mc/mtl_p7_rus_tank_pressure_set_glass_shatter
material,#mc/mtl_p7_slu_light_switch_plastic
material,#hash_7d3bb4cce3127ba3
material,#hash_fd3f2e87aceeafc6
material,#mc/mtl_wpn_t8_shotgun_pump_sights_base_alt
material,#hash_7d4e0297e7d09306
material,#mc/mtl_wpn_t8_loot_sniper_mini14_receiver
material,#hash_fd5a23d1d705cbd0
material,#hash_7d61e46f6e7ca4f0
material,#mc/mtl_wpn_t8_lmg_hades_stock_base
material,#mc/mtl_c_t8_zmb_mob_brutus_rightleg
material,#mc/t8_decal_grunge_concrete_sidewalk_gum_01
material,#mc/mtl_veh_t8_mil_heli_light_rotor_titanium
material,#hash_fd76de7161a2806e
material,#mc/mtl_wpn_t8_shotgun_semi_base_01
material,#mc/mtl_wpn_t8_shotgun_semi_base_02
material,#hash_fd7e3faae5f79dc1
material,#mc/mtl_wpn_t8_smg_handling_grip_alt_mk2
material,#hash_fd8a1eb92f73a72f
material,#hash_fd8a1fb92f73a8e2
material,#ei/gfx_smk_billow_whisp_anim_lit
material,#hash_7d94a7cd435c28bc
material,#hash_fd94d916479b4e17
material,#mc/mtl_p8_ice_electrical_cabinet_01_on_b
material,#mc/mtl_wpn_t8_lmg_hades_mag_cloth_sig_02
material,#mc/mtl_p8_vent_roof_01_decal
material,#mc/mtl_p7_slu_trash_bin_sml_decal
material,#hash_7d9c3577f38ea099
material,#hash_7d9eaebdc8504bf1
material,#hash_7da8032cf609d52a
material,#hash_7da9a3a13089b57b
material,#hash_7dabdf3cd3c095a0
material,#hash_7db2403f4798f2af
material,#hash_7db504f9c3ef0134
material,#hash_fdb5bf4bc3b9a193
material,#mc/mtl_wpn_t8_loot_melee_gift_axe_handle
material,#mc/mtl_wpn_t8_ar_stealth_sig_02_talisman_glass
material,#hash_7dc08d70a521c2d0
material,#mc/mtl_attach_t8_loot_shotgun_fullauto_drummag_parts_alt
material,#mc/mtl_wpn_t8_ar_accurate_stock_sig_03_alt
material,#mc/t8_metal_diamond_plate_worn_grey
material,#mc/mtl_p8_col_military_ship_tarnished
material,#mc/mtl_p8_jnt_railing_01_set_yellow
material,#hash_7dcdb70c7895188d
material,#hash_7dcf047d8f168a72
material,#hash_7dcf403b6f5e147d
material,#hash_7dd0c84bdbc82a81
material,#mc/mtl_wpn_t8_loot_ar_peacekeeper_stock_base_mk2
material,#mc/mtl_wpn_t8_loot_smg_minigun_foregrip
material,#hash_7dd3532ca3ec52e0
material,#mc/mtl_p8_zm_esc_chemistry_kit_glass
material,#hash_7dd90ec1aa869db8
material,#hash_7dd910c1aa86a11e
material,#hash_7dd911c1aa86a2d1
material,#hash_7ddc08451dac495d
material,#mc/mtl_c_t8_zmb_homunculus_legs
material,#hash_7ddf5502d7b36766
material,#mc/mtl_p7_zm_asc_console_launch_key_screw
material,#mc/mtl_p8_zm_esc_laundry_bag_dirt_yellow
material,#mc/mtl_p7_rope_pile_lrg
material,#hash_fdebe453515f7c9e
material,#mc/t8_decal_tech_detail_low_tech_08_normal
material,#hash_fdf6cc6bcf989bd8
material,#hash_7df957cc85d3ddeb
material,#hash_7df958cc85d3df9e
material,#mc/mtl_wpn_t8_smg_burst_decals_sig
material,#hash_7dfb693e9d49556c
material,#mc/mtl_c_t8_zmb_mob_brutus_barbwirechain_igc
material,#mc/mtl_attach_t8_shotgun_pump_speedreloader
material,#hash_7e041786eb8fa1a6
material,#hash_fe04aa27181d06e6
material,#mc/mtl_p8_zm_esc_sheet_metal_2x4_white
material,#hash_7e08bfb0baca31d3
material,#hash_7e1086c560724bf0
material,#mc/mtl_p7_slu_fuse_box_electric_set_wire_white
material,#mc/mtl_attach_t8_loot_lmg_mk48_mag
material,#hash_7e161da4751e4166
material,#hash_7e16d21bb4749aed
material,#mc/mtl_attach_t8_ar_kn57_mount
material,#mc/mtl_p8_zm_esc_bed_infirmary_mattress_01_cloth_02
material,#mc/mtl_p8_zm_esc_bed_infirmary_mattress_01_cloth_03
material,#mc/mtl_p8_spa_fireplace_log_burnt
material,#mc/mtl_wpn_t8_loot_shotgun_fullauto_receiver_body_mk2
material,#mc/mtl_c_t8_zmb_mob_zombie_body1_sleeves_patch
material,#hash_7e292489b147344c
material,#hash_7e292589b14735ff
material,#hash_7e292789b1473965
material,#mc/mtl_wpn_t8_sniper_vanguard_handle_v2
material,#mc/mtl_wpn_t8_crossbow_grip_base
material,#hash_7e2d9d990ef2a4df
material,#mc/mtl_p7_duct_metal_rectangle_end_rust
material,#hash_fe30966e5905949d
material,#hash_7e319c6b352405a7
material,#hash_7e37d64721b6d44d
material,#mc/mtl_wpn_t8_ar_heavy_receiver_upper
material,#mc/mtl_p7_out_modular_building_metal_grate_black
material,#hash_fe4647a7aa74e035
material,#mc/mtl_attach_t8_smg_handling_stock_01
material,#mc/mtl_attach_t8_smg_handling_stock_02
material,#mc/mtl_p8_foliage_weeds_short_grass_02_drk
material,#hash_7e4d1942bdf5a8d3
material,#hash_7e4d210b07481ec5
material,#hash_7e4e0b66f3b36c3a
material,#mc/mtl_wpn_t8_sniper_vanguard_sig_01_scope_front_v2_alt
material,#mc/mtl_p7_zm_kin_dumpster_wheel
material,#mc/mtl_p8_col_storage_chem_lab_metal_decal
material,#mc/mtl_wpn_t8_loot_ar_peacekeeper_handguard_base_mk2
material,#hash_7e68b3e7e6658a20
material,#hash_7e7decdd89f306b1
material,#hash_7e888a52e92b5e25
material,#mc/mtl_c_t8_zmb_mob_zombie_head2
material,#mc/mtl_c_t8_zmb_mob_zombie_head4
material,#mc/mtl_p8_col_generator_garage_set_decal_logo
material,#mc/mtl_veh_t8_mil_heli_light_body_front_rubber_blk
material,#hash_7e8dad7da137f4ff
material,#hash_fe8eb41deb8b20dd
material,#mc/mtl_p8_zm_esc_power_house_door_metal_rolling_rail
material,#hash_fe9cb5ee0e47487a
material,#mc/mtl_p8_col_ship_door
material,#mc/mtl_p7_zm_ori_boots_military_set
material,#mc/mtl_attach_t8_sniper_koshka_barrel
material,#mc/t7_zm_isl_metal_diamond_plate_01_panel_2x2
material,#mc/mtl_wpn_t8_eqp_smartcover_metal_plates
material,#hash_7eaf8ea8659260bc
material,#hash_7eb56173bb706a48
material,#mc/mtl_p7_bathtub_clawfoot_01
material,#mc/mtl_veh_t8_mil_heli_attack_tailfin_pnt_blk_matte
material,#hash_7eb8cbae0720aeb4
material,#mc/mtl_p7_rebar_01_rusty
material,#mc/mtl_p7_zm_ctl_gondola_pulley_metal_2
material,#hash_7ebdfba118c41148
material,#hash_7ec050ea3c7eb5de
material,#hash_fec08b9fc4c25c22
material,#mc/mtl_veh_t8_mil_boat_tactical_raft_hull_blk
material,#hash_7ecf1546cdde6ee6
material,#mc/mtl_wpn_t8_loot_sniper_mini14_scope_bolt_mk2
material,#mc/mtl_wpn_t8_ar_kn57_receiver_upper_mk2
material,#hash_7ed7b198cfcdef19
material,#mc/mtl_p7_mirror_dressing_vintage_01_density
material,#mc/mtl_p8_box_electric_commercial_metal_sml_01
material,#mc/mtl_p8_wep_cargo_container_military_decal_grunge
material,#hash_7ee4b36cd6044f0d
material,#hash_7ee70876039b6cc8
material,#mc/mtl_t8_loot_wpn_smg_folding_grip_mk2
material,#hash_7eecd650fabf25ab
material,#hash_7eecd750fabf275e
material,#hash_7ef3517fdd91155b
material,#hash_fef460579623617b
material,#hash_7efc484a2df0112f
material,#hash_7f03000144fba0fe
material,#hash_7f03e2f745ab4ced
material,#hash_ff047a6025c5f73c
material,#mc/mtl_p7_zm_asc_switch_electric_01_metal01
material,#mc/mtl_p7_zm_asc_switch_electric_01_metal02
material,#hash_7f073208025e3767
material,#mc/mtl_p8_zm_esc_power_station_panel_set_box_02_ventilation_rust
material,#hash_7f0c21d73db96d4e
material,#mc/mtl_wpn_t8_smg_accurate_sights_sig_03
material,#hash_ff0e19a9b8a10b99
material,#mc/mtl_p8_zm_esc_box_cardboard_d_open02_damaged_tape
material,#hash_ff18bf43706e06d8
material,#hash_ff1c31437070fe65
material,#hash_7f2384216ed31cde
material,#mc/mtl_p8_zm_esc_crate_wood_sml_02
material,#hash_ff2a3c52512ff363
material,#hash_ff2eb4902a4ba3b4
material,#hash_7f33a028c7091925
material,#hash_7f36bf831928e571
material,#mc/mtl_wpn_t8_ar_accurate_sig_02_receiver
material,#hash_ff3a92faa81485af
material,#hash_7f400fc17c7d886d
material,#mc/mtl_p7_wes_table_drawer_wood_vintage_sml_wood
material,#mc/mtl_wpn_t8_sniper_vanguard_handguard_v2_alt_mk2
material,#mc/mtl_wpn_t7_zmb_perk_bottle_paper_ds
material,#mc/mtl_p7_chain_metal_bracket_01
material,#hash_ff4d98798d629218
material,#mc/mtl_wpn_t8_sniper_koshka_camo_sig_02
material,#mc/mtl_p8_col_radar_dirty_med_grey_bolts
material,#mc/mtl_p8_crate_wood_decal_02
material,#mc/mtl_p8_crate_wood_decal_01
material,#mc/mtl_p8_crate_wood_decal_07
material,#mc/mtl_p8_crate_wood_decal_05
material,#mc/mtl_p8_crate_wood_decal_04
material,#mc/mtl_p8_crate_wood_decal_08
material,#mc/mtl_p8_zm_esc_book_03_character
material,#hash_7f55626c3ba885a6
material,#mc/mtl_wpn_t8_ar_accurate_sig_02_mag
material,#hash_7f5f29b76086862c
material,#hash_7f5f2bb760868992
material,#hash_7f5f2cb760868b45
material,#hash_7f67375caff03301
material,#hash_ff673a55321bd7c0
material,#hash_ff6aaee6752b36fa
material,#hash_ff6b443ce003633b
material,#hash_7f6b9c749f87ab40
material,#hash_7f70632059b43cfb
material,#mc/mtl_p8_zm_esc_dryer_industrial_top_c
material,#hash_7f723434dcd228d4
material,#hash_7f755a950e7f5d31
material,#mc/mtl_veh_t8_mil_boat_tactical_raft_floor_panel
material,#hash_7f7b5c26cd842e93
material,#mc/mtl_p7_duct_metal_square_support_rust
material,#mc/mtl_p8_zm_esc_gun_gallery_metal_plate_01
material,#mc/mtl_p8_zm_esc_gun_gallery_metal_plate_02
material,#mc/mtl_p8_zm_esc_gun_gallery_metal_plate_03
material,#mc/mtl_p8_zm_zod_bathroom_sink_first_class_set_old
material,#hash_7f89badae4bf36f7
material,#hash_7f89bbdae4bf38aa
material,#hash_ff89ea7293589a5e
material,#mc/mtl_p7_cabinet_drawers
material,#hash_7f942316f414fa67
material,#hash_ff9754d479cd9949
material,#mc/mtl_wpn_t8_eqp_concertina_wire_case_decals
material,#hash_ffa2783c778b7704
material,#hash_7fa46aa7c43c7b81
material,#hash_ffa60bdeedc7aafd
material,#hash_7fa65224178e2282
material,#hash_7fa85c87e94e2dd8
material,#hash_7faa83203b46e5d0
material,#hash_7faa85203b46e936
material,#hash_7faa86203b46eae9
material,#hash_7faad71f41c502f3
material,#hash_7faada1f41c5080c
material,#hash_7fab6e31120fb1c8
material,#mc/t8_zm_esc_concrete_slabs_02_2x2
material,#hash_7fae7bc85d34d4e3
material,#hash_7fae7cc85d34d696
material,#hash_7fb1329fcbd328a4
material,#hash_7fb16750fa2179c7
material,#mc/mtl_wpn_t8_lmg_titan_sig_02_iron_sights_front
material,#mc/mtl_p7_zm_kin_bed_antique_frame
material,#mc/mtl_p7_zm_ver_box_electric_panel_additional_white
material,#hash_7fb73cac0d24eeda
material,#hash_ffb938a2dce31b4b
material,#hash_ffc4e3c3077d1fe7
material,#mc/mtl_wpn_t8_micro_metal_base_01
material,#ei/gfx_water_droplet_lit
material,#mc/mtl_attach_t8_tac_rifle_mid_burst_uber_decals_emissive
material,#hash_ffd28280ca9e3397
material,#hash_ffdaaf5750065f75
material,#hash_ffde05942518e4fb
material,#hash_ffde06942518e6ae
material,#mc/mtl_p8_zm_esc_dryer_industrial_dent
material,#mc/bullet_collision_concrete
material,#ei/gfx_spark_single_em
material,#hash_7fe32ba18fc0c084
material,#hash_ffe68cadd59a57bd
material,#hash_7fe6901ca85a73b1
material,#ei/gfx_distort_heat
material,#mc/mtl_p7_lamp_floor_01_light
material,#mc/mtl_wpn_t8_tac_rifle_surgeon_strap_alt
material,#mc/mtl_attach_t8_ar_heavy_bolt
material,#hash_7ffb26215c11fbe0
material,#hash_7ffc47fbc2845102
material,#mc/mtl_p7_zm_tra_tank_chemical_decal_04
material,#mc/mtl_p7_zm_tra_tank_chemical_decal_06
material,#mc/mtl_p7_zm_tra_tank_chemical_decal_07
material,#mc/mtl_p7_zm_tra_tank_chemical_decal_01
material,#mc/mtl_p7_zm_tra_tank_chemical_decal_03
gesture,#ges_snowball
gesture,#hash_81496b666af86726
gesture,#hash_81ec9e66bcf52e6f
gesture,#hash_823b376504d24026
gesture,#hash_86ef3acbeeb52abe
gesture,#hash_8ca9f6eaf8c31080
gesture,#hash_8cfb73df44ba5e62
gesture,#hash_8e88f702b7e4b63b
gesture,#hash_8f264b6414b116ce
gesture,#hash_94c5499ec7d674dd
gesture,#hash_968a152b4f0d3144
gesture,#hash_973ba2b4ca0e8199
gesture,#hash_97554528c1686dc2
gesture,#hash_988becc3f8251b44
gesture,#hash_9aef2677f88e3ab4
gesture,#hash_9b2024cb5b1c0d05
gesture,#ges_slide
gesture,#hash_9fc824c1e15e3a03
gesture,#hash_a031cb3032b3f0e1
gesture,#hash_a3a74fdb403c65f0
gesture,#hash_a5459d2d6c7d1983
gesture,#hash_a61fbf393ff3bbf7
gesture,#hash_a77749aab1c80810
gesture,#hash_a8b69502ef3c7133
gesture,#hash_a9294fbe01509baa
gesture,#hash_a9325044378408d6
gesture,#hash_a951924f2da6b199
gesture,#hash_a9eda3eac4bc8896
gesture,#hash_aa0fe1328af20c95
gesture,#hash_aa8c10ae8d5f9497
gesture,#hash_ab1a69573b818e09
gesture,#hash_abc187c75a694a23
gesture,#hash_ac3c06d8a6ce6b18
gesture,#hash_ac9d84c169cdce08
gesture,#hash_adb35510f08ffab9
gesture,#hash_ae47b291b3b3894b
gesture,#hash_ae605597500da80d
gesture,#hash_b1b39ada47daabc0
gesture,#hash_b492157394db1b9f
gesture,#hash_b52ea8912f2ed8e6
gesture,#hash_b804828f76f10dff
gesture,#hash_b83bf900de88e4ba
gesture,#hash_bdd7395b163652de
gesture,#hash_bff9244d2a3870ff
gesture,#hash_c195b95d799b650a
gesture,#hash_c4eac644559882bd
gesture,#hash_c4f44510328af252
gesture,#hash_c6afad994b8c9ac9
gesture,#hash_c6d513237c573ead
gesture,#hash_c71e4c66f376cbfc
gesture,#hash_c80da4bb836fe06b
gesture,#hash_cacb9aab9e9c7b10
gesture,#hash_cbe2cbe62c1d19dd
gesture,#hash_cec924e960ada917
gesture,#hash_cede6191b1c3fa5a
gesture,#hash_d39fb900e65baea9
gesture,#hash_d49393b57527b767
gesture,#hash_d4fa5a1bddce671b
gesture,#hash_d5cf4dc39d40ff59
gesture,#hash_d723248289b2a00b
gesture,#hash_d82fa1557def8241
gesture,#hash_d949628a0af3855d
gesture,#hash_d95dd2813164fe86
gesture,#hash_d9631efd72346b10
gesture,#hash_db4fad814f846575
gesture,#hash_dbe3e5303dfe56c4
gesture,#hash_dfc92d184e61127f
gesture,#hash_e043a58c32fa3036
gesture,#ges_mantle
gesture,#hash_e17fadee1c721d6c
gesture,#hash_e1d5e8f78a0507d4
gesture,#hash_e20fd5b2e40db92f
gesture,#hash_e31d58f8a00f8f72
gesture,#hash_e5b7bf0d6961793f
gesture,#hash_e639719b9613a7ca
gesture,#hash_e73ff86c60537c98
gesture,#hash_ea84ba6c15cd8cab
gesture,#hash_ec7eb9c46a29de0a
gesture,#hash_ec9ce44221618106
gesture,#hash_ecb0845b6cb5730e
gesture,#hash_eeef63089f041c93
gesture,#hash_ef0028368e5de29e
gesture,#hash_f093a5284df6cb30
gesture,#hash_f25a866804d93fa3
gesture,#hash_f2ab5f0b20eb9fcf
gesture,#hash_f2c7873f779ae2cc
gesture,#hash_f37c099cdff11ea2
gesture,#hash_f47ca2b8a32ffba9
gesture,#hash_f48b564be20f26fa
gesture,#hash_f5ebfc135f681a76
gesture,#hash_f62087d20ad79dad
gesture,#hash_f787d2f6d88f7395
gesture,#hash_fa1745a21676ae16
gesture,#hash_fab592b68c4535a5
gesture,#hash_fb668e6c3cf73bd0
gesture,#hash_fbd0aa12b2a5b23a
gesture,#hash_fda3f8c1244624b4
gesture,#hash_fe00f34f8aa5ff91
gesture,#hash_ffc13be092570638
sharedweaponsounds,#crossbow
sharedweaponsounds,#hash_8152d499db956cf0
sharedweaponsounds,#smg
sharedweaponsounds,#hash_8976e198cea3170c
sharedweaponsounds,#hash_8b2107e63787b0c3
sharedweaponsounds,#hash_8d82ec7c5469e656
sharedweaponsounds,#lmg
sharedweaponsounds,#club
sharedweaponsounds,#bowie
sharedweaponsounds,#hash_a388fdc69c55541a
sharedweaponsounds,#dog_melee
sharedweaponsounds,#knife
sharedweaponsounds,#hash_b26eec1edaccfd04
sharedweaponsounds,#pistol
sharedweaponsounds,#equipment
sharedweaponsounds,#hash_bc3d8cb8de919ca8
sharedweaponsounds,#hash_c59110f08c1fde82
sharedweaponsounds,#hash_c74467d03360a11a
sharedweaponsounds,#hash_c83189becc0d84f0
sharedweaponsounds,#hash_c9f912224ccd9c91
sharedweaponsounds,#launcher
sharedweaponsounds,#amulet
sharedweaponsounds,#hash_de3081d2362bd322
sharedweaponsounds,#rifle
sharedweaponsounds,#shotgun
sharedweaponsounds,#hash_f4b924daa49aba34
sharedweaponsounds,#hash_fb3d6cb4a5fffb22
sharedweaponsounds,#hash_fc5173e46579be0f
fx,#hash_91ae1e46281b192
fx,#hash_48da2896148d9169
fx,#hash_d2eb37303494db28
impactsoundstable,#hash_80bda3af02995829
impactsoundstable,#hash_8293d1a0a62bb424
impactsoundstable,#hash_83a84a19d3023d78
impactsoundstable,#bullet_impact
impactsoundstable,#hash_639367118eddd2c
impactsoundstable,#hash_87f28ebd16e6319e
impactsoundstable,#hash_89ab32ccf7222471
impactsoundstable,#hash_d698a0c5be3e240
impactsoundstable,#hash_96e6f5bf4a293426
impactsoundstable,#hash_9804b102c9e65ad1
impactsoundstable,#hash_9f8c37cb2cf6c55c
impactsoundstable,#hash_2098af09759b9cc0
impactsoundstable,#hash_a2f28f7573089407
impactsoundstable,#hash_a43498ac40a58702
impactsoundstable,#hash_a475219d05bb0940
impactsoundstable,#hash_a4e3ee5f3bd73d48
impactsoundstable,#hash_a9ab4424affe55ad
impactsoundstable,#hash_af56ecde75b1d028
impactsoundstable,#hash_b3beefe674ed5471
impactsoundstable,#hash_b3f9ba0c3247c201
impactsoundstable,#hash_b46f073967b231af
impactsoundstable,#hash_b4d20fa8d9efe88a
impactsoundstable,#hash_352fa03db6ca14e4
impactsoundstable,#hash_368fb7ec6eff7aa6
impactsoundstable,#hash_b9bfdec1ee94b227
impactsoundstable,#hash_bbab1cd48f7e5af9
impactsoundstable,#hash_3c179f6b071380af
impactsoundstable,#hash_c15fba9edcdfd2e4
impactsoundstable,#hash_c1b6857dceb489f7
impactsoundstable,#hash_c5767a8ec76b0d87
impactsoundstable,#hash_c6d8f2152c519b03
impactsoundstable,#hash_d0191cc37bfbfeea
impactsoundstable,#hash_d1bb5e55b97a23ce
impactsoundstable,#hash_51c6c77a3a4a537f
impactsoundstable,#hash_d44afd4c42a4b8e9
impactsoundstable,#hash_564b654181807cf0
impactsoundstable,#hash_d87ab5ded7fb1b6f
impactsoundstable,#hash_db0fac3585c2a4c3
impactsoundstable,#hash_db7144d8af2ec15a
impactsoundstable,#hash_e8e0a97bbbf0b555
impactsoundstable,#hash_e95bd5aa13e21e64
impactsoundstable,#hash_ebde0439d1eb051d
impactsoundstable,#hash_eea4f85282d97815
impactsoundstable,#hash_6f454713be8f30ae
impactsoundstable,#grenade_bounce
impactsoundstable,#bullet_explode
impactsoundstable,#hash_f905f2122952daa8
footsteptable,#hash_58cd18eaebb6f2b8
footsteptable,#hash_5a1e981fbbd333cf
footsteptable,#hash_e9f44606aefb8527
scriptbundle,#player_helicopter_passenger1_anims
scriptbundle,#player_turret_zodiac_driver_anims
scriptbundle,#player_quad_passenger_anims
scriptbundle,#wingsuitanims
scriptbundle,#player_helicopter_passenger5_anims
animmappingtable,#hash_198b3e1b70862e07
animmappingtable,#hash_2c26095d13744691
animmappingtable,#hash_bf027eb19b3ab1de
animmappingtable,#hash_4a07e8a7f1985557
behaviortree,#hash_1995371b708e76a7
behaviortree,#hash_bf0595b19b3d0eca
lightdescription,#hash_8a506a931c57cb60
lightdescription,#hash_8c729040e9e18f51
lightdescription,#hash_945d7f08f5f95fd8
lightdescription,#hash_96d82660f7bce826
lightdescription,#hash_97be849ebd6d94e8
lightdescription,#hash_9b163cc9ae671a4a
lightdescription,#hash_a5e8ac794ad50965
lightdescription,#hash_a833ece165a082b0
lightdescription,#hash_ae3a0a3ac4870910
lightdescription,#hash_b25b66fa7237627c
lightdescription,#hash_d9023ee467fa4cca
lightdescription,#hash_e54105a7f7ff283d
lightdescription,#hash_eddb6e337205ba26
shellshock,#shellshock_blur
statuseffect,#hash_a608bf886a137e8e
statuseffect,#wound_purifier
maptableentrylevelassets,#wz_escape
objective,#rcbomb_waypoint
objective,#hash_bd917f182a76f960
objective,#autoturret_waypoint
objective,#dart_waypoint
physpreset,#hash_7f22fd8ec44d450
physpreset,#hash_892202bdb5fbc7e2
physpreset,#p7_water_container_plastic_small
physpreset,#p7_bucket_plastic_5_gal_closed_green
physpreset,#hash_8ee20747f3215239
physpreset,#hash_8f9d71a0da647ecf
physpreset,#p7_jar_glass_lrg
physpreset,#weapon
physpreset,#hash_ae48c63eceeff5c2
physpreset,#hash_b0071659308fbe1f
physpreset,#hash_b98887d9b90bc23b
physpreset,#p7_bucket_plastic_5_gal
physpreset,#hash_c06e3357a210075d
physpreset,#hash_cce98128e57b9652
physpreset,#p7_bottle_glass_liquor_01
physpreset,#book
physpreset,#hash_501903ab73cf91d0
physpreset,#p7_medicine_bottle_single
physpreset,#gib
physpreset,#hash_550e3f1b89d837dc
physpreset,#hash_5c4fae1eea294484
physpreset,#hash_dd4384a8d215e8d0
physpreset,#hash_e0e9fb28b28dda18
physpreset,#p7_picture_frame_square_01
physpreset,#p7_bottle_glass_wine_01
physpreset,#hash_e8bde618a1163156
physpreset,#hash_6c3541d637690d46
physpreset,#brick
xmodel,#p8_pipe_metal_hp_4_t_joint_painted
xmodel,#p8_wood_beam_generic_02
xmodel,#p8_wood_beam_generic_01
xmodel,#p7_fxanim_gp_trash_bag_large_01_green_s3_mod
xmodel,#hash_28337f9baab4af
xmodel,#hash_3899005e0a6096
xmodel,#p7_light_panel_sml
xmodel,#p7_hij_ladder_hanging
xmodel,#wpn_t8_loot_pistol_auto_sig_02_view
xmodel,#hash_80514dd5512928fb
xmodel,#hash_549f5ac02714a7
xmodel,#p7_fxanim_gp_fan_electric_wall_01_mod
xmodel,#p7_dock_wood_rustic_board_single
xmodel,#p7_zm_asc_pipes_electrical_90
xmodel,#hash_6c88a9a7285d1e
xmodel,#p8_lab_tech_rack_console_01
xmodel,#p8_lab_tech_rack_console_03
xmodel,#p8_zm_esc_light_mounted_shade_01
xmodel,#hash_78176d5127e4f0
xmodel,#p8_fxanim_gp_tarp_flat_folded_01_s3_smod
xmodel,#p7_locker_metal_laundry_door
xmodel,#hash_95ccab2743a968
xmodel,#hash_961911ea458e25
xmodel,#p7_fxanim_gp_tarp_blue_hang_01s_s4_mod
xmodel,#hash_80a975411391c120
xmodel,#p8_usa_control_panel_01_dial_01
xmodel,#wpn_t8_loot_smg_fastburst_sig_02_view
xmodel,#p8_zm_man_instrument_exotic_bass_clarinet
xmodel,#p7_container_cardboard_box_02_wet
xmodel,#hash_d796355577ff1a
xmodel,#hash_e3f671394dba99
xmodel,#p8_usa_submarine_interior_chair_arm_rt
xmodel,#hash_80eb2f8fcc553dcd
xmodel,#wpn_t8_tac_rifle_swordfish_mag_view
xmodel,#wpn_t8_loot_smg_fastburst_view
xmodel,#p7_zm_tra_lantern_hanging_corn
xmodel,#p7_out_transit_hatch_frame
xmodel,#p8_wz_fence_gate_wall_debris_mesh_large
xmodel,#p8_usa_submarine_interior_chair_arm_lt
xmodel,#wpn_t8_sniper_koshka_world
xmodel,#hash_132c5a7e8d4541b
xmodel,#hash_1403dfd7aeda049
xmodel,#hash_1443d8c38f29b4b
xmodel,#p8_usa_locker_metal_door
xmodel,#hash_146ae21c17a9105
xmodel,#attach_t8_wz_pickup_ext_fast_mag
xmodel,#p7_pipe_metal_hp_4_straight_32_red
xmodel,#p7_fxanim_gp_trash_paper_floor_german_01_s3_mod
xmodel,#p8_zm_zod_dresser_mirror
xmodel,#wpn_t8_pistol_standard_sig_01_world
xmodel,#p8_pipes_electrical_fitting_01_white
xmodel,#p7_fir_shelf_wood
xmodel,#wpn_t8_tac_rifle_swordfish_mag_sig_02_world
xmodel,#hash_1c37059857f8475
xmodel,#p8_chi_monitor_01b
xmodel,#p7_zm_clt_bunkbed_wood
xmodel,#hash_2232036e212f111
xmodel,#p8_fxanim_zm_esc_sheet_torn_01_smod
xmodel,#p8_zm_esc_pipe_metal_1_32
xmodel,#wpn_t8_loot_pistol_auto_sig_02_world
xmodel,#p7_pipe_metal_hp_12_straight_64_broken_rust_dmg
xmodel,#p8_zm_esc_pipe_metal_1_16
xmodel,#p7_foliage_grass_tussock_green_2_dry
xmodel,#p8_zm_esc_pipe_metal_1_64
xmodel,#p8_col_barrel_metal_01_blue
xmodel,#hash_24eaea51bb27cf6
xmodel,#wpn_t8_smg_capacity_mk2_world
xmodel,#p8_wz_rock_cliff_large_01_c_round_top
xmodel,#p8_zm_esc_box_cardboard_d_open02_damaged
xmodel,#p7_fxanim_gp_trash_paper_floor_pile_01_s3_mod
xmodel,#p8_zm_zod_debris_wood_pile_splinter_72x72x4_oak_dark
xmodel,#wpn_t8_loot_melee_amulet_world
xmodel,#wpn_t8_zm_crossbow_impaler_mag_world
xmodel,#p7_street_curb_concrete_64a
xmodel,#p7_fir_bathroom_mop
xmodel,#p7_glass_shard_sharp
xmodel,#p7_slu_sofa_dmg_cheap
xmodel,#p7_file_cab_metal_02_rusty
xmodel,#hash_2b71d29b8b54495
xmodel,#hash_2bf9194fad978e9
xmodel,#p8_foliage_grass_long_skinny_lrg_dry_vista
xmodel,#p7_conduit_rust_1_elbow45_long
xmodel,#wpn_t8_zm_raygun_mk2_view_orange
xmodel,#p7_wes_container_vintage_decanter
xmodel,#p8_col_block_stone_fort_01
xmodel,#p7_fxanim_cp_prologue_control_room_wires_01_smod
xmodel,#p8_zm_esc_power_house_pole_base_02
xmodel,#p8_zm_esc_power_house_pole_base_01
xmodel,#hash_3174c1dd5c6afcf
xmodel,#wpn_t8_zm_raygun_mk2_world
xmodel,#hash_326cc6a2a2ef6e4
xmodel,#p8_wz_door_01_frame_wooden_painted
xmodel,#p7_cai_work_table_metal_04_white
xmodel,#hash_349f00c89ad8703
xmodel,#p7_box_cardboard_b_closed
xmodel,#hash_37c32dd57f13122
xmodel,#p8_wz_ver_couch_leather_alt
xmodel,#p8_zm_esc_pipe_metal_1_256
xmodel,#p8_zm_esc_medical_surgical_tools_tray
xmodel,#hash_39c7a19a737313b
xmodel,#wpn_t8_pistol_standard_sig_02_world
xmodel,#p7_zm_kin_bed_antique_pillow
xmodel,#hash_3bf96fba404cf5e
xmodel,#hash_3c0ebaa25ca37ca
xmodel,#wpn_t8_smg_handling_mag_view
xmodel,#p8_zm_esc_light_mounted_bulb_lrg
xmodel,#p8_wood_plank_generic_05
xmodel,#p8_wood_plank_generic_04
xmodel,#p8_wood_plank_generic_01
xmodel,#p8_wood_plank_generic_03
xmodel,#hash_3f57b6229ca19d7
xmodel,#p7_debris_concrete_rubble_med_10_no_metal_warm
xmodel,#hash_3fb86fc1d47bba1
xmodel,#wpn_t8_zm_eqp_acid_bomb_projectile
xmodel,#p7_pipe_metal_hp_4_brace_lrg_1_grey_dk
xmodel,#hash_40be4fdd21338c1
xmodel,#hash_4199e81b2361e58
xmodel,#p8_wz_ammo_pickup_shotgun
xmodel,#p8_debris_concrete_rubble_01_scatter_large_64_01_wet
xmodel,#p8_fxanim_wz_supply_stash_ammo_mod
xmodel,#hash_42959792016ff5b
xmodel,#hash_42e50f8b5b8fd99
xmodel,#hash_434612ca0068209
xmodel,#wpn_t8_sig_grapple_gun_view
xmodel,#p7_wes_telegraph_bulb
xmodel,#p8_zm_whi_bed_wood_queen_02_frame_boxspring
xmodel,#p8_fxanim_zm_esc_power_panel_phouse_06_mod
xmodel,#wpn_t8_tac_rifle_mid_burst_mk2_world
xmodel,#hash_472f2e4db905624
xmodel,#wpn_t8_sniper_semiauto_view
xmodel,#p8_fxanim_zm_esc_bed_sheets_torn_02_smod
xmodel,#p8_col_oven_kitchen_door_med
xmodel,#wpn_t8_sniper_vanguard_world
xmodel,#p8_news_ren_bulletin_board_cork
xmodel,#p7_pipe_metal_hp_12_flange_bare
xmodel,#wpn_t8_ar_heavy_sig_02_view
xmodel,#hash_4b100a35e081608
xmodel,#p7_conduit_metal_1_straight_256
xmodel,#p8_fxanim_test_concertina_wire_mod
xmodel,#hash_4b75910a90bfacb
xmodel,#wpn_t8_lmg_plr_mag_sig_02_world
xmodel,#p7_fxanim_gp_trash_cardboard_flat_01_smod
xmodel,#p8_wz_door_01_latch
xmodel,#hash_4f210488dfa4ce3
xmodel,#wpn_t8_knife_bowie_view
xmodel,#p8_col_military_boat_wreck_radar_dome
xmodel,#wpn_t8_ar_accurate_sig_03_view
xmodel,#p8_cable_wire_bundle_128_01_blue
xmodel,#wpn_t8_basketball_world
xmodel,#p7_pipe_metal_hp_4_elbow_90_off_white
xmodel,#hash_53e676833bb2b93
xmodel,#p7_zm_zod_boxer_gym_ibeam_2_joint_01
xmodel,#p7_zm_mob_cell_sink_far
xmodel,#p8_ice_generator_metal_lrg
xmodel,#p7_zm_zod_gutter_elbow_02
xmodel,#p7_wes_chips_stack_poker_sm_green
xmodel,#wpn_t8_smg_accurate_mag_sig_01_world
xmodel,#hash_5b48ecdb1e18b35
xmodel,#hash_5be57389c7e438d
xmodel,#wpn_t8_loot_shotgun_fullauto_mag_view
xmodel,#wpn_t8_ar_accurate_mag_sig_02_world
xmodel,#p8_wz_fence_gate_wall_debris_mesh_small
xmodel,#p7_box_wood_01_sm
xmodel,#p8_usa_electric_switch_turn_knob
xmodel,#p8_zm_zod_lifeboat_equipment_rope_pile
xmodel,#wpn_t8_zm_akud_view
xmodel,#hash_5e9512679d946dd
xmodel,#hash_5f1a14933c9f4ef
xmodel,#p7_zm_tra_stove_kitchen
xmodel,#p8_zm_zod_bathroom_sink_first_class_handle
xmodel,#p8_col_storage_chem_lab_cabinet_tall_door_lt_dmg
xmodel,#wpn_t8_sniper_power_semi_world
xmodel,#p8_usa_submarine_torpedo
xmodel,#p7_plank_wood_damaged_2x4x64_v2_wet
xmodel,#p8_fxanim_gp_shark_fin_smod
xmodel,#hash_636ed34157d9baa
xmodel,#hash_663f3cd7683c088
xmodel,#p8_usa_submarine_mess_hall_table
xmodel,#p7_out_transit_hatch_door
xmodel,#hash_67afbd28bb16f51
xmodel,#p7_fxanim_gp_tarp_blue_hang_01_s3_smod
xmodel,#hash_6889ef74a2d8d4c
xmodel,#hash_688a1f74a2d9265
xmodel,#p7_zm_zod_gutter_section_spout_128
xmodel,#p8_wz_retaining_wall_step
xmodel,#p7_zm_mob_light_bulb_ceiling
xmodel,#p8_food_dinnerware_plate_lrg_dmg
xmodel,#wpn_t8_loot_tac_rifle_flechette_world
xmodel,#p8_gutter_01_funnel_01_painted
xmodel,#hash_6e8abf5ffd59bda
xmodel,#p8_wz_rock_cliff_large_01_c_top
xmodel,#hash_7062c3bf62bb039
xmodel,#hash_70685cfdade64e7
xmodel,#p8_bookshelf_wood_01_dmg_02_shelf_03
xmodel,#p7_rug_round_02_persian_dirty
xmodel,#p8_wz_debris_metal_door_scrap_05
xmodel,#p8_wz_debris_metal_door_scrap_04
xmodel,#p8_wz_debris_metal_door_scrap_03
xmodel,#p8_wz_debris_metal_door_scrap_02
xmodel,#wpn_t8_eqp_grenade_concussion_view
xmodel,#p8_zm_zod_wall_box_electrical_lrg
xmodel,#p7_foliage_grass_dry_02
xmodel,#p7_foliage_grass_dry_04
xmodel,#p7_roof_tile_slate_01_single_16b
xmodel,#hash_76280f8f979382f
xmodel,#p8_zm_zod_light_bulb_01_backlit
xmodel,#p7_furniture_refrigerator_closed_dirty
xmodel,#p8_zm_esc_cell_doorframe
xmodel,#p8_zm_esc_warden_house_chimney
xmodel,#hash_796437a762a3f78
xmodel,#hash_796457a762a42de
xmodel,#hash_796477a762a4644
xmodel,#wpn_t8_pistol_revolver_mk2_view
xmodel,#p7_wes_clock_wall_vintage_pendulum
xmodel,#p7_container_bottle_wine_01
xmodel,#p7_vld_debris_concrete_rubble_bolt
xmodel,#hash_7b268a4e54a2012
xmodel,#p7_fxp_debris_dirt_clod_03_brown
xmodel,#wpn_t8_smg_accurate_mag_sig_02_view
xmodel,#p7_fxanim_gp_tarp_blue_hang_03_s1_smod
xmodel,#p8_zm_esc_box_electric_01
xmodel,#p8_zm_esc_box_electric_02
xmodel,#p8_zm_esc_box_electric_03
xmodel,#p7_bucket_janitor_plastic_rolling
xmodel,#p8_zm_esc_power_house_windows_05
xmodel,#p8_zm_esc_power_house_windows_04
xmodel,#p8_zm_esc_power_house_windows_06
xmodel,#p8_zm_esc_power_house_windows_01
xmodel,#p8_zm_esc_power_house_windows_03
xmodel,#p8_zm_esc_power_house_windows_02
xmodel,#collision_player_wall_128x128x10
xmodel,#p7_inf_toilet_vintage_lid
xmodel,#p7_fxanim_gp_fishing_net_float_debris_01_smod
xmodel,#wpn_t8_sniper_vanguard_mag_sig_02_world
xmodel,#p8_zm_esc_chainlink_fence_tension_band
xmodel,#hash_7fa42327ec4f833
xmodel,#p8_zm_esc_bldg_64_stairs_x7
xmodel,#p8_zm_esc_bldg_64_stairs_x1
xmodel,#p8_zm_esc_bldg_64_stairs_x3
xmodel,#hash_810d7b89b98b61e
xmodel,#hash_813fbc84cb7caf0
xmodel,#hash_88198de4f58b00a0
xmodel,#fx_char_gib_chunk_meat01
xmodel,#p8_fxanim_gp_trash_newspaper_hanging_01_smod
xmodel,#hash_829389285032796
xmodel,#hash_838750ed8d20b4b
xmodel,#hash_83d7f96c39cdeed
xmodel,#hash_83d95a2e572cbf8
xmodel,#hash_83ed0cd998de921
xmodel,#p7_pipe_metal_hp_12_straight_128_white
xmodel,#wpn_t8_pistol_standard_view
xmodel,#wpn_t8_loot_sniper_locus_view
xmodel,#p7_fxanim_gp_trash_paper_toilet_roll_02_s3_mod
xmodel,#wpn_t8_ar_stealth_world
xmodel,#p8_col_mobile_generator_01_support_01
xmodel,#veh_t8_drone_rcxd_wires_attach
xmodel,#hash_883db683e9db753
xmodel,#p8_wz_door_01_frame
xmodel,#p8_zm_esc_acid_trap_tank
xmodel,#c_t8_zmb_mob_zombie_body2_g_behead
xmodel,#p8_zm_esc_bldg_64_door_sml_lock
xmodel,#hash_8aee7175fb9dba4
xmodel,#p7_foliage_weed_cluster_sml_c_dead_sway
xmodel,#wpn_t8_zm_ar_lever_action_world
xmodel,#p7_sin_market_floor_tarp_02_blue
xmodel,#hash_8e919fe3d137427
xmodel,#p7_foliage_flower_bouquet_glass_dead
xmodel,#hash_8f5106aacdc41fd
xmodel,#p7_debris_cardboard_flat_02
xmodel,#p7_debris_cardboard_flat_03
xmodel,#p7_debris_cardboard_flat_04
xmodel,#p8_zm_chaos_ball_01
xmodel,#p8_fxanim_wz_seagull_01_smod
xmodel,#p7_signage_plastic_exit_english
xmodel,#hash_96950faa7e0e5f9
xmodel,#p8_street_curb_64_02
xmodel,#hash_98042bbb716fb01
xmodel,#hash_989e4d3d9c641d9
xmodel,#p7_sin_market_floor_tarp_01_blue
xmodel,#p8_ibeam_01_straight_32_gray
xmodel,#hash_9a841d60b7234fd
xmodel,#hash_9b02ebd050f276c
xmodel,#p8_box_electric_commercial_lrg_01_allstates
xmodel,#hash_9ba9b160289fd35
xmodel,#p7_pipe_metal_hp_12_straight_16_bare
xmodel,#p8_pipe_metal_hp_4_coupling_02_painted
xmodel,#p8_wz_perk_pickups_lightweight
xmodel,#wpn_t8_ar_accurate_mag_sig_01_world
xmodel,#p7_pipe_metal_hp_4_straight_16_off_white
xmodel,#hash_9d4d006cdb6efb9
xmodel,#hash_9d6f3f6bb705932
xmodel,#hash_9e0f635675b4a09
xmodel,#wpn_t8_lmg_hades_sig_01_view
xmodel,#p7_ris_insulation_roll
xmodel,#hash_9f98636f19790f8
xmodel,#p8_fxp_zm_energy_portal_alctrz
xmodel,#p8_mp_spe_armor_light
xmodel,#p8_zm_esc_tray_mess_hall
xmodel,#p7_foliage_vines_hanging_flat_32_long_dry
xmodel,#p7_fxanim_gp_flag_red_plain_smod
xmodel,#wpn_t8_loot_smg_fastburst_sig_02_world
xmodel,#hash_a59c2fc81a8ce60
xmodel,#p7_zm_isl_mirg_cent_light_01
xmodel,#hash_a694c43b2f36e08
xmodel,#hash_a81d515af4ad0bb
xmodel,#hash_a83bcdf02d06b4e
xmodel,#wpn_t8_loot_tac_rifle_flechette_scope_sig_01_view
xmodel,#hash_a8b5908fcd1a6d6
xmodel,#hash_a930d27a8fe70f2
xmodel,#p8_fxanim_gp_trash_paper_floor_german_01_s3_mod
xmodel,#p8_wz_rock_cliff_large_01_ab_round_top
xmodel,#p7_fxanim_gp_wire_thin_hanging_01_smod
xmodel,#p8_zm_esc_hallway_railing_dbl
xmodel,#p8_tank_fuel_01_crane_hook
xmodel,#p8_zm_esc_warden_vase_02
xmodel,#p7_crate_wood_02
xmodel,#p7_crate_wood_01
xmodel,#p8_kit_spa_vin_01_roof_tiles_01_bottom_red_clay_128_01
xmodel,#hash_afaa24c5e2f56fa
xmodel,#p7_light_lamp_desk_vintage_01_broken
xmodel,#p7_pipe_metal_hp_4_straight_16_grey_dk
xmodel,#p8_zm_esc_bldg_64_pillar_ext_01_decal
xmodel,#wpn_t8_smg_handling_sig_02_view
xmodel,#p8_zm_esc_door_isolation
xmodel,#hash_b3a52ccfa58e1b7
xmodel,#p8_wz_perk_pickups_awareness
xmodel,#wpn_t8_loot_shotgun_prec_world
xmodel,#wpn_t8_eqp_grenade_emp_projectile_dead
xmodel,#hash_8b567efbbedcbcce
xmodel,#hash_b588e9304f8789b
xmodel,#hash_b77f35640b78092
xmodel,#p8_zm_esc_cell_support_step
xmodel,#hash_b8257bc2ca6a1e7
xmodel,#p8_foliage_grass_long_skinny_lrg_dry
xmodel,#hash_b92610b6f2b1703
xmodel,#wpn_t8_shotgun_semi_sig_02_view
xmodel,#p8_zm_esc_bldg_64_window_wall_02
xmodel,#hash_baece7cf8d937e4
xmodel,#p7_zm_kin_bed_antique_mattress
xmodel,#p8_zm_esc_roof_side_railing
xmodel,#hash_bb340f417f1ae46
xmodel,#p7_light_work_utility_hanging_small
xmodel,#hash_bbc433cde3259d7
xmodel,#p7_dumpster_construction
xmodel,#p8_debris_concrete_02_chunk_01
xmodel,#p8_debris_concrete_02_chunk_03
xmodel,#p8_debris_concrete_02_chunk_02
xmodel,#p8_debris_concrete_02_chunk_05
xmodel,#p8_debris_concrete_02_chunk_04
xmodel,#p8_debris_concrete_02_chunk_07
xmodel,#p7_ven_hanging_body_wires_06_l
xmodel,#hash_bd4ce2ceb1d4ee2
xmodel,#p8_fxp_fluid_tendril_2_water
xmodel,#hash_bdd3355b7a0fa6a
xmodel,#wpn_t8_sniper_semiauto_world
xmodel,#hash_c24ad9bb42e5073
xmodel,#wpn_t8_tac_rifle_swordfish_mk2_view
xmodel,#p7_cry_vents_lobby_single
xmodel,#wpn_t8_eqp_tripwire_slingshot_world
xmodel,#p8_col_foliage_plant_lupine_2_noflower
xmodel,#p7_fxanim_gp_tarp_blue_hang_06_s2_mod
xmodel,#wpn_t8_loot_melee_polynesian_club_view
xmodel,#p7_fxp_debris_metal_scrap_01
xmodel,#p7_fxp_debris_metal_scrap_02
xmodel,#hash_c8270a7ccb9fb6c
xmodel,#p7_pipe_metal_hp_12_brace_sml_1_rust_dmg
xmodel,#p8_zm_esc_pipe_metal_1_128
xmodel,#hash_c9add667a2b25ad
xmodel,#hash_ca36434e96971ad
xmodel,#p8_usa_submarine_torpedo_bracket
xmodel,#p8_ice_signage_triangle_shock_01
xmodel,#p8_zm_esc_pipe_metal_dark_coupling
xmodel,#p7_pipe_metal_hp_12_straight_128_red
xmodel,#wpn_t8_tac_rifle_mid_burst_scope_sig_01_world
xmodel,#p7_zm_der_light_bulb_small_off
xmodel,#wpn_t8_tac_rifle_swordfish_scope_view
xmodel,#p7_pipe_metal_hp_4_straight_8_grey_dk
xmodel,#p7_pipe_metal_hp_4_straight_64_off_white
xmodel,#hash_cea727345b3e88c
xmodel,#p8_zm_esc_sheet_metal_4x4_bd_01_red
xmodel,#hash_d0c036c56bc0eb8
xmodel,#hash_d0c046c56bc106b
xmodel,#hash_d0c056c56bc121e
xmodel,#hash_d0c0a6c56bc1a9d
xmodel,#hash_d109b986d56d523
xmodel,#p7_fxanim_gp_cobweb_corner_02_mod
xmodel,#p8_fxanim_gp_chain_arc_low_04_smod
xmodel,#hash_d22a94d1445c6b5
xmodel,#p7_inf_toilet_vintage_tank
xmodel,#p7_pipe_metal_hp_4_cap_grey_dk
xmodel,#p8_zm_zod_wall_box_electrical_lrg_door
xmodel,#p8_pipe_metal_hp_4_straight_64_painted
xmodel,#p8_fxanim_fir_scaffold_hanging_wire_smod
xmodel,#p8_jpn_bathhouse_shower_mirror_01
xmodel,#p7_zm_ver_shower_metal_head
xmodel,#hash_d6182bda9e991d4
xmodel,#hash_d693da9a1d82079
xmodel,#p8_crate_wood_01_open_lid
xmodel,#wpn_t8_tac_rifle_surgeon_scope_world
xmodel,#wpn_t8_pistol_standard_clip_sig_02_world
xmodel,#p8_kit_ice_gutter_downspout_base
xmodel,#p7_mou_clock_wall_hour_hand
xmodel,#p8_zm_esc_doctor_house_wood_support_decal
xmodel,#p8_zm_esc_bldg_64_stairs_x3_lrg
xmodel,#hash_dab53538a0e7ac1
xmodel,#wpn_t8_smg_mp9_sig_01_view
xmodel,#p8_zm_whi_conc_sidwalk_slab_01_cracks_decal
xmodel,#p8_fxp_fluid_splash_mud
xmodel,#p7_foliage_weed_cluster_lrg_dead_sway
xmodel,#hash_dd4f179a7d6ef03
xmodel,#p8_zm_esc_gutter_section_spout_64
xmodel,#p8_wz_rock_cliff_large_01_ab_top
xmodel,#p8_zm_whi_kitchen_fridge
xmodel,#hash_de67d5b4297c15d
xmodel,#p7_debris_plaster_rubble_med_03
xmodel,#p7_debris_plaster_rubble_med_02
xmodel,#p7_debris_plaster_rubble_med_01
xmodel,#p8_kit_col_gen_02_steps_03_light_concrete_64_01
xmodel,#p7_ban_i_beam_32
xmodel,#wpn_t8_tac_rifle_swordfish_scope_sig_02_world
xmodel,#wpn_t8_lmg_titan_world
xmodel,#p8_zm_esc_sheet_metal_4x4
xmodel,#p8_zm_esc_sheet_metal_4x8
xmodel,#hash_e658021823e8ad2
xmodel,#p7_pipe_metal_hp_4_straight_4_yellow
xmodel,#p7_zm_ctl_book_vintage_02_d
xmodel,#hash_e9de9c484c703ce
xmodel,#p7_zm_ver_stove_vintage_shelf
xmodel,#p7_fxanim_gp_wire_thin_hanging_02_smod
xmodel,#p7_duct_metal_rectangle_straight_32_rust
xmodel,#hash_ed0e745950fe7f7
xmodel,#p7_light_fixture_led_ceiling_01_backlit
xmodel,#p7_fxanim_gp_tarp_brown_hang_01_s3_smod
xmodel,#wpn_t8_pistol_burst_mag_world
xmodel,#p7_eth_light_wall_03
xmodel,#p7_zm_asc_light_fluorescent_bulb_off
xmodel,#p7_wes_container_vintage_crate
xmodel,#hash_f21e77ea449393e
xmodel,#wpn_t8_hero_war_machine_world
xmodel,#wpn_t8_smg_handling_mag_mk2_view
xmodel,#p7_zm_kin_dumpster_wheel
xmodel,#p7_rebar_bundle
xmodel,#wpn_t8_loot_pistol_auto_clip_mk2_world
xmodel,#hash_f4334073ed34256
xmodel,#p8_cable_wire_bundle_bend_c_01
xmodel,#p8_cable_wire_bundle_bend_c_02
xmodel,#hash_f5bc7f024f6a5ac
xmodel,#hash_f60694e6e855bae
xmodel,#p7_pipe_metal_hp_4_elbow_90_yellow
xmodel,#p8_zm_esc_tools_pliers
xmodel,#p8_wz_door_01_turbine
xmodel,#p8_zm_esc_bldg_64_door_01
xmodel,#p8_zm_esc_bldg_64_door_04
xmodel,#p7_zm_zod_boxer_gym_ibeam_3_joint_01
xmodel,#p7_debris_wood_lath_01_16a_double
xmodel,#p7_zm_kin_bed_antique_cover
xmodel,#wpn_t8_loot_melee_polynesian_club_world
xmodel,#p7_fxanim_mp_rise_caution_tape_04_smod
xmodel,#p8_kit_spa_gen_01_roof_tiles_01_bottom_red_clay_128_01_worn_02
xmodel,#p8_fxanim_sta_wire_5_smod
xmodel,#wpn_t8_ar_k57_world
xmodel,#wpn_t8_zm_ar_lever_action_view
xmodel,#hash_fd5ea2cd58b608f
xmodel,#p7_zm_kin_chair_club_dmg_cheap
xmodel,#p8_fxanim_zm_esc_desk_supply_fan_mod
xmodel,#p7_ris_fence_gate_wall
xmodel,#hash_ffd99de50ac3df6
xmodel,#fx_rifle_shell
xmodel,#hash_10118aafb5538499
xmodel,#hash_101abecafe74d0a7
xmodel,#p8_military_electronics_case_handles_01
xmodel,#wpn_t8_lmg_plr_mag_sig_02_view
xmodel,#wpn_t8_smg_capacity_mk2_view
xmodel,#hash_103b269ef2b48829
xmodel,#wpn_t8_ar_heavy_mk2_world
xmodel,#hash_106372adf426645f
xmodel,#hash_10650609202fdad9
xmodel,#p8_zm_esc_box_cardboard_d_closed_damaged
xmodel,#p8_ice_rebar_patch_64x64_01
xmodel,#p8_ice_rebar_patch_64x64_02
xmodel,#p7_food_shop_item_fork_plastic
xmodel,#p8_col_rock_smooth_set_01_01
xmodel,#wpn_t8_shotgun_semi_mag_view
xmodel,#wpn_t8_loot_tac_rifle_flechette_mag_mk2_world
xmodel,#hash_10cbcd1a0ae777ba
xmodel,#p7_rug_round_01_white_dirty
xmodel,#hash_10db1204fd596389
xmodel,#p8_zm_esc_bones_human_skull_02
xmodel,#wpn_t8_sniper_koshka_mag_sig_02_view
xmodel,#p7_zm_isl_light_operating_vintage_support
xmodel,#p8_gutter_01_straight_16_painted
xmodel,#hash_11548575bb97bded
xmodel,#hash_115713ca920b97bb
xmodel,#hash_115722bdfb04ac09
xmodel,#p8_zm_zod_broom_galley
xmodel,#p7_zm_ctl_bunkbed_wood_spring
xmodel,#p8_zm_esc_sheet_metal_2x8_red
xmodel,#hash_117c88d0e4ae0041
xmodel,#hash_117ef5df8717aadb
xmodel,#wpn_t8_sniper_koshka_view
xmodel,#hash_118d3de91fb3587e
xmodel,#hash_11ad48f5d9155801
xmodel,#hash_11b5895ac0c9da18
xmodel,#hash_11bbd4089e860796
xmodel,#p7_zm_tra_tv_vintage
xmodel,#p8_wz_door_01_double_frame
xmodel,#wpn_t8_launcher_standard_world
xmodel,#p8_bottles_broken_ashore_05_shattered_02
xmodel,#p8_usa_electric_switch_turn_key
xmodel,#wpn_t8_loot_ar_peacekeeper_mag_mk2_view
xmodel,#p7_zm_gen_gutter_section_128_lod
xmodel,#hash_12060f0b3b38f3d4
xmodel,#p8_zm_esc_bldg_64_window_wall
xmodel,#c_t8_zmb_mob_zombie_body1_g_rlegoff
xmodel,#wpn_t8_loot_tac_rifle_flechette_mag_world
xmodel,#hash_121c25f49a5b9101
xmodel,#hash_121d507a59aa70b0
xmodel,#wpn_t8_tac_rifle_mid_burst_mag_view
xmodel,#hash_12393311a52b3521
xmodel,#hash_123bafd3763dcb86
xmodel,#p8_zm_esc_bldg_64_window_05_glass
xmodel,#p8_pipes_electrical_conduit_box_03_white
xmodel,#p7_ban_i_beam_bracket_32_90
xmodel,#hash_125d84b1f116b2a2
xmodel,#p7_zm_ver_stove_vintage
xmodel,#p7_cabinet_wood_drawer_02
xmodel,#hash_126b700c2317f0d0
xmodel,#p7_door_handle_chrome_01
xmodel,#p7_debris_concrete_rubble_lg_03_no_metal_flat_edge_02
xmodel,#p7_debris_concrete_rubble_lg_03_no_metal_flat_edge_03
xmodel,#wpn_t8_smg_handling_mag_sig_02_world
xmodel,#wpn_t8_tac_rifle_swordfish_sig_02_view
xmodel,#p8_mad_ladder_old_wood
xmodel,#p8_zm_zod_pipe_set_conduit_03
xmodel,#p8_zm_zod_pipe_set_conduit_02
xmodel,#p8_zm_zod_pipe_set_conduit_01
xmodel,#wpn_t8_loot_melee_action_figure_view
xmodel,#hash_12bf37d2703667a8
xmodel,#p8_zm_esc_pipe_metal_dark_4x64
xmodel,#hash_12ca9dd39189c507
xmodel,#p8_zm_chaos_mound_base
xmodel,#p8_fxanim_zm_esc_power_panel_phouse_07_mod
xmodel,#p8_kit_ice_gen_03_door_01_frame_single_white_wood_01
xmodel,#p7_mou_electrical_pipe_box
xmodel,#wpn_t8_eqp_drone_hawk_view
xmodel,#hash_132598dcefcd6f4c
xmodel,#p8_spa_picture_frame_wood_lrg_02
xmodel,#p8_spa_picture_frame_wood_lrg_01
xmodel,#wpn_t8_launcher_standard_stow
xmodel,#hash_1347fbe3bcd8e17f
xmodel,#p8_zm_zod_toy_horse
xmodel,#hash_136fc88b1c2695e9
xmodel,#wpn_t8_zm_blundergat_world
xmodel,#p8_cables_electrical_triple_02
xmodel,#p8_cables_electrical_triple_01
xmodel,#hash_1384744e9117139d
xmodel,#hash_13900ff1af47d8a0
xmodel,#p8_cables_electrical_triple_64
xmodel,#attach_t8_ar_stealth_bayonet_sig_01_world
xmodel,#hash_93961b9f189661cf
xmodel,#wpn_t8_loot_smg_fastburst_mag_view
xmodel,#p8_fxanim_gp_cockroaches_single_01_smod
xmodel,#hash_13ae8aa1d6f7a796
xmodel,#wpn_t8_loot_smg_folding_mag_mk2_view
xmodel,#hash_13bee0d1a3cac976
xmodel,#p7_foliage_vines_floor_192_dry_indoor
xmodel,#p8_zm_esc_door_frame_security
xmodel,#p7_box_cardboard_d_closed
xmodel,#p8_zm_chaos_mount_01
xmodel,#p8_zm_chaos_mount_02
xmodel,#p7_bullet_shell_casing_pile_50cal_01
xmodel,#p8_zm_esc_chainlink_fence_metal_base
xmodel,#hash_13e2043075138874
xmodel,#wpn_t8_tac_rifle_surgeon_world
xmodel,#p8_air_conditioner_plastic_wall_sml_01
xmodel,#p7_zm_shi_dock_post_wood
xmodel,#hash_1404afbfdcd0e9fa
xmodel,#wpn_t8_tac_rifle_swordfish_scope_sig_02_ads
xmodel,#p7_zm_zod_boxer_gym_ibeam_64_01_dark
xmodel,#hash_143e4be89226a9c3
xmodel,#p7_fxanim_gp_trash_floating_bottle_detergent_01_smod
xmodel,#hash_144329a529c4c95d
xmodel,#hash_1448f9497a4acf95
xmodel,#p8_fxanim_zm_esc_clock_01_col
xmodel,#p7_rope_pile_lrg_03
xmodel,#p8_zm_esc_sheet_metal_4x4_white
xmodel,#wpn_t8_wpn_lmg_hades_view
xmodel,#p8_zm_esc_roof_shingles_asphalt_01
xmodel,#p8_zm_esc_roof_shingles_asphalt_03
xmodel,#p8_zm_esc_roof_shingles_asphalt_02
xmodel,#p8_zm_esc_roof_shingles_asphalt_05
xmodel,#p8_zm_esc_roof_shingles_asphalt_04
xmodel,#p8_zm_esc_roof_shingles_asphalt_07
xmodel,#p8_zm_esc_roof_shingles_asphalt_06
xmodel,#p8_usa_submarine_interior_consoles_main_series_decal
xmodel,#hash_1485f90a577b8c15
xmodel,#p7_rug_cloth_persian_64x128_03
xmodel,#p8_zm_esc_paper_pile_frosted
xmodel,#hash_1495ebb36fa9a637
xmodel,#wpn_t8_eqp_drone_hawk_world_static
xmodel,#wpn_t8_ar_k57_mag_sig_02_view
xmodel,#p7_zm_ver_bathtub
xmodel,#hash_14a260bb62c5d990
xmodel,#p8_zm_esc_file_cab_metal_02_rusty
xmodel,#wpn_t8_crossbow_special_mag_view
xmodel,#p8_ice_curtain_small_pulledback_left_01_beige
xmodel,#p8_zm_esc_rebar_group
xmodel,#wpn_t8_tac_rifle_swordfish_scope_sig_02_view
xmodel,#hash_14e75a696242d6e3
xmodel,#hash_14f05e0a30fea377
xmodel,#p8_light_wall_curved_sconce_frosted
xmodel,#p8_zm_esc_barbed_wire_rust
xmodel,#p7_ac_unit_metal_med_long
xmodel,#p7_suspension_bridge_ibeam_l_bracket_02_rusty
xmodel,#hash_151a460904bb2d5f
xmodel,#wpn_t8_loot_pistol_auto_world
xmodel,#p8_zm_esc_candle_wax_03
xmodel,#p8_zm_esc_candle_wax_02
xmodel,#p8_zm_esc_candle_wax_05
xmodel,#p8_zm_esc_candle_wax_04
xmodel,#p7_fxanim_gp_fan_electric_vintage_01_mod
xmodel,#p8_zm_esc_light_mounted_cage
xmodel,#hash_1539376522c170cc
xmodel,#p8_zm_esc_power_station_panel_03_rusted
xmodel,#hash_1564b2ade9c63b26
xmodel,#wpn_t8_sniper_power_semi_scope_world
xmodel,#hash_157d757adad24b1e
xmodel,#p8_cables_electrical_fitting_square
xmodel,#wpn_t8_loot_tac_rifle_flechette_mag_sig_01_view
xmodel,#p8_col_nitrogen_tank_worn_01_decals
xmodel,#p8_stairs_stone_set_01_border_05
xmodel,#p8_stairs_stone_set_01_border_04
xmodel,#p8_stairs_stone_set_01_border_03
xmodel,#p8_stairs_stone_set_01_border_02
xmodel,#p8_stairs_stone_set_01_border_01
xmodel,#hash_15a8f153b6500662
xmodel,#attach_t8_tac_rifle_mid_burst_uber_world
xmodel,#p8_zm_esc_dock_guard_tower_cables
xmodel,#hash_15be8c1c18b764d9
xmodel,#p7_pipe_metal_hp_4_straight_64_bare
xmodel,#hash_15d9f11bf1d34768
xmodel,#p7_zm_isl_light_flood_stand
xmodel,#attach_t8_wz_pickup_hybrid_optic
xmodel,#hash_15f23a260433594d
xmodel,#p7_chemistry_kit_jar_lg
xmodel,#hash_15f8bc50e6145bcb
xmodel,#hash_15f8bd50e6145d7e
xmodel,#hash_16012eed49c1a70c
xmodel,#p7_ris_construction_ibeam_bracket_corner_steel
xmodel,#p7_zm_mob_vial_surgical_lrg
xmodel,#p7_hazmat_suit_hanging_04
xmodel,#p7_hazmat_suit_hanging_02
xmodel,#hash_161adc8ee1b19752
xmodel,#wpn_t8_tac_rifle_swordfish_scope_world
xmodel,#hash_16210a6375922421
xmodel,#hash_162cd0643c3987c3
xmodel,#hash_16302f6f817d3317
xmodel,#wpn_t8_shotgun_semi_sig_01_world
xmodel,#p8_kit_spa_gen_01_roof_tiles_01_cap_end_red_clay_0_01_worn_03
xmodel,#p8_kit_spa_gen_01_roof_tiles_01_cap_end_red_clay_0_01_worn_02
xmodel,#hash_1640eccc9e70ae65
xmodel,#hash_164332dbc67f65c4
xmodel,#hash_164bed8997c581cf
xmodel,#wpn_t8_loot_smg_folding_mag_world
xmodel,#wpn_t8_smg_accurate_mag_sig_03_world
xmodel,#hash_1663cb4d6ed6d750
xmodel,#hash_166715f23f67a85c
xmodel,#hash_1683b974879c92b4
xmodel,#wpn_t8_eqp_grenade_frag_world
xmodel,#veh_t8_drone_rcxd_decals_attach
xmodel,#p8_ice_curtain_small_pulledback_right_01_beige
xmodel,#hash_169a3b92726bd20e
xmodel,#hash_16a4ff3fe4cb9636
xmodel,#p7_pipe_metal_water_elbow_90
xmodel,#p8_zm_esc_light_hallway_bulb
xmodel,#p8_spa_fireplace_log
xmodel,#p7_zm_mob_cell_bed_mattress
xmodel,#hash_16c1a4f455926ebb
xmodel,#hash_16c20a11889a506c
xmodel,#hash_16f1dd503e17dfbe
xmodel,#p7_barrier_block_concrete_long_01_low_half
xmodel,#hash_17241b9216f8c78a
xmodel,#wpn_t8_smg_accurate_sig_03_world
xmodel,#wpn_t8_loot_tac_rifle_flechette_scope_view
xmodel,#p7_mou_clock_wall_minute_hand
xmodel,#hash_1740ed0ad4194574
xmodel,#p7_zm_der_light_socket
xmodel,#wpn_t8_loot_ar_peacekeeper_mag_view
xmodel,#hash_1762c7d9f5374a86
xmodel,#wpn_t8_loot_ar_standard_mk2_view
xmodel,#p8_zm_zod_mail_sorting_shelf_lrg
xmodel,#hash_178a5ab8063d3f49
xmodel,#p8_zm_zod_pipe_set_pipe_holder_01
xmodel,#p7_ban_south_tribe_decor_nail_b
xmodel,#p8_light_lamp_desk_vintage_01
xmodel,#hash_17ae58d5b4fd7efe
xmodel,#p7_light_hanging_half_globe_short
xmodel,#hash_180a98e1afacffd5
xmodel,#p8_col_rock_large_03
xmodel,#p8_col_rock_large_02
xmodel,#p8_col_rock_large_04
xmodel,#hash_981a627b8dcf4e2b
xmodel,#hash_181bf7a15c05c65c
xmodel,#hash_1827bb479d19a4da
xmodel,#wpn_t8_shotgun_semi_mag_sig_02_view
xmodel,#hash_183ea1d94e3c47a6
xmodel,#wpn_t8_ar_stealth_mag_sig_02_view
xmodel,#p7_pipe_metal_hp_12_straight_64_red
xmodel,#p7_splinter_end_wood_01_2x4c_dark
xmodel,#wpn_t8_sig_blade_view
xmodel,#p8_zm_esc_flood_light_on
xmodel,#hash_1863ac0eb5694a55
xmodel,#veh_t8_mil_helicopter_light_debris_fastrope_bar
xmodel,#hash_187a8ca65e2dc1b8
xmodel,#attach_t8_ar_stealth_bayonet_view
xmodel,#p8_fxanim_mp_militia_news_paper_01_smod
xmodel,#p7_debris_concrete_rubble_lg_01_no_metal_flat_edge_02
xmodel,#p8_debris_concrete_rubble_01_scatter_small_64_01_wet
xmodel,#wpn_t8_loot_lmg_mk48_mk2_world
xmodel,#wpn_t8_ar_fastfire_view
xmodel,#p8_debris_coal_01_medium_01
xmodel,#p8_usa_signage_rectangle_notice_wash_hands_01
xmodel,#hash_18ad2889e687f5a5
xmodel,#p7_medical_gauze_sanitation_towels_02_dirty
xmodel,#hash_18beb50ae38e1d30
xmodel,#hash_18beb80ae38e2249
xmodel,#p8_zm_esc_cell_skylight_frame_end
xmodel,#hash_18c446ab6190d770
xmodel,#hash_18dd0bca5214244d
xmodel,#wpn_t8_smg_fastfire_view
xmodel,#hash_18ea4bfd4c94967a
xmodel,#p7_wes_table_endtable_wood_01
xmodel,#p7_curtain_rod_128
xmodel,#p8_kit_zod_eng_01_engine_bridge_bracket_03
xmodel,#hash_192d464e474a0401
xmodel,#hash_1933e60b013bbe59
xmodel,#hash_1949f0c3556e2e90
xmodel,#hash_19717de204d62a35
xmodel,#hash_1971ef2262195315
xmodel,#hash_1983033d27f20dd0
xmodel,#hash_198e1dd3a8160636
xmodel,#hash_199da3b0bd07e12b
xmodel,#attach_t8_optic_reflex_world
xmodel,#p8_fxp_fluid_splash_water
xmodel,#p7_pipe_metal_hp_4_straight_64_white
xmodel,#hash_19b75df61997f198
xmodel,#p8_wz_foliage_penstemon_01
xmodel,#wpn_t8_lmg_titan_sig_02_mag_view
xmodel,#p7_zm_kin_dresser_wood_drawer
xmodel,#p8_zm_esc_light_mounted_bulb
xmodel,#hash_19e084a9e9a7e6c9
xmodel,#p8_zm_esc_decal_island_map_burnt_flat
xmodel,#hash_19f0e9082fac206b
xmodel,#hash_19fa6c1bd047ed88
xmodel,#p7_ris_hose_pile_small_01_orange
xmodel,#p8_col_board_plywood_old_02_brighter
xmodel,#p8_ice_rebar_corner_02
xmodel,#veh_t8_mil_boat_tactical_raft_outboard_motor_attach_blk
xmodel,#hash_1a46495a80334fb1
xmodel,#hash_1a4a00f5033dcef4
xmodel,#hash_1a4a01f5033dd0a7
xmodel,#p7_fxanim_gp_trash_paper_brown_dirty_01_s3_mod
xmodel,#c_t8_zmb_mob_zombie_body2_g_llegoff
xmodel,#wpn_t8_equip_smartcover_view
xmodel,#hash_1a7707787b0a635d
xmodel,#hash_1a82de598b5b4964
xmodel,#wpn_t8_eqp_turret_mini_world
xmodel,#hash_1a8d5824bcf9cea5
xmodel,#hash_9a8ddbdbbcf6f815
xmodel,#p7_debris_glass_shards_06_dark
xmodel,#p7_zm_ctl_tool_fireplace_clamp
xmodel,#p8_zm_zod_debris_wood_plank_lrg_oak_dark
xmodel,#p7_medical_surgical_cart_metal_01_dirty
xmodel,#wpn_t8_tac_rifle_swordfish_world
xmodel,#hash_1abcdb31953f3d79
xmodel,#p7_zod_docks_rope_01
xmodel,#hash_1aeb3ee959f52add
xmodel,#wpn_t8_wz_water_balloon_world
xmodel,#p7_zm_ctl_tool_fireplace_poker
xmodel,#p7_duct_metal_rectangle_vent_rust
xmodel,#wpn_t8_ar_fastfire_mag_sig_02_view
xmodel,#hash_9b28922a794cfdcb
xmodel,#wpn_t8_loot_lmg_mk48_world
xmodel,#hash_1b2b8505bbc1d126
xmodel,#t8_wz_esc_pictures_guardobit1
xmodel,#p7_wes_card_deck
xmodel,#p8_zm_esc_bldg_64_stairs_x1_02
xmodel,#p7_zm_isl_medical_stool
xmodel,#p8_crate_wood_short_02
xmodel,#p7_monitor_military_safehouse_01
xmodel,#c_t8_zmb_mob_zombie_head2_cage
xmodel,#p8_col_foliage_plant_meskel_2_noflower_dead
xmodel,#hash_1ba9c1f430785f54
xmodel,#p8_zm_esc_desk_wood_vintage
xmodel,#p7_can_metal_01
xmodel,#p7_fxanim_gp_ravens_flock_sml_smod
xmodel,#wpn_t8_loot_tac_rifle_flechette_scope_world
xmodel,#p8_usa_sub_beam_01_fourway_painted_metal_01
xmodel,#p8_zm_esc_gun_gallery_metal_plate_joint
xmodel,#p7_mou_cabinet_filing
xmodel,#p7_bullet_shell_casing_pile_556_03
xmodel,#p7_bullet_shell_casing_pile_556_02
xmodel,#p7_bullet_shell_casing_pile_556_01
xmodel,#hash_1c1ba1d5033b378c
xmodel,#p8_backpack_military
xmodel,#hash_1c2e32b9a149594f
xmodel,#p8_jpn_wire_rubber_vertical_w32xh128_02
xmodel,#hash_1c500d520a627941
xmodel,#p7_zm_asc_light_cage_warning
xmodel,#p7_zm_ctl_chemistry_kit_jar_lg
xmodel,#p7_slu_bag_cement_pallet
xmodel,#p7_rus_desk_metal_vintage
xmodel,#p7_mou_storage_cabinet
xmodel,#hash_1ca82aa559b2be5b
xmodel,#p7_pipe_metal_hp_4_coupling_off_white
xmodel,#p8_zm_esc_warden_house_plank
xmodel,#wpn_t8_sniper_vanguard_mag_sig_02_view
xmodel,#p7_fxanim_gp_trash_cardboard_flat_02_smod
xmodel,#p8_col_board_plywood_old_01
xmodel,#p8_col_military_ship_railing_pole
xmodel,#p7_pipe_metal_hp_12_straight_32_grey_dk
xmodel,#p8_pipe_metal_hp_4_elbow_90_painted
xmodel,#p8_zm_esc_sheet_metal_2x4
xmodel,#p8_zm_esc_sheet_metal_2x8
xmodel,#p8_fxanim_gp_chain_hang_01_32_smod
xmodel,#hash_1cecae498f18f5b4
xmodel,#p8_zm_esc_junk_trim_128
xmodel,#p8_wz_door_01_array
xmodel,#p7_zm_isl_bed_infirmary_mattress_01
xmodel,#p8_fence_rustic_wood_plank_debris_splinters_v2_burnt
xmodel,#hash_1d39e443faccd41f
xmodel,#p8_wz_const_fence_broken_01
xmodel,#p7_zm_isl_light_wall_vintage
xmodel,#wpn_t8_loot_smg_fastburst_mk2_world
xmodel,#p7_glass_shard_corner
xmodel,#hash_1d87a01f651d83ad
xmodel,#wpn_t8_smg_handling_view
xmodel,#wpn_t8_tac_rifle_surgeon_scope_view
xmodel,#hash_9daeeb9a852e5657
xmodel,#hash_1db40ad08c8c876b
xmodel,#p7_picture_frame_fancy_02
xmodel,#p7_picture_frame_fancy_03
xmodel,#p7_picture_frame_fancy_05
xmodel,#hash_9db994b5fa2794bb
xmodel,#hash_9dc37b90c5f88a46
xmodel,#hash_1dca34b1c6f6dfad
xmodel,#wpn_t8_loot_tac_rifle_flechette_sig_01_view
xmodel,#hash_1dcbe8021fb16344
xmodel,#p8_usa_submarine_interior_box_large
xmodel,#hash_1dd3c43ce8449b1a
xmodel,#p8_zm_esc_dock_wood_beam
xmodel,#hash_1dde6807cec3e00f
xmodel,#hash_1e00b787bd59c13a
xmodel,#p8_zm_esc_bldg_64_door_sml_02
xmodel,#wpn_t8_melee_hatchet_view
xmodel,#p7_pipe_metal_hp_12_elbow_90_grey_dk
xmodel,#hash_1e2eab0b1921d034
xmodel,#wpn_t8_tac_rifle_mid_burst_mag_mk2_view
xmodel,#p7_wes_pole_telephone_side
xmodel,#p7_ban_i_beam_bracket_junction
xmodel,#p7_slu_outlet_electrical
xmodel,#hash_1e7f4aa58aa59145
xmodel,#hash_1e867a7fa0e015e3
xmodel,#wpn_t8_ar_heavy_mag_view
xmodel,#p8_zm_esc_junk_trim_corner_64_01
xmodel,#p8_zm_esc_junk_trim_corner_64_02
xmodel,#hash_1e99caf690b5897c
xmodel,#wpn_t8_ar_accurate_sig_01_world
xmodel,#fx_char_gib_chunk_flesh02
xmodel,#fx_char_gib_chunk_flesh03
xmodel,#p7_pipe_metal_hp_4_straight_4_grey_dk
xmodel,#p7_crate_wood_01_short_dark
xmodel,#p7_fxanim_gp_trash_newspaper_05_s3_smod
xmodel,#wpn_t8_lmg_plr_view
xmodel,#wpn_t8_tac_rifle_swordfish_scope_mk2_view
xmodel,#p8_usa_submarine_interior_consoles_main_slow_decal
xmodel,#p8_ice_signage_rectangle_vert_slippery_01
xmodel,#wpn_t8_smg_handling_sig_02_world
xmodel,#hash_1f11adbd096f4129
xmodel,#p7_bottle_milk_caddy_metal
xmodel,#veh_t8_mil_helicopter_attack_rotor_blur_attach
xmodel,#p8_zm_esc_sheet_metal_4x8_bd_02_white
xmodel,#hash_1f20825eaf0fcf05
xmodel,#hash_1f2b0be3aa5a29f3
xmodel,#hash_9f30e699516596db
xmodel,#hash_1f3e6cea099e6bb3
xmodel,#p8_wz_ep_fishing_pole
xmodel,#hash_1f5a26e3d848ac2a
xmodel,#hash_1f6b07049a31265b
xmodel,#p7_dresser_wood_vintage_tall_01_red
xmodel,#hash_1f82cdf76e8ac2b8
xmodel,#p7_pipe_metal_hp_4_elbow_45_bare
xmodel,#p7_tools_jar_glass_nails_screws
xmodel,#wpn_t8_sniper_power_semi_sig_02_view
xmodel,#p8_light_cage_warning_01_white
xmodel,#p8_zm_gla_cel_pillar_stone_01_40x32x176a
xmodel,#p7_wes_metal_pulley_wheel
xmodel,#p7_wes_bank_books_leather_big_red
xmodel,#p8_wz_mobile_hospital_cabinet_01_96
xmodel,#p8_pipe_metal_hp_4_straight_8_painted
xmodel,#p8_zm_off_ashtray_no_cigarettes
xmodel,#hash_1fb30b44cdbc72f4
xmodel,#wpn_t8_sniper_koshka_mk2_view
xmodel,#hash_1fbeed35305cf4d6
xmodel,#hash_1fcf7957c4165a49
xmodel,#p7_conduit_metal_1_outlet_box
xmodel,#hash_1fd5b8656eba3606
xmodel,#p8_zm_esc_light_hallway_cord_long
xmodel,#p7_zm_zod_gutter_leader_head_01
xmodel,#p7_conduit_metal_1_straight_64
xmodel,#hash_202109b86cfc8469
xmodel,#p7_conduit_metal_1_straight_16
xmodel,#hash_202625813ef48e23
xmodel,#p7_conduit_metal_1_straight_32
xmodel,#p8_pipe_metal_hp_4_straight_8_metal
xmodel,#hash_2046192182c20c87
xmodel,#p7_curtain_hanging_36x72_worn
xmodel,#p8_zm_esc_gondola_lift
xmodel,#p7_ris_hose_pile_ribbed_01_orange
xmodel,#hash_2058d5d9fb3f7444
xmodel,#hash_205e282273e4b26c
xmodel,#hash_205e2c2273e4b938
xmodel,#hash_205e322273e4c36a
xmodel,#p8_zm_esc_bldg_64_stairs_angle_01
xmodel,#p8_zm_esc_bldg_64_stairs_angle_02
xmodel,#hash_206748a6c1769f0f
xmodel,#p8_chi_rooftop_generator_box
xmodel,#p8_debris_cardboard_flat_07b_wet
xmodel,#wpn_t8_zm_crossbow_view
xmodel,#hash_208270be3f4e1189
xmodel,#hash_208271be3f4e133c
xmodel,#hash_208272be3f4e14ef
xmodel,#hash_208273be3f4e16a2
xmodel,#hash_209f58a3959c995b
xmodel,#p7_pipe_metal_hp_4_coupling_grey_dk
xmodel,#p7_pipe_metal_hp_4_straight_16_red
xmodel,#p7_fxanim_gp_streamer_orange_lrg_01_s3_smod
xmodel,#p7_pipe_metal_hp_4_elbow_90_red
xmodel,#wpn_t8_loot_shotgun_fullauto_mag_sig_view
xmodel,#hash_20d9e47b7e48388b
xmodel,#p7_wes_desk_hutch_wood_vintage
xmodel,#p8_zm_esc_fence_pole_01_end
xmodel,#attach_t8_tac_rifle_mid_burst_uber_view
xmodel,#p8_wz_stage_podium_wood_01
xmodel,#wpn_t8_pistol_burst_mag_sig_01_world
xmodel,#wpn_t8_sniper_power_semi_sig_02_world
xmodel,#p7_fxanim_gp_fish_single_01_smod
xmodel,#p7_books_office_row_02
xmodel,#p7_books_office_row_01
xmodel,#wpn_t8_loot_smg_minigun_mag_world
xmodel,#p7_pipe_metal_hp_12_straight_128_bare_dmg
xmodel,#p8_pipe_metal_hp_4_coupling_painted
xmodel,#p8_col_barrel_metal_01_brown
xmodel,#hash_2197dad449c85b0e
xmodel,#p8_pipe_metal_hp_4_straight_16_painted
xmodel,#hash_21b946d900bf3344
xmodel,#p7_zm_der_door_frame_buy_std_double
xmodel,#hash_21bddf87187d51fc
xmodel,#p7_fxanim_gp_trash_paper_help_wanted_05_s3_mod_eng
xmodel,#p8_zm_esc_radio_01
xmodel,#p8_usa_submarine_missile_silo_hatch_weld_decal
xmodel,#p8_col_ship_interior_fire_control_display_large_mid_wires_05
xmodel,#p8_col_ship_interior_fire_control_display_large_mid_wires_07
xmodel,#p8_col_ship_interior_fire_control_display_large_mid_wires_06
xmodel,#p8_col_ship_interior_fire_control_display_large_mid_wires_08
xmodel,#p8_zm_wall_buy_symbol_01_top
xmodel,#p8_zm_esc_cell_mattress
xmodel,#wpn_t8_eqp_grenade_smoke_world
xmodel,#wpn_t8_sniper_vanguard_mk2_view
xmodel,#p7_pipe_metal_hp_12_elbow_90_bare
xmodel,#hash_223bf10a2d7e8ac2
xmodel,#hash_22428c00fa415615
xmodel,#p8_usa_submarine_interior_consoles_main_full_decal
xmodel,#p8_mad_ladder_old_wood_painted
xmodel,#hash_2261727714100697
xmodel,#wpn_t8_tac_rifle_mid_burst_scope_view
xmodel,#hash_227a478d3a176b1f
xmodel,#wpn_t8_eqp_datapad_world
xmodel,#p8_usa_fire_extinguisher_case
xmodel,#p8_jnt_security_electrical_cabinet_03
xmodel,#p8_jnt_security_electrical_cabinet_05
xmodel,#hash_229265638f06c0be
xmodel,#hash_22b9cc61ddf07135
xmodel,#wpn_t8_loot_sniper_mini14_mag_mk2_view
xmodel,#p7_roof_tile_slate_01_single_8a
xmodel,#hash_22e7e35060946e77
xmodel,#hash_a2e8d1ae72884594
xmodel,#p7_lt_boxes_medicin_pile_04
xmodel,#p7_lt_boxes_medicin_pile_02
xmodel,#p8_debris_glass_shards_05
xmodel,#p7_pipe_metal_hp_12_straight_128_grey_dk
xmodel,#hash_2326475894aaa7fd
xmodel,#p8_zm_esc_gun_gallery_metal_beam_corner
xmodel,#veh_t8_drone_rcxd_a_arm_spawn_model
xmodel,#hash_23342919ec759536
xmodel,#wpn_t8_tac_rifle_swordfish_scope_ads
xmodel,#p7_debris_bath_towels_01
xmodel,#c_zom_dlc1_skeleton_zombie_body_g_larmoff
xmodel,#hash_234dfd2a445faa11
xmodel,#wpn_t8_smg_handling_world
xmodel,#p7_zm_kin_stool_wood
xmodel,#hash_2356bd135f2b8a63
xmodel,#p7_ven_gate_chainlink_01_left
xmodel,#p8_fxanim_zm_esc_power_panel_phouse_03_mod
xmodel,#wpn_t8_zm_monkey_bomb_view
xmodel,#hash_238a5ef0af622345
xmodel,#p8_zm_esc_electrical_wire_outlet
xmodel,#hash_23916ab0a95765ad
xmodel,#p8_ice_gas_console_box_02_lt
xmodel,#p8_wz_foliage_tree_sycamore_md
xmodel,#p8_wz_foliage_tree_sycamore_lg
xmodel,#p8_ice_gas_console_box_02_rt
xmodel,#p7_bottle_milk
xmodel,#hash_23bf21512a68a145
xmodel,#wpn_t8_shotgun_semi_mag_sig_02_world
xmodel,#hash_23c7d4fec7b695f3
xmodel,#p7_shelf_industrial_vintage_48
xmodel,#p7_zm_mob_bed_infirmary_frame
xmodel,#hash_23ed2ab057ffa1ff
xmodel,#p7_shelf_industrial_vintage_96
xmodel,#p7_fxanim_mp_apartments_tarp_pool_smod
xmodel,#wpn_t8_loot_smg_minigun_world
xmodel,#hash_23f93a70bc313b76
xmodel,#hash_23fc89b03d7b7233
xmodel,#p7_debris_wood_lath_01_8a
xmodel,#p7_debris_wood_lath_01_8b
xmodel,#p7_debris_glass_shards_05_bloody
xmodel,#p8_drain_round_floor_iron
xmodel,#p7_zm_isl_pipe_hp_4_brace_sml_1_rust
xmodel,#wpn_t8_tac_rifle_swordfish_scope_mk2_world
xmodel,#p8_wz_mobile_hospital_cabinet_02_48
xmodel,#hash_242b772de4f3f421
xmodel,#c_t8_zmb_mob_zombie_body2_g_rlegoff
xmodel,#p7_glassware_whiskey_01
xmodel,#hash_2442711e22b469cf
xmodel,#p8_foliage_grass_blades_tall_xlrg_dry
xmodel,#p8_fxp_fluid_splash_blood
xmodel,#wpn_t8_eqp_grenade_emp_view
xmodel,#p7_zm_der_light_bulb_small
xmodel,#p8_zm_esc_warden_house_window_04
xmodel,#p8_zm_esc_warden_house_window_03
xmodel,#hash_248c9d8b7df30dac
xmodel,#p7_conduit_rust_1_straight_4
xmodel,#hash_249e9c1959fe96e1
xmodel,#p8_wz_esc_sidewalk_concrete_path_01
xmodel,#p8_pipes_electrical_conduit_box_03_metal
xmodel,#p8_fxanim_gp_trash_paper_floor_pile_03_s3_mod
xmodel,#p7_fir_plywood_plank_4x8_08
xmodel,#p7_fir_plywood_plank_4x8_02
xmodel,#p7_fir_plywood_plank_4x8_04
xmodel,#p7_fir_plywood_plank_4x8_05
xmodel,#wpn_t8_hero_war_machine_projectile
xmodel,#wpn_t8_smg_mp9_mag_view
xmodel,#hash_24bd8b6490927ea8
xmodel,#hash_24bd8c649092805b
xmodel,#hash_24bd8e64909283c1
xmodel,#hash_24be9f0a39d87a63
xmodel,#p7_zm_mob_door_security_window
xmodel,#p7_pipe_metal_water_straight_64
xmodel,#hash_24cd8a8543c3db70
xmodel,#p7_pipe_metal_water_straight_16
xmodel,#hash_24df4e795a0221c5
xmodel,#hash_24e60212a1b275f0
xmodel,#p7_fxanim_gp_trash_paper_help_wanted_01_s3_mod
xmodel,#hash_24e7f23ddbc55a3b
xmodel,#hash_25059d5ba846312d
xmodel,#wpn_t8_loot_ar_standard_mag_mk2_world
xmodel,#p7_monitor_rugged_military_dmg
xmodel,#hash_251cb21ee379cc51
xmodel,#p7_debris_concrete_rubble_med_02_no_metal_warm_sml
xmodel,#hash_252d7d7bfa9a0f99
xmodel,#p8_zm_esc_candle_med
xmodel,#hash_25320ca69b0d5a54
xmodel,#hash_253bb8b9d143cc1a
xmodel,#attach_t8_optic_holo_world
xmodel,#p8_usa_outdoor_generator_electric_sml
xmodel,#c_t8_zmb_mob_zombie_body2_g_lowclean
xmodel,#p8_fxanim_zm_esc_power_panel_phouse_04_mod
xmodel,#hash_a577e93af00b6194
xmodel,#wpn_t8_sig_annihilator_world
xmodel,#p8_light_bulb_vintage_00_warden
xmodel,#hash_2599d9a4d1851120
xmodel,#p8_wz_armor_scrap
xmodel,#hash_25b32f170ec209f7
xmodel,#p7_fxanim_gp_trash_newspaper_02_s3_mod
xmodel,#hash_25c3658ec3dedd00
xmodel,#hash_25c3668ec3dedeb3
xmodel,#hash_25c3678ec3dee066
xmodel,#p8_usa_sub_vent_01_grey
xmodel,#p7_zm_ctl_chair_swivel_02
xmodel,#wpn_t8_pistol_revolver_mk2_world
xmodel,#wpn_t8_zm_mp40_mag_view
xmodel,#p7_pallet_plastic_01_tan
xmodel,#p8_foliage_grass_blades_tall_med_dry
xmodel,#p8_usa_electric_switch_switcher
xmodel,#hash_2600b480e993a54a
xmodel,#p8_zm_esc_lab_lift
xmodel,#p7_wes_rope_hook
xmodel,#c_t8_zmb_mob_zombie_head4_cage
xmodel,#hash_262f6776799e3b2d
xmodel,#p7_pipe_metal_hp_12_straight_16_red
xmodel,#p8_zm_esc_sheet_metal_4x8_bd_08_white
xmodel,#p8_zm_esc_junk_pile_96_02
xmodel,#p8_zm_esc_debris_concrete_rubble_lg_03_flat
xmodel,#p7_electrical_box_tall_red
xmodel,#p8_pipe_metal_hp_4_brace_sml_2_painted
xmodel,#p7_mou_light_cage_mount
xmodel,#hash_26aab3549de56a42
xmodel,#p8_box_cardboard_d_closed_wet
xmodel,#p7_fxanim_gp_wire_thick_set_04_smod
xmodel,#attach_t8_optic_ironsights_sniper_rear_view
xmodel,#p7_zm_isl_light_spot
xmodel,#p8_towels_folded_rack
xmodel,#p8_zm_esc_cellblock_d_pipe_window
xmodel,#p8_zm_esc_bldg_64_pillar_ext_02
xmodel,#p8_zm_esc_bldg_64_pillar_ext_03
xmodel,#p8_zm_esc_bldg_64_pillar_ext_01
xmodel,#p7_pipe_metal_hp_4_straight_8_yellow
xmodel,#hash_27176ba8763dced8
xmodel,#p7_aqu_railings_set_end_post_metal_worn
xmodel,#wpn_t8_loot_ar_an94_mag_world
xmodel,#p8_wz_submarine_torpedo_hatch_lip_dark
xmodel,#p7_can_metal_open_beans
xmodel,#p7_wes_vista_windmill_ladder
xmodel,#veh_t8_mil_helicopter_light_tail_rotor_blur_attach
xmodel,#hash_275a488ecca626a9
xmodel,#hash_275b2ed3b6964218
xmodel,#wpn_t8_smg_mp9_view
xmodel,#hash_279b8f09b3d04ba3
xmodel,#hash_27b25ca925acb5e2
xmodel,#p7_zm_vending_flopper
xmodel,#p8_heist_bank_money_bundle_packaged
xmodel,#p8_col_fishingboat_shipwrecked_beam_02
xmodel,#p8_col_fishingboat_shipwrecked_beam_01
xmodel,#hash_27c715429680756a
xmodel,#hash_27c8cd2e4c1d8f48
xmodel,#hash_27da5a6a8edb689c
xmodel,#p8_zm_esc_cell_door
xmodel,#wpn_t8_ar_heavy_mk2_view
xmodel,#hash_28225d9a58297494
xmodel,#hash_282998938844b2c3
xmodel,#p8_zm_esc_gondola_frame
xmodel,#p7_fxanim_gp_wire_thin_hanging_07_smod
xmodel,#p8_pipe_metal_hp_4_coupling_metal
xmodel,#p8_col_oven_kitchen_wheel
xmodel,#p8_computer_classroom_keyboard_dmg
xmodel,#hash_283c2c4e8daac735
xmodel,#c_t8_zmb_mob_brutus_boss_body
xmodel,#hash_283f153de0d2b7ac
xmodel,#hash_283f163de0d2b95f
xmodel,#wpn_t8_eqp_datapad_view
xmodel,#p8_foliage_grass_blades_wild_sml_01
xmodel,#p8_usa_submarine_interior_consoles_details_screen
xmodel,#p8_fxanim_gp_wire_straight_sml_smod
xmodel,#p7_box_copy_paper
xmodel,#hash_28aca56ecd387495
xmodel,#hash_28ae6f644b9dd72f
xmodel,#p8_zm_esc_bldg_64_arch_lrg_int_decal_04
xmodel,#p8_zm_esc_bldg_64_arch_lrg_int_decal_02
xmodel,#p8_zm_esc_bldg_64_arch_lrg_int_decal_03
xmodel,#p8_wz_door_garage_mechanical_frame_button
xmodel,#p7_zm_ctl_book_vintage_05_b
xmodel,#p8_zm_esc_power_house_door_metal_rolling_lg
xmodel,#p8_cables_electrical_double_02
xmodel,#p8_col_ship_interior_fire_control_console
xmodel,#p8_cables_electrical_double_64
xmodel,#hash_28e75c639a1447e8
xmodel,#hash_28e75d639a14499b
xmodel,#hash_28e75f639a144d01
xmodel,#hash_28e762639a14521a
xmodel,#hash_28e763639a1453cd
xmodel,#hash_28e8d03797747889
xmodel,#p8_usa_submarine_interior_periscope_bolt
xmodel,#hash_2905ccf0cc70eddd
xmodel,#p8_zm_esc_dock_wood_broken
xmodel,#hash_2929cca754583514
xmodel,#p7_corrugated_sheet_metal_rust_dmg_02_wet
xmodel,#hash_292e37a48cc337ab
xmodel,#hash_292e38a48cc3395e
xmodel,#hash_292e39a48cc33b11
xmodel,#hash_292e3ba48cc33e77
xmodel,#p7_foliage_vines_floor_clump_64_dry
xmodel,#hash_293131ea83e49eee
xmodel,#wpn_t8_zm_akud_world
xmodel,#hash_294dc4112ad0e5cc
xmodel,#hash_294dc7112ad0eae5
xmodel,#hash_295e2224b3d0d976
xmodel,#wpn_t8_eqp_trophy_system_world
xmodel,#hash_2973fc7221898193
xmodel,#p8_wz_ammo_pickup_rockets
xmodel,#p8_wz_foliage_bush_coyote_02_dry
xmodel,#wpn_t8_loot_shotgun_fullauto_mag_mk2_view
xmodel,#p8_zm_esc_power_house_pole_angle_tee_01
xmodel,#p8_zm_esc_power_house_pole_angle_tee_02
xmodel,#hash_29c0e412e372930b
xmodel,#wpn_t8_zm_raygun_mk2_world_purple
xmodel,#p7_duct_metal_rectangle_ceiling_support_rust
xmodel,#hash_29d3d83eac5702ad
xmodel,#hash_29db5bce1e9e595b
xmodel,#p7_zm_mob_medical_cabinet
xmodel,#hash_29e4fb9f7d430492
xmodel,#wpn_t8_lmg_plr_mag_sig_01_world
xmodel,#p7_light_fixture_led_utility
xmodel,#hash_2a0dff510b7f1726
xmodel,#hash_aa161aa41838bfc0
xmodel,#hash_2a16aa22e8874d06
xmodel,#wpn_t8_pistol_burst_mag_sig_02_world
xmodel,#wpn_t8_smg_capacity_view
xmodel,#hash_2a2b837f08277bd0
xmodel,#p8_col_sprinkler_metal
xmodel,#wpn_t8_smg_fastfire_mag_sig_02_view
xmodel,#p8_zm_esc_nixie_tubes
xmodel,#p7_foliage_vines_hanging_flat_64_long_dry
xmodel,#p8_chi_pipe_ring_exterior_whole_03
xmodel,#wpn_t8_lmg_plr_world_mk2
xmodel,#hash_aa5f03ab9f498e4f
xmodel,#wpn_t8_loot_lmg_mk48_clip_world
xmodel,#wpn_t8_pistol_standard_sig_02_view
xmodel,#p7_signage_metal_exit
xmodel,#p8_wz_billboard_01_ladder_02
xmodel,#p8_wz_billboard_01_ladder_01
xmodel,#p8_box_cardboard_d_closed
xmodel,#p7_chair_victorian_velvet_01_red_worn
xmodel,#p8_zm_esc_hallway_railing_broken_03_r
xmodel,#p7_light_hanging_ball_01_mount
xmodel,#p8_crate_metal_military_medium_01
xmodel,#hash_2aae2168ef5e0648
xmodel,#hash_2aaf5c9bfd92eaef
xmodel,#wpn_t8_wz_ar_heavy_view
xmodel,#wpn_t8_eqp_grenade_concussion_projectile
xmodel,#wpn_t8_eqp_radar_shroud_gun_world
xmodel,#p7_dresser_wood_vintage_tall_01_beige
xmodel,#p8_fxanim_zm_esc_power_station_panel_01_mod
xmodel,#hash_2ac3a96aea784a0e
xmodel,#p8_usa_submarine_interior_consoles_main_half_decal
xmodel,#p8_kit_zt8_gal_02_beam_02_basic_painted_metal_64_01
xmodel,#p8_usa_switch_electric_08
xmodel,#p8_usa_switch_electric_07
xmodel,#p8_usa_switch_electric_06
xmodel,#p8_usa_switch_electric_05
xmodel,#p8_usa_switch_electric_04
xmodel,#p8_usa_switch_electric_03
xmodel,#p8_usa_switch_electric_02
xmodel,#p8_usa_switch_electric_01
xmodel,#p7_water_filtration_system_mount_hook
xmodel,#p8_col_radio_finder_receiver_01
xmodel,#p7_dresser_wood_vintage_short_01_red
xmodel,#p8_debris_cardboard_flat_07b
xmodel,#hash_2b014be03f25d3fb
xmodel,#hash_2b0170573a22adba
xmodel,#hash_2b02f6f54e238007
xmodel,#p8_wz_foliage_bush_creosote_01_dry
xmodel,#p8_zm_zod_bathroom_sink_first_class_sink_drain_rod
xmodel,#p7_fxanim_gp_wire_thin_hanging_04_smod
xmodel,#hash_2b0c1cbd6a0fb4c1
xmodel,#wpn_t8_zm_homunculus_world
xmodel,#p7_mou_clock_wall
xmodel,#wpn_t8_loot_sniper_mini14_mag_view
xmodel,#hash_2b26aadb6630f4dd
xmodel,#hash_2b297e9be5113fd3
xmodel,#p7_ven_gate_chainlink_01_right
xmodel,#c_t8_zmb_mob_zombie_body2_g_larmoff
xmodel,#attach_t8_wz_pickup_ext_barrel
xmodel,#p7_debris_rockychunks_small_01
xmodel,#p7_debris_rockychunks_small_12
xmodel,#p8_zm_esc_power_house_door_metal_rolling
xmodel,#hash_2b558813eb5ca9db
xmodel,#p8_pipes_electrical_pipe_32_metal
xmodel,#hash_2b6e0d464da71d25
xmodel,#hash_ab7a604f49016aec
xmodel,#wpn_t8_loot_smg_fastburst_mag_mk2_view
xmodel,#p7_barrier_block_concrete_long_01_half_mossy
xmodel,#p7_pipe_metal_hp_12_straight_64_bare
xmodel,#hash_2ba05d9ef7651bbb
xmodel,#p7_zod_docks_boat_tie_01
xmodel,#hash_2bb4c415572c9239
xmodel,#hash_2bba42fb8542118f
xmodel,#hash_2bce8292eb632293
xmodel,#hash_2bf833a86c5204e0
xmodel,#wpn_t8_loot_lmg_mk48_mk2_view
xmodel,#hash_2bff09cf1913fd72
xmodel,#p7_rolled_tarp
xmodel,#wpn_t8_smg_accurate_sig_02_view
xmodel,#p7_debris_wood_lath_01_64a
xmodel,#hash_2c2ae686d08be269
xmodel,#hash_2c2ca9ecd6f60a91
xmodel,#wpn_t8_sig_annihilator_view
xmodel,#p8_fxanim_zm_esc_power_panel_bldg64_03_mod
xmodel,#p8_zm_zod_glass_third_class_berths_tumbler_lrg
xmodel,#hash_2c54fad06c55d6af
xmodel,#hash_2c5a3eb9962711d7
xmodel,#p7_pipe_metal_water_handle_blue
xmodel,#wpn_t8_smg_mp9_sig_01_world
xmodel,#p7_zm_der_door_metal_rusted_left
xmodel,#p7_bracket_support_metal
xmodel,#p7_metal_cut_panel_wide
xmodel,#p8_spa_fireplace_log_burnt
xmodel,#p7_fxanim_gp_floating_water_container_plastic_small_red_smod
xmodel,#wpn_t8_eqp_grenade_frag_projectile
xmodel,#wpn_t8_ar_accurate_view
xmodel,#p7_electrical_cabinet_09
xmodel,#p7_electrical_cabinet_08
xmodel,#p7_electrical_cabinet_07
xmodel,#wpn_t8_eqp_semtex_cluster_view
xmodel,#p8_fxanim_mp_militia_toilet_paper_01_smod
xmodel,#p7_zm_ori_metal_plate_01
xmodel,#p8_zm_esc_doctor_house_wood_support
xmodel,#wpn_t8_loot_smg_minigun_mag_view
xmodel,#p8_zm_esc_bldg_64_door_lrg
xmodel,#p8_wz_rocks_sm_beach_01
xmodel,#p8_wz_rocks_sm_beach_02
xmodel,#p8_zm_esc_cell_support_beam
xmodel,#hash_2cd79108082dca88
xmodel,#p8_zm_esc_bldg_64_stairs_angle_45_01
xmodel,#wpn_t8_lmg_titan_sig_01_mag_view
xmodel,#hash_2cf46d7dd0c94b75
xmodel,#p8_zm_esc_sheet_metal_4x8_white
xmodel,#hash_2d086ed3d05f859e
xmodel,#p8_col_plank_wood_board_01_wet
xmodel,#p7_zm_asc_console_launch_key_button_red
xmodel,#veh_t8_mil_helicopter_light_interior_attach
xmodel,#hash_2d223522d5bf0fe0
xmodel,#p8_wz_door_01_frame_white
xmodel,#veh_t8_drone_rcxd_handle_spawn_model
xmodel,#p8_wep_cargo_container_military_door_lt
xmodel,#hash_2d2f655fce84e968
xmodel,#p8_wep_cargo_container_military_door_rt
xmodel,#p8_col_radio_reciever_03
xmodel,#p7_ris_paint_jar
xmodel,#hash_2d4088bb8d5d56d7
xmodel,#p7_zm_der2_barrel_metal_55gal_blue
xmodel,#p8_wz_tarp_large_01_blue
xmodel,#wpn_t8_loot_melee_coinbag_view
xmodel,#p7_debris_wood_plank_old_64
xmodel,#p8_col_table_cafeteria_folding
xmodel,#p8_zm_esc_pipe_metal_dark_90
xmodel,#p8_zm_zod_pipe_set_conduit_brace_01
xmodel,#p8_zm_esc_debris_concrete_rubble_lg_01_flat_edge_02
xmodel,#p8_zm_esc_debris_concrete_rubble_lg_01_flat_edge_01
xmodel,#p8_wz_cu_typewriter_vintage
xmodel,#hash_2dd74445d929cbe8
xmodel,#p8_box_electric_commercial_sml_01_allstates
xmodel,#wpn_t8_shotgun_semi_sig_02_world
xmodel,#p7_foliage_vines_hanging_flat_128_dry
xmodel,#p7_electrical_box_set2_box02
xmodel,#p7_electrical_box_set2_box01
xmodel,#p7_electrical_box_set2_box06
xmodel,#p7_electrical_box_set2_box05
xmodel,#hash_2df315f244482d28
xmodel,#hash_2df76be94d6894d8
xmodel,#p8_spa_picture_frame_wood_lrg_01_f
xmodel,#p8_spa_picture_frame_wood_lrg_01_d
xmodel,#p7_zm_zod_gutter_section_spout_32
xmodel,#p8_zm_whi_conc_sidwalk_slab_01_edge_decal
xmodel,#p7_zm_zod_gutter_section_spout_64
xmodel,#hash_2e2980ea74c20990
xmodel,#hash_2e2981ea74c20b43
xmodel,#hash_2e2983ea74c20ea9
xmodel,#hash_2e2986ea74c213c2
xmodel,#hash_2e43773386aed848
xmodel,#p7_wes_container_vintage_cup
xmodel,#hash_2e6e9bbb7800df95
xmodel,#hash_2e6ea76f36ea6434
xmodel,#p8_usa_light_fluorescent_hanging_bar
xmodel,#p7_pipe_metal_hp_12_flange_white
xmodel,#hash_2e914b97b84457e3
xmodel,#p7_curtain_hanging_36x72_red
xmodel,#hash_2e955faf809ad2d6
xmodel,#hash_2e9d925cc28d517e
xmodel,#p7_conduit_rust_1_clamp_base_sml
xmodel,#p8_fxanim_gp_trash_paper_floor_pile_01_s4_mod
xmodel,#p7_electrical_box_set_box_1_broken
xmodel,#wpn_t8_sniper_koshka_mag_sig_02_world
xmodel,#p7_wes_container_vintage_bottle_brown
xmodel,#hash_2ece63d57734006a
xmodel,#p8_wz_foliage_bush_erigonum_01
xmodel,#fx_axis_createfx
xmodel,#p7_slu_trash_bag_standing_white
xmodel,#p7_wes_chips_stack_poker_lrg_blue
xmodel,#hash_2f402194cec5720a
xmodel,#hash_2f4a60482b565bbe
xmodel,#p8_food_dinnerware_plate_sml_dmg
xmodel,#p8_ladder_metal_secured_32_01_painted_clean
xmodel,#wpn_t8_loot_smg_vmp_view
xmodel,#p7_zm_ver_chair_wood_drk
xmodel,#wpn_t8_smg_mp9_sig_02_mag_view
xmodel,#hash_2f931abe824a5457
xmodel,#p7_gib_chunk_fat
xmodel,#p8_fxanim_gp_chain_arc_low_05_smod
xmodel,#hash_2fb1502c49b5b104
xmodel,#hash_2fb85cf3cf0bf26f
xmodel,#c_t8_zmb_mob_brutus_head
xmodel,#p8_zm_esc_laundry_bag
xmodel,#wpn_t8_lmg_plr_world
xmodel,#p7_pallet_truck_dirty
xmodel,#p7_zm_isl_pipe_hp_12_straight_128_rust
xmodel,#p8_zm_esc_bldg_64_arch_door_lrg_decal
xmodel,#hash_2ff64e13a24c10f6
xmodel,#hash_2ff9a10388482039
xmodel,#p7_pipe_metal_hp_4_straight_32_off_white
xmodel,#hash_3001072a992693a6
xmodel,#p8_vent_roof_01_dmg_01
xmodel,#hash_30135969087947d5
xmodel,#hash_3013dcebd40182d7
xmodel,#p8_coffee_table_rectangle_wood_02_worn
xmodel,#p8_box_cardboard_c_closed
xmodel,#hash_b021ed625cacf7b1
xmodel,#hash_303b0328c70079c4
xmodel,#p7_light_fixture_led_ceiling_01_dmg
xmodel,#p8_box_cardboard_b_closed
xmodel,#p8_col_cabinet_lab_wood_top
xmodel,#attach_t8_wz_pickup_foregrip
xmodel,#p8_zm_esc_sheet_metal_4x8_bd_01_white
xmodel,#wpn_t8_pistol_burst_world
xmodel,#hash_30769aaa73c8ef36
xmodel,#hash_3081d78dc7cc1968
xmodel,#wpn_t8_zm_crossbow_impaler_projectile
xmodel,#p8_cable_wire_bundle_48_01
xmodel,#p8_col_crate_wood_lrg
xmodel,#c_zom_dlc1_skeleton_zombie_body_g_blegsoff
xmodel,#hash_30b1bdc5c885f117
xmodel,#p7_zm_asc_pipes_electrical_t
xmodel,#p7_zm_der_rust_angle_plate_bolt
xmodel,#veh_t8_mil_helicopter_light_debris_skids
xmodel,#p7_plank_wood_broken_2x4x64
xmodel,#hash_30cd191ca0025f9f
xmodel,#p8_zm_esc_rubble_piles_stones_02
xmodel,#p8_zm_esc_rubble_piles_stones_03
xmodel,#hash_30d9b69bf3ba8675
xmodel,#hash_30d9d3fac6879fbb
xmodel,#hash_30ddc4bad3ae5809
xmodel,#p7_mou_light_lamp_desk
xmodel,#p7_pipe_metal_hp_4_straight_16_bare
xmodel,#p7_fir_bathroom_mirror
xmodel,#veh_t8_drone_rcxd_wheel_left_attach
xmodel,#hash_30f619802c0c541f
xmodel,#p7_chain_metal_bracket_01
xmodel,#p8_col_conveyor_unit_freezer_fans
xmodel,#p8_col_ship_door_exterior
xmodel,#p8_zm_esc_cell_shower_head_base
xmodel,#hash_3105309c76fd7b2e
xmodel,#c_t8_zmb_mob_zombie_body2_g_upclean
xmodel,#hash_311d42c590b9a8fb
xmodel,#p7_zm_gen_gutter_corner_convex_lod
xmodel,#hash_314f2d03394e0de7
xmodel,#hash_315abd49d36eb4b9
xmodel,#hash_b1771af97bf3d0d5
xmodel,#p8_zm_esc_sheet_metal_4x8_bd_08
xmodel,#p8_zm_esc_sheet_metal_4x8_bd_02
xmodel,#p8_zm_esc_sheet_metal_4x8_bd_03
xmodel,#p8_zm_esc_sheet_metal_4x8_bd_01
xmodel,#p8_zm_esc_sheet_metal_4x8_bd_04
xmodel,#p8_zm_esc_gun_gallery_metal_plate_03
xmodel,#p8_zm_esc_gun_gallery_metal_plate_02
xmodel,#p8_spa_trashcan_lid
xmodel,#p8_col_board_plywood_paint_01
xmodel,#wpn_t8_wpn_lmg_hades_world
xmodel,#p8_zm_esc_model_industry_rollup_door_01
xmodel,#p7_box_cardboard_b_closed_wet
xmodel,#p7_mou_snow_chunk_01
xmodel,#p7_mou_snow_chunk_04
xmodel,#p7_inf_foy_beginning_house_pot_01
xmodel,#hash_31e9ed7394b94a0c
xmodel,#hash_320dbfa8a703646b
xmodel,#p8_col_wall_brace_01
xmodel,#wpn_t8_eqp_grenade_emp_projectile
xmodel,#hash_32274f81dbd4485d
xmodel,#p7_zm_ver_freezer_morgue_door
xmodel,#wpn_t8_loot_ar_an94_world
xmodel,#p8_zm_esc_candle_med_on
xmodel,#wpn_t8_loot_ar_standard_sig_02_world
xmodel,#p7_zm_mob_cell_bed_frame
xmodel,#wpn_t8_shotgun_semi_mag_sig_01_world
xmodel,#p8_wz_perk_pickups_engineer
xmodel,#hash_32696ae77b99da34
xmodel,#p8_usa_locker_metal_shelf
xmodel,#hash_326beca2b77134f0
xmodel,#p7_rug_cloth_modern_128x256_05
xmodel,#p7_rug_cloth_modern_128x256_06
xmodel,#wpn_t8_smg_accurate_world
xmodel,#wpn_t8_lmg_titan_sig_02_view
xmodel,#p8_concrete_tile_01_thick_broken_i_zm_esc
xmodel,#wpn_t8_tac_rifle_mid_burst_scope_ads_sig_02_view
xmodel,#wpn_t8_eqp_concertina_wire_world
xmodel,#p8_crane_suspended_01_wire
xmodel,#p8_shelf_display_shop_electric_box
xmodel,#hash_32bf3c97caca161c
xmodel,#p7_wes_washstand_vintage_towel
xmodel,#p7_consumer_grade_monitor_wall_medium_dmg
xmodel,#p7_debris_wood_lath_01_8a_double
xmodel,#wpn_t8_loot_smg_vmp_mag_view
xmodel,#p8_fxanim_zm_esc_sheet_torn_02_smod
xmodel,#hash_32f65cd85c6470a1
xmodel,#p7_pipe_metal_hp_4_coupling_bare
xmodel,#wpn_t8_loot_tac_rifle_damageburst_mag_view
xmodel,#wpn_t8_loot_pistol_auto_clip_world
xmodel,#hash_330c1a33bcadf73b
xmodel,#wpn_t8_loot_shotgun_fullauto_mag_mk2_world
xmodel,#wpn_t8_loot_pistol_auto_clip_sig_02_world
xmodel,#hash_331646284a7ff3c7
xmodel,#p8_zm_esc_windows_glass_01_bloody_03
xmodel,#p8_zm_esc_windows_glass_01_bloody_04
xmodel,#p8_wz_foliage_bush_creosote_02_dry
xmodel,#hash_3334c0d11c6eb007
xmodel,#hash_3334c1d11c6eb1ba
xmodel,#hash_3339ccdab5b23844
xmodel,#hash_333bdf5e04669da4
xmodel,#wpn_t8_loot_smg_folding_view
xmodel,#hash_335ce229757b5d3f
xmodel,#p8_zm_esc_fireplace_vintage
xmodel,#p8_fxanim_mp_seaside_roof_tarp_01_smod
xmodel,#hash_33a91fc98f4c8704
xmodel,#wpn_t8_eqp_turret_mini_camera_fx
xmodel,#hash_33aff8bb06b080cd
xmodel,#p7_debris_paper_sheet_01
xmodel,#p8_zm_esc_bldg_64_grate
xmodel,#p8_col_metal_corrugated_roof
xmodel,#attach_t8_ar_stealth_bayonet_sig_02_view
xmodel,#p8_zm_esc_bed_infirmary_mattress_01
xmodel,#p8_zm_esc_bed_infirmary_mattress_02
xmodel,#p8_zm_esc_bed_infirmary_mattress_03
xmodel,#hash_33e140a154d7485b
xmodel,#p8_zm_zod_toy_bear
xmodel,#veh_t8_drone_rcxd_wheel_attach_mp_light
xmodel,#p8_col_board_plywood_old_large_01
xmodel,#p8_fxanim_zm_esc_power_panel_phouse_05_mod
xmodel,#p8_pipes_electrical_bracket_metal
xmodel,#p7_zm_isl_pipe_hp_12_straight_32_rust
xmodel,#attach_t8_loot_smg_vmp_fast_mag_world
xmodel,#hash_3419cfb17144ef03
xmodel,#hash_342fbd059e90529b
xmodel,#hash_342fbe059e90544e
xmodel,#hash_343568e77bf3b958
xmodel,#hash_3457c9948870a3cc
xmodel,#wpn_t8_smg_mp9_world
xmodel,#wpn_t8_loot_sniper_mini14_world
xmodel,#hash_346c81db10c3c94c
xmodel,#p8_chi_fuel_tank_large_console_vent_02
xmodel,#veh_t8_mil_helicopter_light_decals_attach
xmodel,#hash_3498dcaf774f8292
xmodel,#hash_349f242e9ad3086f
xmodel,#hash_34a273cd6c3362a7
xmodel,#p8_zm_esc_infirmary_doorframe
xmodel,#p8_ice_med_rock_01
xmodel,#p7_ladder_metal_secured_64
xmodel,#wpn_t8_zm_mp40_mag_world
xmodel,#p8_zm_esc_bldg_64_arch_lrg_int_decal
xmodel,#p8_pipes_electrical_conduit_box_01_white
xmodel,#p8_foliage_grass_blades_wild_lrg_01
xmodel,#hash_34e095da245c50dd
xmodel,#hash_34f4cc232c277c35
xmodel,#hash_35019b25e83ed091
xmodel,#p7_debris_wood_lath_01_16b_double
xmodel,#wpn_t8_pistol_standard_clip_world
xmodel,#hash_35372259d7d023f0
xmodel,#p7_zm_mob_bench_mess_hall
xmodel,#hash_353bfe40ae1c2101
xmodel,#p7_zm_isl_fire_extinguisher_case
xmodel,#wpn_t8_pistol_revolver_sig_02_view
xmodel,#hash_354ebdf1541b251d
xmodel,#p8_wz_fir_bench_wood_alt
xmodel,#hash_3556fe64809e5070
xmodel,#wpn_t8_lmg_titan_sig_01_view
xmodel,#p8_col_rail_tower_pallet_dmg
xmodel,#p7_wires_electrical_rubber_02
xmodel,#p7_wires_electrical_rubber_03
xmodel,#p8_zm_esc_cell_bed_pillow
xmodel,#p8_wz_rock_cliff_large_01_b_round_top
xmodel,#p7_spl_first_aid_box
xmodel,#hash_35a32d4a27fba42c
xmodel,#hash_b5c8f4d3246c2a38
xmodel,#p7_zm_asc_pipes_modular_clamp_d
xmodel,#hash_35cd0919e3d114f2
xmodel,#wpn_t8_eqp_semtex_cluster_world
xmodel,#hash_35cfc344ed479d62
xmodel,#veh_t8_drone_rcxd_wheel_attach
xmodel,#hash_35ea3f9f486eb37c
xmodel,#hash_35ea409f486eb52f
xmodel,#hash_35eafec13c21e89e
xmodel,#p7_mou_concrete_slab_small
xmodel,#p7_scaff_plywood_walkway_36x96
xmodel,#hash_36060702aa2af607
xmodel,#hash_360cb8ae1f28942e
xmodel,#p7_ladder_metal_secured_cap
xmodel,#wpn_t8_loot_ar_double_barrel_mag_view
xmodel,#p7_zm_isl_table_operating
xmodel,#hash_363cce898063083f
xmodel,#p8_fxanim_zm_esc_power_panel_phouse_08_mod
xmodel,#wpn_t8_ar_stealth_mag_mk2_view
xmodel,#p8_wz_esc_acid_trap_tank
xmodel,#hash_365b866a3a5964d2
xmodel,#hash_36694dbdf709815c
xmodel,#wpn_t8_smg_fastfire_mk2_view
xmodel,#wpn_t8_lmg_plr_mag_view
xmodel,#wpn_t8_tac_rifle_surgeon_scope_ads_sig_02_view
xmodel,#p8_zm_zod_pnuematic_tube_clamp
xmodel,#p7_wire_plastic_ground_01
xmodel,#p7_shelf_modern_02_a
xmodel,#p7_debris_drywall_chunks_03
xmodel,#p7_debris_drywall_chunks_07
xmodel,#p7_debris_drywall_chunks_08
xmodel,#p7_debris_drywall_chunks_14
xmodel,#hash_36977851f0e2f728
xmodel,#p7_debris_drywall_chunks_22
xmodel,#hash_369a4daf563e839b
xmodel,#hash_369bd55ff9b3ce98
xmodel,#wpn_t8_eqp_semtex_cluster_projectile
xmodel,#p8_zm_esc_gutter_section_spout_bracket
xmodel,#p8_zm_esc_junk_pile_96
xmodel,#p7_zm_ver_bookshelf_wood_dmg
xmodel,#hash_36c6fee26f47ea65
xmodel,#wpn_t8_zm_crossbow_impaler_mag_view
xmodel,#wpn_t8_loot_tac_rifle_damageburst_world
xmodel,#p8_usa_submarine_interior_consoles_details_hinge
xmodel,#wpn_t8_loot_tac_rifle_flechette_scope_ads_sig_01_view
xmodel,#p8_concrete_tile_01_thick_broken_f_zm_esc
xmodel,#p7_pipe_metal_hp_4_brace_sml_1_bare
xmodel,#hash_37170f9c0564b46b
xmodel,#p8_zm_esc_hallway_railing_broken_06
xmodel,#p8_zm_esc_hallway_railing_broken_04
xmodel,#p8_zm_esc_hallway_railing_broken_05
xmodel,#p8_zm_esc_hallway_railing_broken_03
xmodel,#p8_zm_esc_hallway_railing_broken_01
xmodel,#p7_medical_surgical_tools_knife
xmodel,#p8_zm_esc_debris_concrete_rubble_lg_03_flat_02
xmodel,#hash_37441d4414e233e2
xmodel,#hash_37453598148c84f8
xmodel,#hash_37528a9dcbd6ec4d
xmodel,#p7_panels_metal_wall_exterior_access_01
xmodel,#attach_t8_optic_float_dot_world
xmodel,#p7_zm_ctl_desk_supply_fan
xmodel,#p7_electrical_box_set_box_1
xmodel,#hash_376f5df9c995ed0c
xmodel,#p7_electrical_box_set_box_4
xmodel,#veh_t8_mil_helicopter_light_seat_attach
xmodel,#p7_zm_isl_light_operating_vintage
xmodel,#p8_fxp_fluid_droplet_blood
xmodel,#wpn_t8_shotgun_pump_mk2_view
xmodel,#p7_pipe_metal_sprinkler_holder
xmodel,#p7_light_metal_hanging_mechanic_on
xmodel,#hash_379022155b3867d1
xmodel,#hash_379b4c689af7c6ae
xmodel,#hash_379e121e0a96545f
xmodel,#hash_37aa8a03ebd03097
xmodel,#p7_cai_foliage_flower_penstemon_dry_single
xmodel,#p7_zm_zod_gutter_funnel
xmodel,#hash_37cab08326fd1ad1
xmodel,#hash_37d059c09f35f37b
xmodel,#p8_zm_esc_light_industrial_socket
xmodel,#p8_zm_zod_cart_mail_wheel
xmodel,#hash_37ee84e1f9164806
xmodel,#hash_37fcff20b1e4cb82
xmodel,#p7_zm_gen_gutter_section_64_lod
xmodel,#hash_37fe893b1832e500
xmodel,#hash_38044313480ed02c
xmodel,#p7_wes_chips_stack_poker_lrg_red
xmodel,#p8_fxanim_zm_esc_clock_01_smod
xmodel,#p7_wes_wood_plank_single_01
xmodel,#p7_pipe_metal_hp_12_elbow_90_white
xmodel,#p7_pipe_metal_hp_4_straight_4_off_white
xmodel,#p7_zm_ver_sink_vanity
xmodel,#hash_382702abd600d0eb
xmodel,#hash_382776c007e206af
xmodel,#p7_debris_concrete_rubble_med_01_no_metal_warm_sml
xmodel,#hash_38548ed3a1030789
xmodel,#hash_3857136905a991de
xmodel,#p8_wz_cu_respirator
xmodel,#wpn_t8_loot_tac_rifle_flechette_mag_sig_01_world
xmodel,#p7_zm_mob_cabinet_steel_door_rt
xmodel,#p8_fxanim_wz_supply_stash_01_mod
xmodel,#wpn_t8_loot_ar_standard_mag_world
xmodel,#hash_388f8ee11534bfb3
xmodel,#wpn_t8_smg_mp9_sig_02_view
xmodel,#p7_zm_mob_cabinet_steel_door_lt
xmodel,#p8_col_plank_wood_board_01_light
xmodel,#wpn_t8_pistol_standard_clip_sig_02_view
xmodel,#wpn_t8_smg_capacity_mag_sig_01_view
xmodel,#p8_col_military_ship_gun
xmodel,#c_t8_zmb_mob_zombie_body1
xmodel,#c_t8_zmb_mob_zombie_body2
xmodel,#wpn_t8_eqp_turret_mini_prop_spawn_model_panel_lt
xmodel,#hash_38ce82b1f085ffa8
xmodel,#hash_38de1ca60d5c7143
xmodel,#hash_38f0c066717be18a
xmodel,#wpn_t8_ar_k57_mag_mk2_view
xmodel,#wpn_t8_eqp_turret_mini_prop_spawn_model_panel_rt
xmodel,#hash_391986b1f0c5f1ee
xmodel,#p7_zm_asc_light_fluorescent_glass
xmodel,#hash_3927cc3028ac38d9
xmodel,#p7_aqu_railings_set_metal_base
xmodel,#hash_394c1be99ac6face
xmodel,#hash_394f0251eb14ec3b
xmodel,#hash_394f27955fdf148e
xmodel,#p7_pipe_metal_hp_4_coupling_yellow
xmodel,#hash_3955f651eb1af685
xmodel,#wpn_t8_crossbow_special_projectile
xmodel,#hash_39597251eb1dff10
xmodel,#p7_door_frame_metal_industrial_02_single_bare
xmodel,#p7_pipe_metal_hp_4_t_joint_bare
xmodel,#p7_slu_door_white_frame_double
xmodel,#wpn_t8_smg_accurate_sig_03_view
xmodel,#hash_3982d7c538245dad
xmodel,#hash_3997b10b0073eb2f
xmodel,#hash_3997b20b0073ece2
xmodel,#p7_zur_barracks_grate
xmodel,#hash_399ac24033c2479b
xmodel,#p8_wz_ammo_pickup_338
xmodel,#wpn_t8_melee_hatchet_world
xmodel,#p7_fxanim_gp_tarp_blue_hang_02_s1_smod
xmodel,#p7_fxanim_gp_tarp_blue_hang_04_s1_smod
xmodel,#hash_39dc46bc5878d6f9
xmodel,#p8_wz_foliage_primrose_01
xmodel,#p8_wz_foliage_primrose_02
xmodel,#p8_usa_submarine_interior_consoles_details_handle
xmodel,#p7_zm_ctl_gondola_machine
xmodel,#p7_zm_asc_pipes_electrical_long
xmodel,#p8_col_plank_wood_rustic_02
xmodel,#hash_3a1e6975df9842da
xmodel,#hash_3a245269028a1c32
xmodel,#p7_crate_wood_02_lid
xmodel,#wpn_t8_loot_melee_slay_bell_world
xmodel,#hash_3a472a30fae834d3
xmodel,#p8_zm_esc_paper_pile_64x64
xmodel,#p7_wes_wood_plank_old_beam
xmodel,#wpn_t8_loot_ar_peacekeeper_world
xmodel,#p7_medical_surgical_tray_tools_bloody
xmodel,#wpn_t8_zm_raygun_mk2_world_blue
xmodel,#hash_3a962e330e072e92
xmodel,#p8_chi_comm_antenna_roof_lrg
xmodel,#wpn_t8_tac_rifle_mid_burst_scope_mk2_ads
xmodel,#p7_medical_rolling_iv_drip_dirty
xmodel,#wpn_t8_loot_ar_peacekeeper_mag_world
xmodel,#c_zom_dlc1_skeleton_zombie_head
xmodel,#veh_t8_mil_helicopter_light_bench_attach
xmodel,#p8_zm_zod_bathroom_sink_first_class_basin
xmodel,#p7_fxanim_gp_trash_floating_bottle_water_01_smod
xmodel,#p8_wz_skt_signage_hours
xmodel,#p8_zm_esc_blood_text_steps
xmodel,#wpn_t8_zm_blundergat_view
xmodel,#p8_usa_rock_river_large_03
xmodel,#hash_3af2ccfdcf0f6f70
xmodel,#p8_light_wall_cage_on
xmodel,#p7_medical_surgical_cart_metal_02_dirty
xmodel,#hash_3b18b02fafdb1f38
xmodel,#p7_zm_tra_fence_chainlink_post
xmodel,#p7_zm_ctl_table_metal_vintage_01_lrg
xmodel,#wpn_t8_sniper_vanguard_sig_02_world
xmodel,#hash_3b54aad57acede5c
xmodel,#p7_fxanim_gp_streamer_blue_med_02_s3_smod
xmodel,#wpn_t8_eqp_molotov_view
xmodel,#hash_3b69b7e3375561e8
xmodel,#hash_3b69bde337556c1a
xmodel,#wpn_t8_loot_pistol_auto_view
xmodel,#wpn_t8_eqp_grenade_emp_world
xmodel,#p8_zm_esc_rec_area_stairs_broken_02
xmodel,#p8_zm_esc_rec_area_stairs_broken_01
xmodel,#p7_ban_i_beam_bracket_32_l_01
xmodel,#p7_zm_der_door_frame_buy_std_single
xmodel,#p8_zm_esc_crate_wood_sml
xmodel,#p8_usa_submarine_mess_hall_bench_seat
xmodel,#p7_brick_dirty_03
xmodel,#p7_brick_dirty_04
xmodel,#p7_fir_barrel_metal_light
xmodel,#wpn_t8_lmg_plr_sig_02_world
xmodel,#hash_3bc1ff3da31b0b51
xmodel,#p8_wz_asylum_window_boards_single_02
xmodel,#p8_wz_asylum_window_boards_single_03
xmodel,#p8_wz_asylum_window_boards_single_01
xmodel,#hash_bbea45124bec7d5b
xmodel,#veh_t8_mil_helicopter_light_debris_fuselage
xmodel,#hash_3bfbcf5706432fad
xmodel,#wpn_t8_sniper_power_semi_mag_view
xmodel,#hash_3c14f56ba7804e74
xmodel,#p8_fxanim_wz_target_dummy_01_mod
xmodel,#p8_hatch_door_frame_b
xmodel,#c_t8_zmb_mob_brutus_body
xmodel,#p7_gib_chunk_flesh_01
xmodel,#p7_gib_chunk_flesh_03
xmodel,#p7_gib_chunk_flesh_02
xmodel,#p8_tree_dead_large_01
xmodel,#p8_usa_submarine_missile_couplings_01
xmodel,#wpn_t8_loot_sniper_locus_mag_view
xmodel,#p7_window_glass_shard_08
xmodel,#p7_window_glass_shard_09
xmodel,#p7_window_glass_shard_06
xmodel,#p7_window_glass_shard_07
xmodel,#p7_window_glass_shard_04
xmodel,#p7_window_glass_shard_05
xmodel,#p7_window_glass_shard_02
xmodel,#p7_window_glass_shard_03
xmodel,#p7_window_glass_shard_01
xmodel,#p7_window_glass_shard_10
xmodel,#p8_kit_col_med_01_roof_trim_02_end_left_light_metal_32_01
xmodel,#hash_3c9546178460e24a
xmodel,#wpn_t8_smg_accurate_sig_01_view
xmodel,#hash_3ca37b41cf44dafe
xmodel,#hash_3ca5a9aaa4d210ff
xmodel,#p7_conduit_metal_1_outlet_switch
xmodel,#p8_zm_zod_bathroom_sink_first_class_faucet
xmodel,#hash_3cd1cdd8149537b1
xmodel,#hash_3cd32a4bbe3f3427
xmodel,#hash_3cd32b4bbe3f35da
xmodel,#p8_debris_concrete_rubble_01_scatter_small_64_01
xmodel,#hash_3cdea0da5279aa42
xmodel,#p8_wz_door_garage_storage_frame
xmodel,#p8_wz_foliage_wild_grass_64_short
xmodel,#p7_metal_bolt_bracket_top
xmodel,#wpn_t8_crossbow_special_world
xmodel,#hash_3d1068661ffe0f36
xmodel,#hash_3d1d1436704868a7
xmodel,#p7_zm_der_light_shade
xmodel,#hash_3d2e596635a36f85
xmodel,#p8_zm_esc_desk_wood_vintage_drawer_03
xmodel,#p8_zm_esc_desk_wood_vintage_drawer_02
xmodel,#p8_zm_esc_desk_wood_vintage_drawer_01
xmodel,#p8_zm_esc_desk_wood_vintage_drawer_05
xmodel,#p8_zm_esc_desk_wood_vintage_drawer_04
xmodel,#hash_3d44c63f0f4123d7
xmodel,#hash_3d4841c1385a5d3f
xmodel,#hash_3d49582935747aaa
xmodel,#p7_toolbox_handheld_small_red
xmodel,#hash_3d67854fc9d14511
xmodel,#p7_pipe_metal_hp_4_straight_8_white
xmodel,#p8_zm_esc_hallway_railing_broken_01_r
xmodel,#hash_3d7b77dfef4a8a58
xmodel,#hash_3d7f1f8f1c66e29b
xmodel,#p8_usa_submarine_interior_consoles_panels_long
xmodel,#wpn_t8_ar_accurate_sig_01_view
xmodel,#p8_usa_submarine_interior_consoles_panels_small
xmodel,#p7_fxanim_gp_wire_thick_tangle_02_smod
xmodel,#hash_3d920e7ddbaee55d
xmodel,#p8_fxanim_gp_tarp_drape_ripped_01_smod
xmodel,#p7_slu_fuse_box_electric_pipe_01
xmodel,#p7_slu_fuse_box_electric_pipe_02
xmodel,#wpn_t8_lmg_titan_mag_view
xmodel,#wpn_t8_loot_melee_slay_bell_view
xmodel,#hash_3dcd7121bade01cd
xmodel,#wpn_t8_ar_galil_mag_view
xmodel,#p8_zm_esc_hallway_railing_bar
xmodel,#p8_heist_bank_money_bundle_01
xmodel,#p8_heist_bank_money_bundle_02
xmodel,#c_t8_zmb_mob_zombie_body1_g_llegoff
xmodel,#hash_3e176c099073dfd1
xmodel,#p7_wes_bookshelf_wood_vintage
xmodel,#hash_3e1c9aea83a6982c
xmodel,#wpn_t8_ar_stealth_mk2_view
xmodel,#hash_3e26cc93c4faa6de
xmodel,#hash_3e2e3f89fe16d2f2
xmodel,#p7_conduit_rust_2_straight_4
xmodel,#p8_fxp_fluid_tendril_1_water
xmodel,#wpn_t8_ar_k57_sig_02_view
xmodel,#p8_usa_light_fluorescent_hanging
xmodel,#hash_3e734374d806f911
xmodel,#hash_3e73d34d8ef527a5
xmodel,#wpn_t8_zm_lmg_mg08_world
xmodel,#p8_lab_tech_rack_console_02_cheap
xmodel,#hash_3e873e6d00597bcd
xmodel,#hash_3e920a6f88bba857
xmodel,#p8_fxanim_gp_vine_strand_ivy_32_long_dry_smod
xmodel,#p8_wz_esc_industry_window_lg_ledge_01
xmodel,#wpn_t8_pistol_burst_mag_sig_01_view
xmodel,#hash_3ec0b7d02a4a2b23
xmodel,#hash_3ecd8791fe2c8363
xmodel,#hash_3edc2df769040554
xmodel,#hash_3edc86a91740bd4a
xmodel,#hash_3ee38bd648b269fd
xmodel,#p8_zm_esc_machinery_industrial
xmodel,#p8_zm_esc_bldg_64_arch_door_02
xmodel,#p7_pipe_metal_hp_12_t_joint_bare
xmodel,#hash_3f0536a19c92faab
xmodel,#hash_3f0537a19c92fc5e
xmodel,#hash_3f084f2956bb3759
xmodel,#hash_3f2e556ec23f8071
xmodel,#hash_3f3414af5f98a377
xmodel,#p7_zm_zod_boxer_gym_ibeam_128_01_dark
xmodel,#hash_3f41c4b7b3b4c2df
xmodel,#p8_zm_zod_magazine
xmodel,#hash_3f487c53c6614176
xmodel,#p7_cash_register_vintage
xmodel,#hash_3f5a8b8332d1681a
xmodel,#wpn_t8_loot_shotgun_fullauto_sig_view
xmodel,#p7_fir_bathroom_sink
xmodel,#p7_zm_ctl_tool_fireplace_shovel
xmodel,#hash_3f8cdb1e4e42ca45
xmodel,#p8_pipes_electrical_elbow_t_metal
xmodel,#p7_crate_wood_02_long_lid
xmodel,#hash_3f9ba91b9c91034e
xmodel,#p8_zm_esc_library_pillar_01
xmodel,#p8_zm_esc_library_pillar_03
xmodel,#p8_zm_esc_library_pillar_02
xmodel,#p7_fir_ball_sports_basketball
xmodel,#wpn_t8_smg_accurate_mag_view
xmodel,#hash_3fc6c363836c5621
xmodel,#hash_3fca30345fb7ae88
xmodel,#wpn_t8_pistol_standard_world
xmodel,#wpn_t8_tac_rifle_mid_burst_world
xmodel,#hash_3fd6baed17f01874
xmodel,#wpn_t8_grapple_gun_projectile
xmodel,#wpn_t8_zm_lmg_mg08_mag_world
xmodel,#p8_fxanim_zm_esc_crate_wood_lrg_smod
xmodel,#p8_zm_esc_cell_skylight_frame_end_small
xmodel,#p7_zm_asc_chemistry_bottle_white
xmodel,#p8_usa_submarine_interior_consoles_details_screen_off
xmodel,#wpn_t8_ar_fastfire_sig_01_view
xmodel,#p8_whiteboard_plastic
xmodel,#p7_foliage_fern_sword_small_dry
xmodel,#hash_4013d0d9bcbcf435
xmodel,#p8_zm_esc_sign_location_laundry
xmodel,#veh_t8_mil_helicopter_light_debris_tail
xmodel,#p7_fir_light_industrial_bulb
xmodel,#hash_4031a0948df3757c
xmodel,#p8_zm_esc_bldg_64_arch_door_decal
xmodel,#p8_debris_coal_01_small_01_emissive_shell_01_hot
xmodel,#hash_40423c44e93ce8b4
xmodel,#wpn_t8_pistol_burst_mag_sig_02_view
xmodel,#p7_zm_sta_shelf_wall_bracket
xmodel,#hash_404b2af8925dd3a7
xmodel,#p7_rus_insulator_electrical
xmodel,#wpn_t8_ar_accurate_sig_02_view
xmodel,#p8_col_board_plywood_old_01_brighter
xmodel,#p8_fxanim_gp_wire_clump_hang_01_smod
xmodel,#wpn_t8_zm_lmg_mg08_view
xmodel,#hash_40997479c294f7b4
xmodel,#p8_zm_esc_power_house_panel_box
xmodel,#p8_jpn_wire_rubber_vertical_w32xh64_02
xmodel,#p8_jpn_wire_rubber_vertical_w32xh64_01
xmodel,#p8_zm_esc_bldg_64_metal_beam_support
xmodel,#hash_40c52b5e62e317d7
xmodel,#hash_40c52c5e62e3198a
xmodel,#wpn_t8_sniper_koshka_mag_view
xmodel,#hash_40da974607441d88
xmodel,#p7_gib_chunk_bone_01
xmodel,#p7_gib_chunk_bone_03
xmodel,#p7_gib_chunk_bone_02
xmodel,#wpn_t8_launcher_standard_projectile_view
xmodel,#hash_40f9c71b18833f0a
xmodel,#hash_40fd46ec7e807378
xmodel,#hash_410f107aac39f97c
xmodel,#p7_fxanim_market_stand_tarp_white_corner_s3_mod
xmodel,#hash_412921bf4df6da15
xmodel,#p7_light_sconce_vintage_01
xmodel,#hash_412d8b159267f8e8
xmodel,#p7_barrier_block_concrete_long_01_low_mossy
xmodel,#hash_41385873a7e1b808
xmodel,#hash_414176b777f21a34
xmodel,#p8_zm_zod_chair_victorian
xmodel,#p8_col_fracking_pump_connection_pipes_broken
xmodel,#hash_4167b00f306cc4eb
xmodel,#hash_41689df57c8ad764
xmodel,#hash_417212b86bd2568b
xmodel,#p7_door_mat_coir_03
xmodel,#hash_418c075f73d35766
xmodel,#p8_debris_coal_01_loose_03
xmodel,#wpn_t8_ar_k57_view
xmodel,#p8_zm_whi_hose_01
xmodel,#p8_wz_rock_pile_small_cluster_01
xmodel,#p8_wz_rock_pile_small_cluster_02
xmodel,#p8_wz_rock_pile_small_cluster_03
xmodel,#p8_wz_rock_pile_small_cluster_04
xmodel,#hash_41ab9e2c2efaa479
xmodel,#hash_41ad9b4c4de4513e
xmodel,#p8_wz_esc_cart_mail_sorting_cap_01
xmodel,#p8_wz_esc_cart_mail_sorting_cap_02
xmodel,#hash_41cb425ad968e79e
xmodel,#hash_41d13ca6c7e2bab5
xmodel,#hash_41d32e0c4a0481a9
xmodel,#p7_zm_asc_console_launch_key_no_lid
xmodel,#attach_t8_ar_stealth_bayonet_sig_02_world
xmodel,#hash_41f0cc9a7933dabd
xmodel,#wpn_t8_equip_smartcover_world
xmodel,#hash_41fc9eab69867da9
xmodel,#wpn_t8_eqp_turret_mini_view
xmodel,#fx_bullet_chain_blur
xmodel,#wpn_t8_lmg_plr_mag_world
xmodel,#wpn_t8_lmg_plr_sig_02_view
xmodel,#p8_zm_esc_sign_location_power
xmodel,#hash_4234c7da8fc19508
xmodel,#hash_42362b8557a12260
xmodel,#hash_4251fe31d8ad05ba
xmodel,#p7_pipe_metal_hp_4_elbow_90_white
xmodel,#p7_zm_zod_boxer_gym_ibeam_128_01
xmodel,#hash_4261928e83db4944
xmodel,#p8_foliage_weeds_tall_corner_32x32_90_drk
xmodel,#p8_wz_foliage_bush_creosote_01
xmodel,#p8_wz_foliage_bush_creosote_02
xmodel,#hash_42894e645e52fc77
xmodel,#p8_zm_esc_bldg_64_metal_beam_01
xmodel,#p8_zm_esc_bldg_64_metal_beam_02
xmodel,#wpn_t8_tac_rifle_mid_burst_scope_ads_sig_01_view
xmodel,#hash_4298117864ffc556
xmodel,#p7_rebar_patch_64x64_01
xmodel,#p7_rebar_patch_64x64_03
xmodel,#veh_t8_mil_air_transport_cargo_bay_attach
xmodel,#p7_zm_zod_gutter_section_cap
xmodel,#p7_pipe_metal_hp_4_straight_32_yellow
xmodel,#p8_foliage_grass_blades_tall_sml_dry
xmodel,#hash_42f00d78654a3460
xmodel,#p7_zm_ver_cart_metal_surgical_wheel
xmodel,#p8_pipes_electrical_pipe_corner_sml_metal
xmodel,#p7_zm_zod_gutter_downspout_02
xmodel,#hash_42f8290e5ce92c9e
xmodel,#wpn_t8_tac_rifle_mid_burst_mag_sig_02_view
xmodel,#wpn_t8_lmg_hades_mag_sig_01_world
xmodel,#hash_430f3ecd30935d2d
xmodel,#hash_434431d7600d1b40
xmodel,#hash_434433d7600d1ea6
xmodel,#t8_wz_esc_pictures_wardenpic2
xmodel,#hash_434436d7600d23bf
xmodel,#hash_43567ebc6644efe8
xmodel,#wpn_t8_shotgun_pump_sig_02_world
xmodel,#hash_43711be5947d4134
xmodel,#p7_coffee_table_square_wood_02_worn
xmodel,#hash_c3932e200f42a519
xmodel,#hash_4396bd0e3d828787
xmodel,#hash_43972ca152673bd5
xmodel,#p7_vld_rock_pile_small_01
xmodel,#p7_zm_asc_pipes_electrical_short
xmodel,#hash_43ad2c29b062fece
xmodel,#p8_zm_esc_rug_rectangle_01_crooked
xmodel,#wpn_t8_zm_freeze_gun_world_upgraded
xmodel,#hash_c3c7aff3bdb16eac
xmodel,#wpn_t8_hero_war_machine_view
xmodel,#p8_fxanim_mp_offshore_banyan_tree_wires_10_smod
xmodel,#hash_43da016a69da35ad
xmodel,#p7_mou_wirebundle_straight_128
xmodel,#p8_pipe_metal_hp_4_valve_01_painted
xmodel,#p8_zm_esc_windows_frame_dest_01
xmodel,#p8_zm_esc_windows_frame_dest_02
xmodel,#p8_usa_submarine_interior_consoles_details_button
xmodel,#p7_barrel_plastic_blue
xmodel,#wpn_t8_ar_k57_mag_view
xmodel,#p7_conduit_metal_1_elbow90_short
xmodel,#p8_col_board_plywood_old_large_01_wet
xmodel,#hash_4420040297964f22
xmodel,#hash_442e72ee85996ee4
xmodel,#hash_443dd114b81a5579
xmodel,#veh_t8_drone_rcxd_bumper_spawn_model
xmodel,#hash_444eb146bfd38a48
xmodel,#veh_t8_mil_boat_tactical_raft_outboard_motor_attach
xmodel,#p8_wz_perk_pickups_deadsilence
xmodel,#p7_bucket_plastic_small_white_dirty
xmodel,#wpn_t8_loot_pistol_auto_clip_sig_02_view
xmodel,#wpn_t8_eqp_grenade_smoke_projectile
xmodel,#hash_448426bdb437d44c
xmodel,#hash_448ce0321810794f
xmodel,#p8_zm_zod_bathtub_first_class_bathroom
xmodel,#p8_usa_locker_metal_door_b
xmodel,#p7_conduit_metal_1_strap_med
xmodel,#wpn_t8_smg_handling_mk2_world
xmodel,#p8_usa_submarine_interior_consoles_details_toggle_switch
xmodel,#wpn_t8_loot_melee_stop_sign_view
xmodel,#p7_zm_ctl_toolbox_vintage
xmodel,#p7_medicine_bottles_clump
xmodel,#p7_pipe_metal_hp_4_valve_01_white
xmodel,#hash_451791540c6ca534
xmodel,#hash_4524f1be0f2e2b5e
xmodel,#hash_452bf55bc283b907
xmodel,#p8_box_cardboard_b_closed_damaged_wet
xmodel,#p8_gutter_01_funnel_01
xmodel,#p7_debris_wood_lath_01_32a
xmodel,#p7_zm_der_handrail_post_end
xmodel,#wpn_t8_smg_capacity_mag_sig_02_view
xmodel,#p8_col_fishingboat_shipwrecked_beam_dmg_01
xmodel,#p8_col_fishingboat_shipwrecked_beam_dmg_03
xmodel,#p8_col_fishingboat_shipwrecked_beam_dmg_02
xmodel,#hash_454d74c7abe067b4
xmodel,#p8_usa_submarine_interior_panel_04
xmodel,#wpn_t8_tac_rifle_surgeon_mag_sig_01_view
xmodel,#hash_4571157ac87a9df0
xmodel,#hash_457700233efc6fb2
xmodel,#p8_zm_esc_gun_gallery_metal_beam_bracket_01
xmodel,#p8_zm_esc_gun_gallery_metal_beam_bracket_02
xmodel,#p7_light_lamp_desk_vintage_01
xmodel,#p8_zm_esc_sheet_metal_2x4_white
xmodel,#hash_459168a30097e5d1
xmodel,#veh_t8_drone_rcxd_wheel_spawn_model
xmodel,#p8_zm_esc_desk_small
xmodel,#wpn_t8_pistol_burst_view
xmodel,#p7_whiteboard_plastic_writing_01
xmodel,#wpn_t8_ar_accurate_sig_03_world
xmodel,#wpn_t8_loot_shotgun_prec_view
xmodel,#hash_45c96d894aa5458e
xmodel,#p7_pipe_metal_hp_4_coupling_red
xmodel,#p7_foliage_vines_floor_128_dry
xmodel,#c_t8_zmb_mob_zombie_body1_g_blegsoff
xmodel,#p8_zm_esc_roof_vent_03_b
xmodel,#hash_45fa41c4ba437d4e
xmodel,#p8_col_chair_school_blue
xmodel,#p8_zm_esc_fireplace_01
xmodel,#hash_4618359e7bb116b9
xmodel,#hash_4618591d514e03a1
xmodel,#hash_46185a1d514e0554
xmodel,#hash_46185b1d514e0707
xmodel,#hash_46185c1d514e08ba
xmodel,#p7_zm_mob_window_bars_flat
xmodel,#wpn_t8_loot_sniper_mini14_view
xmodel,#wpn_t8_loot_smg_folding_mag_mk2_world
xmodel,#hash_4647b7148213e094
xmodel,#p8_debris_cardboard_flat_07
xmodel,#p7_conduit_rust_1_coupling_ribbed
xmodel,#c_t8_zmb_mob_brutus_boss_head
xmodel,#p7_wes_washstand_vintage
xmodel,#p7_pipe_metal_hp_4_t_joint_grey_dk
xmodel,#hash_4684a98e0f39f380
xmodel,#p8_zm_esc_light_switch_panel
xmodel,#hash_46c3dbb54c00e2fa
xmodel,#p8_zm_esc_box_cardboard_c_open02_damaged
xmodel,#wpn_t8_shotgun_semi_sig_01_view
xmodel,#hash_46e5ed457232e13c
xmodel,#wpn_t8_loot_smg_vmp_world
xmodel,#hash_46fe649847ab2bd3
xmodel,#hash_4709ea097f43fc37
xmodel,#hash_4716edad6b03d6c3
xmodel,#p8_zm_esc_pipe_bundle
xmodel,#p8_spa_trashcan
xmodel,#hash_475b2e988c764404
xmodel,#wpn_t8_ar_accurate_mag_sig_01_view
xmodel,#wpn_t8_wpn_lmg_hades_mag_view
xmodel,#p7_zm_asc_fire_bell
xmodel,#hash_477718bc29467679
xmodel,#hash_c77a573463ee3545
xmodel,#hash_479678144a429ba9
xmodel,#wpn_t7_zmb_perk_bottle_stimup_world
xmodel,#hash_47a2327b216d3468
xmodel,#p8_zm_esc_medical_surgical_tools_knife
xmodel,#hash_47a9fbdcc08e02c4
xmodel,#hash_47a9fedcc08e07dd
xmodel,#p7_zm_mob_clipboard_rack
xmodel,#p7_debris_cardboard_flat_06b
xmodel,#p7_wes_bottle_whiskey_01
xmodel,#hash_47d9dff9973347b3
xmodel,#p8_zm_esc_cell_door_frame_bottom_rusty
xmodel,#p7_inf_toilet_vintage_pipe_small
xmodel,#hash_47e20b12223925cb
xmodel,#p8_wz_frack_metal_plate_thin_01
xmodel,#p8_usa_submarine_missile_silo_bolts
xmodel,#hash_4817742d88ff73e8
xmodel,#p8_zm_esc_candle_small
xmodel,#wpn_t8_loot_smg_vmp_mag_world
xmodel,#hash_48217251f6e56223
xmodel,#wpn_t8_ar_stealth_mk2_world
xmodel,#attach_t8_wz_pickup_suppressor
xmodel,#hash_48346609d0995ae4
xmodel,#hash_4836cd2d79914f28
xmodel,#p7_duct_metal_rectangle_t_joint_rust
xmodel,#p8_wood_balcony_01_rail_end
xmodel,#hash_483db566702958cb
xmodel,#p8_fire_extinguisher_01_hook
xmodel,#wpn_t7_zmb_perk_bottle_ds_world
xmodel,#p7_plank_wood_broken_sml_2x4x64_wet
xmodel,#hash_4856656fba9d331e
xmodel,#p8_zm_esc_cell_toilet
xmodel,#p7_sky_kitchen_sink_01_dlc1
xmodel,#p8_sign_neon_wood_hook_02
xmodel,#hash_48722e5a04ffdc4b
xmodel,#hash_48722f5a04ffddfe
xmodel,#hash_4872bcd1b82f437d
xmodel,#wpn_t8_loot_shotgun_fullauto_mk2_view
xmodel,#p7_zm_der2_conduit_metal_1_outlet_switch
xmodel,#p8_zm_esc_candle_tall_on
xmodel,#p8_fxanim_zm_esc_warden_curtain_valance_smod
xmodel,#hash_48988ce99b46b0fd
xmodel,#hash_489ffd51988697d4
xmodel,#p7_zm_sta_cabinet_antique_dmg
xmodel,#p8_ladder_metal_secured_cap_01_painted_clean
xmodel,#hash_48b26b1b4fb86d2d
xmodel,#hash_48cde19cbb5ed8af
xmodel,#p8_usa_submarine_interior_consoles_panels_large
xmodel,#wpn_t8_pistol_burst_mag_view
xmodel,#p8_pipes_electrical_fitting_01_metal
xmodel,#p8_zm_esc_power_house_fence_metal_01
xmodel,#p8_zm_esc_rope_spool
xmodel,#hash_48ed652fddbe311a
xmodel,#hash_49011ac08d7ef14b
xmodel,#p8_zm_esc_cell_door_frame
xmodel,#hash_490586c30ac8bda9
xmodel,#p8_ibeam_01_straight_64_gray
xmodel,#p8_zm_esc_tools_hammer
xmodel,#p7_zm_ctl_clock_wall_vintage
xmodel,#wpn_t8_loot_melee_amulet_prop
xmodel,#p7_3arc_park_leaves_grp_3
xmodel,#p8_debris_coal_01_small_01
xmodel,#p7_conduit_rust_1_straight_16
xmodel,#p7_conduit_rust_1_straight_32
xmodel,#wpn_t8_shotgun_pump_world
xmodel,#fx_pistol_shell_blur
xmodel,#wpn_t8_ar_fastfire_mag_sig_01_world
xmodel,#wpn_t8_loot_smg_fastburst_mk2_view
xmodel,#p8_pipes_electrical_conduit_round_01_white
xmodel,#p8_crate_wood_01_open_lid_dmg
xmodel,#wpn_t8_loot_lmg_mk48_view
xmodel,#hash_49ebee57351e527e
xmodel,#p7_panels_metal_wall_exterior_vent_03
xmodel,#p7_panels_metal_wall_exterior_vent_01
xmodel,#c_t8_zmb_mob_zombie_body1_g_rarmoff
xmodel,#wpn_t8_sig_bow_world
xmodel,#hash_4a02cc224b2ee8b1
xmodel,#p8_col_plank_wood_board_01
xmodel,#hash_4a0c0cb550074d7a
xmodel,#p8_col_ship_door_frame
xmodel,#hash_4a2216a7015234ae
xmodel,#p7_conduit_rust_1_body_end
xmodel,#wpn_t8_loot_sniper_mini14_mag_world
xmodel,#p8_wz_door_01
xmodel,#p8_zm_esc_shower_fence_01
xmodel,#wpn_t8_shotgun_pump_mk2_world
xmodel,#p8_wz_rock_cliff_large_01_ab_round
xmodel,#wpn_t8_loot_tac_rifle_flechette_sig_01_world
xmodel,#p7_pipe_metal_hp_4_elbow_90_bare
xmodel,#p8_zm_esc_rubble_piles_stones_trim
xmodel,#p8_fxanim_mad_custom_tarp_boxes_01_smod
xmodel,#p8_zm_zod_pipe_set_cap_05
xmodel,#p8_zm_zod_pipe_set_cap_03
xmodel,#p8_zm_zod_pipe_set_cap_02
xmodel,#hash_4a86e820733b9c4b
xmodel,#hash_4a86e920733b9dfe
xmodel,#hash_4a87433b89736f3a
xmodel,#p8_wz_supply_stash_health_lvl3
xmodel,#p8_wz_supply_stash_health_lvl2
xmodel,#p8_zm_esc_table_kitchen
xmodel,#wpn_t8_loot_shotgun_fullauto_mag_sig_world
xmodel,#hash_4ab315dab07bdc37
xmodel,#p8_wood_balcony_01_rail_end_drk
xmodel,#p8_col_rock_smooth_set_01_lrg_01
xmodel,#hash_cacf86ecef26787e
xmodel,#p7_fxanim_gp_flag_usa_angled_01_s3_smod
xmodel,#p8_fxanim_wz_rollup_door_medium_mod
xmodel,#wpn_t8_loot_melee_stop_sign_world
xmodel,#p7_pipe_metal_hp_12_straight_64_grey_dk
xmodel,#hash_4b012a9ae0da644f
xmodel,#hash_4b0464ac3d3991b6
xmodel,#p7_pipe_metal_hp_4_straight_16_yellow
xmodel,#p7_zm_ctl_tool_fireplace_brush
xmodel,#p8_usa_submarine_mess_hall_table_long
xmodel,#hash_4b1fd4133ea24c8e
xmodel,#p7_curtain_hanging_36x122_floral
xmodel,#p8_zm_esc_shelf_industrial_vintage_96
xmodel,#p8_col_cabinet_lab_wood_btm
xmodel,#hash_4b62620f2ea66bed
xmodel,#wpn_t8_eqp_trophy_system_static
xmodel,#p7_rug_cloth_rolled_lrg_03
xmodel,#hash_4b85b3f7bc90e01c
xmodel,#c_t8_zmb_mob_zombie_body1_g_larmoff
xmodel,#p7_wz_barrel_metal_blue
xmodel,#p8_fxanim_zm_esc_power_panel_phouse_02_mod
xmodel,#hash_4ba5b9bd85194a25
xmodel,#p7_sweep_broom_synthetic_white
xmodel,#hash_4bb3151e199d1a6c
xmodel,#p8_wz_ammo_pickup_556
xmodel,#p8_wz_submarine_torpedo_hatch_door
xmodel,#hash_4bbf8db44a583f1b
xmodel,#p7_zm_der2_light_socket
xmodel,#hash_4bca69d97e149ec1
xmodel,#p7_zm_asc_console_launch_key_button_green
xmodel,#p8_chain_set_32_small_rust_01
xmodel,#hash_4bd6c152fb75999c
xmodel,#wpn_t8_tac_rifle_mid_burst_sig_02_world
xmodel,#hash_4bdb3a30a34b1068
xmodel,#hash_4bdb3d30a34b1581
xmodel,#p7_fxp_debris_dirt_clod_01_brown
xmodel,#wpn_t8_loot_smg_folding_mag_view
xmodel,#p7_nightstand_wood_vintage_01_red
xmodel,#hash_4c06e66e768ccad4
xmodel,#hash_4c131a7cdd6647e5
xmodel,#hash_4c1c4407e32665b8
xmodel,#hash_4c1ea5c595b05a08
xmodel,#p7_zm_isl_light_operating_vintage_base
xmodel,#p8_zm_esc_hallway_railing_corner
xmodel,#wpn_t8_ar_fastfire_mag_sig_01_view
xmodel,#p8_zm_esc_cell_door_frame_side
xmodel,#p7_wes_hotel_bar_shelf_column_top
xmodel,#hash_4c450e1f7974d859
xmodel,#wpn_t8_loot_ar_peacekeeper_mk2_world
xmodel,#p8_col_vent_cooler_bracket
xmodel,#p8_zm_esc_gun_gallery_metal_beam_02
xmodel,#p8_zm_esc_gun_gallery_metal_beam_01
xmodel,#p8_fxanim_gp_tarp_flat_tear_fallen_01_smod
xmodel,#p7_sweep_broom_push_white
xmodel,#p8_wz_perk_pickups_reinforced
xmodel,#wpn_t8_tac_rifle_surgeon_scope_sig_02_view
xmodel,#p7_wes_curtain_skirt_02
xmodel,#hash_4c64c3b0f849b83b
xmodel,#wpn_t8_crossbow_special_view
xmodel,#wpn_t8_eqp_turret_mini_leg_fx
xmodel,#p8_ice_gas_console_box_01_lt
xmodel,#p8_zm_esc_frame_door_isolation
xmodel,#p7_foliage_vines_hanging_flat_32_long_dry_indoor
xmodel,#p8_zm_esc_roof_trim_128_02
xmodel,#hash_4cad8878015b35a4
xmodel,#attach_t8_wz_pickup_pistol_grip
xmodel,#hash_4cc020fb48edde64
xmodel,#p7_pipe_metal_sprinkler_straight_64
xmodel,#wpn_t8_sig_flamethrower_world
xmodel,#p8_ice_gas_console_box_01_rt
xmodel,#wpn_t8_loot_sniper_mini14_mk2_world
xmodel,#p7_debris_paint_peeling_01
xmodel,#p7_fxanim_gp_trash_cardboard_flat_03_smod
xmodel,#p8_pipe_metal_hp_4_straight_16_metal
xmodel,#p7_bed_pillow_barrack
xmodel,#p8_office_papers_manilla_folder_beige
xmodel,#hash_4d3b6e0b24963929
xmodel,#p8_foliage_grass_blades_tall_lrg_dry
xmodel,#hash_cd4f73a49688d33c
xmodel,#fx_char_gib_chunk_bone03
xmodel,#hash_cd4f76a49688d855
xmodel,#p8_wz_foliage_leymus_grass_02
xmodel,#hash_4d6541c3b219832e
xmodel,#p8_pipe_metal_hp_4_straight_32_painted
xmodel,#hash_4d67db14d99c06cf
xmodel,#p7_zm_mob_door_frame_security
xmodel,#p7_zm_kin_cabinet_storage_door_rt
xmodel,#p7_box_cardboard_a_closed
xmodel,#p8_col_plank_wood_lrg_01
xmodel,#p7_pipe_metal_hp_4_straight_64_yellow
xmodel,#wpn_t8_zm_freeze_gun_view_upgraded
xmodel,#hash_4d910c3dbfbcbab3
xmodel,#hash_4d91213395eae553
xmodel,#hash_4d9437b8ccb77090
xmodel,#p8_fxanim_gp_tarp_scaffold_02_smod
xmodel,#p8_wz_cu_keychain
xmodel,#wpn_t8_tac_rifle_mid_burst_scope_mk2_world
xmodel,#p8_zm_wall_buy_symbol_01
xmodel,#p7_foliage_vines_hanging_flat_192_long_dry
xmodel,#p7_plank_wood_weathered_04
xmodel,#p7_plank_wood_weathered_01
xmodel,#p7_plank_wood_weathered_02
xmodel,#p7_plank_wood_weathered_03
xmodel,#wpn_t8_loot_shotgun_fullauto_mk2_world
xmodel,#p7_wes_bed_victorian_ornate_old
xmodel,#hash_4dc2276d9f72418c
xmodel,#p7_zm_kin_cabinet_storage_door_lt
xmodel,#p7_water_container_plastic_large_empty_blue
xmodel,#p7_pipe_metal_hp_4_straight_64_grey_dk
xmodel,#p8_zm_zod_boiler_big_bolt
xmodel,#p8_zm_esc_cell_sink
xmodel,#p7_zm_kin_dumpster_lid
xmodel,#p8_zm_esc_power_house_door_metal_rolling_sml
xmodel,#wpn_t8_loot_shotgun_fullauto_sig_world
xmodel,#p8_zm_esc_candle_tall
xmodel,#p8_fxanim_zm_esc_power_station_panel_02_mod
xmodel,#wpn_t8_tac_rifle_mid_burst_scope_mk2_view
xmodel,#p8_fxanim_zm_esc_power_station_panel_03_mod
xmodel,#wpn_t8_smg_fastfire_mk2_world
xmodel,#p8_usa_submarine_missile_pipes_01
xmodel,#p8_zm_esc_bldg_64_stairs_angle_tee_01
xmodel,#p8_zm_esc_bldg_64_stairs_angle_tee_02
xmodel,#p8_zm_esc_sheet_metal_2x4_red
xmodel,#hash_4ec8837ddb1955a7
xmodel,#hash_4ec9db1e062644e9
xmodel,#hash_4ed34c1808299109
xmodel,#p7_duct_metal_square_vent_rust
xmodel,#p7_sin_sh_truss_platform_pole_01
xmodel,#p8_zm_zod_lifeboat_equipment_rope_messy
xmodel,#wpn_t8_loot_pistol_auto_clip_mk2_view
xmodel,#hash_4f22a6b125151215
xmodel,#hash_4f337142545c5f55
xmodel,#p7_pipe_metal_hp_4_straight_4_white
xmodel,#p8_box_cardboard_b_open01_damaged_wet
xmodel,#p8_zm_esc_chemistry_kit_08
xmodel,#p8_zm_esc_chemistry_kit_02
xmodel,#p8_zm_esc_chemistry_kit_04
xmodel,#p8_zm_esc_chemistry_kit_05
xmodel,#p8_zm_esc_chemistry_kit_07
xmodel,#hash_4f5484ebd6e73cc3
xmodel,#p7_foliage_vines_floor_64_dry
xmodel,#skybox_default_day
xmodel,#hash_4f6370e96b5347e7
xmodel,#p7_debris_clothing_pants_01
xmodel,#hash_4f6c25afa87b85b0
xmodel,#wpn_t8_tac_rifle_swordfish_view
xmodel,#wpn_t8_smg_accurate_mag_sig_03_view
xmodel,#hash_4f95157509f1ebf9
xmodel,#wpn_t8_shotgun_pump_view
xmodel,#hash_4fc02d1350dfc569
xmodel,#p8_zm_esc_roof_vent_01
xmodel,#p8_zm_esc_roof_vent_05
xmodel,#p8_zm_esc_roof_vent_04
xmodel,#wpn_t8_pistol_revolver_view
xmodel,#hash_4fcd9d30728db649
xmodel,#c_t8_c_zom_avagadro_fb
xmodel,#p7_ban_light_floodlight
xmodel,#hash_cfe041e08384c49f
xmodel,#hash_4fe469cb60b64f9e
xmodel,#p8_usa_submarine_interior_consoles_details_knob_06
xmodel,#p8_usa_submarine_interior_consoles_details_knob_05
xmodel,#p8_usa_submarine_interior_consoles_details_knob_03
xmodel,#p8_usa_submarine_interior_consoles_details_knob_02
xmodel,#p8_usa_submarine_interior_consoles_details_knob_01
xmodel,#p7_fxanim_gp_tarp_tan_hang_04_s1_smod
xmodel,#p8_col_cabinet_lab_wood_btm2
xmodel,#hash_500fa44352781299
xmodel,#hash_500fa94352781b18
xmodel,#hash_500fab4352781e7e
xmodel,#wpn_t8_ar_accurate_mag_sig_03_world
xmodel,#wpn_t8_sniper_koshka_mag_mk2_view
xmodel,#p8_fxanim_mp_militia_water_tower_tarp_01_smod
xmodel,#p8_debris_concrete_rubble_01_scatter_medium_200_01
xmodel,#p8_wz_door_garage_mechanical_frame
xmodel,#hash_5038f8d61a9693a8
xmodel,#p8_col_cabinet_lab_wood_upright
xmodel,#p8_wz_door_01_farm
xmodel,#hash_5056b1e580c7ccb0
xmodel,#c_t8_zmb_mob_zombie_body1_g_lowclean
xmodel,#p7_pipe_metal_hp_12_brace_sml_1_white
xmodel,#hash_508ff87d0a7d63cb
xmodel,#wpn_t8_zm_crossbow_impaler_world
xmodel,#hash_50b0c741e2439201
xmodel,#wpn_t8_loot_lmg_mk48_clip_mk2_view
xmodel,#p7_debris_glass_shards_04_dark
xmodel,#hash_50c244655f6e488d
xmodel,#p8_zm_esc_pipe_metal_4_24_90_rust
xmodel,#hash_50d865605e4868c2
xmodel,#wpn_t8_zm_tomahawk_view
xmodel,#hash_50e407bc50bd8db1
xmodel,#hash_50e83bf1f49247d6
xmodel,#hash_50f2a981d6ed7c60
xmodel,#hash_51004ad12ba6ce43
xmodel,#hash_510932551f85e7b7
xmodel,#p8_def_fob_floor_mat_interlock_01
xmodel,#wpn_t8_smg_accurate_mag_sig_02_world
xmodel,#wpn_t8_ar_stealth_sig_02_view
xmodel,#p7_soc_shelf_restaurant
xmodel,#hash_513589d75c2754ed
xmodel,#hash_5137ece8fe744d99
xmodel,#wpn_t8_tac_rifle_surgeon_sig_02_world
xmodel,#p7_signage_caution_first_aid
xmodel,#p7_spl_clothes_hanger_black
xmodel,#p8_pipes_electrical_elbow_90_metal
xmodel,#p7_zm_mob_cell_sink
xmodel,#p8_zm_esc_power_station_panel_04_rusted
xmodel,#hash_517cab2e6914fc71
xmodel,#hash_5181e89462b3e1dd
xmodel,#p8_crate_wood_milk_01
xmodel,#hash_518fd03206fe7343
xmodel,#p8_wz_ammo_pickup_50
xmodel,#hash_519d0f88e772a3e3
xmodel,#wpn_t8_loot_tac_rifle_flechette_view
xmodel,#hash_51abbdf68a60a686
xmodel,#p7_cai_foliage_flower_penstemon_dry_02
xmodel,#p7_cai_foliage_flower_penstemon_dry_01
xmodel,#hash_51b85bab26f37ac6
xmodel,#hash_51bead8653916d20
xmodel,#hash_51beae8653916ed3
xmodel,#hash_51beaf8653917086
xmodel,#hash_51beb48653917905
xmodel,#p8_pipe_metal_hp_4_straight_64_metal
xmodel,#p8_gutter_01_bracket_01_painted
xmodel,#attach_t8_lmg_hades_snake_base_sig_01_world
xmodel,#p7_pipe_metal_hp_12_straight_16_grey_dk
xmodel,#p7_signage_posted_notices_notice
xmodel,#wpn_t8_tac_rifle_swordfish_mag_sig_02_view
xmodel,#hash_51ffac8555b0e91f
xmodel,#p8_usa_submarine_interior_consoles_panels_medium
xmodel,#p7_foliage_vines_floor_128x32_dry
xmodel,#hash_52135f006ebd04c0
xmodel,#p7_fxanim_gp_streamer_blue_knot_01_mod
xmodel,#hash_521821c0b29c6dc1
xmodel,#p8_zm_esc_sheet_metal_2x8_white
xmodel,#hash_5229d0381ccb693c
xmodel,#hash_5229d1381ccb6aef
xmodel,#hash_5229d3381ccb6e55
xmodel,#hash_522ac089915765ec
xmodel,#wpn_t8_eqp_grenade_concussion_projectile_dead
xmodel,#p7_medical_gauze_roll_sealed
xmodel,#hash_5264ff24afead5df
xmodel,#wpn_t8_pistol_standard_clip_view
xmodel,#hash_528d253acc2e65ee
xmodel,#hash_5292020e6050da01
xmodel,#p8_jnt_railing_01_yellow_24
xmodel,#p8_zm_esc_table_endtable_wood
xmodel,#p8_bottles_broken_ashore_03_shattered_01
xmodel,#p8_zm_esc_fence_pole_01
xmodel,#p8_zm_esc_fence_pole_02
xmodel,#wpn_t8_pistol_revolver_world
xmodel,#p8_streetlight_solar_electrical_box
xmodel,#p7_bookcase_wood_3_shelves_brown
xmodel,#p7_fir_shelf_wall_bracket
xmodel,#hash_52f74660992ca67e
xmodel,#p7_mou_pallet_wood
xmodel,#p8_zm_esc_turbine_generator_01_animated
xmodel,#hash_53111b63d0d2c699
xmodel,#p8_zm_esc_cell_ceiling_grate
xmodel,#p8_zm_esc_bldg_64_stairs_x6_lrg
xmodel,#hash_533c7d79a1bcd4fa
xmodel,#p7_zm_zod_gutter_section_spout_bracket
xmodel,#hash_535605aa8422dd1b
xmodel,#wpn_t8_tac_rifle_surgeon_mag_view
xmodel,#hash_5387f02c16283d53
xmodel,#hash_538e0280a01d8f7a
xmodel,#hash_539cdb7a238e5526
xmodel,#hash_539cdd7a238e588c
xmodel,#hash_539cde7a238e5a3f
xmodel,#hash_539ce07a238e5da5
xmodel,#hash_53b5696837c20161
xmodel,#hash_53b5c26c0d6f7d25
xmodel,#p8_zm_esc_nixie_tubes_on
xmodel,#hash_53d844290cdbb57c
xmodel,#hash_53e4e3896ae9737e
xmodel,#p8_zm_esc_bldg_64_arch_lrg_int_decal_ext
xmodel,#wpn_t8_ar_heavy_mag_mk2_view
xmodel,#wpn_t8_loot_tac_rifle_flechette_scope_mk2_view
xmodel,#p8_fxanim_gp_vine_strand_ivy_64_dry_smod
xmodel,#p7_fxanim_gp_cobweb_corner_01_mod
xmodel,#p7_bathtub_clawfoot_01_faucet
xmodel,#wpn_t8_smg_fastfire_mag_view
xmodel,#p7_fir_barrel_metal_blue
xmodel,#p8_zm_esc_windows_frame_01_paper_02
xmodel,#p8_usa_submarine_torpedo_railing_top
xmodel,#wpn_t8_ar_fastfire_world
xmodel,#p8_zm_esc_gun_gallery_metal_beam_support_04
xmodel,#p8_zm_esc_gun_gallery_metal_beam_support_05
xmodel,#p8_zm_esc_gun_gallery_metal_beam_support_02
xmodel,#p8_zm_esc_gun_gallery_metal_beam_support_03
xmodel,#p8_zm_esc_gun_gallery_metal_beam_support_01
xmodel,#p8_zm_zod_toilet_first_class_bathroom_paper
xmodel,#hash_54772c0518887643
xmodel,#hash_54810f17b6944f1a
xmodel,#p8_zm_esc_shower_fence_door_01
xmodel,#hash_5498f6d561c5feed
xmodel,#p7_pipe_metal_hp_4_valve_01_grey_dk
xmodel,#hash_54a5e3fe4eace907
xmodel,#p7_proto_fence_chainlink
xmodel,#p7_duct_metal_rectangle_straight_128_dark
xmodel,#p7_foliage_vines_hanging_flat_32_dry
xmodel,#hash_54b6fa4ee90fc939
xmodel,#p7_table_bar_modern_01_lrg_red_old
xmodel,#hash_54c97d01953ccf39
xmodel,#hash_54c9d56b9caa30b8
xmodel,#p8_zm_esc_cell_gate_corridor_frame
xmodel,#hash_54c9d86b9caa35d1
xmodel,#p8_crate_wood_01_dmg
xmodel,#hash_54d1187fdf17b452
xmodel,#p8_zm_esc_door_frame_wood_01
xmodel,#p7_pipe_metal_hp_4_straight_16_white
xmodel,#p8_zm_esc_cryo_blue_print_01
xmodel,#p7_beams_construction_stack_wood_nopaint_ends
xmodel,#p7_fxanim_gp_trash_newspaper_07_s3_smod
xmodel,#p7_foliage_vines_floor_64_dry_indoor
xmodel,#p7_wes_picture_frame_04
xmodel,#p7_wes_picture_frame_02
xmodel,#p7_wes_picture_frame_15
xmodel,#p7_wes_picture_frame_17
xmodel,#wpn_t8_loot_melee_zombie_arm_world
xmodel,#hash_555c2db0a9f51e01
xmodel,#p8_door_wood_arch_heavy_02_handle
xmodel,#p8_mp_spe_armor_medium
xmodel,#hash_556f52e86284803d
xmodel,#p7_foliage_vines_floor_192_dry
xmodel,#p8_fxanim_gp_furnish_caution_tape_pinned_01_smod
xmodel,#p8_zm_esc_chain_metal_pipe_wrap
xmodel,#wpn_t8_loot_melee_amulet_view
xmodel,#hash_55847bf8039e07bd
xmodel,#veh_t8_drone_rcxd_decals_attach_mp_light
xmodel,#wpn_t8_loot_melee_gift_axe_world
xmodel,#p7_mou_concrete_slab
xmodel,#hash_55af83b67476cfa4
xmodel,#hash_55b357d34d56dfb2
xmodel,#p7_pipe_metal_hp_4_straight_8_bare
xmodel,#p8_kit_zt8_gal_02_beam_02_basic_painted_metal_32_01
xmodel,#hash_55cb803206a1bc33
xmodel,#hash_55e7a38a7b7c3e06
xmodel,#hash_55eaae4a8d424d7b
xmodel,#hash_d613f0194f5128f9
xmodel,#p8_esc_generator_lrg
xmodel,#p8_wz_stove_kitchen_01
xmodel,#hash_5624dc4201f1e73a
xmodel,#p7_slu_fuse_box_electric_02
xmodel,#p7_slu_fuse_box_electric_03
xmodel,#p7_slu_fuse_box_electric_01
xmodel,#hash_5629d08fde99a672
xmodel,#p7_zm_mob_cell_bed_drawer
xmodel,#p8_usa_locker_metal_inside
xmodel,#wpn_t8_wz_water_balloon_view
xmodel,#hash_5642c735547cae77
xmodel,#wpn_t8_loot_tac_rifle_flechette_mk2_world
xmodel,#wpn_t8_smg_fastfire_mag_mk2_view
xmodel,#hash_56549dcdafc8ea60
xmodel,#p8_fxanim_mad_custom_tarp_family_house_01_corner_smod
xmodel,#p8_box_electric_commercial_sml_02
xmodel,#p8_box_electric_commercial_sml_01
xmodel,#attach_t8_wz_pickup_stock
xmodel,#p7_trash_bag_small_01_white
xmodel,#hash_566f066ec3266573
xmodel,#wpn_t8_shotgun_semi_world
xmodel,#hash_567afd6731f4c227
xmodel,#hash_569b5a528535efa0
xmodel,#wpn_t8_pistol_burst_sig_02_world
xmodel,#attach_t8_optic_red_dot_world
xmodel,#p8_zm_esc_barbed_wire
xmodel,#p8_zm_esc_paper_pile
xmodel,#p7_wes_chair_wood_01
xmodel,#fx_bullet_chain
xmodel,#hash_56ce72a0a2394487
xmodel,#p8_wz_foliage_wild_grass_32_short
xmodel,#hash_d6e53a36ef2f2539
xmodel,#wpn_t8_smg_fastfire_sig_02_view
xmodel,#p7_box_cardboard_c_closed
xmodel,#hash_5717d6d07ab564c9
xmodel,#p7_zm_asc_light_cage_warning_red
xmodel,#p8_food_dinnerware_plate_lrg
xmodel,#wpn_t8_loot_tac_rifle_flechette_mag_view
xmodel,#hash_574076754776e003
xmodel,#p7_zm_asc_light_cage_wall_on
xmodel,#p8_zm_esc_rubble_piles_stones
xmodel,#hash_57491c6026f92cb9
xmodel,#wpn_t8_smg_capacity_sig_02_view
xmodel,#p7_debris_wood_lath_01_16b
xmodel,#hash_5785bc8c0e97b852
xmodel,#p8_zm_esc_couch_leather_01_brown
xmodel,#wpn_t8_zm_lmg_mg08_mag_view
xmodel,#p7_spl_table_dining_vintage_dmg
xmodel,#hash_578a98804369243f
xmodel,#p8_crate_wood_01_tall
xmodel,#hash_57992ecff3f2ed46
xmodel,#hash_57a80bf5465c647d
xmodel,#wpn_t8_launcher_standard_view
xmodel,#p8_wz_rock_cliff_large_01_b_top
xmodel,#p8_zm_esc_sheet_metal_4x4_bd_02
xmodel,#p8_zm_esc_sheet_metal_4x4_bd_01
xmodel,#wpn_t8_zm_raygun_mk2_view
xmodel,#hash_58046a6348ca96a0
xmodel,#p8_fxanim_zm_esc_power_panel_phouse_01_mod
xmodel,#p8_kit_col_med_01_roof_trim_02_corner_inside_light_metal_32_01
xmodel,#wpn_t8_sniper_power_semi_mag_sig_01_view
xmodel,#wpn_t8_lmg_plr_mag_world_mk2
xmodel,#hash_581a959c46610563
xmodel,#p7_foliage_vines_floor_clump_128_dry
xmodel,#hash_d8286cd1d8b65b63
xmodel,#hash_5831f8c85ad4f6a2
xmodel,#hash_5844cf5107ca2adc
xmodel,#hash_d8578457d4955dca
xmodel,#wpn_t8_tac_rifle_mid_burst_sig_02_view
xmodel,#wpn_t8_ar_k57_sig_03_view
xmodel,#p8_zm_esc_cell_gate_corridor_dmg
xmodel,#hash_58915486b174d015
xmodel,#hash_58a026c6b27b019f
xmodel,#p8_fxanim_gp_wire_powerline2_smod
xmodel,#hash_58bba6fd72f715c1
xmodel,#p7_pipe_metal_hp_12_brace_lrg_1_bare
xmodel,#wpn_t8_loot_tac_rifle_damageburst_mag_world
xmodel,#p7_zm_isl_pipe_hp_4_elbow_90_rust
xmodel,#hash_58c7ace3cf7e00af
xmodel,#p7_zm_ver_mannequin_torso_arabic
xmodel,#hash_d8f38cb5e7d46a62
xmodel,#p8_zm_zod_engine_cylinder_support_coulmns_conduit_fitting
xmodel,#hash_5913bb1f17045608
xmodel,#hash_59230a75b1ab9edd
xmodel,#p8_usa_submarine_interior_box_small
xmodel,#p7_barrier_block_concrete_2
xmodel,#wpn_t8_sig_bow_projectile
xmodel,#hash_59636c129ffa808e
xmodel,#p7_dock_wood_rustic_board_single_dmg2_02
xmodel,#hash_597ed7470e74e33c
xmodel,#p8_hatch_door_full
xmodel,#p8_zm_esc_pipe_metal_dark_coupling_rust
xmodel,#p7_container_storage_plastic_worn_32
xmodel,#p7_wes_desk_wood_vintage
xmodel,#p8_fxanim_gp_chain_arc_low_01_smod
xmodel,#p7_drain_metal_shower
xmodel,#p8_col_generator_garage
xmodel,#hash_59b22a10247bd10e
xmodel,#p8_wz_brd_dart_board
xmodel,#hash_59c53d0ca2664543
xmodel,#wpn_t8_sig_flamethrower_view
xmodel,#hash_59ebcd224442c397
xmodel,#p8_zm_zod_shelf_locker_provisions
xmodel,#attach_t8_wz_pickup_fast_mag
xmodel,#p8_fxanim_zm_esc_bodybag_hanged_01_col
xmodel,#p7_spl_toy_beach_ball_01
xmodel,#veh_t8_mil_helicopter_light_fire_extinguisher_attach
xmodel,#wpn_t8_wz_ar_heavy_world
xmodel,#p7_zm_ori_coat_hanging
xmodel,#p8_fxanim_gp_chain_arc_low_03_smod
xmodel,#hash_5a679b5b5bfb8dc2
xmodel,#hash_5a679c5b5bfb8f75
xmodel,#p8_zm_esc_power_house_pole_01
xmodel,#p8_zm_esc_power_house_pole_02
xmodel,#hash_5a9bcd3b45bf91b5
xmodel,#wpn_t8_ar_fastfire_sig_02_world
xmodel,#hash_5aa41542e4dab434
xmodel,#p8_usa_submarine_interior_consoles_details_cable_connector
xmodel,#p8_zm_esc_hallway_railing
xmodel,#p8_usa_sub_vent_01
xmodel,#p7_ladder_metal_secured_128_yellow
xmodel,#p8_zm_esc_sheet_metal_4x4_bd_01_white
xmodel,#wpn_t8_zm_mp40_view
xmodel,#wpn_t8_ar_stealth_view
xmodel,#wpn_t8_loot_tac_rifle_flechette_scope_sig_01_world
xmodel,#wpn_t8_lmg_titan_sig_01_world
xmodel,#hash_5af842690e64ef77
xmodel,#wpn_t8_sniper_semiauto_mag_view
xmodel,#hash_5b0801367050a530
xmodel,#hash_5b152d429197cb0c
xmodel,#p7_fxanim_gp_trash_newspaper_04_s3_smod
xmodel,#p8_zm_esc_debris_concrete_rubble_lg_02_flat_edge
xmodel,#hash_5b3162ee48080432
xmodel,#hash_5b3432fd98db4509
xmodel,#p8_bottles_broken_ashore_01_shattered_01
xmodel,#p8_bottles_broken_ashore_01_shattered_02
xmodel,#wpn_t8_loot_pistol_auto_clip_view
xmodel,#hash_5b5f18dd7730fa1d
xmodel,#p8_fxanim_gp_chain_hang_01_64_smod
xmodel,#wpn_t8_smg_capacity_mag_mk2_view
xmodel,#p7_sink_kitchen_stainless_modern_01_clean
xmodel,#p8_zm_zod_pipe_set_medium_cap_01
xmodel,#p8_zm_zod_pipe_set_medium_cap_02
xmodel,#wpn_t8_zm_crossbow_world
xmodel,#hash_5b98d302772f6a58
xmodel,#p7_foliage_vines_floor_128x32_dry_indoor
xmodel,#p7_cai_igc_work_table_metal_01
xmodel,#p7_mou_electrical_panel_set
xmodel,#p7_conduit_metal_1_elbow90_long
xmodel,#hash_5be6dacd31653957
xmodel,#hash_5bf1a06a7dc71194
xmodel,#hash_dbf45cecee2a7c52
xmodel,#hash_5bf770e5810a43d7
xmodel,#hash_5bf79cebe9df913b
xmodel,#p8_usa_sub_beam_01_threeway_painted_metal_01
xmodel,#p8_zm_esc_gun_gallery_metal_group_04
xmodel,#p8_zm_esc_gun_gallery_metal_group_02
xmodel,#p8_zm_esc_gun_gallery_metal_group_01
xmodel,#p8_fxanim_gp_tarp_drape_corner_angle_01_smod
xmodel,#hash_5c1380ed29299d34
xmodel,#hash_5c232215f9fc7e92
xmodel,#p8_zm_esc_cell_shelf_01
xmodel,#hash_5c3a361e3b8b8c18
xmodel,#wpn_t8_loot_melee_hammer_demo_view
xmodel,#p8_wz_supply_stash_ammo_blackmarket_decal
xmodel,#p7_medical_gauze_sanitation_towels_01
xmodel,#hash_5c58e808863b8ab2
xmodel,#p7_cai_work_table_metal_01_white
xmodel,#hash_5c6c585a7680ebff
xmodel,#hash_5c76ab0f4fdc2dfe
xmodel,#p8_zm_esc_pipe_metal_4_128
xmodel,#hash_5c87852790205c5f
xmodel,#p8_col_military_ship_debris_08
xmodel,#wpn_t8_loot_ar_an94_view
xmodel,#p8_col_military_ship_debris_11
xmodel,#p8_col_military_ship_debris_13
xmodel,#p8_col_military_ship_debris_12
xmodel,#p8_wz_door_01_frame_wooden
xmodel,#p8_zm_esc_pipe_holder
xmodel,#p8_zm_esc_jumbled_electrical_wire
xmodel,#p7_gib_chunk_meat_01
xmodel,#p7_gib_chunk_meat_02
xmodel,#p7_gib_chunk_meat_03
xmodel,#hash_5cdd6c7c61699503
xmodel,#p8_fxp_fluid_clump_mud
xmodel,#hash_5cfb80bde1c055ac
xmodel,#p7_fxanim_market_stand_tarp_red_corner_s3_mod
xmodel,#p7_cleaning_paper_toilet_dirty
xmodel,#p8_col_ship_door
xmodel,#p7_zm_ver_power_line_clamp
xmodel,#hash_5d30afd309736618
xmodel,#hash_5d3aa267ed3cb74b
xmodel,#hash_5d3dd1508b8cfae6
xmodel,#p7_zm_kin_bed_antique_boxspring
xmodel,#p8_zm_zod_door_provisions_hinge_left
xmodel,#p7_debris_clothing_dress_01_blue
xmodel,#wpn_t8_smg_capacity_world
xmodel,#p8_zm_esc_cell_gate_corridor
xmodel,#hash_5d5f4d514883ffd2
xmodel,#p8_zm_esc_sign_location_shower
xmodel,#p8_usa_submarine_interior_consoles_details_control_stick
xmodel,#hash_5d687818a6d5cb14
xmodel,#wpn_t8_ar_fastfire_mag_view
xmodel,#hash_5d8416c63e5775bb
xmodel,#veh_t8_drone_rcxd_wheel_left_attach_mp_light
xmodel,#p8_wz_ammo_pickup_762
xmodel,#hash_5d9dd22a4e687466
xmodel,#wpn_t8_tac_rifle_mid_burst_view
xmodel,#wpn_t8_tac_rifle_swordfish_sig_02_world
xmodel,#wpn_t8_lmg_titan_view
xmodel,#p7_suspension_bridge_cable_pole_bolt_assembly_01_rusty
xmodel,#hash_5dffdf5a9f0487de
xmodel,#p7_box_cardboard_a_open02
xmodel,#p8_zm_zod_mail_bag_canvas_ground
xmodel,#p7_pipe_metal_hp_4_straight_32_grey_dk
xmodel,#c_t8_zmb_mob_zombie_body1_g_upclean
xmodel,#p7_zm_ori_pump_tank
xmodel,#p7_pottery_terracotta_g_orange
xmodel,#p7_conduit_metal_1_coupling_ribbed
xmodel,#p7_crate_wood_01_short
xmodel,#p8_zm_esc_cell_door_rusty
xmodel,#hash_5e7a66bcab4ad5c4
xmodel,#hash_5e7a67bcab4ad777
xmodel,#hash_5e7a68bcab4ad92a
xmodel,#p8_zm_esc_infirmary_bathtub
xmodel,#wpn_t8_loot_ar_double_barrel_view
xmodel,#wpn_t8_eqp_tripwire_slingshot_view
xmodel,#hash_5eae6bd80793b190
xmodel,#hash_5eb8a4905b553e8d
xmodel,#hash_5ec2844e3213228d
xmodel,#p8_ice_electrical_cabinet_01
xmodel,#wpn_t8_eqp_drone_hawk_world
xmodel,#p7_medical_surgical_tools_tray
xmodel,#wpn_t8_eqp_heal_aid_world
xmodel,#hash_5edb7dacb464e01e
xmodel,#hash_5edce89d18a5955d
xmodel,#p8_foliage_weeds_tall_straight_32_drk
xmodel,#hash_5eee160a41912ff1
xmodel,#hash_5ef22c48088f9afd
xmodel,#p8_zm_esc_box_cardboard_c_closed_damaged
xmodel,#p7_duct_metal_rectangle_vent_dark
xmodel,#p8_zm_esc_bldg_64_catwalk
xmodel,#p8_zm_esc_sign_location_roof
xmodel,#wpn_t8_loot_melee_gift_axe_view
xmodel,#p8_zm_esc_box_cardboard_b_open01_damaged
xmodel,#wpn_t8_loot_ar_peacekeeper_mk2_view
xmodel,#hash_5f445e23d82ec237
xmodel,#wpn_t8_eqp_molotov_world
xmodel,#hash_5f6593d8afb7af5a
xmodel,#p7_zur_control_monitor_sm
xmodel,#wpn_t8_zm_crossbow_impaler_view
xmodel,#hash_5f70ab8d89b0960f
xmodel,#p8_zm_esc_cell_support_step_02
xmodel,#hash_5f817336576e621b
xmodel,#hash_5f91856f88d80448
xmodel,#hash_5f91866f88d805fb
xmodel,#hash_5f91886f88d80961
xmodel,#p7_pipe_metal_hp_12_straight_128_bare
xmodel,#p8_zm_zod_pipe_set_medium_06
xmodel,#p8_zm_zod_pipe_set_medium_07
xmodel,#p8_zm_zod_pipe_set_medium_02
xmodel,#veh_t8_turret_mini
xmodel,#hash_5fadfebe93a89c85
xmodel,#p7_zm_ver_stove_vintage_vent
xmodel,#p7_box_cardboard_c_closed_wet
xmodel,#hash_5fdc18cf1e41184f
xmodel,#hash_5fe98af30493ee89
xmodel,#p8_zm_esc_hatch_metal
xmodel,#wpn_t8_smg_capacity_sig_02_world
xmodel,#hash_601e34c0a30d33ac
xmodel,#p7_fxanim_gp_streamer_orange_lrg_02_s3_smod
xmodel,#hash_60202f62a056f436
xmodel,#p8_fxanim_gp_trash_paper_floor_pile_01_s3_mod
xmodel,#p8_light_hanging_billiard_chain
xmodel,#p8_zm_esc_pipe_metal_4_holder_01_rust
xmodel,#p8_fxp_fluid_droplet_mud
xmodel,#p7_zm_clt_bunkbed_wood_beam_01
xmodel,#p7_zm_clt_bunkbed_wood_beam_02
xmodel,#p7_fxp_debris_rock_01
xmodel,#p7_fxp_debris_rock_02
xmodel,#p7_fxp_debris_rock_03
xmodel,#wpn_t8_zm_raygun_mk2_world_orange
xmodel,#wpn_t8_loot_ar_an94_mag_view
xmodel,#hash_607b3bfe38c8e5b8
xmodel,#hash_60a348400d739e51
xmodel,#hash_60b87c8aeda94250
xmodel,#hash_60b87d8aeda94403
xmodel,#hash_60b87e8aeda945b6
xmodel,#hash_60b87f8aeda94769
xmodel,#hash_60b8808aeda9491c
xmodel,#hash_60b8828aeda94c82
xmodel,#hash_60b8838aeda94e35
xmodel,#hash_60b8898aeda95867
xmodel,#hash_60c1988e20772729
xmodel,#p7_zm_asc_box_electrical_08
xmodel,#p7_zm_asc_box_electrical_07
xmodel,#p7_zm_gen_concrete_pillar_bent_02
xmodel,#p7_window_wood_dblhung_02_tall_white
xmodel,#p7_rus_bookshelf_metal
xmodel,#p8_fxanim_gp_wire_straight_med_thick_smod
xmodel,#p8_zm_esc_barrel_drum
xmodel,#hash_6100ea76ea1585ab
xmodel,#wpn_t8_tac_rifle_swordfish_mk2_world
xmodel,#p7_wes_door_wood_rustic_white_lft
xmodel,#p8_col_fracking_pump_connection_pipes
xmodel,#hash_61184621ba691c9d
xmodel,#p8_col_mobile_generator_01_tube_02
xmodel,#p8_col_mobile_generator_01_tube_01
xmodel,#p8_cable_wire_bundle_housing_01
xmodel,#p8_cable_wire_bundle_housing_02
xmodel,#hash_e14592ab57592df6
xmodel,#p8_wz_door_01_assylum
xmodel,#p7_fxp_debris_car_glass_shatter_02
xmodel,#p7_fxp_debris_car_glass_shatter_03
xmodel,#p7_fxp_debris_car_glass_shatter_01
xmodel,#hash_615a66f71acecc78
xmodel,#wpn_t8_loot_sniper_mini14_mag_mk2_world
xmodel,#hash_61632df42f3d927b
xmodel,#wpn_t8_loot_sniper_mini14_mk2_view
xmodel,#p7_fxp_debris_wood_splinter_02
xmodel,#p7_fxp_debris_wood_splinter_03
xmodel,#p7_fxp_debris_wood_splinter_01
xmodel,#p8_zm_esc_infirmary_door
xmodel,#fx_pistol_shell
xmodel,#p8_light_bulb_vintage_00_warden_off
xmodel,#wpn_t8_loot_smg_folding_mk2_view
xmodel,#hash_61a30d2007239190
xmodel,#p7_cai_dumpster_small
xmodel,#hash_61b19a345c610943
xmodel,#hash_61b3ebd9bbbe0f48
xmodel,#hash_61b3ecd9bbbe10fb
xmodel,#p8_zm_esc_bricks_edge_bldg64
xmodel,#wpn_t8_zm_spork_world
xmodel,#wpn_t8_zm_raygun_mk2_view_purple
xmodel,#wpn_t8_tac_rifle_mid_burst_scope_sig_02_world
xmodel,#attach_t8_optic_ironsights_sniper_front_view
xmodel,#p7_locker_metal_laundry_case
xmodel,#p8_fxanim_gp_furnish_caution_tape_pinned_02_smod
xmodel,#p8_zm_esc_cellblock_d_pillar_01
xmodel,#wpn_t8_loot_tac_rifle_flechette_scope_mk2_world
xmodel,#hash_61eb4c34b31d4f0f
xmodel,#hash_61f50f54b656bca6
xmodel,#p6_ver_janitor_bucketmop
xmodel,#p7_slu_box_electric_02
xmodel,#p8_mp_spe_armor_heavy
xmodel,#wpn_t8_loot_smg_minigun_view
xmodel,#wpn_t8_zm_eqp_acid_bomb_view
xmodel,#p7_fxp_debris_dirt_clod_02_brown
xmodel,#wpn_t8_loot_ar_peacekeeper_view
xmodel,#p8_wz_fence_gate_wall_debris_horizontal_pole
xmodel,#hash_6227d2ff6a81d4ec
xmodel,#p7_fxanim_gp_streamer_orange_sml_01_s3_smod
xmodel,#hash_62601b52e231af5b
xmodel,#p7_wall_radiator_vintage
xmodel,#wpn_t8_smg_accurate_sig_02_world
xmodel,#p7_mou_ori_boots_military_sloppy
xmodel,#p7_foliage_weed_cluster_sml_a_dead
xmodel,#hash_e283dbe68a37cf13
xmodel,#p7_brick_dirty_breakout_09
xmodel,#p7_brick_dirty_breakout_12
xmodel,#wpn_t8_sniper_semiauto_bullet_01_view
xmodel,#hash_62bbd6d3f54642cf
xmodel,#hash_62f767fa086efa4e
xmodel,#veh_t8_drone_attacker_blockout_attachment
xmodel,#p7_pipe_metal_hp_12_straight_32_bare
xmodel,#p8_cable_wire_bundle_48_01_dmg
xmodel,#wpn_t8_loot_tac_rifle_flechette_scope_ads_view
xmodel,#p7_medical_surgical_tools_syringe
xmodel,#hash_6327584ae6a0a61c
xmodel,#hash_6330a5275b6714f1
xmodel,#p8_wz_tarp_floor_flattened_03
xmodel,#p8_wz_tarp_floor_flattened_02
xmodel,#p8_wz_foliage_bush_erigonum_02_autumn
xmodel,#wpn_t8_loot_smg_folding_mk2_world
xmodel,#wpn_t8_tac_rifle_surgeon_mag_sig_02_view
xmodel,#p7_snooker_ball
xmodel,#hash_636cb589fa2faaa4
xmodel,#hash_6379430698ac119e
xmodel,#hash_6382b02fe968a14f
xmodel,#p8_jpn_wire_rubber_vertical_w32xh32_01
xmodel,#p8_fxp_fluid_droplet_water
xmodel,#hash_6396dca01d397898
xmodel,#p7_wes_table_wood_wall
xmodel,#wpn_t8_eqp_grenade_concussion_world
xmodel,#p8_food_dinnerware_plate_sml
xmodel,#p7_pipe_metal_hp_4_straight_8_off_white
xmodel,#hash_63de56b029d891f3
xmodel,#wpn_t8_knife_bowie_world
xmodel,#p7_zm_tra_billiard_vintage_table
xmodel,#hash_640c524cb7c624f3
xmodel,#hash_6410dfbf16804eae
xmodel,#p8_zm_esc_sheet_metal_4x8_bd_07_white
xmodel,#veh_t8_mil_helicopter_light_engine_exhaust_attach
xmodel,#wpn_t8_loot_tac_rifle_flechette_mag_mk2_view
xmodel,#hash_6441e7248cb95fa7
xmodel,#hash_6457bc7f0ae32682
xmodel,#p7_zm_der_chalkboard_vintage_blank
xmodel,#p8_zm_esc_power_station_panel_02_rusted
xmodel,#p7_conduit_rust_1_elbow90_long
xmodel,#hash_6489f9b47c40bf58
xmodel,#p7_zm_sta_library_bookshelf_small
xmodel,#p7_spl_rubber_floor_mat
xmodel,#p7_wes_couch_victorian_med
xmodel,#p8_fxanim_mp_silo_frozen_tarp_01_smod
xmodel,#hash_64c50e8aedac94de
xmodel,#hash_64c52f0f1966165c
xmodel,#wpn_t8_zm_eqp_wraith_fire_view
xmodel,#hash_64cefe8aedb4ce33
xmodel,#p8_fxp_fluid_clump_water
xmodel,#hash_64d6128aedbb0edd
xmodel,#p8_zm_esc_candle_small_melt_on
xmodel,#hash_64f979abfe77e44d
xmodel,#tag_flash
xmodel,#p8_bottles_broken_ashore_04_shattered_02
xmodel,#p8_bottles_broken_ashore_04_shattered_01
xmodel,#p8_kit_col_slu_05_door_02_rollup_dark_metal_01
xmodel,#p8_zm_esc_hallway_railing_bar_02
xmodel,#p8_zm_esc_hallway_railing_bar_03
xmodel,#p7_ris_alarm_strobe
xmodel,#wpn_t8_loot_smg_folding_world
xmodel,#p7_fxanim_gp_fish_tiny_school_01_smod
xmodel,#wpn_t8_zm_raygun_mk2_view_blue
xmodel,#hash_6583b3875ba84d71
xmodel,#attach_t8_loot_tac_rifle_flechette_dbal_mk2_view
xmodel,#wpn_t8_tac_rifle_mid_burst_scope_sig_01_view
xmodel,#p8_crate_wood_01
xmodel,#hash_659fa556a118bf61
xmodel,#p8_usa_submarine_interior_box_medium
xmodel,#p7_spool_wire_metal_cable_01
xmodel,#p8_fxanim_gp_trash_paper_floor_pile_02_s3_mod
xmodel,#p8_zm_esc_power_house_door_frame_02
xmodel,#p8_zm_esc_power_house_door_frame_03
xmodel,#wpn_t8_loot_pistol_auto_mk2_world
xmodel,#hash_6600c84d4ce4f779
xmodel,#c_zom_der_hellhound_fb
xmodel,#p7_zm_tra_tv_vintage_on
xmodel,#p7_mirror_wood_ornate_02_broken
xmodel,#p7_ra2_gold_coin
xmodel,#hash_6675f47900a3cce6
xmodel,#hash_667847939f4ab8c6
xmodel,#wpn_t8_lmg_plr_mag_view_mk2
xmodel,#wpn_t8_smg_fastfire_sig_02_world
xmodel,#p7_jun_foliage_bush_01_dry
xmodel,#p8_fxanim_gp_trash_paper_floor_pile_03_s4_mod
xmodel,#p7_pipe_metal_hp_4_valve_01_bare
xmodel,#p7_street_curb_concrete_chunk_09
xmodel,#hash_66b7986be3bb1236
xmodel,#p7_zm_asc_battery_auto_wire
xmodel,#p8_bottle_glass_broken_01_d
xmodel,#hash_66c56878f234a7ac
xmodel,#p8_zm_esc_power_house_windows_slab_04
xmodel,#p8_zm_esc_power_house_windows_slab_01
xmodel,#p8_zm_esc_power_house_windows_slab_02
xmodel,#p8_zm_esc_power_house_windows_slab_03
xmodel,#p7_conduit_metal_1_union
xmodel,#hash_66d0109e929bbd9f
xmodel,#hash_66d0e03941708bdf
xmodel,#p8_stairs_stone_set_01_border_end_lt
xmodel,#hash_66fea60af9c98b14
xmodel,#hash_671bae96bf6f3fa1
xmodel,#p7_pipe_metal_hp_12_elbow_90_red
xmodel,#wpn_t8_ar_accurate_world
xmodel,#hash_67311e25ff746938
xmodel,#p7_box_copy_paper_sheet
xmodel,#hash_67353087f675e8fe
xmodel,#p8_wz_slu_chair_sofa_dmg
xmodel,#hash_674ac9f5b171cb32
xmodel,#p7_zm_ctl_cabinet_office_vintage
xmodel,#p8_zm_esc_power_house_pole_angle_01
xmodel,#p8_zm_esc_power_house_pole_angle_02
xmodel,#p7_slu_door_white_frame_60
xmodel,#hash_6752b75d515270dd
xmodel,#wpn_t8_zm_eqp_wraith_fire_projectile
xmodel,#hash_676752d9d622d74f
xmodel,#p8_zm_esc_model_industry_rollup_frame_01
xmodel,#hash_6783c8fb3d723f39
xmodel,#p8_zm_esc_chainlink_fence_post_cap
xmodel,#p8_col_nitrogen_tank_worn_welded_01_decals
xmodel,#hash_67b48535477896f9
xmodel,#wpn_t8_knife_bowie_bloody_world
xmodel,#wpn_t8_loot_ar_standard_view
xmodel,#p7_conduit_rust_1_body_pull_elbow
xmodel,#hash_67d33823cc9d70d9
xmodel,#c_t8_zmb_mob_zombie_body2_g_rarmoff
xmodel,#p8_fxanim_zm_esc_power_panel_bldg64_04_mod
xmodel,#p8_col_storage_chem_lab_cabinet_tall_door_rt_dmg
xmodel,#p8_concrete_tile_01_thick_broken_g_zm_esc
xmodel,#hash_67e80b390f9090d5
xmodel,#p8_zm_esc_cellblock_d_pipe_door
xmodel,#wpn_t8_eqp_grenade_frag_view
xmodel,#hash_67fac850334fc330
xmodel,#hash_6816e3dcee5d5c1f
xmodel,#p8_cable_wire_bundle_tie_01
xmodel,#p8_zm_zod_door_provisions_hinge_right
xmodel,#hash_682c1f49bbaa9238
xmodel,#p8_zm_esc_book_01
xmodel,#p8_zm_esc_book_02
xmodel,#p8_zm_esc_book_03
xmodel,#p8_zm_esc_book_04
xmodel,#wpn_t8_sniper_vanguard_mag_mk2_view
xmodel,#p8_fxanim_zm_esc_paper_pile_64x64_mod
xmodel,#hash_68780a7a0eaa8b20
xmodel,#p7_rus_angle_plate_bolt
xmodel,#hash_687abe0f5e4c50a2
xmodel,#hash_68825b530f6bb1a4
xmodel,#hash_68878d2a7d5d366c
xmodel,#hash_6893c50c83256d72
xmodel,#p7_zm_asc_console_launch_key_lid
xmodel,#hash_68a3d458da05c5b6
xmodel,#wpn_t8_zm_eqp_wraith_fire_world
xmodel,#p7_pipe_metal_hp_12_straight_32_red
xmodel,#hash_68b1d034968ce5c1
xmodel,#wpn_t8_smg_handling_mag_sig_02_view
xmodel,#hash_68c293d8a00d0e1f
xmodel,#p8_zm_esc_bldg_64_door_sml_decal
xmodel,#wpn_t8_lmg_hades_sig_01_world
xmodel,#hash_e8dd6c3d61c97ec9
xmodel,#p7_zm_mob_crate_wood_sml
xmodel,#hash_68f9929a257c9c72
xmodel,#wpn_t8_sniper_koshka_sig_02_world
xmodel,#hash_6917de9b7b01ce10
xmodel,#veh_t8_mil_helicopter_light_main_rotor_blur_attach
xmodel,#p7_wes_chips_stack_poker_sm_red
xmodel,#p7_zm_isl_fan_wall_vintage
xmodel,#p7_debris_wood_plywood_2x8_bowed_dirty
xmodel,#hash_69374ef41446168d
xmodel,#p8_gutter_01_corner_01
xmodel,#hash_69450a90fb84e084
xmodel,#p7_slu_trash_bag_standing_yellow
xmodel,#wpn_t8_ar_accurate_mag_sig_02_view
xmodel,#hash_696e6cfcd7d0b60a
xmodel,#hash_6977d344a22f6268
xmodel,#hash_6978ed339c5c6a35
xmodel,#hash_697c5073a8512bbc
xmodel,#p8_zm_esc_debris_concrete_rubble_lg_03_flat_edge_01
xmodel,#p8_zm_esc_roof_lightpole
xmodel,#p8_box_cardboard_b_open01_damaged
xmodel,#wpn_t7_zmb_perk_bottle_2tap_world
xmodel,#hash_e9b950740a864375
xmodel,#p7_pipe_metal_hp_4_coupling_white
xmodel,#p8_fxanim_gp_trash_plastic_hanging_01_smod
xmodel,#p8_zm_esc_table_wood_lrg
xmodel,#p7_sin_bio_monument_boat
xmodel,#hash_69d0debf9329bfa7
xmodel,#p8_zm_esc_construction_steel_plate_stack
xmodel,#wpn_t8_tac_rifle_mid_burst_scope_sig_02_view
xmodel,#p8_zm_crafting_table_alchemy_jar_02
xmodel,#p8_zm_crafting_table_alchemy_jar_03
xmodel,#p7_pipe_metal_water_valve
xmodel,#hash_6a0451d6c1c9bac5
xmodel,#p8_wz_tarp_large_01
xmodel,#wpn_t8_smg_handling_mk2_view
xmodel,#p8_zm_esc_rubble_pile_bricks_03
xmodel,#p8_zm_esc_rubble_pile_bricks_02
xmodel,#p8_col_light_spotlight_wall_mounted_metal
xmodel,#p7_debris_concrete_rubble_lg_02_no_metal_flat_edge
xmodel,#p8_light_metal_hanging_mechanic_bulb
xmodel,#p7_roof_vent_chimney_01_metal_bare
xmodel,#wpn_t8_tac_rifle_surgeon_scope_sig_01_view
xmodel,#hash_6a4b06c785922295
xmodel,#wpn_t8_zm_monkey_bomb_world
xmodel,#p7_lamp_table_01_short
xmodel,#veh_t8_mil_boat_tactical_raft_decal_attach
xmodel,#hash_6a6f7935a79f44a8
xmodel,#wpn_t8_smg_mp9_sig_02_world
xmodel,#hash_6a8cf9366da9f583
xmodel,#hash_6a920bd8afece7e9
xmodel,#p7_zm_kin_dresser_wood
xmodel,#p8_usa_sub_beam_01_basic_painted_metal_128_01
xmodel,#p7_pipe_metal_hp_4_straight_32_bare
xmodel,#p8_usa_submarine_interior_consoles_details_gauge_01
xmodel,#p8_usa_submarine_interior_consoles_details_gauge_02
xmodel,#p8_usa_submarine_interior_consoles_details_gauge_03
xmodel,#p8_usa_submarine_interior_consoles_details_gauge_04
xmodel,#p8_usa_submarine_interior_consoles_details_gauge_05
xmodel,#hash_6acca62f3d1f3e8d
xmodel,#p8_wz_rock_cliff_large_01_ab
xmodel,#hash_6add35d8a1658cb9
xmodel,#hash_6adfda3fcb63e5cb
xmodel,#p7_zm_ver_wall_radiator_vintage
xmodel,#wpn_t8_loot_melee_coinbag_world
xmodel,#p8_zm_esc_cell_door_top
xmodel,#hash_6ae87a00566cbff0
xmodel,#hash_6aed68c6eb0e7a89
xmodel,#hash_6af6ca9f39d033e6
xmodel,#p7_luggage_soft_large_bag_grey
xmodel,#hash_6b35062f95584e67
xmodel,#p7_conduit_metal_1_straight_128
xmodel,#p8_col_military_ship_hook
xmodel,#p7_pallet_wood_destroyed
xmodel,#p7_fxanim_gp_tarp_blue_hang_07_s5_smod
xmodel,#p7_zm_zod_gutter_elbow
xmodel,#p7_bulletin_board_cork
xmodel,#p8_kit_col_med_01_roof_trim_02_corner_outside_light_metal_32_01
xmodel,#skybox_default_black
xmodel,#p8_col_mobile_generator_01_fan
xmodel,#p8_fxanim_gp_wire_arc_02_smod
xmodel,#p7_pipe_metal_hp_4_x_joint_grey_dk
xmodel,#hash_6b79e11e7b3869b8
xmodel,#hash_6b7e8c23d6dc8231
xmodel,#p7_gate_metal_scissor_01_closed_right
xmodel,#p8_zm_esc_light_hallway_hanging
xmodel,#hash_6ba46aefb70f9d0d
xmodel,#p8_zm_esc_ground_plate_metal_01
xmodel,#wpn_t8_sniper_power_semi_mag_sig_02_view
xmodel,#p8_wz_door_01_wood
xmodel,#p8_crate_wood_01_short_dmg
xmodel,#hash_6be5b0d22ed532db
xmodel,#hash_6be7dc4d0b0a5e30
xmodel,#wpn_t8_eqp_concertina_wire_view
xmodel,#p7_zm_asc_switch_electric_02
xmodel,#p7_zm_asc_switch_electric_05
xmodel,#p8_industrial_handrail_metal_painted_16_01
xmodel,#hash_6c2bc57143af3a7e
xmodel,#p7_fxanim_gp_fan_electric_vintage_wall_01_mod
xmodel,#wpn_t8_smg_fastfire_world
xmodel,#attach_t8_ar_stealth_bayonet_world
xmodel,#p7_zm_moo_rug
xmodel,#p7_zm_mob_cell_bed_pillow
xmodel,#wpn_t8_ar_fastfire_sig_02_view
xmodel,#hash_6c542e75452dcae4
xmodel,#hash_6c58d1cc6baf1e0e
xmodel,#p8_zm_esc_cloth_pile_01
xmodel,#p8_zm_esc_cloth_pile_02
xmodel,#p7_aqu_railings_set_mid_post_metal_worn
xmodel,#hash_6c8474342f6c14ef
xmodel,#wpn_t8_eqp_sensor_dart_gun_view
xmodel,#hash_6c99ba1916eb0091
xmodel,#wpn_t8_loot_smg_fastburst_world
xmodel,#p7_picture_frame_large_04
xmodel,#p7_ban_south_tribe_pipe_bracket
xmodel,#p7_hazmat_suit_floor_01
xmodel,#p7_hazmat_suit_floor_02
xmodel,#p7_zm_ctl_chalkboard_wall_mounted_blank
xmodel,#hash_6cd3f042017dc79b
xmodel,#p8_crate_wood_01_tall_dmg
xmodel,#p8_cables_electrical_fitting_round
xmodel,#hash_ecf396abd841b749
xmodel,#p7_zm_ori_wood_planks_plywood
xmodel,#p7_zm_moo_ibeam_bracket_junction_01_grey
xmodel,#p7_slu_fuse_box_electric_wire_02
xmodel,#p7_slu_fuse_box_electric_wire_03
xmodel,#wpn_t8_ar_k57_mag_sig_03_view
xmodel,#p8_zm_esc_infirmary_rail
xmodel,#wpn_t8_sniper_koshka_mk2_world
xmodel,#hash_6d5ae7f1bae19079
xmodel,#hash_6d5ec9b075bc5660
xmodel,#hash_6d6794a70173f514
xmodel,#wpn_t8_loot_melee_zombie_arm_view
xmodel,#p7_fishing_nets_float_03
xmodel,#hash_6d7d1e9c10f5a960
xmodel,#p8_zm_esc_cell_support_beam_02
xmodel,#p8_zm_esc_citadel_metal_beam_01
xmodel,#wpn_t8_sniper_power_semi_view
xmodel,#hash_6d928c962f370d05
xmodel,#p8_zm_esc_warden_dresser
xmodel,#wpn_t8_sig_bow_dw_world
xmodel,#p8_wz_perk_pickups_medic
xmodel,#p7_signage_posted_notices_list
xmodel,#hash_6dbfefa2cd978da6
xmodel,#wpn_t8_ar_accurate_mag_sig_03_view
xmodel,#hash_6deb900d8bae8212
xmodel,#veh_t8_mil_helicopter_light_cockpit_attach
xmodel,#tag_origin
xmodel,#wpn_t8_tac_rifle_mid_burst_mag_sig_01_view
xmodel,#hash_6dfb688111729541
xmodel,#p8_zm_esc_fence_wood_pole_01
xmodel,#p7_zm_sta_couch_destroyed_02
xmodel,#hash_6e21aa0f8ba0360e
xmodel,#p8_cable_wire_bundle_128_01
xmodel,#hash_6e27a598818e8c18
xmodel,#hash_6e27aa98818e9497
xmodel,#hash_6e27ab98818e964a
xmodel,#hash_6e27ac98818e97fd
xmodel,#hash_6e287ea9b7bd7c61
xmodel,#hash_6e39eb30c5a1ca44
xmodel,#p8_cables_electrical_single_64
xmodel,#p8_gutter_01_straight_16
xmodel,#wpn_t8_tac_rifle_mid_burst_scope_world
xmodel,#hash_6e4692c33ecbe34a
xmodel,#p8_debris_concrete_rubble_01_scatter_small_200_01
xmodel,#hash_6e67010025f96024
xmodel,#p8_concrete_tile_01_thick_broken_j_zm_esc
xmodel,#hash_6e705c9ff2d6ca0a
xmodel,#hash_6e7609f9c6589584
xmodel,#p8_debris_coal_01_large_01
xmodel,#hash_6e7d1a6b8a1ccf95
xmodel,#p8_wz_cu_hat_tanker
xmodel,#p8_zm_esc_dock_wood_broken_02
xmodel,#p8_zm_esc_dock_wood_broken_03
xmodel,#p8_zm_esc_dock_wood_broken_05
xmodel,#hash_6e87d68005df7d82
xmodel,#veh_t8_mil_boat_tactical_raft_outboard_motor_attach_gry
xmodel,#p8_wz_ammo_pickup_9mm
xmodel,#hash_6ea26713f5561275
xmodel,#p8_ice_generator_metal_lrg_door_02
xmodel,#p8_light_metal_hanging_mechanic_cage
xmodel,#wpn_t8_ar_k57_sig_03_world
xmodel,#p8_wz_esc_roof_vent_03
xmodel,#p8_wz_esc_roof_vent_02
xmodel,#p8_fire_extinguisher_01
xmodel,#hash_6ec06806418994f6
xmodel,#p7_slu_light_switch_plastic
xmodel,#p8_wz_foliage_poppy_02
xmodel,#p7_zm_kin_desk_wood
xmodel,#veh_t8_mil_helicopter_light_dest_attach
xmodel,#p8_cable_wire_bundle_bend90_02
xmodel,#p8_cable_wire_bundle_bend90_01
xmodel,#hash_6f26520f25d82e66
xmodel,#p7_pipe_metal_hp_4_straight_4_bare
xmodel,#hash_6f3ae9cdf2554a19
xmodel,#wpn_t8_lmg_plr_mag_sig_01_view
xmodel,#attach_t8_wz_pickup_ext_mag
xmodel,#hash_6f76a0c3cad7554b
xmodel,#hash_6f76a3c3cad75a64
xmodel,#hash_6f76a6c3cad75f7d
xmodel,#hash_ef8d01828eb0681d
xmodel,#p8_zm_esc_dock_post_rope
xmodel,#p8_zm_esc_power_station_panel_01_rusted
xmodel,#wpn_t8_sniper_vanguard_sig_02_view
xmodel,#p7_zm_mob_door_security_window_green
xmodel,#p7_zm_sta_cabinet_antique_door_rt
xmodel,#hash_70043525aafff8da
xmodel,#p7_fxanim_gp_cockroaches_01_smod
xmodel,#wpn_t8_pistol_burst_sig_02_view
xmodel,#wpn_t8_loot_lmg_mk48_clip_view
xmodel,#wpn_t8_ar_stealth_mag_sig_02_world
xmodel,#p8_fxanim_gp_vine_strand_ivy_192_long_dry_smod
xmodel,#hash_702551921068731d
xmodel,#hash_f02802e42e14d89a
xmodel,#hash_703e6c4954e87b2e
xmodel,#hash_7055683ffebad58b
xmodel,#hash_706bb4354c6c51dc
xmodel,#hash_707240354c71ab6e
xmodel,#p7_zm_mob_table_mess_hall_folded
xmodel,#hash_70792c354c77a820
xmodel,#hash_707dc30687f99bbc
xmodel,#hash_7085b24821dd4c3e
xmodel,#hash_7088268f2a400ad1
xmodel,#hash_70949c9c9a6bf947
xmodel,#p7_newspaper_group_01_corner_wet
xmodel,#wpn_t8_tac_rifle_surgeon_scope_sig_02_world
xmodel,#wpn_t8_smg_accurate_mag_sig_01_view
xmodel,#p8_hangar_scaffolding_platform
xmodel,#hash_70ace517d21c618a
xmodel,#p8_wz_foliage_wild_grass_128_short
xmodel,#p8_zm_esc_cell_door_frame_bottom
xmodel,#p8_concrete_tile_01_thick_broken_k_zm_esc
xmodel,#p8_jnt_light_strip_hanging_pole_01
xmodel,#p8_zm_esc_concrete_slab_destroyed_01
xmodel,#hash_70cf1efee2f0c009
xmodel,#hash_70cf20fee2f0c36f
xmodel,#hash_70cf22fee2f0c6d5
xmodel,#p8_fire_extinguisher_01_dmg_01
xmodel,#p7_fxp_debris_newspaper_01
xmodel,#p7_antenna_rooftop_02
xmodel,#wpn_t8_eqp_trophy_system_view
xmodel,#p7_fxanim_gp_trash_paper_towel_roll_02_s3_mod
xmodel,#p8_pipe_metal_hp_4_elbow_90_metal
xmodel,#p8_zm_esc_skull_sgl
xmodel,#wpn_t8_ar_k57_sig_02_world
xmodel,#p8_box_cardboard_fruit_01
xmodel,#hash_7148f475a51a522d
xmodel,#hash_7168d33034a626d7
xmodel,#hash_717c66be572ba601
xmodel,#p8_col_barrel_metal_02_yellow_dmg_wet
xmodel,#p8_zm_esc_bldg_64_window_04
xmodel,#p8_zm_esc_bldg_64_window_05
xmodel,#p8_zm_esc_bldg_64_window_02
xmodel,#p8_zm_esc_bldg_64_window_03
xmodel,#p8_zm_esc_bldg_64_window_01
xmodel,#hash_7188fcec6917de0a
xmodel,#hash_718ef557ce7f27e4
xmodel,#wpn_t8_sig_blade_world
xmodel,#p7_office_paper_stack_lrg
xmodel,#wpn_t8_loot_ar_standard_world
xmodel,#hash_719bcbcc345bcda5
xmodel,#hash_71a69678cde975f2
xmodel,#p7_bottle_glass_wine_broken_03
xmodel,#p7_bottle_glass_wine_broken_02
xmodel,#p8_zm_esc_warden_office_door_frame_02
xmodel,#p7_zm_asc_fire_extinguisher
xmodel,#hash_71d147257a730163
xmodel,#p8_hydraulic_platform_bolt
xmodel,#p8_wz_fence_chainlink_debris_chainlink
xmodel,#wpn_t8_loot_lmg_mk48_clip_mk2_world
xmodel,#p8_zm_esc_book_pile
xmodel,#p8_wz_fence_gate_wall_debris_vertical_pole
xmodel,#p8_ibeam_01_straight_128
xmodel,#p8_pipes_electrical_bracket
xmodel,#wpn_t8_zm_homunculus_view
xmodel,#wpn_t8_loot_shotgun_fullauto_view
xmodel,#wpn_t8_eqp_turret_mini_gun_fx
xmodel,#p7_wes_lamp_oil_01
xmodel,#p7_fxanim_gp_fish_school_02_smod
xmodel,#c_t8_zmb_mob_zombie_body1_g_behead
xmodel,#p7_fxanim_gp_trash_paper_towel_roll_dirty_02_s3_mod
xmodel,#p8_zm_esc_sign_location_warden
xmodel,#hash_72450ca5b71e150c
xmodel,#p7_ban_i_beam_bracket_32_thin_l_01
xmodel,#p7_ban_i_beam_bracket_32_thin_l_02
xmodel,#p7_debris_wood_plywood_4x4_flat_dirty
xmodel,#p7_cai_foliage_flower_penstemon_single_blue
xmodel,#wpn_t8_tac_rifle_swordfish_mag_mk2_view
xmodel,#p8_zm_esc_power_station_panel_05_rusted
xmodel,#p7_inf_toilet_vintage_pipe
xmodel,#hash_f28a20ade096cd5e
xmodel,#p7_light_emergency_a
xmodel,#hash_72b51810889477c5
xmodel,#p7_wes_fireplace_vintage
xmodel,#wpn_t8_tac_rifle_swordfish_scope_mk2_ads
xmodel,#hash_72c7bb428c596660
xmodel,#hash_72c940f199cd986c
xmodel,#p7_zm_tra_tank_chemical
xmodel,#wpn_t8_loot_ar_standard_sig_02_view
xmodel,#p8_fxanim_zm_esc_paper_pile_mod
xmodel,#hash_72f40ff8f3bd5643
xmodel,#hash_730cb8565ab57a4d
xmodel,#p8_zm_esc_bldg_64_arch_door_60unit
xmodel,#hash_73139ca769710a8e
xmodel,#hash_7321e056a93d3f88
xmodel,#wpn_t8_shotgun_pump_sig_02_view
xmodel,#hash_732c339f026fc938
xmodel,#hash_7331ac8ec2c9c237
xmodel,#wpn_t8_sniper_semiauto_mag_world
xmodel,#p8_zm_esc_cell_bed_drawer
xmodel,#wpn_t8_sniper_vanguard_mk2_world
xmodel,#p8_zm_esc_warden_office_door_frame
xmodel,#p7_fxanim_gp_trash_paper_toilet_roll_dirty_02_s3_mod
xmodel,#p8_zm_zod_toilet_first_class_bathroom_paper_holder_bar
xmodel,#p8_wz_esc_beam_roof_metal_brace
xmodel,#p7_wes_table_drawer_wood_vintage_sml
xmodel,#hash_7382981a67822bfe
xmodel,#p8_zm_esc_gondola_grate_01
xmodel,#p8_debris_coal_01_loose_02_emissive_shell_01
xmodel,#hash_738d539030d163b9
xmodel,#wpn_t8_sniper_koshka_sig_02_view
xmodel,#p8_zm_esc_concrete_slab_bit_05
xmodel,#p8_zm_esc_concrete_slab_bit_04
xmodel,#p8_zm_esc_concrete_slab_bit_03
xmodel,#p8_zm_esc_concrete_slab_bit_02
xmodel,#attach_t8_optic_ironsights_sniper_front_world
xmodel,#p7_debris_clothing_pants_02_tan
xmodel,#p8_zm_esc_sign_location_library
xmodel,#hash_73cf9c5d7d72f5fd
xmodel,#wpn_t8_loot_melee_hammer_demo_world
xmodel,#wpn_t8_launcher_standard_projectile_world
xmodel,#hash_73e14258a274edf1
xmodel,#wpn_t8_lmg_hades_mag_sig_01_view
xmodel,#hash_73f9d3d1383d9dbd
xmodel,#wpn_t8_loot_tac_rifle_flechette_projectile
xmodel,#p7_zm_zod_boxer_gym_ibeam_32_01
xmodel,#p7_furnishings_cairo_chest_sm
xmodel,#attach_t8_wz_pickup_laser
xmodel,#p8_fxanim_gp_flat_tarp_01_smod
xmodel,#wpn_t8_zm_tomahawk_world
xmodel,#wpn_t8_smg_accurate_sig_01_world
xmodel,#hash_742480d6f7707020
xmodel,#hash_74328bf0a0d269a7
xmodel,#p8_zm_wall_buy_symbol_01_middle
xmodel,#hash_743454497788aae5
xmodel,#p8_jpn_wire_rubber_corner_w32xh32_02
xmodel,#p8_jpn_wire_rubber_corner_w32xh32_01
xmodel,#p7_box_cardboard_a_open02_wet
xmodel,#p8_pipe_metal_hp_4_brace_lrg_2_painted
xmodel,#wpn_t8_ar_k57_mk2_view
xmodel,#hash_746efc0d0e58bf95
xmodel,#hash_74716426d9d1eefd
xmodel,#p7_zm_ver_generator_industrial
xmodel,#hash_f474cf83dfcc308f
xmodel,#wpn_t8_sig_grapple_gun_world
xmodel,#hash_7481da41bded55b6
xmodel,#hash_748d868a1f158180
xmodel,#p7_medical_surgical_tools_scalpel
xmodel,#p8_col_conveyor_unit_electric_box_02
xmodel,#wpn_t8_ar_fastfire_mag_sig_02_world
xmodel,#p7_zm_der_handrail_post_middle
xmodel,#p7_signage_posted_notices_article
xmodel,#wpn_t8_loot_ar_standard_mag_sig_02_world
xmodel,#wpn_t8_tac_rifle_surgeon_view
xmodel,#p7_concrete_pillar_block_01
xmodel,#hash_74d9d641be37c4c0
xmodel,#p8_zm_zod_mail_bag_canvas
xmodel,#hash_74dee2b4daad871b
xmodel,#p8_zm_esc_bldg_64_metal_plate
xmodel,#p7_zm_asc_pipes_modular_clamp_square
xmodel,#p8_zm_esc_rubble_piles_stones_right
xmodel,#hash_7511bd1b759babff
xmodel,#p8_zm_esc_electrical_box_01
xmodel,#c_t8_zmb_homunculus_fb1
xmodel,#p8_zm_esc_windows_frame_02
xmodel,#p8_zm_esc_windows_frame_01
xmodel,#p7_curtain_rod_48
xmodel,#p8_zm_esc_rug_rectangle_02
xmodel,#wpn_t8_loot_ar_standard_mk2_world
xmodel,#p7_duct_metal_square_ceiling_support_rust
xmodel,#wpn_t8_pistol_standard_sig_01_view
xmodel,#p7_debris_cardboard_flat_09_wet
xmodel,#hash_7569e09800988543
xmodel,#p8_zm_esc_cagelight_wall
xmodel,#hash_75957a1505294b45
xmodel,#hash_759bc9f158a6db43
xmodel,#wpn_t8_loot_melee_action_figure_world
xmodel,#p7_zm_asc_light_cage_wall_off
xmodel,#wpn_t8_ar_galil_world
xmodel,#p8_wz_foliage_leymus_grass_01_dry
xmodel,#p7_ban_i_beam_bracket_32
xmodel,#hash_75cfed4bea537d8d
xmodel,#p8_zm_esc_cellblock_d_pipe_connector
xmodel,#p7_corrugated_sheet_metal_rust_dmg_06
xmodel,#p7_corrugated_sheet_metal_rust_dmg_04
xmodel,#attach_t8_optic_acog_world
xmodel,#p8_cable_wire_bundle_64_01
xmodel,#hash_76196e00b687fa46
xmodel,#p7_ban_light_hanging_pulley
xmodel,#hash_f627fbcdaeb34398
xmodel,#p7_pipe_metal_hp_4_t_joint_white
xmodel,#p7_duct_metal_rectangle_elbow_right_90_rust_dark
xmodel,#hash_766300c4e98d44f6
xmodel,#p8_fxanim_gp_wire_arc_03_smod
xmodel,#wpn_t8_loot_ar_peacekeeper_mag_mk2_world
xmodel,#p7_zm_asc_handrail_base_rusty_yellow
xmodel,#p7_pipe_metal_hp_4_straight_32_white
xmodel,#p7_cai_work_table_metal_03_white
xmodel,#hash_76a44abe7313cd2e
xmodel,#p8_fxanim_gp_chain_hang_no_hook_01_64_smod
xmodel,#p7_ammo_resupply_02_box
xmodel,#hash_76dad54eb50e76d1
xmodel,#hash_f6ed9f2cbae0bff6
xmodel,#p7_inf_toilet_vintage_chain
xmodel,#p8_wz_esc_cart_mail_sorting_canvas_bag_01
xmodel,#p8_wz_esc_cart_mail_sorting_canvas_bag_02
xmodel,#p8_wz_esc_cart_mail_sorting_canvas_bag_03
xmodel,#hash_7703ec33639a419a
xmodel,#wpn_t8_sniper_vanguard_view
xmodel,#p7_sink_ceramic_old_01
xmodel,#veh_t8_drone_rcxd_motor_spawn_model
xmodel,#hash_77256b6679d6ed96
xmodel,#hash_772acb05e5daf156
xmodel,#p8_zm_esc_sign_location_broadway
xmodel,#hash_774563b0be096a40
xmodel,#hash_774566b0be096f59
xmodel,#hash_77481a72bcac3eec
xmodel,#wpn_t8_ar_galil_view
xmodel,#p8_zm_esc_power_house_stair_metal_corner
xmodel,#wpn_t8_eqp_heal_aid_view
xmodel,#wpn_t8_loot_shotgun_fullauto_world
xmodel,#p8_wz_esc_pillar_stone_01
xmodel,#hash_f7a8c49b43311746
xmodel,#p7_pipe_metal_hp_12_straight_64_white
xmodel,#p8_hatch_door_frame
xmodel,#hash_77aceae5c45e8cab
xmodel,#wpn_t8_shotgun_semi_mag_sig_01_view
xmodel,#p8_chi_generator_worn
xmodel,#p8_zm_esc_pipe_metal_4_coupling_02_rust
xmodel,#p7_fxanim_gp_wire_long_01_smod
xmodel,#hash_77e562f11b31f328
xmodel,#hash_77e564f11b31f68e
xmodel,#hash_77e565f11b31f841
xmodel,#hash_77e566f11b31f9f4
xmodel,#hash_77e567f11b31fba7
xmodel,#hash_77e569f11b31ff0d
xmodel,#p7_zm_kin_table_folding_wood_folded
xmodel,#hash_f810807da4371cd4
xmodel,#hash_78165e744e274273
xmodel,#hash_78317eef6133d2e6
xmodel,#hash_78365ee04865d1a0
xmodel,#hash_783660e04865d506
xmodel,#hash_783661e04865d6b9
xmodel,#p8_fxanim_zm_esc_power_panel_bldg64_01_mod
xmodel,#wpn_t8_knife_bowie_bloody_view
xmodel,#p7_zm_ver_bookshelf_wood
xmodel,#p8_office_papers_stack_sml
xmodel,#p8_zm_esc_windows_frame_01_paper
xmodel,#attach_t8_ar_stealth_bayonet_sig_01_view
xmodel,#p7_pipe_metal_hp_12_flange_red
xmodel,#wpn_t8_ar_accurate_mag_view
xmodel,#p8_zm_esc_rubble_trim_corner_64_02
xmodel,#hash_7895bc9d72c9f45c
xmodel,#hash_7898bb9d72cc2880
xmodel,#hash_7898c99d72cc404a
xmodel,#hash_7898ca9d72cc41fd
xmodel,#hash_78a439194cb3ac8d
xmodel,#veh_t8_mil_boat_tactical_raft_dead_decal_attach
xmodel,#hash_78b95dc4fd832f83
xmodel,#p8_zm_esc_dryer_industrial_01
xmodel,#wpn_t8_shotgun_semi_view
xmodel,#p8_box_electric_commercial_lrg_01
xmodel,#p7_slu_wire_pipe_wall
xmodel,#p7_soc_rack_clothing_wheel
xmodel,#p8_zm_esc_dmg_nonplayable_metal_fence_01
xmodel,#p8_zm_esc_dmg_nonplayable_metal_fence_03
xmodel,#p8_zm_esc_dmg_nonplayable_metal_fence_06
xmodel,#hash_78e2433b0e35ed54
xmodel,#wpn_t8_loot_shotgun_fullauto_mag_world
xmodel,#wpn_t8_ar_heavy_sig_02_world
xmodel,#p7_debris_junkyard_scrap_pile_03
xmodel,#wpn_t8_sniper_vanguard_mag_view
xmodel,#hash_78f147b80c76bd28
xmodel,#p7_debris_glass_shards_01_dark
xmodel,#p8_pipe_metal_hp_4_straight_4_painted
xmodel,#p7_electrical_box_set2_meterhead02
xmodel,#hash_7909173c59a2e2ae
xmodel,#hash_7911a47b89780c2a
xmodel,#p8_box_cardboard_c_closed_damaged
xmodel,#p8_kit_ice_gen_03_door_01_frame_left_single_white_wood_01
xmodel,#hash_793138393567febe
xmodel,#p7_zm_ver_box_electric_panel_01
xmodel,#wpn_t8_pistol_revolver_sig_02_world
xmodel,#hash_794e7ef77c738b5a
xmodel,#p7_medical_surgical_tools_tongs
xmodel,#hash_797700f6c7195bc7
xmodel,#p8_usa_submarine_missile_silo_bolts_top
xmodel,#p8_zm_esc_sign_location_dock
xmodel,#hash_79994bfc54840797
xmodel,#hash_7999915eb9a715bd
xmodel,#p7_generator
xmodel,#p8_zm_esc_gutter_section_spout_128
xmodel,#p7_fxanim_gp_cobweb_triangle_02_mod
xmodel,#wpn_t8_ar_k57_mk2_world
xmodel,#p8_pipes_electrical_conduit_box_01_metal
xmodel,#hash_79e66b3606aec8e7
xmodel,#wpn_t8_ar_stealth_sig_02_world
xmodel,#hash_79eb47b2ef271f70
xmodel,#hash_7a0077ff925afa88
xmodel,#hash_7a04deeb6a936f0b
xmodel,#p8_col_oven_kitchen_door_lrg
xmodel,#hash_7a0de01a1ed72a9d
xmodel,#p8_hangar_scaffolding_platform_stairs
xmodel,#p7_duct_metal_rectangle_end_rust
xmodel,#p7_pallet_plastic_01_gray
xmodel,#hash_7a3a6c49c4e77262
xmodel,#hash_7a43b3315db82e33
xmodel,#hash_7a4700e77886455a
xmodel,#hash_7a4c3d29fbf68098
xmodel,#p7_wes_hotel_bar_shelf_column
xmodel,#p8_fxanim_zm_esc_rope_01_smod
xmodel,#p7_duct_metal_rectangle_straight_64_open_dmg_rust
xmodel,#hash_7a7a3792ab68f698
xmodel,#wpn_t8_ar_stealth_mag_view
xmodel,#hash_7a83a2d8193fc2ee
xmodel,#wpn_t8_smg_capacity_mag_view
xmodel,#p7_wes_container_vintage_bottle_yellow
xmodel,#p7_stepladder_lrg_closed
xmodel,#p7_zm_ctl_typewriter_vintage
xmodel,#hash_7ac27942d52f592b
xmodel,#hash_7ac6186ccc7fc19a
xmodel,#wpn_t8_eqp_sensor_dart_gun_world
xmodel,#p8_fxp_titan_link
xmodel,#p8_col_ceil_brace_02
xmodel,#p8_col_ceil_brace_01
xmodel,#hash_7af22a655f564517
xmodel,#hash_7af22b655f5646ca
xmodel,#p7_fxanim_gp_trash_newspaper_08_s3_smod
xmodel,#hash_7b02da5a71d52015
xmodel,#p7_rooftop_hvac_metal_unit_01
xmodel,#p7_glass_shard_thin
xmodel,#p8_metal_tank_water
xmodel,#p7_fxanim_gp_wire_long_02_smod
xmodel,#hash_7b35669dad15c520
xmodel,#p8_zm_gla_cage_wood_01_hook
xmodel,#p7_boat_life_preserver_dirty
xmodel,#p8_fxanim_gp_tarp_flat_square_01_s3_smod
xmodel,#hash_7b69624578944923
xmodel,#wpn_t8_basketball_view
xmodel,#wpn_t8_ar_fastfire_sig_01_world
xmodel,#hash_7b7945abff044c03
xmodel,#hash_7b7f81da667430b2
xmodel,#p8_zm_zod_dresser_drawer
xmodel,#wpn_t8_loot_smg_fastburst_mag_sig_02_view
xmodel,#hash_7bba1d1ce2bb7945
xmodel,#wpn_t8_lmg_titan_sig_02_world
xmodel,#hash_7bc50ca9f312e485
xmodel,#p8_wz_rock_cliff_large_01_c
xmodel,#p8_wz_rock_cliff_large_01_b
xmodel,#hash_7bcf07e1489d6c61
xmodel,#p8_fxanim_zm_esc_bodybag_hanged_chain_wall_01_smod
xmodel,#p8_col_fishing_net_rolled
xmodel,#p8_zm_esc_book_row
xmodel,#hash_7bf6ca6ed916e2f0
xmodel,#p8_usa_submarine_interior_box_medium_02
xmodel,#wpn_t8_shotgun_pump_ammo_base_red_shell
xmodel,#p8_wz_ammo_pickup_45acp
xmodel,#wpn_t8_zm_akud_clip_world
xmodel,#hash_7c3b3ee597ae4673
xmodel,#wpn_t8_tac_rifle_mid_burst_mk2_view
xmodel,#hash_7c40a6297a29d7bd
xmodel,#hash_7c4808e60fe3fe00
xmodel,#p7_pipe_metal_hp_4_valve_01_off_white
xmodel,#hash_fc69898af0d8781b
xmodel,#hash_7c6d9d4f8258427e
xmodel,#p8_wz_door_01_frame_wooden_double
xmodel,#p8_kit_zt8_gal_02_beam_02_basic_painted_metal_128_01
xmodel,#p7_bathtub_clawfoot_01
xmodel,#p7_wes_chips_stack_poker_sm_blue
xmodel,#p7_ladder_metal_secured_128
xmodel,#p8_gutter_01_bracket_01
xmodel,#p7_cabinet_wood_old_01
xmodel,#p7_cabinet_wood_old_02
xmodel,#p8_gutter_01_clamp_01_painted
xmodel,#p7_slu_alarm_fire
xmodel,#p8_usa_submarine_mess_hall_bench_long
xmodel,#p7_fxanim_gp_streamer_orange_knot_01_mod
xmodel,#p8_wz_spray_can_camo_single
xmodel,#p7_zm_ctl_tram_grate_c_01
xmodel,#p8_col_cabinet_kitchen_sink_01
xmodel,#p8_col_cabinet_kitchen_sink_03
xmodel,#p8_col_cabinet_kitchen_sink_02
xmodel,#p7_zm_sta_newspaper_folded_stack_tied_lrg
xmodel,#p7_fir_bathroom_mirror_broken
xmodel,#p7_wz_debris_wood_board_splinter_01
xmodel,#p7_wz_debris_wood_board_splinter_02
xmodel,#p7_wz_debris_wood_board_splinter_03
xmodel,#wpn_t8_zm_eqp_acid_bomb_world
xmodel,#hash_7cff3ade0767a1ff
xmodel,#wpn_t8_sig_bow_view
xmodel,#p8_fxanim_gp_wire_straight_xlong_thick_smod
xmodel,#wpn_t8_tac_rifle_surgeon_sig_02_view
xmodel,#c_t8_zmb_mob_zombie_body2_g_blegsoff
xmodel,#p7_zm_kin_table_wood_dining_oval
xmodel,#hash_7d2529ceeb7ac24b
xmodel,#hash_7d252eceeb7acaca
xmodel,#p7_pipe_metal_hp_12_straight_64_bare_dmg
xmodel,#p8_zm_esc_medical_poster_04
xmodel,#p8_zm_esc_medical_poster_05
xmodel,#p8_zm_esc_medical_poster_01
xmodel,#p8_zm_esc_medical_poster_02
xmodel,#p8_zm_esc_medical_poster_03
xmodel,#p8_light_bulb_socket_hanging_01
xmodel,#hash_7d6d593a887baa47
xmodel,#p7_fireplace_log_grate
xmodel,#wpn_t8_tac_rifle_surgeon_scope_ads_view
xmodel,#p8_debris_concrete_rubble_01_scatter_large_128_01
xmodel,#p7_shr_wood_plank_center
xmodel,#hash_7d8c7e77c98f67e8
xmodel,#p7_electrical_box_set2_meter07
xmodel,#p7_mirror_metal
xmodel,#p7_office_paper_sheet_10
xmodel,#p7_office_paper_sheet_12
xmodel,#p7_office_paper_sheet_09
xmodel,#p7_office_paper_sheet_08
xmodel,#p7_office_paper_sheet_03
xmodel,#hash_7db42bbcdb35a60f
xmodel,#p7_box_wood_01_long
xmodel,#hash_7dcb8bf89e55bd7c
xmodel,#wpn_t8_ar_accurate_sig_02_world
xmodel,#p7_ban_chainlink
xmodel,#p8_ice_rebar_straight_64_01
xmodel,#p7_foliage_plant_massangeana_sm_dead
xmodel,#p8_pipe_metal_hp_4_straight_32_metal
xmodel,#wpn_t8_loot_tac_rifle_damageburst_view
xmodel,#hash_7e2240cc0bad89f0
xmodel,#hash_7e45a390983d286a
xmodel,#hash_7e5926c1dc91f53a
xmodel,#wpn_t8_loot_ar_double_barrel_mag_world
xmodel,#wpn_t8_smg_accurate_view
xmodel,#p7_snooker_ball_black
xmodel,#hash_7e87d22ec462891b
xmodel,#p8_zm_esc_pipe_metal_dark_4x256
xmodel,#p7_zm_sta_cabinet_antique
xmodel,#p8_sidewalk_concrete_01_32x32
xmodel,#p7_conduit_rust_1_outlet_box
xmodel,#hash_7eb6d37855727e56
xmodel,#p8_zm_esc_bldg_64_arch_lrg_int
xmodel,#p8_zm_esc_concrete_slabs_destroyed_02
xmodel,#p7_zm_tra_monitor_support_02
xmodel,#hash_7ed8ea53f0406b50
xmodel,#hash_7eddfd5d41b16e97
xmodel,#wpn_t8_loot_pistol_auto_mk2_view
xmodel,#wpn_t8_loot_ar_double_barrel_world
xmodel,#hash_7ee1fc5e085f5e68
xmodel,#hash_7ee4e8b73fe2199f
xmodel,#p7_slu_trash_bin_sml
xmodel,#wpn_t8_crossbow_special_mag_world
xmodel,#p7_wes_chips_stack_poker_lrg_green
xmodel,#p7_pipe_metal_hp_12_valve_01_bare
xmodel,#hash_7f134b56cc9f6de0
xmodel,#p7_hinge_metal_straight_r
xmodel,#p7_hinge_metal_straight_l
xmodel,#p7_pipe_metal_hp_12_brace_lrg_1_white
xmodel,#p7_cai_ceiling_fan_metal_damaged
xmodel,#p7_debris_glass_shards_07_dark
xmodel,#hash_7f47fea63adc2416
xmodel,#hash_7f4b653297002e6c
xmodel,#p8_col_table_cafeteria_folding_upright
xmodel,#p8_wz_rock_cliff_large_01_c_round
xmodel,#hash_7f7d71b2383800fb
xmodel,#fx_rifle_shell_blur
xmodel,#wpn_t8_lmg_titan_mag_drop_world
xmodel,#hash_7f997dbd3cf23bbc
xmodel,#p7_debris_concrete_rubble_slab_01
xmodel,#p7_proto_fence_chainlink_post
xmodel,#p8_zm_esc_keybox
xmodel,#hash_7fae7b509748b544
xmodel,#p8_wz_cu_bottle
xmodel,#hash_7fb257d0c09749ba
xmodel,#p7_container_cardboard_box_02
xmodel,#hash_7fbca31d2f47de05
xmodel,#p8_zm_esc_fence_pole_01_corner
xmodel,#p8_wz_rock_cliff_large_01_b_round
xmodel,#p7_zm_kin_dresser_wood_drawer_dmg
xmodel,#hash_7fd72becc3aa0d3e
xmodel,#p7_fxanim_gp_tarp_blue_corner_02_s3_mod
xmodel,#hash_7fe1d0d90ccd5ea4
xmodel,#p7_aqu_railings_set_end_post_corner_metal_worn
xmodel,#p7_pallet_wood_damaged
gesture,#hash_8370d633554241bd
gesture,#hash_c1b17f6fabff8d0f
gesture,#hash_c38d88e73de1728d
gesture,#hash_d7cc89f900a2ab63
gesture,#hash_d847985e796a5a33
gesture,#hash_fd1a0e6f85591b3f
gesturetable,#hash_85bf0af11f628e09
gesturetable,#hash_8c613111b2c030f4
gesturetable,#hash_8e0c6ad827f81601
gesturetable,#hash_92e7b4bd7bcafd95
gesturetable,#hash_9a9f589bdca79b41
gesturetable,#hash_ae66d71bf64bcd83
gesturetable,#hash_aff77ff899cd0a3e
gesturetable,#hash_b5f36fd131d1cbf6
gesturetable,#hash_bd5c1516995abd99
gesturetable,#hash_c41ca49fc989c533
gesturetable,#hash_c72d6af900d8e082
gesturetable,#hash_dc7b37fc29441fbc
gesturetable,#hash_e0da9a04261d3a67
gesturetable,#hash_f3c524ecdadd3e26
gesturetable,#hash_fe54e4c0fdc5b747
gesturetable,#hash_fe8743a2c914c5a2
weapon,#hash_1771f67563bf8ff2
weapon,#hash_1fe57ee4604c88e2
weapon,#hash_c7a982e44d69cd3c
weapon,#hash_77eb0451c840bdf3
fx,#hash_36a9dd505e78a
fx,#hash_8077221cbc0e0140
fx,#hash_80958094c77d9589
fx,#hash_809c8c94c783c89b
fx,#hash_80a3f770be5e86a1
fx,#hash_a9b4ea77417285
fx,#hash_80e7395fb42d35f6
fx,#hash_815b4dac776370f0
fx,#hash_816259ac7769a402
fx,#hash_816266f9143a8d42
fx,#hash_8197a6eff4f2e996
fx,#hash_81ea86e8974e8c45
fx,#hash_216189dad603de4
fx,#hash_8255ba1e54330098
fx,#hash_82966521e46a6991
fx,#hash_8296bd2fdeae92fd
fx,#hash_82d9a10e6e2f8372
fx,#hash_82de83813760a919
fx,#hash_82e58f813766dc2b
fx,#hash_831859eba48a81a9
fx,#hash_831f65eba490b4bb
fx,#hash_83535a49b41b3f5e
fx,#hash_84345af7e7b44f50
fx,#hash_84763d0764efa8db
fx,#hash_518b6b936b7898f
fx,#hash_58783f66b74d1d0
fx,#hash_5f99e40139885a5
fx,#hash_8629053b4b8f0d36
fx,#hash_862f074d527f46c0
fx,#hash_868331458396a1d5
fx,#hash_86c7c35bd8ffcb9f
fx,#hash_7104362a9b68d36
fx,#hash_8764c40cff30dca5
fx,#hash_879c8c484e20daab
fx,#hash_886861bdafdca6bb
fx,#hash_888dadfc0ec8d186
fx,#hash_88beb8761231f7f9
fx,#hash_8f62d381ff02e68
fx,#hash_9ac6ae1b324f1d3
fx,#hash_8a30d569b6031922
fx,#hash_8a86840611a72cf6
fx,#hash_8b55269cf821e54d
fx,#hash_b8eef5b25515059
fx,#hash_8bae242d446f11e3
fx,#hash_8bde9396a806f8d4
fx,#hash_8c1d8a8510116b13
fx,#hash_8c56f9b54935e034
fx,#hash_8c94efc68e66ba3d
fx,#hash_8cf369fc45d208c9
fx,#hash_8d0af14e74a7df15
fx,#hash_8d101fa5cd13ef7b
fx,#hash_8d185de6377a14df
fx,#hash_8d272df8eabd522d
fx,#hash_8d35f9a5cd347e26
fx,#hash_8de66d6d85437104
fx,#hash_8e181cd9d47228cf
fx,#hash_8e3577c605255044
fx,#hash_8e3f93b14798cde3
fx,#hash_8e52e3fa45a13512
fx,#hash_8eb90e46786e8930
fx,#hash_8edabc101d4a9b8f
fx,#hash_ef05a4ca51481c8
fx,#hash_ef7664ca51ab4da
fx,#hash_8f07f477a362d3a4
fx,#hash_f272e0c6945d319
fx,#hash_8f764ea920ba56f1
fx,#hash_8f7da0106357b42f
fx,#hash_8f8df4e0d58ea786
fx,#hash_f968acb6b96ad0c
fx,#hash_8fb1a8f906774cff
fx,#hash_8fbadfbe7348ad4d
fx,#hash_8fbcd2a23553c21a
fx,#hash_8fc0cbbe734cf6ff
fx,#hash_1008bbbc9ba91883
fx,#hash_9014fbf818a61a59
fx,#hash_106e1868ca02f8e8
fx,#hash_90dc3f423a15a014
fx,#hash_90dd6da6249fb08d
fx,#hash_90e32b423a1b9cc6
fx,#hash_91285df10e85e9ce
fx,#hash_913a05c9a2a29e0e
fx,#hash_115b76035252b786
fx,#hash_9206d75150c2464e
fx,#hash_130feabc174eaf4e
fx,#hash_93988fd86e6dd82a
fx,#hash_93a1ec1d5c96a148
fx,#hash_93db842e8f7d2d2f
fx,#hash_93e579e23b15e6d3
fx,#hash_941c8e2e8fb4d522
fx,#hash_9434955656432bd4
fx,#zm_ai/fx8_avo_elec_projectile
fx,#hash_95211a67e1ac8338
fx,#hash_952960d3e558f362
fx,#hash_954c2663026efcbb
fx,#hash_954d4ad4f2dccd3e
fx,#hash_9581bc9a3084d7b8
fx,#hash_9587c89a308957ca
fx,#hash_95b4f4be2b69464a
fx,#hash_95bc8395437b3654
fx,#hash_95c23a7972da9fdc
fx,#blood/fx_blood_decal_impact_ground
fx,#hash_96404c27d72c72d3
fx,#hash_96a3a68137d3e7d9
fx,#hash_96eeb2a7dd0a0991
fx,#hash_96f59ea7dd100643
fx,#hash_972532aa2914fe12
fx,#hash_975dde33dcb60f21
fx,#hash_978d9e4ac566deb5
fx,#hash_18876e3010f55b39
fx,#hash_98b7f732ac5279df
fx,#hash_98f27b1c327d01ec
fx,#hash_990601c442398dc1
fx,#hash_997d45e7d1977763
fx,#hash_99edb7989f85ab5f
fx,#hash_19fd67d4066e7da5
fx,#hash_9a110c5be995fe58
fx,#hash_9a110d5be996000b
fx,#hash_9a110f5be9960371
fx,#hash_1a46d5b918e14147
fx,#hash_1a94b2564f5a790e
fx,#hash_1aa7ac96383615da
fx,#hash_9aaa61732a862904
fx,#hash_1ab10bf78f9105ad
fx,#hash_1b0da2b8c6ef270f
fx,#hash_1b2647950bda8ce1
fx,#hash_9b35af891deeb706
fx,#hash_9b7940f62c56793a
fx,#hash_9bb2804cee53800d
fx,#hash_1bbcc65994bfe1c1
fx,#hash_9bdb46f62ca94dc7
fx,#hash_1bdd0dedebd76ddb
fx,#hash_1bfd652e2faa4931
fx,#hash_9c2d4acb7998f7f5
fx,#hash_9c3456cb799f2b07
fx,#maps/zm_escape/fx8_alcatraz_brut_spawn
fx,#hash_9c5c479e58e12b37
fx,#hash_9ca729bc37a4212d
fx,#hash_9d066ebad8ad5d0c
fx,#hash_9d3a832c79f8c726
fx,#hash_1e465c6308d017fb
fx,#hash_9e4b612db9ee3595
fx,#hash_9e97359cc9252fe8
fx,#hash_9ea133523dd8ae2d
fx,#hash_9ed24b24750582b0
fx,#hash_9ed95724750bb5c2
fx,#hash_9f25f4f83c579a98
fx,#hash_9f7ef41fb4ea4904
fx,#hash_9fb8ed9617446b59
fx,#hash_9fcdf3ef536ca6de
fx,#hash_a01d8d0e1c15f221
fx,#hash_2041855643f8bf2f
fx,#hash_a06ff3cdaa6dbb81
fx,#hash_2161579e17b19eab
fx,#hash_a1676a58d92eb053
fx,#hash_a1ae069896a54964
fx,#hash_a1b4f29896ab4616
fx,#hash_a2422ba79bd4eaaa
fx,#hash_a24ed66be5768225
fx,#hash_232146af54dae299
fx,#hash_a32c9e03f2ce74a5
fx,#hash_a333aa03f2d4a7b7
fx,#hash_a3b5e91e0d127576
fx,#hash_23e3c4fdd1f20ac2
fx,#hash_a3e4a9885ea1f139
fx,#hash_a3eb31bab2fd967a
fx,#hash_a3fdcf1e0d4ffeeb
fx,#hash_a47c28b43c001b30
fx,#zm_ai/fx8_dog_lightning_spawn
fx,#hash_249f091d13da3663
fx,#hash_24e2c7fb0b7375eb
fx,#hash_a4fb9f1cba33a365
fx,#hash_a51b3417b0b3f2c8
fx,#hash_257cab7973b26272
fx,#hash_a5a99eb176affd8d
fx,#hash_a60fafe2e7ced71c
fx,#hash_a64f9fe57a63a952
fx,#hash_a6d0cedbeb39c5dd
fx,#hash_273ab165c383d9d0
fx,#hash_a7663bcdd71584aa
fx,#hash_28161c7927427529
fx,#hash_a88d731469c94edf
fx,#hash_a895530194894bdc
fx,#hash_2895d1ce82aaf4c0
fx,#hash_a93a0c569e41f715
fx,#hash_a96a36bbbf4eb464
fx,#hash_a976d38995f82261
fx,#hash_29a1dbd6e7e2b3bc
fx,#hash_a9bd1ba4daf07a85
fx,#hash_a9c327a4daf4fa97
fx,#hash_2a176525fb2a80e9
fx,#hash_2a3b8c34c3324630
fx,#hash_aab40e641efec97d
fx,#hash_ab4f0b7b45b86a3d
fx,#hash_ab551848793bec4c
fx,#hash_ab7cffbaa8412ded
fx,#hash_abb1f5748a596228
fx,#hash_abb901748a5f953a
fx,#hash_2c821c1f1a3bae79
fx,#hash_2c89281f1a41e18b
fx,#hash_ad306d2e7cd05214
fx,#hash_ad5f8b9ec33ebeb8
fx,#hash_2e27dbff115bc358
fx,#hash_2e3a479308a09bbe
fx,#hash_af7007b301e85690
fx,#hash_af712fa395d652a7
fx,#hash_af8c565922daaabf
fx,#hash_afd8c8f62a069726
fx,#hash_b00118ebd83c3963
fx,#hash_3055dc23ae9ca695
fx,#hash_b17f3a24ff92b8ca
fx,#hash_b20ecc68ff7c88f7
fx,#hash_b259aa4abd8d4b2a
fx,#hash_328b7257069e00e2
fx,#hash_b2c355dd09407749
fx,#hash_32d08a127f5b1243
fx,#hash_b2e4b681d6be4af7
fx,#hash_b2e93bdd09611a58
fx,#hash_b3076bd630a2b54d
fx,#hash_b30d57d630a6feff
fx,#hash_b32375ebe7b0baa0
fx,#hash_b32981ebe7b53ab2
fx,#hash_b40f07cef1e065e9
fx,#hash_b47b2c96927f0750
fx,#hash_b481389692838762
fx,#hash_b4c851f779a2b914
fx,#hash_b4ffa4b74c35393d
fx,#hash_b53972973713db01
fx,#hash_b53f5e97371824b3
fx,#hash_355d8db7f649041c
fx,#hash_b66da3968e1611fe
fx,#hash_b6a2aa4885bd54e4
fx,#hash_b781621aa9946f00
fx,#hash_b781641aa9947266
fx,#hash_b781651aa9947419
fx,#hash_b848fb7c836a03d2
fx,#hash_b8fde46af24259e6
fx,#hash_b90f95b508302a71
fx,#hash_397703358ed58107
fx,#hash_39829d0e02072dda
fx,#hash_39b25de05718b20c
fx,#hash_b9f792e9b01a7b72
fx,#hash_ba08ffaecd5657a1
fx,#hash_ba4705f10d2dd068
fx,#hash_ba8f6fe1917d7180
fx,#hash_3abca32bdc7eea30
fx,#hash_3ac0418f45f103a9
fx,#hash_3afb1313fd33c86c
fx,#hash_bb3f97cf646813ac
fx,#hash_bbcf9e29be800d33
fx,#hash_bc501ea0c64b9112
fx,#hash_3c75a7a102caa32e
fx,#hash_bc9e96b9b5c03d65
fx,#hash_bcfd91e852a6eced
fx,#hash_bd4d6663770c0e14
fx,#hash_bd70aa7090b628a2
fx,#hash_3dc804f42eb9ceb8
fx,#hash_be78af902f84621e
fx,#hash_be95cda1a373d79a
fx,#hash_be99f483a765a91e
fx,#hash_bed01954f57c3043
fx,#hash_bee61b29bb18d708
fx,#hash_3f3070c158a8059b
fx,#hash_bf4caf7a0c572eb2
fx,#hash_c122e02f2abf1b33
fx,#hash_412865923c8a9321
fx,#hash_c15b461b7420c6d2
fx,#weapon/fx8_muz_hero_sig_grapple_reelin_1p
fx,#hash_c1e504ff09d88af9
fx,#hash_c1ec10ff09debe0b
fx,#hash_c210eb9446e2e95d
fx,#hash_c277f055bc0afcd2
fx,#hash_c31067e07ca3db49
fx,#hash_c3160181273732c9
fx,#hash_c31e6e31fbc09994
fx,#hash_44503cfccaaa5999
fx,#hash_4470dad4063cfa2b
fx,#hash_c4aa12f1e8cebe8a
fx,#hash_c4e4fd97b3f3b8b5
fx,#hash_c4eb0997b3f838c7
fx,#hash_461e71ea94d3f253
fx,#hash_c648a6c2c5ebc58e
fx,#hash_c6599cc2c5fa27c3
fx,#hash_c68595ecc1b3a341
fx,#hash_468642e9ef8ab913
fx,#hash_c71c2ac454e42597
fx,#hash_477ffae0b0471892
fx,#hash_c7b11ac110f88641
fx,#hash_c7b3d809d3e1669c
fx,#hash_c7b9e409d3e5e6ae
fx,#hash_c857bf41d47ef138
fx,#hash_c87a8526216908b9
fx,#hash_c888e494dfa2a28f
fx,#hash_c933e5187e51b392
fx,#hash_c96068abb95ab99e
fx,#hash_ca43b374270302f2
fx,#hash_ca714069fa24f5c8
fx,#hash_ca77a5c19fe46ef1
fx,#hash_4acd2f1ec06d68ce
fx,#hash_caed121beba1e179
fx,#hash_4c0a8dd50d746a58
fx,#hash_cc0f2d168effa77d
fx,#hash_4c1199d50d7a9d6a
fx,#hash_cc1e7a89391aa5e0
fx,#hash_cc24e997afad36e0
fx,#hash_cc2586893920d8f2
fx,#hash_cc674c73cf9c5084
fx,#hash_cc6db7c911290f94
fx,#hash_ccbf7fd7b1da1d57
fx,#hash_cce146d3986d734c
fx,#hash_cceb6b8de42abe28
fx,#hash_ccfe9475f47d6ca2
fx,#hash_cd9500738747ecb0
fx,#hash_ce3dc7da8f681079
fx,#hash_ce40eada8f6a81c9
fx,#hash_ce52d0b8f2effe18
fx,#hash_ce55cdda8f7cac8c
fx,#hash_ce98cb0e0be52531
fx,#hash_cea61edbf963eba5
fx,#hash_cebb0d2d5095754e
fx,#hash_cf1fd4a87c6562ec
fx,#hash_cf244fc378c20454
fx,#hash_cf98c0d545af9342
fx,#hash_cfcae6c5672724fc
fx,#hash_cff03be999111700
fx,#hash_d05391476800a162
fx,#hash_d0cbe83c696ccfd9
fx,#hash_d136c746fd9646fd
fx,#maps/zm_escape/fx8_alcatraz_brut_shock
fx,#hash_d153fcbb5a54fde2
fx,#hash_d16a556cce8fb8b4
fx,#hash_d1f1cb18258f3201
fx,#hash_d1fb156aa297b6f6
fx,#hash_d2c22f3d0a38c679
fx,#hash_d30d00918797c285
fx,#hash_d32e319b69427908
fx,#hash_d36f515466a2fe90
fx,#hash_d3805b5466b182c1
fx,#hash_d3c4e5f57b0d2caa
fx,#hash_d43425999181bd24
fx,#hash_d43b11999187b9d6
fx,#hash_d50bc3e0ce22e99d
fx,#hash_d570cc7366377996
fx,#hash_d59381938bce01a5
fx,#hash_d5ab7d020e98fb0a
fx,#hash_d5c4f54b2582d030
fx,#hash_d6d686428c6fbe1e
fx,#hash_d6f52b23fd1c1ca8
fx,#hash_d71f175f88ef5896
fx,#hash_d72307825864589f
fx,#hash_5744a1255948c5fc
fx,#hash_d76ef3a54ceaf616
fx,#hash_d7a2f83e532e9c81
fx,#hash_d7d6d01db9951f57
fx,#zm_ai/fx8_zombie_eye_glow_red
fx,#hash_57f31e3ea849e2a5
fx,#hash_d834c154c3d6e988
fx,#hash_d8c3f4e29e8a3e5f
fx,#hash_58e5c81e8bd65c35
fx,#hash_d8ffa5b809ec0141
fx,#hash_d90691b809f1fdf3
fx,#hash_d965b1535a7f73a1
fx,#hash_5a722c7fb70f55ed
fx,#hash_5a905a3a5c52586d
fx,#hash_db083e6f46033f8f
fx,#hash_db3b5af3fd550cd0
fx,#hash_db5415ce941d25ac
fx,#hash_db5b21ce942358be
fx,#hash_db9a68bd466e5141
fx,#hash_dba154bd46744df3
fx,#hash_dbd5525bca7d9ce8
fx,#hash_5bf0a9e177e9bf00
fx,#hash_dc1d405afbb88ee2
fx,#hash_dc73f4f5f3d2ac5e
fx,#hash_dc73fef5f3d2bd5c
fx,#hash_5ce9f224ee5c9c63
fx,#hash_dd138e5b1ee09264
fx,#hash_dd2892efd9b021dd
fx,#hash_dd31de5a8623f3ba
fx,#hash_dd5335eb2372fb75
fx,#hash_dd8233ecf44eb12c
fx,#hash_5d8b04747ff4631d
fx,#hash_dd8c0e01bbd69c7a
fx,#hash_de492b7d3c96ffb2
fx,#hash_de9338d88376c2be
fx,#hash_deb4f466cbe7d5f9
fx,#hash_dec6c674d6af26b1
fx,#hash_df190015ac9ded95
fx,#hash_df5b2ec51d9d2d73
fx,#hash_5f8b652eb08b712a
fx,#hash_dfc376e533776975
fx,#hash_dfca82e5337d9c87
fx,#hash_5ff50fb3464e0ab9
fx,#hash_e04da0fdbc9511cf
fx,#hash_e0eec0ceed2911e0
fx,#hash_e0fceabfd6c2cf30
fx,#hash_614ff59e40b63b9c
fx,#hash_e1a9925d9f249536
fx,#hash_e1c5d96cb8067ade
fx,#hash_623c5ffff63a3929
fx,#hash_e24213aeb33e6e4d
fx,#hash_e31e92247faa0b38
fx,#hash_6329fb1ada24b55b
fx,#hash_e35937343febfb67
fx,#hash_e38aa0ebe30e87b1
fx,#hash_639474d6e833d192
fx,#hash_e3a7fdc918bdeb1d
fx,#hash_e3aee9c918c3e7cf
fx,#hash_e414a3d71c928898
fx,#hash_e466f66a627bd02c
fx,#hash_e46e026a6282033e
fx,#hash_e4b8335a65c1f48b
fx,#hash_64dbfc4253f51c17
fx,#hash_e4e1620c35bc9720
fx,#hash_65516c37716658b6
fx,#hash_e5e853ef0aab6fec
fx,#hash_e5e952dd71f12095
fx,#hash_e6478d394cf5596d
fx,#hash_e76f8fb9c2edefb2
fx,#hash_6780cd8d8d7761bf
fx,#hash_e78ac7747906c1ae
fx,#hash_e8245bd8a93f4d38
fx,#hash_e8755339a56dfba6
fx,#hash_e8a5b0562a316e20
fx,#hash_e8d83a1026855faf
fx,#hash_e8dcc6c2d16a4bd4
fx,#hash_e966fb2c4d845700
fx,#hash_ea038ff0114bed37
fx,#hash_ea10c85956cc47a5
fx,#hash_ea166da54a7761d3
fx,#hash_ea9009a1f8356612
fx,#hash_eb056cabf18857aa
fx,#hash_6b4c7580f7a0ef94
fx,#hash_eb781118a6db716e
fx,#hash_ec03db1a2a1235cc
fx,#light/fx8_light_spot_brutus_flicker
fx,#hash_6c85e621b600c430
fx,#hash_ecd2fb29bb0f309f
fx,#hash_ece02086fc656138
fx,#hash_ed18ace02157cb7a
fx,#hash_ed1df188763b8ed2
fx,#hash_6d27931954af2ff1
fx,#hash_ed9a36ac32c18d74
fx,#hash_6e28b500f355520c
fx,#hash_ee68fc37599a8e13
fx,#hash_eea4be838a188b25
fx,#hash_eea4ca838a189f89
fx,#hash_eea4ce838a18a655
fx,#hash_eea4d0838a18a9bb
fx,#hash_eeef96000a576560
fx,#hash_ef2c651fcb460b80
fx,#hash_6fec94225bb3270f
fx,#hash_f020c91e247f443b
fx,#hash_f078b4e4e1897123
fx,#hash_f09dc68733f89cc8
fx,#hash_f10b1d86dabf86b8
fx,#hash_f1f5fe165871c0e5
fx,#hash_71f98cd65b1ad5f1
fx,#hash_f1fd093eb2276be8
fx,#hash_721990bf03bf0871
fx,#hash_f2254669a4f28d1f
fx,#hash_722dbeb5d6a3829c
fx,#hash_7233cab5d6a802ae
fx,#hash_f282363a66bd14e2
fx,#hash_f2b9398ab0ca43e3
fx,#hash_f32af94fc67eb65a
fx,#hash_f33b23142184b7a9
fx,#hash_f3f6b8e41ad5800b
fx,#hash_f41059c54e14f546
fx,#hash_f42abec5fd11ba4d
fx,#hash_f430aac5fd1603ff
fx,#hash_f450799105d06dc6
fx,#hash_746d4f255be46bba
fx,#hash_746d8de0b2948bf5
fx,#hash_f605fe76ac48859a
fx,#hash_f640e06584066fc4
fx,#hash_f650ae3d37df58a2
fx,#hash_768458ad2d3792f9
fx,#hash_f692e004c02a9187
fx,#hash_f698d84a3ee37135
fx,#hash_f72b66ddf97f08cc
fx,#hash_f7b995b902df3cd9
fx,#player/fx8_plyr_emote_homunc_end
fx,#hash_77f73383183665cc
fx,#hash_77f7368318366ae5
fx,#hash_f80594951a9dbbad
fx,#hash_f8be4c0edf0119d2
fx,#hash_78f02617f4f71d8a
fx,#hash_792de7d953515e3c
fx,#hash_793390800a39d7d5
fx,#hash_7934f3d95357914e
fx,#hash_f97c27b3b7c3b14d
fx,#hash_f9b22d99f903eb4d
fx,#hash_f9b81999f90834ff
fx,#hash_fa13f030e0e87128
fx,#hash_7a327996cc2528d0
fx,#hash_7a327c96cc252de9
fx,#hash_7a5a60f6b3962bb8
fx,#hash_fa7e2fe397bce7a9
fx,#hash_faba2f333cd1bff9
fx,#hash_7b12074b48c72d4d
fx,#hash_7b17f34b48cb76ff
fx,#hash_7b8b92cce00702a9
fx,#hash_7bd7698e8fcc4557
fx,#hash_fbd7e71b9295f65d
fx,#hash_fcb9864865b6323d
fx,#hash_fd7c67a56b69bb5c
fx,#hash_fda47c48b0ea732b
fx,#hash_fe9372a2e874f2b0
fx,#hash_fe988f82712a1eef
fx,#hash_7ec9bdd442fb4432
fx,#hash_ff0aa55bcae9d097
fx,#hash_ff0d4507d6489545
fx,#hash_ff1447088543441e
fx,#hash_ff2af1871a6d28a9
fx,#hash_ff3ccea480d632c1
fx,#hash_ff43baa480dc2f73
fx,#hash_ff48604cfb7f3a90
fx,#hash_ff5dfd07d1e22b27
fx,#hash_ff82c78914067d3a
tracer,#lmg
tracer,#hash_d49acf5d655c4d42
tracer,#hash_d6f045ae9b61e985
tracer,#hash_e2bdd456ce2308cc
laser,#default_laser
beam,#hash_89afe8ee098ebe30
beam,#hash_989287b3f5a1f0a4
beam,#hash_ab06136c245c2e7d
beam,#hash_b1230d3e225f1098
beam,#hash_b91c0834d2b675c4
beam,#hash_bb157e3f6b4171de
beam,#hash_bec5195462378992
beam,#hash_eac8acd028e03c0d
beam,#hash_facce16c04e24d58
postfxbundle,#pstfx_wz_esc_tele_reveal
postfxbundle,#pstfx_wz_esc_tele_sprites
postfxbundle,#pstfx_slowed
postfxbundle,#pstfx_shock_charge
postfxbundle,#hash_d42b9530ce3f57e4
postfxbundle,#hash_dfcf5953d3c6c0ca
postfxbundle,#pstfx_burn_loop
postfxbundle,#hash_e9a53e8913317ecf
postfxbundle,#pstfx_sprite_rain_loop
renderoverridebundle,#rob_wrapper
renderoverridebundle,#rob_headshot
image,#terrain_height_maps_0
image,#hash_63f5af81676b6f1c
image,#hash_2b8ae8eb18d0c15e
image,#terrain_height_maps_1
image,#hash_63f5b081676b70cf
image,#hash_2b8ae9eb18d0c311
image,#hash_53fdb8b27b0a5f79
terraingfx,#hash_5cf1497d4f3dabaa
destructibledef,#hash_332ea8a74bc037bd
destructibledef,#hash_477bf314cd4d3372
xanim,#hash_83db8408cd43cccd
xanim,#hash_84b1c76b351ecc14
xanim,#vm_zom_raygun_mk2_reload_empty
xanim,#hash_88b67ec7a106173f
xanim,#hash_8a1dc1dd184f6e63
xanim,#hash_8c9fde586ad63f63
xanim,#hash_8ed4a66155a1bebd
xanim,#hash_907d59faf3fb9297
xanim,#hash_90f99641a04bf3d3
xanim,#hash_1277abe2f19520a3
xanim,#hash_933f2d8fda814367
xanim,#hash_93d6971f88391c38
xanim,#hash_942a4f66826e6bb4
xanim,#hash_1550653dbee3e57a
xanim,#hash_959cd36252715d5f
xanim,#hash_95a40e0a401e95d4
xanim,#hash_9d50c80fc771c952
xanim,#hash_9dff778d4a5fd0ab
xanim,#hash_9ff8c49c04aea90f
xanim,#hash_a3a5284707547f62
xanim,#hash_24ca0270fd431cdf
xanim,#vm_ww_akud_reload
xanim,#hash_a76f7ff6c97a2c4f
xanim,#vm_ww_freezegun_reload_empty
xanim,#vm_virtual_tablet_pullout
xanim,#hash_acbc78484a4fec0d
xanim,#hash_ae48682862c5f299
xanim,#hash_b2a25feb55ed40e4
xanim,#hash_b779d7081701c3ef
xanim,#hash_b80f4b067de3d14a
xanim,#vm_sniper_damagesemi_reload_in
xanim,#hash_b844801c13db6594
xanim,#hash_3905c196ce19c4de
xanim,#hash_be76c0e32cf4236e
xanim,#hash_c204c20878241739
xanim,#hash_4449ea495502dfbe
xanim,#hash_c7c02a5811577f95
xanim,#vm_virtual_tablet_idle
xanim,#hash_cda6bc8f0e864d3f
xanim,#hash_cff30d6abbc32769
xanim,#hash_5312bfa7a836d16a
xanim,#hash_d3bb503d9094a7a1
xanim,#hash_d7130c0940d7f19e
xanim,#hash_de25341b5b979e47
xanim,#hash_5f257f95a29989c7
xanim,#hash_e4282601c24b0566
xanim,#hash_e5c1d4b79fd09613
xanim,#hash_e7389abf5af407fc
xanim,#hash_e7ce80f0f9d0e1a1
xanim,#hash_6a988d2f4434c3a7
xanim,#hash_eb1c150c7626ec22
xanim,#hash_ec8d7b0a750dee82
xanim,#hash_ecc87d71efa6ae9c
xanim,#hash_ed6498aa0b00dc04
xanim,#hash_eef65679d18c13ee
xanim,#hash_ef51e76ac585add4
xanim,#hash_f229ea1dd4a05559
xanim,#hash_f229f01dd4a05f8b
xanim,#hash_f229f41dd4a06657
xanim,#hash_f22a041dd4a08187
xanim,#hash_f4a9c07e9bc2de34
xanim,#hash_f53a70716cca167a
xanim,#hash_f63b116b606590e5
xanim,#hash_f7e478e0b812a6af
xanim,#hash_f8021afa7c95ba65
xanim,#hash_794bc0fe75967c04
xanim,#hash_fce5a2f4ec49141a
xanim,#hash_fd3c6fec13fdc23b
xanim,#hash_fe146e025b197c7d
xmodel,#wpn_t8_loot_smg_fastburst_mag_mk2_world
xmodel,#p8_gutter_01_downspout_01_painted
xmodel,#p8_usa_submarine_interior_periscope
xmodel,#hash_289d074232121ce
xmodel,#p7_zm_kin_bed_antique_full
xmodel,#hash_3822dc26408f68d
xmodel,#p7_light_metal_hanging_mechanic
xmodel,#wpn_t8_smg_mp9_sig_02_mag_world
xmodel,#p7_zm_ctl_book_vintage_row_02_nocm
xmodel,#veh_t8_drone_wasp_piece_wing_rocket_right_mp
xmodel,#p7_bottle_plastic_soap_blue_clean
xmodel,#p8_gutter_01_straight_32_painted
xmodel,#p8_cables_electrical_fuse_box_05
xmodel,#wpn_t8_ar_stealth_mag_world
xmodel,#hash_91713560147aecf
xmodel,#veh_t8_drone_recon
xmodel,#p7_zm_asc_battery_auto
xmodel,#p8_zm_esc_light_mounted_mount_full
xmodel,#wpn_t8_ar_heavy_mag_mk2_world
xmodel,#p8_usa_submarine_torpedo_railing_rt
xmodel,#c_t8_zmb_mob_zombie_body2_s_larm
xmodel,#hash_d0dec300912cccd
xmodel,#p7_book_vintage_06_burn
xmodel,#wpn_t8_loot_sniper_locus_mag_world
xmodel,#wpn_t8_smg_fastfire_mag_world
xmodel,#p8_zm_esc_cell_bed_full
xmodel,#p7_bucket_plastic_5_gal_closed_green
xmodel,#hash_edda1db9f151043
xmodel,#veh_t8_drone_recon_wz
xmodel,#wpn_t8_tac_rifle_surgeon_mag_sig_02_world
xmodel,#p7_zm_ctl_book_vintage_01
xmodel,#p7_zm_ctl_book_vintage_02
xmodel,#p7_zm_ctl_book_vintage_04
xmodel,#p7_zm_ctl_book_vintage_06
xmodel,#p8_zm_esc_bldg_64_arch_lrg
xmodel,#p7_book_vintage_04_burn
xmodel,#p7_chemistry_kit_jar_mid
xmodel,#p8_spa_trashcan_covered
xmodel,#p7_zm_ver_sink_vanity_full
xmodel,#wpn_t8_smg_accurate_mag_world
xmodel,#wpn_t8_tac_rifle_mid_burst_mag_world
xmodel,#p7_book_vintage_open_01_burn
xmodel,#wpn_t8_eqp_smartcover_cover_spawn_panel_left_top_dmg01
xmodel,#p7_soc_rack_clothing_full
xmodel,#veh_t8_mil_air_transport_mp_dark
xmodel,#wpn_t8_ar_k57_mag_sig_03_world
xmodel,#wpn_t8_lmg_plr_view_mk2
xmodel,#p8_chi_pipe_03_64_24
xmodel,#hash_191bde3f16863a59
xmodel,#p7_book_vintage_02_burn
xmodel,#p8_debris_coal_01_small_01_ember_01_hot
xmodel,#p8_gutter_01_straight_64_painted
xmodel,#hash_1a4a03f5033dd40d
xmodel,#wpn_t8_loot_smg_fastburst_mag_world
xmodel,#p7_book_office_med_brown
xmodel,#hash_1c2ba08cf272e3ec
xmodel,#p8_col_storage_chem_lab_cabinet_tall_full_dmg
xmodel,#p7_tools_jar_glass_bolts
xmodel,#wpn_t8_ar_accurate_mag_world
xmodel,#hash_1e80bd9f5bd8ae97
xmodel,#wpn_t8_lmg_titan_mag_world
xmodel,#hash_1efa86bb931b4df7
xmodel,#p7_zm_kin_dresser_wood_full_dmg
xmodel,#wpn_t8_smg_handling_mag_mk2_world
xmodel,#p8_wz_array_barrel_pallet
xmodel,#p8_chi_comm_antenna_roof_lrg_full
xmodel,#hash_22745cae792e6b7a
xmodel,#wpn_t8_loot_ar_standard_mag_mk2_view
xmodel,#hash_239167b0a9576094
xmodel,#p8_zm_esc_table_wood_lrg_tablecloth
xmodel,#p8_gutter_01_end_rt_painted
xmodel,#hash_265826c086c6beda
xmodel,#hash_27dcda619fdc1dcd
xmodel,#p7_food_shop_item_container_fork
xmodel,#hash_299bca241f3001c2
xmodel,#wpn_t8_ar_fastfire_mag_world
xmodel,#wpn_t8_eqp_smartcover_cover_spawn_panel_left_dmg01
xmodel,#hash_2bcf739c58abac54
xmodel,#p7_book_office_binder_open
xmodel,#p7_zm_asc_console_launch_key_no_lid_green
xmodel,#hash_2cb11b9e8e5a149d
xmodel,#wpn_t8_wpn_lmg_hades_mag_world
xmodel,#fx_debris_stone_01
xmodel,#c_t8_zmb_mob_zombie_body2_s_lleg
xmodel,#p8_zm_zod_pipe_set_medium_complete_02
xmodel,#p8_zm_zod_pipe_set_medium_complete_01
xmodel,#wpn_t8_loot_sniper_locus_world
xmodel,#wpn_t8_smg_capacity_mag_sig_02_world
xmodel,#p8_usa_submarine_interior_chair
xmodel,#p8_gutter_01_straight_128_painted
xmodel,#hash_30d8d17c19b134b7
xmodel,#wpn_t8_eqp_turret_mini_mount_fx
xmodel,#p8_col_nitrogen_tank_worn_01_grime
xmodel,#veh_t8_drone_wasp_piece_body_mp
xmodel,#p8_gutter_01_end_lt_painted
xmodel,#p7_zm_ctl_book_vintage_row_04_nocm
xmodel,#wpn_t8_tac_rifle_swordfish_mag_mk2_world
xmodel,#wpn_t8_smg_capacity_mag_world
xmodel,#hash_35e827f9eeb889ac
xmodel,#wpn_t8_ar_k57_mag_mk2_world
xmodel,#p8_zm_esc_cell_door_clump
xmodel,#p8_chi_pipe_03_128_24
xmodel,#p7_fir_light_industrial
xmodel,#p7_water_container_plastic_small_yellow
xmodel,#p8_bucket_plastic_5_gal_closed_white
xmodel,#p8_wep_cargo_container_military_closed
xmodel,#p8_col_nitrogen_tank_worn_01
xmodel,#c_t8_zmb_mob_zombie_body2_s_rleg
xmodel,#hash_3df73bb3c801f392
xmodel,#wpn_t8_zm_mp40_world
xmodel,#hash_3eff508e2f04dc0b
xmodel,#wpn_t8_smg_fastfire_mag_mk2_world
xmodel,#p8_zm_esc_light_mounted_shade_02_on
xmodel,#hash_3ff28bc3b252d877
xmodel,#veh_t8_drone_wasp_piece_wing_rocket_left_mp
xmodel,#wpn_t8_loot_smg_fastburst_mag_sig_02_world
xmodel,#p8_gutter_01_corner_inside_32
xmodel,#p8_zm_esc_barrel_drum_full
xmodel,#hash_43466eee37b52340
xmodel,#p7_zm_ver_toilet_vintage_no_lid
xmodel,#p7_zm_asc_console_launch_key_full_red
xmodel,#p8_usa_submarine_interior_panel_01
xmodel,#p8_usa_submarine_interior_panel_03
xmodel,#p8_usa_submarine_interior_panel_02
xmodel,#p8_usa_submarine_interior_panel_05
xmodel,#p8_usa_submarine_interior_panel_06
xmodel,#hash_4669351134a966b9
xmodel,#p8_gutter_01_straight_128
xmodel,#p8_chi_pipe_03_90d_24
xmodel,#c_t8_zmb_mob_brutus_boss_baton
xmodel,#hash_48dbaac7faa7b1fe
xmodel,#hash_48fda6c7fac49198
xmodel,#p7_wes_clock_wall_vintage
xmodel,#p8_light_wall_vintage
xmodel,#p7_zm_clt_bunkbed_wood_single_02
xmodel,#wpn_t8_ar_k57_mag_sig_02_world
xmodel,#hash_4c344b9d8612bd8a
xmodel,#p8_col_oven_kitchen_full
xmodel,#hash_4d05eedc16cc07ce
xmodel,#p7_bottle_glass_liquor_01
xmodel,#c_t8_zmb_mob_zombie_body2_s_rarm
xmodel,#wpn_t8_sniper_vanguard_mag_mk2_world
xmodel,#p7_zm_ctl_tool_fireplace_stand_full
xmodel,#wpn_t8_loot_ar_standard_mag_view
xmodel,#p8_heist_duffel_bag_set_open
xmodel,#hash_500a2c138b3dbc3f
xmodel,#hash_507610375401aa00
xmodel,#p7_book_vintage_02
xmodel,#p7_book_vintage_03
xmodel,#p7_book_vintage_01
xmodel,#p7_book_vintage_04
xmodel,#p7_book_vintage_05
xmodel,#hash_5187f9f275e94c64
xmodel,#wpn_t8_sniper_power_semi_mag_world
xmodel,#p7_zm_ver_stove_vintage_full
xmodel,#hash_537ab88d89504882
xmodel,#wpn_t8_eqp_smartcover_cover_spawn_panel_right_dmg01
xmodel,#wpn_t8_ar_stealth_mag_mk2_world
xmodel,#p7_medicine_bottle_single
xmodel,#wpn_t8_ar_k57_mag_world
xmodel,#p7_zm_mob_cell_bed_far
xmodel,#wpn_t8_ar_heavy_mag_world
xmodel,#hash_54a72d72b4408b23
xmodel,#wpn_t8_smg_mp9_mag_world
xmodel,#p7_zm_kin_cabinet_storage_open
xmodel,#p8_usa_submarine_missile_silo_hatch
xmodel,#wpn_t8_tac_rifle_mid_burst_mag_mk2_world
xmodel,#wpn_t8_sniper_koshka_mag_world
xmodel,#p7_book_vintage_03_burn
xmodel,#p8_zm_esc_cell_shower_head
xmodel,#p8_zm_esc_light_mounted_shade_02_off
xmodel,#hash_5a30f90d778152be
xmodel,#p7_wes_lamp_oil_stand_tall_full
xmodel,#wpn_t8_sniper_vanguard_mag_world
xmodel,#p8_zm_esc_dock_post
xmodel,#p7_zm_asc_light_fluorescent_full
xmodel,#wpn_t8_ar_galil_mag_world
xmodel,#wpn_t8_sniper_koshka_mag_mk2_world
xmodel,#p7_zm_ctl_book_vintage_row_03_nocm
xmodel,#hash_618432d0d445b285
xmodel,#hash_e1d19335b4846949
xmodel,#flying_camera_drone_model
xmodel,#hash_638ad0ee7af51140
xmodel,#p8_zm_esc_light_hallway_cord_long_off
xmodel,#hash_64054e5b244f2f78
xmodel,#wpn_t8_smg_handling_mag_world
xmodel,#wpn_t8_smg_fastfire_mag_sig_02_world
xmodel,#p8_zm_esc_light_mounted_socket_full
xmodel,#p7_bottle_glass_wine_01
xmodel,#p7_zm_ver_cart_metal_surgical
xmodel,#p8_wz_esc_cart_mail_sorting_full
xmodel,#p8_zm_esc_window_guard
xmodel,#hash_68f1885102480bf0
xmodel,#p7_zm_ver_mannequin_arabic
xmodel,#wpn_t8_eqp_smartcover_cover_spawn_panel_right_top_dmg01
xmodel,#hash_6bb6c69bfacd9513
xmodel,#hash_6bd4ffe56ef6d2fd
xmodel,#p7_slu_fuse_box_electric_wire_01
xmodel,#hash_6d99ea1d7348f007
xmodel,#p7_fir_shelf_wall_full
xmodel,#p8_gutter_01_straight_32
xmodel,#p7_zm_ctl_book_vintage_row_02_burn
xmodel,#hash_6e6fc0d90c3a63e6
xmodel,#hash_6e9a27eb14cc232e
xmodel,#wpn_t8_tac_rifle_mid_burst_mag_sig_02_world
xmodel,#wpn_t8_smg_capacity_mag_mk2_world
xmodel,#veh_t8_mil_air_transport_mp_light
xmodel,#c_t8_zmb_mob_brutus_baton
xmodel,#p7_zm_ctl_book_vintage_row_01_nocm
xmodel,#p8_chi_pipe_03_12_24
xmodel,#veh_t8_drone_recon_mp_dark
xmodel,#wpn_t8_tac_rifle_surgeon_mag_world
xmodel,#hash_70c345702c0bb0f4
xmodel,#p7_street_curb_concrete_chunk_07_black
xmodel,#hash_70cf1dfee2f0be56
xmodel,#hash_70cf1ffee2f0c1bc
xmodel,#c_t8_zmb_mob_brutus_helmet
xmodel,#p7_zm_ctl_book_vintage_row_03
xmodel,#p7_zm_ctl_book_vintage_row_02
xmodel,#p7_zm_ctl_book_vintage_row_01
xmodel,#p7_zm_ctl_book_vintage_row_04
xmodel,#p8_zm_esc_warden_office_door_frame_01
xmodel,#p8_zm_zod_toilet_first_class_bathroom_paper_holder_full_01
xmodel,#p7_zm_ctl_book_vintage_01_burn
xmodel,#p8_wz_beam_squared_corner_01
xmodel,#p7_zm_mob_cabinet_steel_closed
xmodel,#wpn_t8_sniper_power_semi_mag_sig_02_world
xmodel,#wpn_t8_shotgun_semi_mag_world
xmodel,#hash_768072836cff1876
xmodel,#p7_zm_kin_dumpster_full_blue
xmodel,#wpn_t8_loot_ar_standard_mag_sig_02_view
xmodel,#p8_gutter_01_end_rt
xmodel,#p8_gutter_01_end_lt
xmodel,#veh_t8_drone_recon_mp_light
xmodel,#p7_zm_tra_light_tinhat_town
xmodel,#wpn_t8_loot_tac_rifle_flechette_mk2_view
xmodel,#p7_zm_sta_shelf_wall_full
xmodel,#hash_7bff50868184dca3
xmodel,#p8_gutter_01_downspout_01
xmodel,#hash_7cf7a3edf989648d
xmodel,#p8_zm_zod_mail_sorting_full
xmodel,#hash_7ebdb6c27f60ab31
xmodel,#wpn_t8_tac_rifle_swordfish_mag_world
xmodel,#hash_7fc63ec9e947d27c
weapon,#hash_81212239b99e197c
weapon,#hash_83a56659cea54a13
weapon,#hash_97136c65a119f6b5
weapon,#hash_af2b5d4837fb0d6f
weapon,#hash_af47f966ebc641aa
weapon,#hash_ccb37bd801a58532
weapon,#hash_ed6d1c6a7ce007e8
weapon,#hash_f16325846a60c18a
weapon,#hash_f26654fa44075f96
fx,#hash_8139f311e8d25450
fx,#hash_814afd11e8e0d881
fx,#hash_220ecb384b33e41
fx,#hash_227d8b384b93af3
fx,#hash_2618bd484448560
fx,#hash_2618cd484448713
fx,#hash_2618dd4844488c6
fx,#hash_82ad3efc14a03b90
fx,#hash_82e51f183f762ecf
fx,#hash_331c80e7d24798d
fx,#hash_338b40e7d2a763f
fx,#hash_392b80b294ea346
fx,#hash_83df9418864f08e6
fx,#hash_84f19591329a33bf
fx,#hash_5786c47a1c41df8
fx,#hash_85a5f94494f33afb
fx,#hash_85b75b994cbbe7aa
fx,#hash_5d356adcec8e04e
fx,#hash_86146c36f1793cdc
fx,#hash_87f5b0cb274778c8
fx,#hash_884227ac5b4075d2
fx,#hash_98f8e2ad7e15274
fx,#hash_89ca1a8ed0ee9052
fx,#hash_8a018fb4bf0206a7
fx,#hash_a2ebf392514d1ee
fx,#hash_8b635021402ccb62
fx,#hash_8b6ec0adad053d36
fx,#hash_b7233a29b966ad4
fx,#hash_b7234a29b966c87
fx,#hash_b7235a29b966e3a
fx,#hash_8bd2283d114956cb
fx,#hash_8bdda185a72afa43
fx,#hash_8c5bd105b4c26486
fx,#hash_8d3529807b61143a
fx,#hash_8d90815a449edc12
fx,#hash_8da2c769c099c022
fx,#hash_8ec6dc3f4ab5794e
fx,#hash_efd3734f063a9e1
fx,#hash_f465f1f1f51d354
fx,#hash_8f7ce33a7bf19748
fx,#hash_f8255c1c5ac6286
fx,#hash_8fee81b0aad0ce10
fx,#hash_8ffe98ef7723c875
fx,#hash_10138d6ad6687c27
fx,#hash_912d651de6c6d69e
fx,#hash_91558709c3130f6e
fx,#hash_9176402c6ca472a1
fx,#hash_917d2c2c6caa6f53
fx,#hash_91bcf46b552c2a30
fx,#hash_11c84a4f2b0183f9
fx,#impacts/fx8_bul_impact_metal_sm
fx,#hash_12a0e178269e57e2
fx,#impacts/fx8_bul_impact_metal_lg
fx,#hash_12b944b36953a819
fx,#hash_12c0d224e578c92a
fx,#hash_930179c0c53b5b7f
fx,#hash_93509d54a396b738
fx,#hash_93b3ca38b1f1aa80
fx,#hash_142591980890a38f
fx,#hash_94769a59ac809478
fx,#hash_947da659ac86c78a
fx,#hash_952889f0baed8597
fx,#hash_954fc712bdf06a00
fx,#hash_9556d312bdf69d12
fx,#hash_96658f2af7cd93c9
fx,#hash_9746d3ed17a66f57
fx,#hash_978d7ecae7aaf9c9
fx,#hash_98c1125f21810b5b
fx,#hash_19552c99c91d8b0f
fx,#hash_9955bf423dfce011
fx,#hash_19607429dd7cb97d
fx,#hash_99a0710274b585f0
fx,#hash_99b1b5423e4b2dc0
fx,#hash_99bce9bfe29a95e1
fx,#hash_99c3d5bfe2a09293
fx,#hash_99de41f37c2406ca
fx,#hash_9a142a8e6983882b
fx,#hash_9a52c3d93a368411
fx,#hash_9ac9381c387c29c9
fx,#hash_1ae018b3eab71af2
fx,#hash_9bb3f9710a6415c8
fx,#hash_1c652fa034a24875
fx,#hash_9cb10abaaaa8fd37
fx,#hash_9d5309639cb42250
fx,#hash_9dc986e00ac2d9b1
fx,#hash_9df2cd45565d5db3
fx,#hash_9f0623bbb94aa556
fx,#hash_9f1f6ba9fb9ace3c
fx,#hash_9f307b4dd0a54b4d
fx,#hash_9fc23546b2f1537b
fx,#hash_9fdca22d949f33df
fx,#hash_a027e37012378951
fx,#hash_a02ecf70123d8603
fx,#hash_a0b6c2a57c7b374f
fx,#hash_2147dab1373ff1d8
fx,#hash_21e2ff6136bedeca
fx,#hash_a1f397376b81d9ef
fx,#hash_21f9281b0c6faa93
fx,#hash_a2a28243e6e34fe5
fx,#hash_a30c8843e73df620
fx,#hash_a35bfad7772a8570
fx,#hash_a35ef4d7772cb115
fx,#hash_23eff42712995ee6
fx,#hash_a46bf2441df8e949
fx,#hash_a48afd498edf55f3
fx,#hash_a5c81e489c5f97e0
fx,#hash_a618b5463c248896
fx,#hash_a69e23f93ed2a73b
fx,#hash_a6c2fdf93ef182e6
fx,#hash_2714b949033af35d
fx,#hash_a758977a2a814d24
fx,#hash_a7604ee16fb27e93
fx,#hash_a7ae48e16ff495b2
fx,#hash_288397143b5ad347
fx,#hash_28a2464b588c7c85
fx,#hash_29184d8d849c803b
fx,#hash_a92665b1a78d5f6e
fx,#hash_aa275ff8389b08ed
fx,#hash_aa2e4bf838a1059f
fx,#hash_2a87da62bfdbe20d
fx,#hash_aaa363cf73f906ec
fx,#hash_ab3a857498481375
fx,#hash_2b7764112ad35d1d
fx,#hash_ab95ce72c6f24335
fx,#hash_ab9bda72c6f6c347
fx,#hash_aba002c60c7df2a0
fx,#hash_ac4a834c3c964e31
fx,#hash_2c8bb7af0d507a25
fx,#hash_aca3964c3ce29750
fx,#hash_acf426fd6fec8605
fx,#hash_2db73e5540237e87
fx,#hash_adb874adacf534fa
fx,#hash_2e1eeb3b57ed7872
fx,#hash_af0d90d4922be0a2
fx,#hash_afd60a8c5562c5a3
fx,#hash_afeda43f246fb3d3
fx,#hash_3084625a8c3bbfd0
fx,#hash_b0e2ff1cd25243d2
fx,#hash_b0f71df34110fdff
fx,#hash_b10ef51cd2776dbf
fx,#hash_b1e8153200d2cdd0
fx,#hash_3202c49913ee49a7
fx,#hash_b2768e5f2ffd176a
fx,#hash_b2b2d240fc02f885
fx,#hash_b3227b06f3a64150
fx,#hash_b356dffee9a83057
fx,#hash_b366ec5ecfaa3b8c
fx,#hash_b36df85ecfb06e9e
fx,#hash_b3a2cdf9cac52e00
fx,#hash_b3fdff3e87fa64b4
fx,#hash_b403eb3e87feae66
fx,#hash_b41b162e21c5f54e
fx,#hash_b4adc5d454284943
fx,#hash_b4b41822449c3cbc
fx,#hash_b4c6dc6eb6d5929f
fx,#hash_b55250d9e62066d7
fx,#hash_b58e67ffc1bbcdba
fx,#hash_359147ab84831694
fx,#hash_b5bb5ad9e67960de
fx,#hash_b72f2ddcfdc4290c
fx,#explosions/fx_exp_grenade_default
fx,#hash_b74a9f6cf9f9420e
fx,#hash_37a6b21cc52ea4e2
fx,#hash_b7b3045dab74db81
fx,#hash_b821783e1bd0c2ad
fx,#hash_38b69f8e34b439bb
fx,#hash_b8e3c2c9515d1037
fx,#hash_b8edbcc951655a8a
fx,#hash_b93af8cc20b1e2b0
fx,#hash_b96a6ddb38151b75
fx,#hash_b9f069fe6dfd49a0
fx,#hash_ba36faf9a68121d4
fx,#hash_ba3de6f9a6871e86
fx,#hash_3a4bbf525f6b4cce
fx,#hash_3a70fc605fd12149
fx,#hash_bab47033120bf35e
fx,#hash_bb8109fc0bc970bf
fx,#hash_3c15d5be32208391
fx,#hash_bc57dfb36101e138
fx,#hash_bc5debb36106614a
fx,#hash_3d201675b8a2a41d
fx,#hash_bdc7d36c5af8f770
fx,#hash_bdcedf6c5aff2a82
fx,#hash_be014af37ce6e996
fx,#hash_beae34c167754f42
fx,#hash_bf210a924e439b20
fx,#hash_3f9e861a8394a8a3
fx,#hash_bfa1425266028adb
fx,#hash_4027d69df291cf7a
fx,#hash_407ce72b9821b0c2
fx,#hash_c0c66c5756348558
fx,#hash_c0f7dbdfb328486e
fx,#hash_c13794d772b59d99
fx,#hash_c16ab5cb13a9af8c
fx,#hash_c332487354121bb0
fx,#hash_c339547354184ec2
fx,#hash_c3847d99659d45d4
fx,#hash_c38b699965a34286
fx,#hash_c4a1aea5328a02ee
fx,#hash_c4bfb7adcbcad0a3
fx,#hash_45086f1ffcabbf47
fx,#hash_45aecb524ae99366
fx,#hash_c60816fab67830da
fx,#hash_c61ba85d86357413
fx,#hash_c7abeeb3e26ad6ff
fx,#hash_c832e3189fb91189
fx,#hash_c88c269c991ab501
fx,#hash_c8fb9ee1ee3ee40d
fx,#hash_c9028ae1ee44e0bf
fx,#hash_c906fa09b7b5cb98
fx,#hash_c90e49ac20fe75af
fx,#hash_c9474909885dfec5
fx,#hash_c964b840761ba8b7
fx,#hash_49f757cf24efc395
fx,#hash_ca06156e97cba4f7
fx,#hash_ca167f0cb383febe
fx,#hash_ca16c70e0c0fb2e0
fx,#hash_4a6a06e0c2563d20
fx,#hash_cae2cd6f01640504
fx,#hash_cae9b96f016a01b6
fx,#hash_cb4aee8e54600f6e
fx,#hash_cb772672ae101c26
fx,#hash_cba59b6080f4632d
fx,#hash_cbfca9124b4b177e
fx,#hash_cc65dd7d31d1fe1f
fx,#hash_cd7a1fef30941eed
fx,#hash_cdc7067c776b35c1
fx,#hash_cdcdf27c77713273
fx,#hash_cdfe5bc7d0d3b538
fx,#hash_4e231cfa42e4235d
fx,#hash_cec6379ce531b713
fx,#hash_4ecb7eec753ad761
fx,#hash_cedb218fcaf8a860
fx,#hash_cee22d8fcafedb72
fx,#hash_cf4f7d3d49485130
fx,#hash_cfccc74b3ef1313f
fx,#hash_d020158e85bbe1a8
fx,#hash_d027218e85c214ba
fx,#hash_50a6b2497d454910
fx,#hash_d0f68fe648b17f84
fx,#hash_d0fd7be648b77c36
fx,#hash_d1e0c1182580add0
fx,#hash_d206af13a37e379a
fx,#hash_d213cb518100fa34
fx,#hash_d23133c401c40154
fx,#hash_d2332cffeca78b79
fx,#hash_d2381fc401c9fe06
fx,#hash_52b72106328a3a23
fx,#hash_d345aa9aa4130a80
fx,#hash_d3cd47396276ff09
fx,#hash_d3e10878cd6a6eef
fx,#hash_d5efa71212ad7d38
fx,#hash_d6bc7cb424f56060
fx,#hash_d6e64fabf583208c
fx,#hash_d6ed5babf589539e
fx,#hash_d73924a536b6fc39
fx,#hash_d7759c5fdd88c512
fx,#hash_57c4ec36b37ede58
fx,#hash_d80edce8b04c83ee
fx,#hash_d8614e9b589b3f95
fx,#hash_586600dab5234bde
fx,#hash_d8685a9b58a172a7
fx,#hash_5894b330637c4f9a
fx,#hash_d9885e48a17d8b10
fx,#hash_59f7880ba2578c16
fx,#hash_da6f7c4ffced5320
fx,#hash_db930daa9ce3f024
fx,#hash_db99f9aa9ce9ecd6
fx,#hash_dbd240b6d3848ffb
fx,#hash_5c992b44f28563a7
fx,#hash_dcd53390aecf909e
fx,#hash_dd8e847afdf9020c
fx,#impacts/fx8_bul_impact_water_sm
fx,#hash_dde65269d4d0326d
fx,#hash_dded3e69d4d62f1f
fx,#hash_decb415812805fdb
fx,#hash_df19b5848f70e13e
fx,#hash_df343db65affbe62
fx,#hash_5f3fae2c7c49ab33
fx,#hash_df8c0dac5484812f
fx,#hash_5fa1874396786bd7
fx,#hash_dfdd021d80dd8fc6
fx,#hash_dfef871cf8ddad13
fx,#hash_e0778bd1154fe651
fx,#hash_60afca0c7e1d602f
fx,#hash_e0b0c8140eef8798
fx,#hash_e11c104f1f9c8dbc
fx,#hash_e12e5f088d2219f6
fx,#hash_e165701f4804bba5
fx,#hash_e1ce761f485daee0
fx,#hash_e1e2a63b3f726780
fx,#hash_e1e9b23b3f789a92
fx,#hash_e2fa0f961fbad32e
fx,#hash_e2fe05961fbeab07
fx,#hash_e3d9885b956273b0
fx,#hash_e4467e6e01d0fc09
fx,#hash_e44d8a6e01d72f1b
fx,#hash_e49de45df65a0905
fx,#hash_64d43fb1450e72b3
fx,#hash_64d440b1450e7466
fx,#hash_e57f265d329326a7
fx,#hash_6668cfe8153707c2
fx,#hash_e772b94434b7d921
fx,#hash_e779a54434bdd5d3
fx,#hash_679cb2457e735297
fx,#hash_e7f81c0d83693060
fx,#hash_e7faa39a3612d911
fx,#hash_e7ff280d836f6372
fx,#hash_e8018f9a3618d5c3
fx,#hash_681400b2df812b44
fx,#hash_e81b2b47d9fb71c9
fx,#hash_e8d916dee315b7f5
fx,#hash_e94d2a7328c9dd7b
fx,#hash_698506044cca6766
fx,#hash_e9a3523dca5d85fd
fx,#hash_e9d22e0758f90514
fx,#hash_e9d91a0758ff01c6
fx,#hash_ea1cd8812aa0419b
fx,#hash_eac4f2e3e675d65d
fx,#hash_6accb3311c2c042f
fx,#hash_6b374ceaf54c60b8
fx,#hash_eb4a2f61b6e344b5
fx,#hash_ebf7ac34e2bc6567
fx,#hash_ec52feaf52ade157
fx,#hash_ec77922ce3003035
fx,#hash_ec7ae381de64a8d8
fx,#hash_ec8492a5a61bce30
fx,#hash_ec8b9ea5a6220142
fx,#hash_6d0b462715d6d1e8
fx,#hash_ed0b57b57251cea3
fx,#hash_ed42a10bff69a7cc
fx,#hash_ed46181579ac23b3
fx,#hash_ed49ad0bff6fdade
fx,#hash_6d8600df9c7507fe
fx,#hash_eda2221579fa935e
fx,#weapon/fx8_muz_ar_acc_3p
fx,#hash_edb6d9dd8a6686bb
fx,#hash_6ef5c5bae6c8f21c
fx,#hash_ef2e1d8c5ebb6a3b
fx,#hash_ef70a83cc8eeae11
fx,#hash_6f74988342d066de
fx,#hash_f079c5dcf5c3d9d4
fx,#hash_f0b35492202f8abe
fx,#hash_7137de5f08fbf6fa
fx,#hash_f1a14ada69baef03
fx,#hash_f271dc48af4c3421
fx,#hash_f2992d25d92b26ab
fx,#hash_f31c354188aa380d
fx,#hash_f33164521ce9c128
fx,#hash_733be8b9b4c33b0f
fx,#hash_73dc2252508d4438
fx,#hash_7475b8217fb1d0d8
fx,#hash_74df1f1b1e62edf0
fx,#hash_f4e27053381609ee
fx,#hash_f53edc6819e6224e
fx,#hash_f58a432509c14ea9
fx,#hash_f58eeb6bda18f834
fx,#hash_f5914f2509c781bb
fx,#hash_f617d177b746e9bd
fx,#hash_f62e655f123759cd
fx,#hash_f634515f123ba37f
fx,#hash_f7fc0a39b7c3af7c
fx,#hash_f833ed31b97968fe
fx,#hash_f85f1439b8183dd5
fx,#hash_f8e701cfe787f66f
fx,#hash_fa02d0d28d65ec0d
fx,#hash_fa73163f6174d540
fx,#hash_fa7a223f617b0852
fx,#hash_faa749f5bbcbbed8
fx,#hash_fb4fd920273fbcff
fx,#hash_fb70232b2892e045
fx,#hash_fc8eb8a0655e7382
fx,#hash_fd1f3318db3990d3
fx,#hash_fd51e5e7299c1fa9
fx,#hash_fea4050fc21cf521
fx,#hash_feb83bfaf39d4b3f
fx,#hash_fedcc6c60385d08e
fx,#hash_ff1ad908789e51bf
fx,#hash_ff34a2de61d88b9c
tagfx,#jammer_hawk
tagfx,#jammer_tripwire
tagfx,#hash_a624c86681a513d3
tagfx,#hash_bda68241f79736b8
tagfx,#hash_bdac8e41f79bb6ca
tagfx,#hash_cf006dbe4b603af9
tagfx,#hash_cf0779be4b666e0b
tagfx,#jammer_trophy
tagfx,#hash_e4bdd1c73b61b539
tagfx,#jammer_rcxd
tagfx,#hash_ee2aaec79231acde
tagfx,#jammer_cymbal
tagfx,#jammer_sensordart
tagfx,#jammer_sentry
character,#hash_54a5cc01102e5520
character,#c_zom_der_hellhound
xmodelalias,#hash_5aa4d137981ca017
vehicle,#hash_4bed0c8b353f3511
tracer,#hash_9f66924e265cbcc5
tracer,#hash_a6d5c1a903fba6f4
tracer,#hash_aa99504579880c97
tracer,#hash_b8ac80fa23bb1346
tracer,#hash_bb61ed67c2a1458f
tracer,#hash_c627e8ce4cc5b8fb
tracer,#hash_db9d5983787088c0
tracer,#hash_e0e8c9de7086f843
tracer,#hash_e5ee8c43e5f98cd8
tracer,#hash_ec5abe44f536450c
tracer,#hash_f0561f677d3c0da1
tracer,#hash_fa6c24626f115206
tracer,#hash_fda82c802dee7e94
surfacefxtable,#hash_9cc16e61f7f6ee88
surfacefxtable,#hash_bea9c255df90466e
surfacefxtable,#zm_brutus_footstep
surfacefxtable,#hash_c9afffb93f2041eb
surfacefxtable,#hash_c9b000b93f20439e
surfacefxtable,#hash_c9b001b93f204551
surfacefxtable,#player_footstep
surfacefxtable,#hash_ce7e6b03054be53b
surfacefxtable,#hash_ee4633c0741d7007
entityfximpacts,#hash_8a1f69a3d68bedbb
entityfximpacts,#hash_9259cebe853cb01d
entityfximpacts,#hash_b5cbe41f831b2f28
entityfximpacts,#hash_dc838af5367e4c44
entityfximpacts,#hash_f447c631ef6d2877
vehiclefxdef,#hash_284f691b6ee45a8e
scriptbundle,#activecamoinfo_t8_sig_lmg_heavy_seventies_van
scriptbundle,#activecamoinfo_t8_sig_ar_accurate_postapocalyptic
scriptbundle,#activecamoinfo_t8_sig_shotgun_pump_police
scriptbundle,#perk_item_drifter
scriptbundle,#activecamoinfo_t8_kill_counter_zm
scriptbundle,#activecamoinfo_t8_kill_counter_wz
scriptbundle,#cu34_item
scriptbundle,#activecamoinfo_t8_fast_direct_action_kills
scriptbundle,#armor_item_small
scriptbundle,#armor_item_medium
scriptbundle,#activecamoinfo_t8_kill_counter
scriptbundle,#activecamoinfo_t8_sig_lmg_spray_venom_wz
scriptbundle,#activecamoinfo_t8_sig_lmg_spray_venom_zm
scriptbundle,#activecamoinfo_t8_ar_fastfire
scriptbundle,#reddot_wz_item
scriptbundle,#activecamoinfo_t8_sig_smg_capacity_spaceshuttle_wz
scriptbundle,#activecamoinfo_t8_sig_smg_capacity_spaceshuttle_zm
scriptbundle,#activecamoinfo_t8_smg_standard_wz
scriptbundle,#activecamoinfo_t8_smg_standard_zm
scriptbundle,#activecamoinfo_t8_fast_direct_action_kills_symbiosis
scriptbundle,#activecamoinfo_t8_sig_smg_fastfire_voyage_zm
scriptbundle,#activecamoinfo_t8_sig_smg_fastfire_voyage_wz
scriptbundle,#activecamoinfo_t8_direct_action_kills_solarflare
scriptbundle,#activecamoinfo_t8_direct_action_kills_zombie_flick
scriptbundle,#activecamoinfo_t8_darkmatter_wz
scriptbundle,#activecamoinfo_t8_darkmatter_zm
scriptbundle,#activecamoinfo_t8_smg_accurate_wz
scriptbundle,#activecamoinfo_t8_smg_accurate_zm
scriptbundle,#activecamoinfo_t8_direct_action_kills_alt_zm
scriptbundle,#activecamoinfo_t8_direct_action_kills_alt_wz
scriptbundle,#activecamoinfo_t8_sig_pistol_fullauto_arcade
scriptbundle,#activecamoinfo_t8_direct_action_kills_wz
scriptbundle,#activecamoinfo_t8_direct_action_kills_zm
scriptbundle,#activecamoinfo_t8_sig_sniper_powerbolt_viking
scriptbundle,#perk_item_doublejump
scriptbundle,#activecamoinfo_t8_kills_without_dying_retro_vegas_neon
scriptbundle,#activecamoinfo_t8_ar_accurate
scriptbundle,#activecamoinfo_t8_take_it_personally
scriptbundle,#sniperscope_wz_item
scriptbundle,#reflex_wz_item
scriptbundle,#activecamoinfo_t8_sig_shotgun_pump_police_zm
scriptbundle,#activecamoinfo_t8_sig_shotgun_pump_police_wz
scriptbundle,#perk_item_ironlungs
scriptbundle,#activecamoinfo_t8_sig_lmg_heavy_seventies_van_wz
scriptbundle,#activecamoinfo_t8_sig_lmg_heavy_seventies_van_zm
scriptbundle,#activecamoinfo_t8_sig_tr_longburst_scrimshaw_zm
scriptbundle,#perk_item_outlander
scriptbundle,#activecamoinfo_t8_sig_tr_longburst_scrimshaw_wz
scriptbundle,#activecamoinfo_t8_sig_ar_accurate_postapocalyptic_zm
scriptbundle,#activecamoinfo_t8_sig_ar_accurate_postapocalyptic_wz
scriptbundle,#activecamoinfo_t8_fast_direct_action_kills_spinal
scriptbundle,#activecamoinfo_t8_pistol_standard
scriptbundle,#activecamoinfo_t8_shotgun_semiauto_zm
scriptbundle,#activecamoinfo_t8_shotgun_semiauto_wz
scriptbundle,#shrapnel_mini_turret
scriptbundle,#activecamoinfo_t8_sig_smg_fastfire_voyage
scriptbundle,#activecamoinfo_t8_sig_tr_flechette_rivermonster_wz
scriptbundle,#activecamoinfo_t8_sig_tr_flechette_rivermonster_zm
scriptbundle,#perk_item_medic
scriptbundle,#activecamoinfo_t8_smg_accurate
scriptbundle,#activecamoinfo_t8_kills_without_dying_alt
scriptbundle,#activecamoinfo_t8_gold_zm
scriptbundle,#activecamoinfo_t8_gold_wz
scriptbundle,#activecamoinfo_t8_sig_sniper_powerbolt_viking_zm
scriptbundle,#activecamoinfo_t8_shotgun_semiauto
scriptbundle,#activecamoinfo_t8_sig_sniper_powerbolt_viking_wz
scriptbundle,#acog_plus_wz_item
scriptbundle,#activecamoinfo_t8_sig_tr_powersemi_rustymech_zm
scriptbundle,#activecamoinfo_t8_sig_tr_powersemi_rustymech_wz
scriptbundle,#cu28_item
scriptbundle,#activecamoinfo_t8_kills_without_dying
scriptbundle,#activecamoinfo_t8_direct_action_kills_shattered_wz
scriptbundle,#activecamoinfo_t8_direct_action_kills_shattered_zm
scriptbundle,#extbarrel_wz_item
scriptbundle,#activecamoinfo_t8_sig_shotgun_fullauto_construction
scriptbundle,#activecamoinfo_t8_sig_tr_flechette_rivermonster
scriptbundle,#activecamoinfo_t8_objective_kills_zm
scriptbundle,#activecamoinfo_t8_objective_kills_wz
scriptbundle,#holo_wz_item
scriptbundle,#activecamoinfo_t8_kill_counter_party_rock_wz
scriptbundle,#activecamoinfo_t8_kill_counter_party_rock_zm
scriptbundle,#activecamoinfo_t8_fast_direct_action_kills_treasure_wz
scriptbundle,#activecamoinfo_t8_fast_direct_action_kills_treasure_zm
scriptbundle,#activecamoinfo_t8_ar_accurate_wz
scriptbundle,#activecamoinfo_t8_ar_accurate_zm
scriptbundle,#armor_shard_item
scriptbundle,#activecamoinfo_t8_darkmatter_classic_dark
scriptbundle,#activecamoinfo_t8_diamond_zm
scriptbundle,#activecamoinfo_t8_diamond_wz
scriptbundle,#activecamoinfo_t8_fast_direct_action_kills_phased_zm
scriptbundle,#activecamoinfo_t8_fast_direct_action_kills_phased_wz
scriptbundle,#activecamoinfo_t8_sig_sniper_quickscope_zombies
scriptbundle,#activecamoinfo_t8_sig_tr_midburst_bomber_wz
scriptbundle,#activecamoinfo_t8_sig_tr_midburst_bomber
scriptbundle,#activecamoinfo_t8_sig_tr_midburst_bomber_zm
scriptbundle,#perk_item_deadsilence
scriptbundle,#activecamoinfo_t8_fast_direct_action_kills_circle_slice_zm
scriptbundle,#activecamoinfo_t8_fast_direct_action_kills_circle_slice_wz
scriptbundle,#activecamoinfo_t8_sig_tr_longburst_scrimshaw
scriptbundle,#activecamoinfo_t8_rapid_kills_zm
scriptbundle,#activecamoinfo_t8_rapid_kills_wz
scriptbundle,#activecamoinfo_t8_fast_direct_action_kills_mystic_wz
scriptbundle,#activecamoinfo_t8_fast_direct_action_kills_mystic_zm
scriptbundle,#perk_item_squadlink
scriptbundle,#activecamoinfo_t8_direct_action_kills_115
scriptbundle,#activecamoinfo_t8_fast_direct_action_kills_spinal_wz
scriptbundle,#activecamoinfo_t8_fast_direct_action_kills_spinal_zm
scriptbundle,#activecamoinfo_t8_sig_ar_damage_fighter_plane_zm
scriptbundle,#activecamoinfo_t8_sig_ar_damage_fighter_plane_wz
scriptbundle,#foregrip_wz_item
scriptbundle,#activecamoinfo_t8_darkmatter
scriptbundle,#activecamoinfo_t8_sig_smg_accurate_darkunicorn
scriptbundle,#cu14_item
scriptbundle,#perk_item_bloody_tracker
scriptbundle,#perk_item_reinforced
scriptbundle,#perk_item_brawler
scriptbundle,#activecamoinfo_t8_direct_action_kills_solarflare_wz
scriptbundle,#activecamoinfo_t8_direct_action_kills_solarflare_zm
scriptbundle,#activecamoinfo_t8_sig_ar_damage_fighter_plane
scriptbundle,#activecamoinfo_t8_gold_classic
scriptbundle,#activecamoinfo_t8_sig_ar_modular_faberge_wz
scriptbundle,#activecamoinfo_t8_sig_ar_modular_faberge_zm
scriptbundle,#cu31_item
scriptbundle,#activecamoinfo_t8_sig_sniper_powersemi_vietnam_zm
scriptbundle,#activecamoinfo_t8_sig_sniper_powersemi_vietnam_wz
scriptbundle,#activecamoinfo_t8_kills_without_dying_retro_vegas_neon_wz
scriptbundle,#activecamoinfo_t8_kills_without_dying_retro_vegas_neon_zm
scriptbundle,#advmag_wz_item
scriptbundle,#laser_sight_wz_item
scriptbundle,#activecamoinfo_t8_direct_action_kills_brains_zm
scriptbundle,#activecamoinfo_t8_direct_action_kills_brains_wz
scriptbundle,#activecamoinfo_t8_showstopper
scriptbundle,#cu33_item
scriptbundle,#suppressor_wz_item
scriptbundle,#activecamoinfo_t8_sig_pistol_burst_raven_zm
scriptbundle,#activecamoinfo_t8_sig_pistol_burst_raven_wz
scriptbundle,#resource_item_paint_stack_10
scriptbundle,#activecamoinfo_t8_lmg_standard
scriptbundle,#activecamoinfo_t8_rapid_kills
scriptbundle,#activecamoinfo_t8_sig_ar_stealth_vampire
scriptbundle,#activecamoinfo_t8_sig_smg_fastburst_diy
scriptbundle,#activecamoinfo_t8_pistol_standard_zm
scriptbundle,#activecamoinfo_t8_pistol_standard_wz
scriptbundle,#activecamoinfo_t8_headshot
scriptbundle,#activecamoinfo_t8_sig_smg_accurate_darkunicorn_wz
scriptbundle,#activecamoinfo_t8_sig_smg_accurate_darkunicorn_zm
scriptbundle,#activecamoinfo_t8_gold
scriptbundle,#cu15_item
scriptbundle,#activecamoinfo_t8_sig_smg_capacity_spaceshuttle
scriptbundle,#activecamoinfo_t8_sig_smg_handling_hunter_wz
scriptbundle,#activecamoinfo_t8_sig_smg_handling_hunter_zm
scriptbundle,#activecamoinfo_t8_sig_tr_powersemi_rustymech
scriptbundle,#activecamoinfo_t8_sig_ar_standard_adventure_zm
scriptbundle,#activecamoinfo_t8_sig_ar_standard_adventure_wz
scriptbundle,#fastmag_wz_item
scriptbundle,#activecamoinfo_t8_direct_action_kills_zombie_flick_zm
scriptbundle,#activecamoinfo_t8_direct_action_kills_zombie_flick_wz
scriptbundle,#activecamoinfo_t8_sig_pistol_revolver_cyberpunk
scriptbundle,#activecamoinfo_t8_fast_direct_action_kills_apb
scriptbundle,#backpack_item
scriptbundle,#activecamoinfo_t8_direct_action_kills_fractalflames_wz
scriptbundle,#activecamoinfo_t8_direct_action_kills_fractalflames_zm
scriptbundle,#acog_wz_item
scriptbundle,#tritium_wz_item
scriptbundle,#armor_item_large
scriptbundle,#activecamoinfo_t8_diamond
scriptbundle,#activecamoinfo_t8_sig_pistol_fullauto_arcade_zm
scriptbundle,#activecamoinfo_t8_sig_pistol_fullauto_arcade_wz
scriptbundle,#activecamoinfo_t8_direct_action_kills_celestial
scriptbundle,#perk_item_looter
scriptbundle,#cu16_item
scriptbundle,#stock_wz_item
scriptbundle,#perk_item_paranoia
scriptbundle,#perk_item_lightweight
scriptbundle,#activecamoinfo_t8_kill_counter_party_rock
scriptbundle,#perk_item_stimulant
scriptbundle,#resource_item_paint
scriptbundle,#activecamoinfo_t8_direct_action_kills_fractalflames
scriptbundle,#activecamoinfo_t8_showstopper_wz
scriptbundle,#activecamoinfo_t8_showstopper_zm
scriptbundle,#activecamoinfo_t8_sig_ar_standard_adventure
scriptbundle,#activecamoinfo_t8_lmg_standard_wz
scriptbundle,#activecamoinfo_t8_lmg_standard_zm
scriptbundle,#activecamoinfo_t8_direct_action_kills_brains
scriptbundle,#activecamoinfo_t8_objective_kills
scriptbundle,#activecamoinfo_t8_sig_smg_handling_hunter
scriptbundle,#perk_item_engineer
scriptbundle,#activecamoinfo_t8_direct_action_kills_115_zm
scriptbundle,#activecamoinfo_t8_direct_action_kills_115_wz
scriptbundle,#activecamoinfo_t8_sig_pistol_burst_raven
scriptbundle,#activecamoinfo_t8_kills_without_dying_wz
scriptbundle,#activecamoinfo_t8_kills_without_dying_zm
scriptbundle,#activecamoinfo_t8_ar_fastfire_zm
scriptbundle,#activecamoinfo_t8_sig_pistol_revolver_cyberpunk_wz
scriptbundle,#activecamoinfo_t8_sig_pistol_revolver_cyberpunk_zm
scriptbundle,#activecamoinfo_t8_ar_fastfire_wz
scriptbundle,#activecamoinfo_t8_sig_shotgun_fullauto_construction_zm
scriptbundle,#activecamoinfo_t8_sig_shotgun_fullauto_construction_wz
scriptbundle,#activecamoinfo_t8_direct_action_kills_celestial_zm
scriptbundle,#activecamoinfo_t8_fast_direct_action_kills_circle_slice
scriptbundle,#activecamoinfo_t8_direct_action_kills_celestial_wz
scriptbundle,#activecamoinfo_t8_sig_sniper_fastrechamber_western
scriptbundle,#extmag_wz_item
scriptbundle,#activecamoinfo_t8_fast_direct_action_kills_phased
scriptbundle,#activecamoinfo_t8_sig_ar_modular_porcelain_wz
scriptbundle,#activecamoinfo_t8_sig_ar_modular_porcelain_zm
scriptbundle,#cu35_item
scriptbundle,#activecamoinfo_t8_fast_direct_action_kills_apb_wz
scriptbundle,#activecamoinfo_t8_fast_direct_action_kills_apb_zm
scriptbundle,#activecamoinfo_t8_darkmatter_classic_red
scriptbundle,#activecamoinfo_t8_diamond_classic
scriptbundle,#activecamoinfo_t8_sig_lmg_spray_venom
scriptbundle,#activecamoinfo_t8_sig_smg_fastburst_diy_wz
scriptbundle,#activecamoinfo_t8_sig_smg_fastburst_diy_zm
scriptbundle,#activecamoinfo_t8_direct_action_kills_alt
scriptbundle,#activecamoinfo_t8_smg_standard
scriptbundle,#activecamoinfo_t8_direct_action_kills
scriptbundle,#activecamoinfo_t8_fast_direct_action_kills_treasure
scriptbundle,#activecamoinfo_t8_sig_sniper_fastrechamber_western_zm
scriptbundle,#activecamoinfo_t8_sig_sniper_fastrechamber_western_wz
scriptbundle,#activecamoinfo_t8_cyberpunk
scriptbundle,#activecamoinfo_t8_headshot_alt
scriptbundle,#activecamoinfo_t8_sig_sniper_quickscope_zombies_zm
scriptbundle,#activecamoinfo_t8_sig_sniper_quickscope_zombies_wz
scriptbundle,#activecamoinfo_t8_sig_ar_stealth_vampire_zm
scriptbundle,#activecamoinfo_t8_sig_ar_stealth_vampire_wz
scriptbundle,#activecamoinfo_t8_headshot_zm
scriptbundle,#activecamoinfo_t8_sig_ar_modular_porcelain
scriptbundle,#activecamoinfo_t8_headshot_wz
scriptbundle,#cu32_item
scriptbundle,#activecamoinfo_t8_take_it_personally_wz
scriptbundle,#activecamoinfo_t8_take_it_personally_zm
scriptbundle,#activecamoinfo_t8_sig_ar_modular_faberge
scriptbundle,#activecamoinfo_t8_fast_direct_action_kills_mystic
scriptbundle,#perk_item_consumer
scriptbundle,#activecamoinfo_t8_fast_direct_action_kills_zm
scriptbundle,#activecamoinfo_t8_fast_direct_action_kills_wz
scriptbundle,#activecamoinfo_t8_sig_sniper_powersemi_vietnam
scriptbundle,#activecamoinfo_t8_fast_direct_action_kills_symbiosis_zm
scriptbundle,#activecamoinfo_t8_fast_direct_action_kills_symbiosis_wz
scriptbundle,#activecamoinfo_t8_kills_without_dying_alt_zm
scriptbundle,#activecamoinfo_t8_kills_without_dying_alt_wz
scriptbundle,#perk_item_awareness
scriptbundle,#activecamoinfo_t8_headshot_alt_wz
scriptbundle,#pistol_grip_wz_item
scriptbundle,#activecamoinfo_t8_headshot_alt_zm
scriptbundle,#activecamoinfo_t8_direct_action_kills_shattered
scriptbundle,#cu11_item
scriptbundle,#activecamoinfo_t8_cyberpunk_wz
scriptbundle,#activecamoinfo_t8_cyberpunk_zm
statuseffect,#hash_9a1afdbe16bce021
beam,#hash_17fc910335c043
beam,#hash_9031e619c686fb62
beam,#hash_9061dc224ba19526
beam,#hash_94008bc9255fc567
beam,#hash_1c2742b17575ed3b
beam,#hash_ae52ed43964d0a3d
beam,#hash_afd6ec40622705b1
beam,#hash_b290476767f22025
beam,#hash_d5a13ad4528e4531
beam,#hash_d776ae8b7acd53ec
beam,#hash_ed7991869caae343
beam,#hash_ef0be45fcce2cb05
beam,#hash_f96e95c9bacf6b39
beam,#hash_fe2854a688321c65
image,#hash_4575c269ce6d17fb
image,#hash_5a133b80ba606992
image,#hash_6d84c2ce097fc374
image,#hash_28d35b0bd113d875
image,#hash_28d35a0bd113d6c2
image,#hash_28d3590bd113d50f
image,#hash_28d3580bd113d35c
image,#hash_28d3570bd113d1a9
image,#hash_28d3560bd113cff6
image,#hash_28d3550bd113ce43
image,#hash_28d3540bd113cc90
image,#hash_28d3630bd113e60d
image,#hash_28d3620bd113e45a
image,#hash_72f8f41444b63d36
image,#hash_72f8f51444b63ee9
image,#hash_72f8f21444b639d0
image,#hash_72f8f31444b63b83
image,#hash_72f8f81444b64402
image,#hash_72f8f91444b645b5
image,#hash_72f8f61444b6409c
image,#hash_72f8f71444b6424f
image,#hash_72f8fc1444b64ace
image,#hash_72f8fd1444b64c81
image,#hash_72f58e1444b35a0d
image,#hash_72f58d1444b3585a
image,#hash_72f58c1444b356a7
image,#hash_72f58b1444b354f4
image,#hash_72f58a1444b35341
image,#hash_72f5891444b3518e
image,#hash_72f5881444b34fdb
image,#hash_72f5871444b34e28
image,#hash_72f5861444b34c75
image,#hash_72f5851444b34ac2
image,#hash_72f2081444b04084
image,#hash_72f2091444b04237
image,#hash_72f20a1444b043ea
image,#hash_72f20b1444b0459d
image,#hash_72f2041444b039b8
image,#hash_72f2051444b03b6b
image,#hash_72f2061444b03d1e
image,#hash_72f2071444b03ed1
image,#hash_72f2001444b032ec
image,#hash_72f2011444b0349f
image,#hash_72ee821444ad26fb
image,#hash_72ee811444ad2548
image,#hash_72ee841444ad2a61
image,#hash_72ee831444ad28ae
image,#hash_72ee861444ad2dc7
image,#hash_72ee851444ad2c14
image,#hash_72ee881444ad312d
image,#hash_72ee871444ad2f7a
image,#hash_72ee7a1444ad1963
image,#hash_72ee791444ad17b0
image,#hash_72eafc1444aa0d72
image,#hash_72eafd1444aa0f25
image,#hash_72eafa1444aa0a0c
image,#hash_72eafb1444aa0bbf
image,#hash_72eaf81444aa06a6
image,#hash_72eaf91444aa0859
image,#hash_72eaf61444aa0340
image,#hash_72eaf71444aa04f3
image,#hash_72eb041444aa1b0a
image,#hash_72eb051444aa1cbd
image,#hash_72e7f61444a7cd69
image,#hash_72e7f51444a7cbb6
image,#hash_72e7f41444a7ca03
image,#hash_72e7f31444a7c850
image,#hash_72e7fa1444a7d435
image,#hash_72e7f91444a7d282
image,#hash_72e7f81444a7d0cf
image,#hash_72e7f71444a7cf1c
image,#hash_72e7fe1444a7db01
image,#hash_72e7fd1444a7d94e
image,#hash_72e4701444a4b3e0
image,#hash_72e4711444a4b593
image,#hash_72e4721444a4b746
image,#hash_72e4731444a4b8f9
image,#hash_72e4741444a4baac
image,#hash_72e4751444a4bc5f
image,#hash_72e4761444a4be12
image,#hash_72e4771444a4bfc5
image,#hash_72e4781444a4c178
image,#hash_72e4791444a4c32b
image,#hash_73178a1444d039a7
image,#hash_7317891444d037f4
image,#hash_73178c1444d03d0d
image,#hash_73178b1444d03b5a
image,#hash_7317861444d032db
image,#hash_7317851444d03128
image,#hash_7317881444d03641
image,#hash_7317871444d0348e
image,#hash_7317821444d02c0f
image,#hash_7317811444d02a5c
image,#hash_7314041444cd201e
image,#hash_7314051444cd21d1
image,#hash_7314021444cd1cb8
image,#hash_7314031444cd1e6b
image,#hash_7314081444cd26ea
image,#hash_7314091444cd289d
image,#hash_7314061444cd2384
image,#hash_7314071444cd2537
image,#hash_7313fc1444cd1286
image,#hash_7313fd1444cd1439
image,#hash_1343c470c1a9b132
image,#hash_1343c570c1a9b2e5
image,#hash_1343c270c1a9adcc
image,#hash_1343c370c1a9af7f
image,#hash_1343c070c1a9aa66
image,#hash_1343c170c1a9ac19
image,#hash_1343be70c1a9a700
image,#hash_1343bf70c1a9a8b3
image,#hash_1343cc70c1a9beca
image,#hash_1343cd70c1a9c07d
image,#hash_13474a70c1accabb
image,#hash_13474970c1acc908
image,#hash_13474c70c1acce21
image,#hash_13474b70c1accc6e
image,#hash_13474e70c1acd187
image,#hash_13474d70c1accfd4
image,#hash_13475070c1acd4ed
image,#hash_13474f70c1acd33a
image,#hash_13474270c1acbd23
image,#hash_13474170c1acbb70
image,#hash_133d3870c1a457a0
image,#hash_133d3970c1a45953
image,#hash_133d3a70c1a45b06
image,#hash_133d3b70c1a45cb9
image,#hash_133d3c70c1a45e6c
image,#hash_133d3d70c1a4601f
image,#hash_133d3e70c1a461d2
image,#hash_133d3f70c1a46385
image,#hash_133d4070c1a46538
image,#hash_133d4170c1a466eb
image,#hash_1340be70c1a77129
image,#hash_1340bd70c1a76f76
image,#hash_1340bc70c1a76dc3
image,#hash_1340bb70c1a76c10
image,#hash_1340c270c1a777f5
image,#hash_1340c170c1a77642
image,#hash_1340c070c1a7748f
image,#hash_1340bf70c1a772dc
image,#hash_1340c670c1a77ec1
image,#hash_1340c570c1a77d0e
image,#hash_1351bc70c1b5e0f6
image,#hash_7d8abed1ff9ab892
image,#hash_7d8abdd1ff9ab6df
image,#hash_7d8abcd1ff9ab52c
image,#hash_7d8abbd1ff9ab379
image,#hash_7d8abad1ff9ab1c6
image,#hash_7d8ab9d1ff9ab013
image,#hash_7d8ab8d1ff9aae60
image,#hash_7d8ac7d1ff9ac7dd
image,#hash_7d8ac6d1ff9ac62a
image,#hash_7d8739d1ff97a0bc
image,#hash_7d873ad1ff97a26f
image,#hash_7d873bd1ff97a422
image,#hash_7d873cd1ff97a5d5
image,#hash_7d8735d1ff9799f0
image,#hash_7d8736d1ff979ba3
image,#hash_7d8737d1ff979d56
image,#hash_7d8738d1ff979f09
image,#hash_7d8741d1ff97ae54
image,#hash_7d8742d1ff97b007
image,#hash_7d914bd1ffa013d7
image,#hash_7d914ad1ffa01224
image,#hash_7d914dd1ffa0173d
image,#hash_7d914cd1ffa0158a
image,#hash_7d9147d1ffa00d0b
image,#hash_7d9146d1ffa00b58
image,#hash_7d9149d1ffa01071
image,#hash_7d9148d1ffa00ebe
image,#hash_7d9143d1ffa0063f
image,#hash_7d9142d1ffa0048c
image,#hash_7d8e45d1ff9dd3ce
image,#hash_7d8e46d1ff9dd581
image,#hash_7d8e43d1ff9dd068
image,#hash_7d8e44d1ff9dd21b
image,#hash_7d8e49d1ff9dda9a
image,#hash_7d8e4ad1ff9ddc4d
image,#hash_7d8e47d1ff9dd734
image,#hash_7d8e48d1ff9dd8e7
image,#hash_7d8e3dd1ff9dc636
image,#hash_7d8e3ed1ff9dc7e9
image,#hash_7d61b7d1ff77a799
image,#hash_7d61b6d1ff77a5e6
image,#hash_7d61b5d1ff77a433
image,#hash_7d61b4d1ff77a280
image,#hash_7d61bbd1ff77ae65
image,#hash_7d61bad1ff77acb2
image,#hash_7d61b9d1ff77aaff
image,#hash_7d61b8d1ff77a94c
image,#hash_7d61bfd1ff77b531
image,#hash_7d61bed1ff77b37e
image,#hash_7d5eb1d1ff756790
image,#hash_7d5eb2d1ff756943
image,#hash_7d5eb3d1ff756af6
image,#hash_7d5eb4d1ff756ca9
image,#hash_7d5eb5d1ff756e5c
image,#hash_7d5eb6d1ff75700f
image,#hash_7d5eb7d1ff7571c2
image,#hash_7d5eb8d1ff757375
image,#hash_7d5eb9d1ff757528
image,#hash_7d5ebad1ff7576db
image,#hash_63ed36d1f1332a00
image,#hash_63ed37d1f1332bb3
image,#hash_63ed38d1f1332d66
image,#hash_63ed39d1f1332f19
image,#hash_63ed3ad1f13330cc
image,#hash_63ed3bd1f133327f
image,#hash_63ed3cd1f1333432
image,#hash_63ed3dd1f13335e5
image,#hash_6e44a2453835cb1
image,#hash_6e4492453835afe
image,#hash_6e13c2453810f10
image,#hash_6e13d24538110c3
image,#hash_6e13e2453811276
image,#hash_6e13f2453811429
image,#hash_6e14024538115dc
image,#hash_6e141245381178f
image,#hash_6e1422453811942
image,#hash_6e1432453811af5
image,#hash_6e1442453811ca8
image,#hash_6e1452453811e5b
image,#hash_6eb4e245389822b
image,#hash_6eb4d2453898078
image,#hash_6eb502453898591
image,#hash_6eb4f24538983de
image,#hash_6eb5224538988f7
image,#hash_6eb512453898744
image,#hash_6eb542453898c5d
image,#hash_6eb532453898aaa
image,#hash_6eb462453897493
image,#hash_6eb4524538972e0
image,#hash_6e7c824538668a2
image,#hash_6e7c92453866a55
image,#hash_6e7c6245386653c
image,#hash_6e7c724538666ef
image,#hash_6e7c424538661d6
image,#hash_6e7c52453866389
image,#hash_6e7c22453865e70
image,#hash_6e7c32453866023
image,#hash_6e7d0245386763a
image,#hash_6e7d124538677ed
image,#hash_6f1da24538edbbd
image,#hash_6f1d924538eda0a
image,#hash_6f1d824538ed857
image,#hash_6f1d724538ed6a4
image,#hash_6f1d624538ed4f1
image,#hash_6f1d524538ed33e
image,#hash_6f1d424538ed18b
image,#hash_6f1d324538ecfd8
image,#hash_6f1d224538ece25
image,#hash_6f1d124538ecc72
image,#hash_6eed424538c9bb4
image,#hash_6eed524538c9d67
image,#hash_6eed624538c9f1a
image,#hash_6eed724538ca0cd
image,#hash_6eed024538c94e8
image,#hash_6eed124538c969b
image,#hash_6eed224538c984e
image,#hash_6eed324538c9a01
image,#hash_6eecc24538c8e1c
image,#hash_6eecd24538c8fcf
image,#hash_6f8c6245394d86f
image,#hash_6f8c5245394d6bc
image,#hash_6f8c8245394dbd5
image,#hash_6f8c7245394da22
image,#hash_6f8c2245394d1a3
image,#hash_6f8c1245394cff0
image,#hash_6f8c4245394d509
image,#hash_6f8c3245394d356
image,#hash_6f8ce245394e607
image,#hash_6f8cd245394e454
image,#hash_6f540245391bee6
image,#hash_6f541245391c099
image,#hash_6f53e245391bb80
image,#hash_6f53f245391bd33
image,#hash_6f544245391c5b2
image,#hash_6f545245391c765
image,#hash_6f542245391c24c
image,#hash_6f543245391c3ff
image,#hash_6f548245391cc7e
image,#hash_6f549245391ce31
image,#hash_6ffd224539b0b81
image,#hash_6ffd124539b09ce
image,#hash_6ffd024539b081b
image,#hash_6ffcf24539b0668
image,#hash_6ffd624539b124d
image,#hash_6ffd524539b109a
image,#hash_6ffd424539b0ee7
image,#hash_6ffd324539b0d34
image,#hash_6ffca24539afde9
image,#hash_6ffc924539afc36
image,#hash_6fc4c245397f1f8
image,#hash_6fc4d245397f3ab
image,#hash_6fc4e245397f55e
image,#hash_6fc4f245397f711
image,#hash_6fc50245397f8c4
image,#hash_6fc51245397fa77
image,#hash_6fc52245397fc2a
image,#hash_6fc53245397fddd
image,#hash_6fc44245397e460
image,#hash_6fc45245397e613
image,#hash_7e3b27244e9bf38e
image,#hash_7e3b28244e9bf541
image,#hash_6428f496e9c6c4c7
image,#hash_6428f396e9c6c314
image,#hash_6428f296e9c6c161
image,#hash_6428f196e9c6bfae
image,#hash_6428f096e9c6bdfb
image,#hash_6428ef96e9c6bc48
image,#hash_6428ee96e9c6ba95
image,#hash_6428ed96e9c6b8e2
image,#hash_64257096e9c3aea4
image,#hash_64257196e9c3b057
image,#hash_64257296e9c3b20a
image,#hash_64257396e9c3b3bd
image,#hash_64256c96e9c3a7d8
image,#hash_64256d96e9c3a98b
image,#hash_64256e96e9c3ab3e
image,#hash_64256f96e9c3acf1
image,#hash_64256896e9c3a10c
image,#hash_64256996e9c3a2bf
image,#hash_642fe296e9ccc4df
image,#hash_642fe196e9ccc32c
image,#hash_642fe496e9ccc845
image,#hash_642fe396e9ccc692
image,#hash_642fde96e9ccbe13
image,#hash_642fdd96e9ccbc60
image,#hash_642fe096e9ccc179
image,#hash_642fdf96e9ccbfc6
image,#hash_642fea96e9ccd277
image,#hash_642fe996e9ccd0c4
image,#hash_642c5c96e9c9ab56
image,#hash_642c5d96e9c9ad09
image,#hash_642c5a96e9c9a7f0
image,#hash_642c5b96e9c9a9a3
image,#hash_642c6096e9c9b222
image,#hash_642c6196e9c9b3d5
image,#hash_642c5e96e9c9aebc
image,#hash_642c5f96e9c9b06f
image,#hash_642c6496e9c9b8ee
image,#hash_642c6596e9c9baa1
image,#hash_641b5e96e9bb3b89
image,#hash_641b5d96e9bb39d6
image,#hash_641b5c96e9bb3823
image,#hash_641b5b96e9bb3670
image,#hash_641b6296e9bb4255
image,#hash_641b6196e9bb40a2
image,#hash_641b6096e9bb3eef
image,#hash_641b5f96e9bb3d3c
image,#hash_641b6696e9bb4921
image,#hash_641b6596e9bb476e
image,#hash_6417d896e9b82200
image,#hash_6417d996e9b823b3
image,#hash_6417da96e9b82566
image,#hash_6417db96e9b82719
image,#hash_6417dc96e9b828cc
image,#hash_6417dd96e9b82a7f
image,#hash_6417de96e9b82c32
image,#hash_6417df96e9b82de5
image,#hash_6417e096e9b82f98
image,#hash_6417e196e9b8314b
image,#hash_64226a96e9c16e9b
image,#hash_64226996e9c16ce8
image,#hash_64226c96e9c17201
image,#hash_64226b96e9c1704e
image,#hash_64226e96e9c17567
image,#hash_64226d96e9c173b4
image,#hash_64227096e9c178cd
image,#hash_64226f96e9c1771a
image,#hash_64226296e9c16103
image,#hash_64226196e9c15f50
image,#hash_641ee496e9be5512
image,#hash_641ee596e9be56c5
image,#hash_641ee296e9be51ac
image,#hash_641ee396e9be535f
image,#hash_641ee096e9be4e46
image,#hash_641ee196e9be4ff9
image,#hash_641ede96e9be4ae0
image,#hash_641edf96e9be4c93
image,#hash_641eec96e9be62aa
image,#hash_641eed96e9be645d
image,#hash_64446696e9de4e35
image,#hash_64446596e9de4c82
image,#hash_64446496e9de4acf
image,#hash_64446396e9de491c
image,#hash_64446296e9de4769
image,#hash_64446196e9de45b6
image,#hash_64446096e9de4403
image,#hash_64445f96e9de4250
image,#hash_64446e96e9de5bcd
image,#hash_64446d96e9de5a1a
image,#hash_6440e096e9db34ac
image,#hash_6440e196e9db365f
image,#hash_6440e296e9db3812
image,#hash_6440e396e9db39c5
image,#hash_6440dc96e9db2de0
image,#hash_6440dd96e9db2f93
image,#hash_6440de96e9db3146
image,#hash_6440df96e9db32f9
image,#hash_6440e896e9db4244
image,#hash_6440e996e9db43f7
image,#hash_28603996c827d220
image,#hash_28603a96c827d3d3
image,#hash_28603b96c827d586
image,#hash_28603c96c827d739
image,#hash_28603d96c827d8ec
image,#hash_28603e96c827da9f
image,#hash_28603f96c827dc52
image,#hash_28604096c827de05
image,#hash_28604196c827dfb8
image,#hash_28604296c827e16b
image,#hash_2863bf96c82aeba9
image,#hash_2863be96c82ae9f6
image,#hash_2863bd96c82ae843
image,#hash_2863bc96c82ae690
image,#hash_2863c396c82af275
image,#hash_2863c296c82af0c2
image,#hash_2863c196c82aef0f
image,#hash_2863c096c82aed5c
image,#hash_2863c796c82af941
image,#hash_2863c696c82af78e
image,#hash_2866c596c82d2bb2
image,#hash_2866c696c82d2d65
image,#hash_2866c396c82d284c
image,#hash_2866c496c82d29ff
image,#hash_2866c196c82d24e6
image,#hash_2866c296c82d2699
image,#hash_2866bf96c82d2180
image,#hash_2866c096c82d2333
image,#hash_2866cd96c82d394a
image,#hash_2866ce96c82d3afd
image,#hash_286a4b96c830453b
image,#hash_286a4a96c8304388
image,#hash_286a4d96c83048a1
image,#hash_286a4c96c83046ee
image,#hash_286a4f96c8304c07
image,#hash_286a4e96c8304a54
image,#hash_286a5196c8304f6d
image,#hash_286a5096c8304dba
image,#hash_286a4396c83037a3
image,#hash_286a4296c83035f0
image,#hash_286dd196c8335ec4
image,#hash_286dd296c8336077
image,#hash_286dd396c833622a
image,#hash_286dd496c83363dd
image,#hash_286dcd96c83357f8
image,#hash_286dce96c83359ab
image,#hash_286dcf96c8335b5e
image,#hash_286dd096c8335d11
image,#hash_286dc996c833512c
image,#hash_286dca96c83352df
image,#hash_28715796c836784d
image,#hash_28715696c836769a
image,#hash_28715596c83674e7
image,#hash_28715496c8367334
image,#hash_28715396c8367181
image,#hash_28715296c8366fce
image,#hash_28715196c8366e1b
image,#hash_28715096c8366c68
image,#hash_28714f96c8366ab5
image,#hash_28714e96c8366902
image,#hash_2874bd96c8395b76
image,#hash_2874be96c8395d29
image,#hash_2874bb96c8395810
image,#hash_2874bc96c83959c3
image,#hash_2874c196c8396242
image,#hash_2874c296c83963f5
image,#hash_2874bf96c8395edc
image,#hash_2874c096c839608f
image,#hash_2874c596c839690e
image,#hash_2874c696c8396ac1
image,#hash_2877c396c83b9b7f
image,#hash_2877c296c83b99cc
image,#hash_2877c596c83b9ee5
image,#hash_2877c496c83b9d32
image,#hash_2877bf96c83b94b3
image,#hash_2877be96c83b9300
image,#hash_2877c196c83b9819
image,#hash_2877c096c83b9666
image,#hash_2877cb96c83ba917
image,#hash_2877ca96c83ba764
image,#hash_287b4996c83eb508
image,#hash_287b4a96c83eb6bb
image,#hash_287b4b96c83eb86e
image,#hash_287b4c96c83eba21
image,#hash_287b4d96c83ebbd4
image,#hash_287b4e96c83ebd87
image,#hash_287b4f96c83ebf3a
image,#hash_287b5096c83ec0ed
image,#hash_287b4196c83ea770
image,#hash_287b4296c83ea923
image,#hash_287ecf96c841ce91
image,#hash_287ece96c841ccde
image,#hash_287ecd96c841cb2b
image,#hash_287ecc96c841c978
image,#hash_287ed396c841d55d
image,#hash_287ed296c841d3aa
image,#hash_287ed196c841d1f7
image,#hash_287ed096c841d044
image,#hash_287ec796c841c0f9
image,#hash_287ec696c841bf46
image,#hash_2fc37496cbfaa16b
image,#hash_2fc37396cbfa9fb8
image,#hash_2fc37696cbfaa4d1
image,#hash_2fc37596cbfaa31e
image,#hash_2fc37896cbfaa837
image,#hash_2fc37796cbfaa684
image,#hash_2fc37a96cbfaab9d
image,#hash_2fc37996cbfaa9ea
image,#hash_2fc36c96cbfa93d3
image,#hash_2fc36b96cbfa9220
image,#hash_444d3f5ab9e318d5
image,#hash_444d3e5ab9e31722
image,#hash_34490cab0ba05572
image,#hash_73c0511f0d0baadb
image,#hash_a7ca67b1c2a5b00
image,#hash_20527cf30a92e109
image,#hash_5da3e98544f8580
image,#hash_2f521cdd62cf160b
image,#hash_3459f586ab716592
image,#hash_6f518be91f33f465
image,#hash_59c55e0869b0c4c8
image,#hash_df376c835fd2b4b
image,#hash_414feca06032851c
image,#hash_60abe7d480d7e171
image,#hash_7a263aee8c8787c0
image,#hash_6446d0f13d624d47
image,#hash_2b52177d9beb845a
image,#hash_7ef3d6ddddc0f649
image,#hash_7a61a84dc6f5b0fe
image,#hash_362db83ff5279913
image,#hash_2a12fae3f8cef40
image,#hash_2a130ae3f8cf0f3
image,#hash_2a131ae3f8cf2a6
image,#hash_64fcf69f44bb940e
image,#precomputed_sky_illumination_dc
image,#precomputed_sky_illumination_y
image,#precomputed_sky_illumination_h
image,#precomputed_sky_illumination_xz
lighting,#hash_5cf1497d4f3dabaa
xanim,#vm_molotov_pullpin
xmodel,#p7_zm_ctl_bunkbed_wood_double
xmodel,#wpn_t8_eqp_smartcover_cover_blue_fac_10
xmodel,#p7_wes_bookshelf_wood_vintage_full
xmodel,#p8_usa_submarine_missile_silo
gesture,#hash_85386b723938dfda
gesture,#hash_87dbd3abee204d13
gesture,#hash_8a441022dff960a1
gesture,#hash_8d1d6fdf44d73dfc
gesture,#hash_8e971f20ac75b82f
gesture,#hash_8ec34df0b71bb77b
gesture,#hash_14fd6323e9a4757b
gesture,#hash_96a08c2f8260633d
gesture,#hash_97c5e694770e00c2
gesture,#hash_9899e337cf8ca0ed
gesture,#hash_9cf949d2ba2f8ca9
gesture,#hash_9ecbeacffe984bd5
gesture,#hash_a5ca8c01687da100
gesture,#hash_2dbc6afad6b1ce8f
gesture,#hash_310cf93e3aa3d481
gesture,#hash_c54ab8f5ef9645d6
gesture,#hash_459da4e3b7e66c34
gesture,#hash_468685bd84ecc862
gesture,#hash_cc0b1ede708c9e65
gesture,#hash_cc34962941265b15
gesture,#hash_d8e34a1b1bf8f677
gesture,#hash_d978ec5df41627d4
gesture,#hash_5a0ded1495ea4204
gesture,#hash_e2a2373d6a3a13b3
gesture,#hash_64489b9b4a6bdf9f
gesture,#hash_e65ea4d179fcfda7
gesture,#hash_f2b23b0b20f18151
gesture,#hash_7d43db62f384b5e2
weapon,#hash_87ecd376f9782832
weapon,#homunculus_wz
weapon,#hash_939e2373d90a0615
weapon,#hash_d03952ee4123de00
weapon,#hash_dbc82db27bb51d8e
weaponcamo,#hash_8a339e91fcf8d65a
weaponcamo,#hash_8c4ee6bf675bce3e
weaponcamo,#hash_8d32489a10b7a480
weaponcamo,#hash_8f2254d8cc06e66f
weaponcamo,#hash_94cbd2f6e6ea657c
weaponcamo,#hash_974eecde35d75433
weaponcamo,#hash_98c1ad42d2399d38
weaponcamo,#hash_99946213ca0108b3
weaponcamo,#hash_9af07c20a1295068
weaponcamo,#hash_9b1bdce30a0368ef
weaponcamo,#hash_9b56a40f13de6c36
weaponcamo,#hash_9ed718576265c24a
weaponcamo,#hash_9ed74e1a288188e0
weaponcamo,#hash_a0b6b18ddb62736a
weaponcamo,#hash_a2f209e630a12c33
weaponcamo,#hash_a5eb22c2dd537925
weaponcamo,#hash_a5f086b500e3e02f
weaponcamo,#hash_a63bdc3da119f9bc
weaponcamo,#hash_a642897f58ec6e37
weaponcamo,#hash_a8ad1dd9035f2540
weaponcamo,#hash_ac39486ab4cfcdee
weaponcamo,#hash_aed41e5672e95e2c
weaponcamo,#hash_b2fc41834e5b031e
weaponcamo,#hash_b327040e6e40aec4
weaponcamo,#hash_b66b9415c0bbbb7b
weaponcamo,#hash_b887ca3fe780525f
weaponcamo,#hash_b8cf522ecea13519
weaponcamo,#hash_ba8bb47020a85ef1
weaponcamo,#hash_bcd76a821d6f0677
weaponcamo,#hash_bea7c9b468b492e1
weaponcamo,#hash_beec52c828eb87b1
weaponcamo,#hash_bf277d7d2a30b59c
weaponcamo,#hash_c0800e6ce0084c76
weaponcamo,#hash_c1cb913ec968311b
weaponcamo,#hash_c2bebbdac93d2816
weaponcamo,#hash_c35b293a45c52000
weaponcamo,#hash_c39f65306848f2ef
weaponcamo,#hash_c9284cf534ff131c
weaponcamo,#hash_ca9750c7bb82d732
weaponcamo,#hash_cb09dd7cf2ea4b99
weaponcamo,#hash_cffb1ba3ef2bc4cb
weaponcamo,#hash_d13808bc06756e63
weaponcamo,#hash_d2723a3cdfc50264
weaponcamo,#hash_d748ec822631fe80
weaponcamo,#hash_e374c9209cc6531d
weaponcamo,#hash_e449bdbb499a985e
weaponcamo,#hash_e5b2e137a25641fa
weaponcamo,#hash_e800653273e76d5d
weaponcamo,#hash_e94de491fb33982b
weaponcamo,#hash_e9ce5ed216a4f972
weaponcamo,#hash_ea402d1b5658c8fa
weaponcamo,#hash_ec507b47ff1e6627
weaponcamo,#hash_ee7b092fda35f22d
weaponcamo,#hash_eedef55481c2b6df
weaponcamo,#hash_f342693a5f22ee1f
weaponcamo,#hash_f775313b0b6537e1
weaponcamo,#hash_fb54b28d94014744
weaponcamo,#hash_fc58c3d6665d55f0
weaponcamo,#hash_fe434cf327c6f3f0
weaponcamo,#hash_ff157774e0d8c138
fx,#hash_8014bf4a18bd0e82
fx,#hash_80516658693b0a89
fx,#hash_8225bff53a6dabdc
fx,#hash_827ab9f53ab5e1a9
fx,#explosions/fx8_exp_grenade_default
fx,#hash_8344f84c6143752d
fx,#hash_83613e307817774e
fx,#hash_8385fe4c617b1654
fx,#hash_83cdd15dd82907e2
fx,#hash_846af5a322807599
fx,#hash_84b78f913268b146
fx,#hash_86d29df9cf6c0651
fx,#hash_872f53865aa0e0ba
fx,#hash_878449865ae90fbb
fx,#hash_882014b524ef1859
fx,#hash_89b7fb95125a540c
fx,#hash_8a5567d0168ae02f
fx,#hash_8a7e2ba1f3c54368
fx,#hash_8d08255009224467
fx,#hash_f6f89bc69374228
fx,#hash_92172517482ddd8b
fx,#hash_922f2f174842806a
fx,#hash_92b801a1dd9b7dc1
fx,#hash_94971fcbd7cf0617
fx,#hash_9a48f6d4aa3ddc81
fx,#hash_9c41eb5b24d1b60c
fx,#hash_9c6ca6244dff4edf
fx,#hash_9c7f0dbc37829f85
fx,#hash_9cbaa2a759708ece
fx,#hash_9d8b1dcf58f240f1
fx,#hash_9de713cf59408ea0
fx,#hash_1e4e796c1a57c0fe
fx,#hash_9f1e406285850459
fx,#hash_9f3646628599a06c
fx,#hash_212e385a068947a7
fx,#hash_a3d11be4d6128be7
fx,#hash_a4886715795bf94d
fx,#hash_a595016468b075ce
fx,#hash_25c1e3b03689a0aa
fx,#zm_ai/fx8_cata_water_aura
fx,#hash_a75a3539d38c5d92
fx,#hash_28b5c6ccaabb4afe
fx,#hash_29d52d83fb65a622
fx,#hash_2a59ec613aa53582
fx,#hash_aac76401c09e68f0
fx,#hash_b22a4fa483be6b03
fx,#hash_b2306bf7e509c75e
fx,#hash_b2b95e616cb6425b
fx,#hash_b39f559e197ee782
fx,#hash_b46d44ac745e9c5f
fx,#hash_3697b0b0d7cd6874
fx,#hash_b6b184430cda10e1
fx,#hash_b82e67081c93d0c8
fx,#hash_b910e1afacfd15c8
fx,#hash_3aa84827bcc7b7f9
fx,#hash_bacfb55cea84214b
fx,#hash_bba563d9d55f80bf
fx,#hash_bc8de4d7e67d297c
fx,#hash_bc9948ab313a6483
fx,#hash_be0e5fc58a3259eb
fx,#hash_bf05abb260cc9cb4
fx,#hash_bf23b5b260e5ab41
fx,#hash_bfafdeb8f1b50f84
fx,#hash_bfdf258f8d653b84
fx,#hash_c00b1f8f8d8a6c3d
fx,#hash_c05cd5e7058c4890
fx,#hash_413e7f057fadc0c5
fx,#hash_c29faab3477857e0
fx,#hash_42b511cdb0d459a8
fx,#hash_42b512cdb0d45b5b
fx,#hash_42b513cdb0d45d0e
fx,#hash_c2f87c8b26c6f0c2
fx,#hash_c3699d52f544fbbc
fx,#hash_c3be9752f58d3189
fx,#hash_4470d9d4063cf878
fx,#hash_4470dcd4063cfd91
fx,#hash_4475fd2c32ab3987
fx,#hash_45028d18ddb1757a
fx,#hash_451370a3de4746a6
fx,#hash_45cb9900dc30eb8e
fx,#hash_c5e57e8fc6d61c03
fx,#hash_c5f4bb8e8890aff1
fx,#hash_c6dfab01138c11fb
fx,#hash_c74f486fecfa8c4e
fx,#hash_4c1e45dae3ef61fd
fx,#hash_cebf63a96e625a07
fx,#hash_51fd2e4fd2a2144c
fx,#hash_d27582018254cdd3
fx,#zm_ai/fx8_dog_death_exp
fx,#hash_5311102026af4c56
fx,#hash_d339af87b1ad0da7
fx,#hash_d47b9cdf1a94fcb4
fx,#hash_d50b0b801a28ad7f
fx,#hash_d53658cded89dab7
fx,#hash_d59f62cdede2d4be
fx,#hash_d650c23de3b27bb4
fx,#hash_d7034716c105e41e
fx,#hash_d797e5e407d06708
fx,#hash_d91ce4ad47a79959
fx,#hash_d9422cff58693587
fx,#hash_da2d478229b0c034
fx,#hash_daa886d21e284bdb
fx,#hash_dace60d21e48da86
fx,#hash_ddff92ad5af8a4e0
fx,#hash_e17464e137aabec8
fx,#hash_e1bde109a0765272
fx,#hash_e1e9d709a09b7c5f
fx,#hash_e2cdf132c17d42f6
fx,#hash_e2cfee16971637f4
fx,#hash_e2eef8169730f981
fx,#hash_e3023c54469bbc06
fx,#hash_e33b425446cb8b7f
fx,#hash_64ec68c9214ac883
fx,#hash_e59ba75ea27d7c09
fx,#hash_e5c08d5ea29c6c18
fx,#hash_e7011999846855a3
fx,#hash_e8c03a568bff9252
fx,#hash_6ad36dd4e650a170
fx,#hash_ee2b2bcea07134d1
fx,#hash_f0cd08e0692e60f1
fx,#hash_f0cd3ef000333e5b
fx,#hash_f11afee069707144
fx,#hash_f18be1f8e63a5544
fx,#hash_f23f49aaf4f41d2f
fx,#hash_f2434c8ee049e010
fx,#hash_f243ee8129521697
fx,#hash_f2a0432ca99a31b6
fx,#hash_f2ed0fd388f8051e
fx,#hash_f359d2d17d2c7326
fx,#hash_f4e38c410df710a4
fx,#hash_f4f4eba6adba4f0f
fx,#vehicle/fx8_vdest_heli_fuselage_destroyed
fx,#hash_f98dcbbd3197bd7d
fx,#hash_fab75d3ccfc9a7ee
fx,#hash_fb951deec27b35c1
fx,#hash_fbdbc819ff28155c
fx,#hash_fc78db56355916d9
fx,#hash_7cfc1d33e2dc53a9
fx,#hash_fd69ee9822b45157
fx,#hash_fe975b3b6810769b
tagfx,#hash_94367293b1763e71
tagfx,#hash_943d5e93b17c3b23
tagfx,#icepick_tripwire
tagfx,#hash_b644a792262fa1e8
tagfx,#weapon_hero_molotov_fire_3p
tagfx,#icepick_trophy
tagfx,#jammer_smartcover
tagfx,#icepick_rcxd
tagfx,#hash_f21dcab5f198f4f8
tagfx,#icepick_sensordart
tagfx,#icepick_sentry
impactsfxtable,#hash_98b52ef99c4f33ef
impactsfxtable,#grenade_dud
impactsfxtable,#hash_c48dd8dc0d45c84d
vehicle,#vehicle_t8_mil_helicopter_gunship_wz_infiltration
vehicle,#vehicle_zmb_air_alcatraz_plane
vehicle,#vehicle_t8_mil_air_transport_infiltration
tracer,#hash_8cd33e1ac4ac2df3
tracer,#hash_90413fd99fd44200
tracer,#hash_916499f9be1c2264
tracer,#hash_9b65e8b55dee64aa
tracer,#hash_a3b5815a351e172d
tracer,#hash_a8f08321ea733028
tracer,#hash_ae2ca323c7efcc08
tracer,#hash_ae5857f991f6c3f3
tracer,#hash_bb849ead79a690df
tracer,#hash_bff8e118149b6527
tracer,#hash_c8ea47c5b607cbc5
tracer,#hash_cdc8e7ce5b335ae2
tracer,#hash_de4c4d659c9df55f
tracer,#hash_e8773dde12cceee7
surfacefxtable,#hash_80d33f8e839ba64c
surfacefxtable,#hash_a2d9ea4431d2c80a
surfacefxtable,#hash_b0fe838d4efd373f
surfacefxtable,#hash_38d7927f802bdcca
surfacefxtable,#hash_bc95a56b0b1b2930
surfacefxtable,#hash_fbe78f647fd5f3cf
surfacefxtable,#hash_ff2f51cb02691580
entityfximpacts,#hash_81f274c3e909410d
entityfximpacts,#hash_95d7ee1767b6d239
vehiclefxdef,#hash_8856efd4bf769b1f
vehiclefxdef,#hash_186bb536ece0fb1b
vehiclefxdef,#default_vehiclefx_definition
vehiclefxdef,#hash_b98bb4b29d14218c
scriptbundle,#cu33_list
scriptbundle,#ammo_stash_slot2_dlc1
scriptbundle,#resource_item_paint_list
scriptbundle,#attachment_list_low_ambush
scriptbundle,#resource_item_paint_list_furniture_solo
scriptbundle,#cash_item_500
scriptbundle,#consumable_list_good
scriptbundle,#fxb8_zm_char_brutus
scriptbundle,#gear_list_low
scriptbundle,#cu15_list
scriptbundle,#supply_stash_slot5_heavymetal
scriptbundle,#concertina_wire_wz_item
scriptbundle,#attachment_list_good_ambush
scriptbundle,#ammo_type_9mm_item
scriptbundle,#cu35_list_escape
scriptbundle,#gear_list_med
scriptbundle,#c_t8_zmb_mob_brutus_boss_dst_def
scriptbundle,#cu34_list_escape
scriptbundle,#ammo_type_762_item
scriptbundle,#ammo_stash_slot5_dlc1
scriptbundle,#ammo_type_45_item
scriptbundle,#sensor_custom_settings_wz
scriptbundle,#resource_item_paint_list_solo
scriptbundle,#consumable_list_good_ambush
scriptbundle,#consumable_list_med_ambush
scriptbundle,#consumable_list_low
scriptbundle,#c_t8_zmb_mob_brutus_dst_def
scriptbundle,#consumable_list_med
scriptbundle,#cu32_list_escape
scriptbundle,#wz_escape_resource_item_paint_list
scriptbundle,#ammo_type_rocket_item
scriptbundle,#tripwire_custom_settings_wz
scriptbundle,#ammo_type_338_item
scriptbundle,#ammo_type_556_item
scriptbundle,#supply_stash_slot5_dlc1
scriptbundle,#gear_list_good
scriptbundle,#cu16_list
scriptbundle,#ammo_type_12ga_item
scriptbundle,#supply_stash_slot5_closequarters
scriptbundle,#ammo_type_rocket_double_item
scriptbundle,#cu33_list_escape
scriptbundle,#attachment_list_med_closequarters
scriptbundle,#cu12_item
scriptbundle,#ambush_supply_stash_slot5
scriptbundle,#consumable_list_low_ambush
scriptbundle,#default_shrapnel_settings
scriptbundle,#storage_list
scriptbundle,#ammo_type_762_double_item
scriptbundle,#attachment_list_med_ambush
scriptbundle,#attachment_list_good_closequarters
scriptbundle,#ammo_type_45_double_item
scriptbundle,#consumable_list_low_closequarters
scriptbundle,#attachment_list_low
scriptbundle,#cu08_item
scriptbundle,#firing_range_list_armor_shards
scriptbundle,#attachment_list_good
scriptbundle,#ammo_type_556_double_item
scriptbundle,#supply_stash_zombie_armor
scriptbundle,#wz_escape_list_armor_shards
scriptbundle,#resource_item_paint_list_outdoor
scriptbundle,#attachment_list_med
scriptbundle,#supply_stash_zombie_perks
scriptbundle,#cu32_list
scriptbundle,#ammo_type_50cal_item
scriptbundle,#c_54i_grunt_fx_table
animmappingtable,#hash_6f36f6868342e151
statuseffect,#hash_c0dce028641f17d7
beam,#hash_8ecdf74613c27651
beam,#hash_ae4d796fdefb28b5
beam,#hash_cce57d176b2a2d5f
beam,#hash_cfe13630cd2d9030
destructibledef,#hash_ed3d542cb4745c53
image,#hash_7a2b772e4c99fcf4
image,#*cookie_array
image,#hash_b5bb050d4d322ca
gfx_map,#hash_5cf1497d4f3dabaa
gesturetable,#hash_8d8faf36cfded1ef
gesturetable,#hash_99689898d28ad1a3
gesturetable,#gestable_sensor
gesturetable,#hash_9c7a0d4453000817
gesturetable,#hash_9c9f5f0996c8cf03
gesturetable,#hash_a45ba74b62e3c219
gesturetable,#hash_cadea50b34ecc0e6
gesturetable,#hash_d17f3998a911fe73
gesturetable,#hash_ed99b1d1aea3123d
gesturetable,#hash_f2d84003e8e8ab35
weapon,#ray_gun_mk2x_wz
weapon,#basketball_wz
weapon,#dart_wz
weapon,#recon_car_wz
weapon,#hash_d6c80303c0a5a587
weapon,#cymbal_monkey_wz
fx,#zm_ai/fx8_avo_elec_aura_weakened
fx,#zm_ai/fx8_cata_elec_aura
fx,#hash_83b52862cbfae664
fx,#hash_84100e196c4075bc
fx,#hash_85b4e0c241c75dae
fx,#hash_874e56c28b177827
fx,#hash_88b916b11cee309e
fx,#hash_8d2629ebd9cb2c7a
fx,#hash_904d7f3fb30f8be3
fx,#hash_9143213424c72197
fx,#hash_92b26f3fa1018561
fx,#hash_9618aecf5c25d4c2
fx,#hash_97a8557478c110ce
fx,#hash_97ab4b7478c335a7
fx,#hash_17ad4f3bc2ca132c
fx,#hash_9847077627974c80
fx,#hash_98b6de50f165d289
fx,#hash_98dfa9631f17ef08
fx,#hash_99853317668e7ce8
fx,#hash_a494713158da09ea
fx,#hash_a60d3851e5c54b7e
fx,#hash_a7bc0612d00f1dbe
fx,#hash_aae5b91cff2b27d5
fx,#hash_abcd8d3b6edc1d62
fx,#hash_abe62088633d77b6
fx,#hash_b0e4475ecc854c5d
fx,#hash_b19eef4af4b0e70f
fx,#hash_b36284821ea3902e
fx,#hash_b3ffd8c85b4da392
fx,#hash_39711d7ecdf33418
fx,#hash_bc2d31e47159de2f
fx,#hash_be98cf73d20c60bb
fx,#hash_bf70c6a17e46041f
fx,#hash_c33b851d265a38a1
fx,#hash_c592dd6248ca5a34
fx,#hash_c8ad631cfb8fdb28
fx,#hash_c973de04558acdb1
fx,#hash_cb59c56f7c59ac79
fx,#hash_cc04b62047703a60
fx,#zm_ai/fx8_avo_elec_aura_main
fx,#hash_d156900b61510d36
fx,#hash_d21de69029125f63
fx,#hash_d4a4fdc179823939
fx,#hash_d51605801a32aad2
fx,#hash_d638731d17b5e40c
fx,#hash_d845511cbbf39289
fx,#hash_d8bd341953b58325
fx,#hash_d9174ad01884a794
fx,#hash_daa3d188417a6a1c
fx,#hash_dc3ed9e96b1af7f0
fx,#hash_dc4fe3e96b297c21
fx,#hash_5c91f0fba26ea8f7
fx,#hash_dd8a1ffc7ea6be4b
fx,#hash_e3ea55c11dafa45e
fx,#hash_e6e224e5ade92fa0
fx,#hash_e6e87f89740f4b2c
fx,#hash_e728598f96f52361
fx,#hash_e954e0e694a1f8c6
fx,#hash_eb261cc27e85399f
fx,#hash_eb577cb8373ca5b7
fx,#hash_ebf5da28247c5735
fx,#hash_ecc41a3d453701d3
fx,#hash_ee0ff438b956a7c9
fx,#hash_ef2fd8cc0f939caf
fx,#hash_f2b9f5d388cc7f57
fx,#hash_f665ca201056d458
fx,#hash_f941c54e18fc7811
fx,#hash_fcb4e6e4ffb7bc9c
tagfx,#icepick_smartcover
tagfx,#hash_baf69bfbfda4469a
tagfx,#hash_fb9be9b65f3fb86f
impactsfxtable,#hash_8bc0ef9a18e7b5ef
impactsfxtable,#hash_8db8906417cda1de
impactsfxtable,#hash_d340411d9b6ebfbd
impactsfxtable,#hash_e5f5dfacee65c150
impactsfxtable,#grenade_bounce
aitype,#spawner_boct_avogadro
aitype,#spawner_boct_zombie_dog_wz
character,#hash_485ee556a46c1860
character,#hash_7d386db97cc99867
vehicle,#vehicle_t8_mil_helicopter_transport_dark_wz_infiltration
tracer,#hash_949fe487da1e178b
surfacefxtable,#hash_8278c0ffa791645e
surfacefxtable,#hash_d0bd4cb5750edbea
surfacefxtable,#hash_d2f514209e9bb8f6
entityfximpacts,#hash_8e4d032be214d4d6
entityfximpacts,#hash_a09713d59232e1ad
entityfximpacts,#hash_d32771a5eff6778c
entityfximpacts,#hash_e45f9f307eccf25e
entityfximpacts,#hash_e75ee7473373a619
entityfximpacts,#hash_f672feb468c14886
entityfximpacts,#hash_f7418528e683eb40
entityfximpacts,#hash_ff4376b30fda9859
entityfximpacts,#hash_ffe772ef953087f2
scriptbundle,#artillerysettings_ultimate_turret_wz
scriptbundle,#health_item_large
scriptbundle,#zombie_itemlist_ammo_list
scriptbundle,#health_item_medium
scriptbundle,#homunculus_wz_item
scriptbundle,#waspsettings_mp
scriptbundle,#health_item_small
scriptbundle,#cu08_list_escape
scriptbundle,#ammo_stash_slot6_limit_world_high_value
scriptbundle,#ammo_list_good
scriptbundle,#wz_escape_list_consumable
scriptbundle,#wz_escape_list_attachment
scriptbundle,#firing_range_list_attachment
scriptbundle,#health_item_squad
scriptbundle,#helicopter_wz_bundle_settings
scriptbundle,#ammo_list_med
scriptbundle,#cu08_list
scriptbundle,#c_t8_zmb_mob_zombie2_gib_def
scriptbundle,#wz_escape_list_gear
scriptbundle,#ammo_list_low
scriptbundle,#zodiac_boat_bundle_settings
scriptbundle,#firing_range_list_consumable
scriptbundle,#firing_range_list_gear
statuseffect,#dot_purifier_wz
staticlevelfxlist,#hash_5cf1497d4f3dabaa
weapon,#hash_82534ad64dd2085c
weapon,#hash_8ee49be2d8dcc589
weapon,#waterballoon_wz
weapon,#spectre_grenade_wz
weapon,#hash_bf8cbb548898a466
weapon,#ww_crossbow_t8_wz
weapon,#hash_c47b6679cfaec851
weapon,#eq_molotov_wz
weapon,#ww_random_ray_gun1_wz
weapon,#willy_pete_wz
weapon,#willy_pete_zm
weapon,#eq_acid_bomb_wz
weapon,#hash_f12ebe79f7da6d58
impactsfxtable,#hash_bd863221d143a54e
impactsfxtable,#hash_c46e1054f9b14b63
aitype,#spawner_boct_brutus_special_wz
aitype,#spawner_boct_brutus_wz
character,#hash_5f5ffde50e1a097f
character,#hash_5f5ffee50e1a0b32
vehicle,#vehicle_t8_drone_recon_wz_pc
vehicle,#hash_3effd1dd89ee3d36
vehicle,#hash_fdd2944ddf7cc7e9
surfacefxtable,#hash_206e9be9ad7f64b
surfacefxtable,#hash_8247c8d9861fb5b8
surfacefxtable,#hash_97083d41ee21f70f
surfacefxtable,#surface_enter
surfacefxtable,#hash_a6f8c62fbe064c59
surfacefxtable,#hash_ad674f79422f8ed0
surfacefxtable,#hash_aff0d5f525349032
surfacefxtable,#hash_bd3114f8f52ed2ad
surfacefxtable,#hash_d9f3e558860e21c1
surfacefxtable,#hash_daf304f9f5ec7339
surfacefxtable,#hash_db487a039094c8a2
surfacefxtable,#hash_e251d9bc015e4542
surfacefxtable,#hash_ea2ccf46147cb7d8
surfacefxtable,#hash_ebe5853fe57d01b0
surfacefxtable,#hash_6c6f1a0dfa7afdca
surfacefxtable,#hash_eccaafb53df8567b
surfacefxtable,#hash_ecf542aa1baa3e29
surfacefxtable,#hash_f7d23cab17af7293
surfacefxtable,#hash_f8532182a9df4619
entityfximpacts,#hash_8a1f68a3d68bec08
entityfximpacts,#hash_8a1f6ba3d68bf121
entityfximpacts,#hash_a1e7fd57e614e797
entityfximpacts,#hash_a38da22460a38d04
entityfximpacts,#hash_a5ff52e2f3ad81c8
entityfximpacts,#hash_dbfd5685b0999b5f
entityfximpacts,#hash_df6c4872a92ff30b
scriptbundle,#firing_range_list_ammo
scriptbundle,#gear_list_good_ambush
scriptbundle,#supply_stash_zombie_health
scriptbundle,#health_list_med
scriptbundle,#health_list_low
scriptbundle,#wz_escape_list_ammo
scriptbundle,#ray_gun_mk2x_t8_item
scriptbundle,#health_list_low_hardcore
scriptbundle,#dart_wz_item
scriptbundle,#cymbal_monkey_wz_item
scriptbundle,#health_list_good
scriptbundle,#wz_ball
scriptbundle,#health_stash_slot4
scriptbundle,#health_stash_slot2
scriptbundle,#health_stash_slot3
scriptbundle,#health_stash_slot1
scriptbundle,#ww_winters_fury_t8_item
statuseffect,#hash_19533caf858a9f3b
statuseffect,#avogadro_shock_slowed
beam,#hash_84eef0a64d7fcb8d
beam,#hash_fd961a279e1b41b1
weapon,#eq_tripwire_wz
weapon,#hero_flamethrower_wz
weapon,#trophy_system_wz
impactsfxtable,#hash_811a47eea24a8f26
impactsfxtable,#hash_83b4b1d145ec9892
impactsfxtable,#hash_8410092704f4a03c
impactsfxtable,#hash_8c8b0c166d826bb7
impactsfxtable,#hash_945f1dcb9d3a3f45
impactsfxtable,#hash_946d30ee171ae16a
impactsfxtable,#hash_9638eee183868e24
impactsfxtable,#hash_96e6f5bf4a293426
impactsfxtable,#hash_9cafc46b8c735870
impactsfxtable,#hash_9f76789f4d5836f9
impactsfxtable,#hash_a19f0df6a19c4ac4
impactsfxtable,#hash_a5f3e55b8e1070ab
impactsfxtable,#hash_b847c7f41cfd9774
impactsfxtable,#hash_bf7991ca1680bd5c
impactsfxtable,#hash_c09f3374afc05654
impactsfxtable,#hash_c4809dce624162ce
impactsfxtable,#hash_c80a3191309d3449
impactsfxtable,#hash_cc3696b14fc0372c
impactsfxtable,#hash_d230ebe069afb123
impactsfxtable,#hash_d43debda11c394d3
impactsfxtable,#hash_d4dd1a7454a50caf
impactsfxtable,#hash_d6ef4fc6c00cc18e
impactsfxtable,#hash_db656e496f266f15
impactsfxtable,#hash_e1b4c700060ee40c
impactsfxtable,#hash_e4acf9f60439a0eb
impactsfxtable,#hash_666ca9c33b54789f
impactsfxtable,#hash_714e2d08fdcdcee2
impactsfxtable,#hash_f21f0aaa706eca71
impactsfxtable,#hash_f32fd0b76ec30328
impactsfxtable,#hash_fee0671def6af7a4
aitype,#spawner_boct_zombie_mob_wz
vehicle,#vehicle_t8_drone_recon_wz
scriptbundle,#itemlist_cymbol_monkey
scriptbundle,#concussion_wz_item
scriptbundle,#emp_grenade_wz_item
scriptbundle,#barricade_wz_item
scriptbundle,#acid_bomb_wz_item
scriptbundle,#allistairs_folly_t8_item
scriptbundle,#health_stash_parent
scriptbundle,#molotov_wz_item
scriptbundle,#smoke_grenade_wz_item_spring_holiday
scriptbundle,#wraithfire_wz_item
scriptbundle,#death_of_orion_t8_item
scriptbundle,#wz_default_list_health
scriptbundle,#smoke_grenade_wz_item
scriptbundle,#wz_waterballoon
scriptbundle,#spectre_grenade_wz_item
physpreset,#hash_5ae89e7d7a715d1
physpreset,#hash_60a446939d0686a1
weapon,#tr_powersemi_t8_operator_wz
weapon,#hash_80fed1d37eb0c62b
weapon,#hash_822968b857f5ce43
weapon,#tr_midburst_t8_wz
weapon,#sig_blade_wz
weapon,#melee_slaybell_t8_wz
weapon,#eq_hawk_wz
weapon,#spork_alcatraz_wz
weapon,#hash_875a109f4bda3d85
weapon,#hash_879a3b93ee57b1b1
weapon,#frag_grenade_wz
weapon,#shotgun_precision_t8_wz
weapon,#hash_8a7f6bea1d4d43e6
weapon,#smg_fastfire_t8_operator_wz
weapon,#lmg_double_t8_wz
weapon,#ar_stealth_t8_operator_wz
weapon,#tr_leveraction_t8_wz
weapon,#melee_zombiearm_t8_wz
weapon,#hash_906af36e3160a1e6
weapon,#ultimate_turret_wz
weapon,#sniper_powerbolt_t8_wz
weapon,#tomahawk_t8_wz
weapon,#pistol_revolver_t8_wz
weapon,#sniper_quickscope_t8_operator_wz
weapon,#tr_damageburst_t8_wz
weapon,#ar_fastfire_t8_wz
weapon,#melee_coinbag_t8_wz
weapon,#hash_99c77a485123c58f
weapon,#smg_handling_t8_wz
weapon,#smg_fastburst_t8_wz
weapon,#tr_midburst_t8_operator_wz
weapon,#melee_cutlass_t8_wz
weapon,#flare_gun_veh_wz
weapon,#smg_capacity_t8_wz
weapon,#hash_9f026006e0c05d22
weapon,#hash_9fd7470195a689d1
weapon,#pistol_standard_t8_wz
weapon,#sig_bow_quickshot_wz
weapon,#hash_a4ce62991058c66c
weapon,#ray_gun_mk2_wz
weapon,#smg_folding_t8_wz
weapon,#melee_bowie_wz
weapon,#hash_aa6ee75b355c4023
weapon,#melee_stopsign_t8_wz
weapon,#smg_accurate_t8_wz
weapon,#hash_ac2a21a89aa251f0
weapon,#lmg_standard_t8_operator_wz
weapon,#ar_damage_t8_wz
weapon,#melee_secretsanta_t8_wz
weapon,#sniper_quickscope_t8_wz
weapon,#ar_fastfire_t8_operator_wz
weapon,#hash_b06ec85666e78e56
weapon,#shotgun_semiauto_t8_wz
weapon,#hash_b35924ba1c666165
weapon,#hash_351254cd4fc93d6e
weapon,#melee_club_t8_wz
weapon,#lmg_spray_t8_operator_wz
weapon,#hash_b63aaf4f01d29134
weapon,#hash_b7240cce6bc55a14
weapon,#ray_gun_mk2z_wz
weapon,#eq_grapple_wz
weapon,#hatchet_wz
weapon,#hash_c02c8a13bba6323e
weapon,#ar_accurate_t8_wz
weapon,#sniper_locus_t8_wz
weapon,#pistol_fullauto_t8_wz
weapon,#tr_longburst_t8_operator_wz
weapon,#hash_c76852f927c4be8c
weapon,#hash_c8f78710d951fa6b
weapon,#pistol_revolver_t8_operator_wz
weapon,#melee_demohammer_t8_wz
weapon,#sniper_mini14_t8_wz
weapon,#lmg_spray_t8_wz
weapon,#smg_accurate_t8_operator_wz
weapon,#pistol_burst_t8_wz
weapon,#hash_d5842a0f98605a32
weapon,#hash_d6ab98b062adb7f5
weapon,#flare_gun_wz
weapon,#ar_galil_t8_wz
weapon,#hash_d908bed1355cbb74
weapon,#pistol_revolver_t8_gold_wz
weapon,#lmg_heavy_t8_wz
weapon,#melee_actionfigure_t8_wz
weapon,#hero_annihilator_wz
weapon,#tr_longburst_t8_wz
weapon,#hero_pineapplegun_wz
weapon,#smg_fastfire_t8_wz
weapon,#eq_sensor_wz
weapon,#shotgun_fullauto_t8_wz
weapon,#ar_an94_t8_wz
weapon,#hash_ddb5217589c5f3d7
weapon,#ar_stealth_t8_wz
weapon,#tr_flechette_t8_wz
weapon,#launcher_standard_t8_wz
weapon,#lmg_standard_t8_wz
weapon,#smg_minigun_t8_wz
weapon,#hash_e2bd8b12bb296479
weapon,#ar_modular_t8_wz
weapon,#special_crossbow_t8_wz
weapon,#sniper_fastrechamber_t8_wz
weapon,#ww_blundergat_t8_wz
weapon,#hash_e696d36c3e11b19e
weapon,#tr_powersemi_t8_wz
weapon,#hash_e73c1f4737de6baf
weapon,#ray_gun_mk2y_wz
weapon,#hash_e8300174625e8c12
weapon,#ar_peacekeeper_t8_wz
weapon,#sniper_damagesemi_t8_wz
weapon,#sniper_powersemi_t8_wz
weapon,#hash_eb656fd1184e23ee
weapon,#hash_ebbdad02d336f2e5
weapon,#sniper_fastrechamber_t8_operator_wz
weapon,#lmg_stealth_t8_wz
weapon,#melee_amuletfist_t8_wz
weapon,#hash_f4caf688a6b6131b
weapon,#hash_f503c7254d19035d
weapon,#hash_f59e26e40c787892
weapon,#ar_doublebarrel_t8_wz
weapon,#hash_f7f82adf7d4872f7
weapon,#ar_standard_t8_wz
weapon,#hash_7b51aae9dc4309d3
weapon,#smg_standard_t8_wz
weapon,#hash_fe2afbf6c82ea09d
scriptbundle,#itemlist_smoke_grenade
scriptbundle,#trophy_system_wz_item
scriptbundle,#equipment_list_zombie_no_acid
scriptbundle,#global_list_outdoor_event_water_balloon
scriptbundle,#flamethrower_wz_item
scriptbundle,#cu_escape_list
scriptbundle,#recon_car_wz_item
scriptbundle,#equipment_list_zombie
scriptbundle,#firing_range_list_health
scriptbundle,#equipment_list_zombie_ambush
scriptbundle,#wz_escape_list_health
scriptbundle,#trip_wire_wz_item
scriptbundle,#firing_range_list_equipment_event_special
xmodel,#veh_t8_mil_boat_tactical_raft_gry
xmodel,#veh_t8_mil_boat_tactical_raft_blk
xmodel,#hash_36589f503ff93497
xmodel,#veh_t8_mil_helicopter_light_transport_warzone_dest
xmodel,#hash_51e140cc39bb3fae
xmodel,#veh_t8_mil_boat_tactical_raft_dead_blk
xmodel,#veh_t8_mil_boat_tactical_raft_dead_gry
xmodel,#veh_t8_mil_helicopter_light_transport_warzone_black_dest
scriptbundle,#flare_gun_wz_item
scriptbundle,#melee_zombiearm_t8_item
scriptbundle,#sniper_damagesemi_t8_item
scriptbundle,#smg_folding_t8_item
scriptbundle,#tr_powersemi_t8_operator_item
scriptbundle,#pistol_burst_t8_gold_item
scriptbundle,#sniper_quickscope_t8_item
scriptbundle,#ar_galil_t8_wallbuy_item
scriptbundle,#sniper_locus_t8_item
scriptbundle,#tr_powersemi_t8_item
scriptbundle,#smg_handling_t8_gold_item
scriptbundle,#tr_longburst_t8_wallbuy_item
scriptbundle,#smg_fastburst_t8_gold_item
scriptbundle,#sniper_powersemi_t8_wallbuy_item
scriptbundle,#smg_capacity_t8_gold_item
scriptbundle,#tr_leveraction_t8_wallbuy_item
scriptbundle,#melee_coinbag_t8_item
scriptbundle,#smg_folding_t8_wallbuy_item
scriptbundle,#ar_stealth_t8_item
scriptbundle,#smg_accurate_t8_wallbuy_item
scriptbundle,#sniper_fastrechamber_t8_wallbuy_item
scriptbundle,#hawk_wz_item
scriptbundle,#sniper_powerbolt_t8_wallbuy_item
scriptbundle,#tr_leveraction_t8_item
scriptbundle,#tomahawk_t8_wz_item_pandemic
scriptbundle,#smg_accurate_t8_item
scriptbundle,#lmg_spray_t8_item
scriptbundle,#sniper_fastrechamber_t8_operator_item
scriptbundle,#ar_accurate_t8_wallbuy_item
scriptbundle,#ray_gun_mk2z_t8_item
scriptbundle,#sniper_powersemi_t8_gold_item
scriptbundle,#sniper_quickscope_t8_wallbuy_item
scriptbundle,#sparrow_wz_item
scriptbundle,#ar_stealth_t8_operator_item
scriptbundle,#sniper_mini14_t8_item
scriptbundle,#ar_stealth_t8_gold_item
scriptbundle,#smg_fastfire_t8_gold_item
scriptbundle,#shotgun_semiauto_t8_gold_item
scriptbundle,#sniper_powerbolt_t8_gold_item
scriptbundle,#melee_bloody_bowie_t8_item
scriptbundle,#sniper_quickscope_t8_gold_item
scriptbundle,#tr_midburst_t8_gold_item
scriptbundle,#melee_spork_t8_item
scriptbundle,#ray_gun_mk2_t8_item
scriptbundle,#pistol_fullauto_t8_item
scriptbundle,#pistol_revolver_t8_gold_item
scriptbundle,#smg_fastfire_t8_item
scriptbundle,#global_list_outdoor_event_parent
scriptbundle,#smg_capacity_t8_wallbuy_item
scriptbundle,#smg_standard_t8_gold_item
scriptbundle,#tr_longburst_t8_operator_item
scriptbundle,#lmg_standard_t8_wallbuy_item
scriptbundle,#sniper_powersemi_t8_item
scriptbundle,#melee_secretsanta_t8_item
scriptbundle,#tr_midburst_t8_item
scriptbundle,#lmg_heavy_t8_gold_item
scriptbundle,#smg_handling_t8_wallbuy_item
scriptbundle,#melee_actionfigure_t8_item
scriptbundle,#shotgun_pump_t8_item
scriptbundle,#ar_damage_t8_wallbuy_item
scriptbundle,#pistol_revolver_t8_item
scriptbundle,#sensor_dart_wz_item
scriptbundle,#warmachine_wz_item
scriptbundle,#cluster_semtex_wz_item
scriptbundle,#smg_standard_t8_wallbuy_item
scriptbundle,#ar_accurate_t8_gold_item
scriptbundle,#pistol_standard_t8_gold_item
scriptbundle,#melee_bowie_t8_item
scriptbundle,#annihilator_wz_item
scriptbundle,#smg_fastburst_t8_item
scriptbundle,#blundergat_wz_item
scriptbundle,#ar_galil_t8_item
scriptbundle,#ar_modular_t8_gold_item
scriptbundle,#lmg_standard_t8_item
scriptbundle,#ar_standard_t8_item
scriptbundle,#smg_minigun_t8_item
scriptbundle,#lmg_double_t8_item
scriptbundle,#sniper_fastrechamber_t8_item
scriptbundle,#tr_powersemi_t8_wallbuy_item
scriptbundle,#ar_damage_t8_item
scriptbundle,#ar_modular_t8_wallbuy_item
scriptbundle,#smg_mp40_t8_wallbuy_item
scriptbundle,#shotgun_precision_t8_item
scriptbundle,#shotgun_semiauto_t8_item
scriptbundle,#ar_peacekeeper_t8_item
scriptbundle,#lmg_standard_t8_operator_item
scriptbundle,#smg_fastburst_t8_wallbuy_item
scriptbundle,#melee_slaybell_t8_item
scriptbundle,#sig_blade_wz_item
scriptbundle,#tr_midburst_t8_operator_item
scriptbundle,#melee_demohammer_t8_item
scriptbundle,#ar_fastfire_t8_item
scriptbundle,#ar_fastfire_t8_wallbuy_item
scriptbundle,#ar_standard_t8_wallbuy_item
scriptbundle,#ar_modular_t8_item
scriptbundle,#tomahawk_t8_wz_item
scriptbundle,#melee_cutlass_t8_item
scriptbundle,#lmg_stealth_t8_item
scriptbundle,#ar_stealth_t8_wallbuy_item
scriptbundle,#ww_crossbow_impaler_t8_item
scriptbundle,#tr_powersemi_t8_gold_item
scriptbundle,#shotgun_pump_t8_gold_item
scriptbundle,#ar_fastfire_t8_gold_item
scriptbundle,#lmg_spray_t8_wallbuy_item
scriptbundle,#shotgun_fullauto_t8_wallbuy_item
scriptbundle,#frag_grenade_wz_item
scriptbundle,#shotgun_pump_t8_wallbuy_item
scriptbundle,#special_crossbow_t8_item
scriptbundle,#hatchet_wz_item
scriptbundle,#smg_handling_t8_item
scriptbundle,#tr_longburst_t8_gold_item
scriptbundle,#shotgun_fullauto_t8_item
scriptbundle,#pistol_standard_t8_item
scriptbundle,#smg_vmp_t8_item
scriptbundle,#melee_amuletfist_t8_item
scriptbundle,#tr_flechette_t8_item
scriptbundle,#smg_mp40_t8_item
scriptbundle,#melee_club_t8_item
scriptbundle,#ar_standard_t8_gold_item
scriptbundle,#grapple_wz_item
scriptbundle,#pistol_revolver_t8_operator_item
scriptbundle,#lmg_heavy_t8_wallbuy_item
scriptbundle,#smg_accurate_t8_gold_item
scriptbundle,#smg_fastfire_t8_wallbuy_item
scriptbundle,#lmg_spray_t8_operator_item
scriptbundle,#smg_folding_t8_gold_item
scriptbundle,#smg_accurate_t8_operator_item
scriptbundle,#smg_standard_t8_item
scriptbundle,#pistol_burst_t8_item
scriptbundle,#ar_doublebarrel_t8_item
scriptbundle,#ar_accurate_t8_item
scriptbundle,#launcher_standard_t8_item
scriptbundle,#sniper_fastrechamber_t8_gold_item
scriptbundle,#lmg_spray_t8_gold_item
scriptbundle,#sniper_quickscope_t8_operator_item
scriptbundle,#flare_gun_veh_wz_item
scriptbundle,#smg_capacity_t8_item
scriptbundle,#ar_an94_t8_item
scriptbundle,#tr_longburst_t8_item
scriptbundle,#sniper_powerbolt_t8_item
scriptbundle,#shotgun_semiauto_t8_wallbuy_item
scriptbundle,#ar_fastfire_t8_operator_item
scriptbundle,#melee_stopsign_t8_item
scriptbundle,#tr_midburst_t8_wallbuy_item
scriptbundle,#lmg_heavy_t8_item
scriptbundle,#lmg_double_t8_wallbuy_item
scriptbundle,#ar_damage_t8_gold_item
scriptbundle,#smg_fastfire_t8_operator_item
scriptbundle,#tr_damageburst_t8_item
scriptbundle,#killstreak_ultimate_turret_wz
scriptbundle,#ray_gun_mk2y_t8_item
scriptbundle,#lmg_standard_t8_gold_item
scriptbundle,#launcher_standard_operator_t8_item
destructibledef,#hash_17dc430faeeb7b43
destructibledef,#hash_5347e90f8847665f
destructibledef,#hash_683ec7141d50ad59
destructibledef,#hash_7c5fa188836c7f45
destructibledef,#hash_7eb2c20fa0e6e924
vehicle,#veh_ultimate_turret_wz
scriptbundle,#guns_zombie
scriptbundle,#supply_stash_zombie_equipment
scriptbundle,#supply_stash_slot2_heavymetal
scriptbundle,#supply_stash_slot1_dlc1_limit_high_world_value
scriptbundle,#guns_gold_lmgs
scriptbundle,#guns_ars
scriptbundle,#supply_stash_slot1_closequarters
scriptbundle,#closequarters_guns
scriptbundle,#guns_gold_trs
scriptbundle,#hellhound_gold_guns
scriptbundle,#spectre_sword_list
scriptbundle,#ambush_v2_guns
scriptbundle,#supply_stash_slot2_closequarters
scriptbundle,#equipment_list_good
scriptbundle,#zombie_itemlist_close_quarters
scriptbundle,#supply_stash_operator_mod_weapons
scriptbundle,#supply_stash_slot4_heavymetal
scriptbundle,#melee_weapons
scriptbundle,#supply_stash_slot1_heavymetal
scriptbundle,#equipment_list_med
scriptbundle,#supply_stash_specialist_weapons
scriptbundle,#ambush_v2_supply_stash_slot2
scriptbundle,#ambush_v2_supply_stash_slot1
scriptbundle,#equipment_list_low_ambush
scriptbundle,#guns_gold_trs_dlc1
scriptbundle,#wz_escape_wallbuy_guns_smg
scriptbundle,#character_unlock_seraph_annihilator
scriptbundle,#supply_stash_slot3_heavy_metal_heroes
scriptbundle,#zombie_poster_ee_list
scriptbundle,#equipment_list_low
scriptbundle,#guns_gold_shotguns
scriptbundle,#firing_range_list_guns_event_special
scriptbundle,#ambush_guns_gold
scriptbundle,#guns_lmgs
scriptbundle,#guns_ars_dlc1
scriptbundle,#guns_gold_ars
scriptbundle,#guns_gold_pistols
scriptbundle,#supply_stash_flare_guns
scriptbundle,#ammo_stash_slot3_dlc1
scriptbundle,#ambush_guns
scriptbundle,#blackjack_ammo_stash_parent_holiday
scriptbundle,#brutus_gold_guns
scriptbundle,#ammo_stash_slot1_dlc1_with_conc
scriptbundle,#zombie_bathtub_ee_list
scriptbundle,#guns_snipers
scriptbundle,#supply_stash_slot4_closequarters
scriptbundle,#equipment_list_good_no_cluster_conc
scriptbundle,#firing_range_list_guns_event
scriptbundle,#guns_pistols
scriptbundle,#guns_lmgs_dlc1
scriptbundle,#supply_stash_operator_mod_weapons_ambush
scriptbundle,#zombie_itemlist_hzc
scriptbundle,#guns_gold_snipers_dlc1
scriptbundle,#supply_drop_slot3_heavy_metal_heroes
scriptbundle,#wz_open_skyscrapers_wallbuy_guns_smg
scriptbundle,#wz_escape_wallbuy_guns_shotgun
scriptbundle,#heavymetal_guns
scriptbundle,#supply_stash_slot4_dlc1_with_conc
scriptbundle,#guns_pistols_dlc1
scriptbundle,#closequarters_guns_gold
scriptbundle,#guns_smgs_dlc1
scriptbundle,#supply_stash_slot3_dlc1
scriptbundle,#guns_snipers_dlc1
scriptbundle,#guns_launchers
scriptbundle,#ambush_guns_operator
scriptbundle,#wz_open_skyscrapers_wallbuy_guns_shotgun
scriptbundle,#supply_stash_slot3_heavymetal
scriptbundle,#guns_trs_dlc1
scriptbundle,#guns_gold_ars_dlc1
scriptbundle,#supply_stash_slot3_closequarters
scriptbundle,#supply_stash_slot2_dlc1
scriptbundle,#guns_gold_smgs_dlc1
scriptbundle,#ambush_supply_stash_slot4
scriptbundle,#ambush_supply_stash_slot1
scriptbundle,#ambush_supply_stash_slot2
scriptbundle,#ambush_supply_stash_slot3
scriptbundle,#wz_escape_wallbuy_guns_zombie
scriptbundle,#supply_stash_slot4_dlc1
scriptbundle,#guns_gold_lmgs_dlc1
scriptbundle,#spectre_rising_stash
scriptbundle,#wz_escape_wallbuy_guns_ar
scriptbundle,#wz_escape_wallbuy_guns_tr
scriptbundle,#loot_locker_parent_ccf
scriptbundle,#equipment_list_good_ambush_v2
scriptbundle,#loot_locker_parent_ambush
scriptbundle,#guns_smgs
scriptbundle,#zombie_equipment_itemlist_pandemic
scriptbundle,#guns_launchers_dlc1
scriptbundle,#test_weapon_testing_list_2
scriptbundle,#avogadro_gold_guns
scriptbundle,#guns_shotguns
scriptbundle,#heavymetal_guns_gold
scriptbundle,#heavymetal_guns_operator
scriptbundle,#guns_gold_snipers
scriptbundle,#ambush_v2_supply_stash_weapons
scriptbundle,#loot_locker_parent
scriptbundle,#zombie_supply_stash_raygun_mk_variants
scriptbundle,#guns_shotguns_dlc1
scriptbundle,#ambush_v2_blackjack_ammo_stash_guns
scriptbundle,#supply_stash_slot_limit_world_high_value
scriptbundle,#zombie_raygun_mk2_itemlist
scriptbundle,#wz_escape_wallbuy_guns_sniper
scriptbundle,#guns_trs
scriptbundle,#supply_stash_slot3_dlc1_limit_world_high_value
scriptbundle,#wz_escape_wallbuy_guns_lmg
scriptbundle,#supply_stash_operator_mod_weapons_closequarters
scriptbundle,#ambush_v2_guns_gold
scriptbundle,#wz_open_skyscrapers_wallbuy_guns_sniper
scriptbundle,#zombie_itemlist
scriptbundle,#guns_gold_smgs
scriptbundle,#supply_stash_slot2_dlc1_limit_world_high_value
scriptbundle,#blackjack_ammo_stash_guns
scriptbundle,#supply_stash_gold_guns
vehicle,#vehicle_boct_mil_boat_tactical_raft_wz_blk_pc
vehicle,#vehicle_t8_mil_helicopter_light_transport_wz_infil
vehicle,#vehicle_boct_mil_boat_tactical_raft_wz_gry_pc
vehicle,#vehicle_boct_mil_boat_tactical_raft_wz_odg_pc
vehicle,#hash_7c8dc3d28c1c95e2
scriptbundle,#guns_gold_parent_dlc1
scriptbundle,#wz_open_skyscrapers_wallbuy_guns_list_ambush
scriptbundle,#supply_stash_slot1_dlc1
scriptbundle,#supply_drop_stash_parent_dlc1_limit_world_high_vaue
scriptbundle,#global_list_guns_small
scriptbundle,#wz_escape_wallbuy_guns_list
scriptbundle,#ammo_stash_slot4_dlc1
scriptbundle,#zombie_itemlist_escape
scriptbundle,#fishing_hole_items
scriptbundle,#ambush_v2_supply_stash_parent
scriptbundle,#zombie_supply_stash_ee_parent
scriptbundle,#guns_gold_parent
scriptbundle,#zombie_itemlist_ammo_close_quarters
scriptbundle,#zombie_supply_stash_guns_gold_or_purple
scriptbundle,#hellhound_itemlist_r
scriptbundle,#zombie_itemlist_pandemic
scriptbundle,#zombie_itemlist_ammo
scriptbundle,#guns_gold_parent_dlc1_limit_world_high_value
scriptbundle,#blackjack_ammo_stash_parent_guns
scriptbundle,#zombie_supply_stash_ee_parent_solo
scriptbundle,#ultimate_turret_wz_item
scriptbundle,#supply_stash_zombie_items
scriptbundle,#wz_escape_list_equipment
scriptbundle,#wz_open_skyscrapers_wallbuy_guns_list_closequarters
scriptbundle,#supply_stash_parent_dlc1_limit_world_high_value
scriptbundle,#supply_drop_operator_or_specialist
scriptbundle,#zombie_supply_stash_ee_parent_duo
scriptbundle,#zombie_itemlist_escape_hzc
scriptbundle,#firing_range_list_equipment
scriptbundle,#supply_stash_parent_close_quarters
scriptbundle,#zombie_supply_stash_wonder_weapons
scriptbundle,#wz_escape_wallbuy_guns_list_closequarters
vehicle,#vehicle_boct_mil_boat_tactical_raft_wz_blk
vehicle,#vehicle_boct_mil_boat_tactical_raft_wz_gry
vehicle,#vehicle_boct_mil_boat_tactical_raft_wz_odg
scriptbundle,#boxing_gym_list_guns
scriptbundle,#hydro_list_guns
scriptbundle,#wz_escape_list_guns_special_island
scriptbundle,#supply_stash_parent_big_team_battle
scriptbundle,#supply_drop_stash_parent_pandemic
scriptbundle,#asylum_list_guns
scriptbundle,#support_structure_list_guns
scriptbundle,#hellhound_base_itemlist_all
scriptbundle,#supply_drop_stash_parent_dlc1_cash
scriptbundle,#farmtown_list_guns
scriptbundle,#factory_list_guns
scriptbundle,#wz_escape_supply_stash_parent_flare_guns
scriptbundle,#supply_drop_stash_parent_dlc1_flare_gun_heroes
scriptbundle,#train_station_list_guns
scriptbundle,#ammo_stash_parent_dlc1_limit_world_high_value
scriptbundle,#lighthouse_list_guns
scriptbundle,#construction_list_guns
scriptbundle,#farm_list_guns
scriptbundle,#wz_escape_supply_stash_parent
scriptbundle,#supply_stash_parent_dlc1_flare_guns
scriptbundle,#firing_range_list_items_event
scriptbundle,#rivertown_list_guns
scriptbundle,#clearing_list_guns
scriptbundle,#graveyard_list_guns
scriptbundle,#avogadro_base_itemlist_all
scriptbundle,#brutus_base_itemlist_all
scriptbundle,#wz_escape_list_guns
scriptbundle,#hijacked_list_guns
scriptbundle,#supply_stash_parent_dlc1_cash
scriptbundle,#nuketown_list_guns
scriptbundle,#supply_stash_parent_pandemic
scriptbundle,#supply_stash_parent_dlc1
scriptbundle,#ammo_stash_slot1_dlc1
scriptbundle,#wind_turbine_list_guns
scriptbundle,#array_list_guns
scriptbundle,#supply_drop_stash_parent_dlc1_heroes
scriptbundle,#dockyard_list_guns
scriptbundle,#zombie_supply_stash_quest_parent
scriptbundle,#supply_drop_stash_parent_dlc1
scriptbundle,#zombie_supply_stash_parent
scriptbundle,#test_weapon_testing_list
scriptbundle,#diner_list_guns
scriptbundle,#estate_list_guns
scriptbundle,#zombie_infected_itemlist
scriptbundle,#firing_range_list_guns
scriptbundle,#heavy_metal_heroes_list_guns_dlc1
scriptbundle,#zombie_apoc_event_homunculus_list
scriptbundle,#fracking_list_guns
scriptbundle,#supply_stash_parent_heavy_metal_heroes
scriptbundle,#zodiac_wz_vehicle_black
scriptbundle,#wz_escape_dest_shipwreck_list_items
scriptbundle,#wz_escape_dest_cellhouse_list_items
scriptbundle,#wz_escape_dest_parade_grounds_list_items
scriptbundle,#firing_range_list_item_default_small_event
scriptbundle,#wz_escape_dest_docks_list_items
scriptbundle,#firing_range_list_item_default_event
scriptbundle,#zodiac_wz_vehicle_odg
scriptbundle,#zodiac_wz_vehicle_grey
scriptbundle,#ammo_stash_parent_dlc1_cash
scriptbundle,#ammo_stash_parent_dlc1
scriptbundle,#wz_escape_outside_list_items
scriptbundle,#wz_escape_dest_sub_list_items
scriptbundle,#wz_escape_dest_new_industries_list_items
scriptbundle,#wz_escape_dest_powerhouse_list_items
scriptbundle,#wz_escape_dest_sub_list_item_default
scriptbundle,#wz_escape_outside_list_item_default
scriptbundle,#wz_escape_dest_shipwreck_list_item_default
scriptbundle,#firing_range_list_parent_event
scriptbundle,#wz_escape_dest_powerhouse_list_item_default
scriptbundle,#wz_escape_dest_parade_grounds_list_item_default
scriptbundle,#vehicle_list_zodiac_wz
scriptbundle,#firing_range_list_parent_small_event
scriptbundle,#wz_escape_dest_industries_list_item_default
scriptbundle,#wz_escape_dest_cellhouse_list_item_default
scriptbundle,#wz_escape_dest_docks_list_item_default
scriptbundle,#wz_escape_zodiac
entitylist,#hash_5cf1497d4f3dabaa
physpreset,#p7_zm_ctl_tool_fireplace_poker
physpreset,#p7_medical_surgical_tools_knife
col_map,#hash_5cf1497d4f3dabaa
